093500|13.3000|13.3000|13.1000|13.1000|2397100|31567956.0000|13.1000
094000|13.1100|13.2100|13.1100|13.1900|1196500|15725856.0000|13.1900
094500|13.2000|13.2000|13.1000|13.1100|1365300|17924640.0000|13.1100
095000|13.1000|13.1200|13.0500|13.0500|1699700|22235932.0000|13.0500
095500|13.0500|13.0800|13.0500|13.0800|949500|12397680.0000|13.0800
100000|13.0800|13.0900|13.0300|13.0400|1006000|13126416.0000|13.0400
100500|13.0300|13.0400|13.0000|13.0200|1811800|23578112.0000|13.0200
101000|13.0100|13.0500|13.0100|13.0400|512400|6679728.0000|13.0400
101500|13.0400|13.0600|13.0300|13.0600|428300|5588576.0000|13.0600
102000|13.0600|13.1000|13.0500|13.1000|471800|6170848.0000|13.1000
102500|13.0900|13.1200|13.0700|13.1200|355000|4648816.0000|13.1200
103000|13.1100|13.1100|13.0800|13.1000|294100|3853264.0000|13.1000
103500|13.1000|13.1300|13.1000|13.1300|399800|5242032.0000|13.1300
104000|13.1300|13.1600|13.1000|13.1200|492800|6471984.0000|13.1200
104500|13.1300|13.1300|13.1000|13.1100|252000|3304176.0000|13.1100
105000|13.1100|13.1100|13.0600|13.0700|315600|4128768.0000|13.0700
105500|13.0800|13.0900|13.0700|13.0700|238400|3116960.0000|13.0700
110000|13.0700|13.0800|13.0600|13.0700|207600|2713040.0000|13.0700
110500|13.0700|13.0900|13.0600|13.0700|227900|2978400.0000|13.0700
111000|13.0600|13.0800|13.0400|13.0500|432900|5652432.0000|13.0500
111500|13.0400|13.0600|13.0400|13.0500|200900|2621216.0000|13.0500
112000|13.0400|13.0500|13.0300|13.0400|310900|4053264.0000|13.0400
112500|13.0400|13.0400|13.0200|13.0200|327500|4266256.0000|13.0200
113000|13.0200|13.0500|13.0200|13.0500|354300|4613936.0000|13.0500
130500|13.0400|13.0600|13.0400|13.0400|215100|2806128.0000|13.0400
131000|13.0400|13.0500|13.0200|13.0300|223300|2909808.0000|13.0300
131500|13.0300|13.0300|13.0000|13.0100|502000|6532528.0000|13.0100
132000|13.0100|13.0300|13.0100|13.0300|351700|4576368.0000|13.0300
132500|13.0300|13.0300|13.0000|13.0000|433200|5637904.0000|13.0000
133000|13.0000|13.0100|12.9800|13.0000|1063800|13825616.0000|13.0000
133500|12.9900|13.0000|12.9600|12.9900|1390300|18038400.0000|12.9900
134000|12.9900|13.0000|12.9700|12.9800|449100|5833792.0000|12.9800
134500|12.9800|12.9900|12.9600|12.9600|334500|4340160.0000|12.9600
135000|12.9700|13.0000|12.9600|12.9900|428200|5561920.0000|12.9900
135500|12.9900|13.0000|12.9800|12.9900|254600|3306208.0000|12.9900
140000|12.9900|12.9900|12.9800|12.9800|249700|3241760.0000|12.9800
140500|12.9900|13.0000|12.9800|12.9800|276400|3589280.0000|12.9800
141000|12.9800|12.9900|12.9700|12.9700|255400|3315424.0000|12.9700
141500|12.9700|12.9900|12.9700|12.9900|370800|4813664.0000|12.9900
142000|12.9800|13.0000|12.9800|13.0000|364200|4730592.0000|13.0000
142500|13.0000|13.0300|12.9900|13.0200|287200|3736416.0000|13.0200
143000|13.0300|13.0300|13.0000|13.0100|292200|3801664.0000|13.0100
143500|13.0100|13.0200|12.9900|13.0100|349300|4541504.0000|13.0100
144000|13.0100|13.0100|12.9800|12.9900|386700|5025056.0000|12.9900
144500|12.9900|13.0000|12.9800|12.9900|465900|6051328.0000|12.9900
145000|13.0000|13.0000|12.9800|12.9900|558000|7248576.0000|12.9900
145500|12.9900|13.0000|12.9700|12.9700|910400|11819872.0000|12.9700
150000|12.9700|12.9900|12.9700|12.9700|863200|11198976.0000|12.9700
