093500|18.3800|18.3800|17.9000|18.0300|7800930|141071715.7500|18.0300
094000|18.0300|18.0900|17.9300|18.0900|4140900|74544531.1600|18.0900
094500|18.1200|18.1800|18.1000|18.1200|2478800|44928074.6300|18.1200
095000|18.1100|18.2000|18.0700|18.1800|2710500|49133396.0000|18.1800
095500|18.1800|18.2500|18.1500|18.2400|1893191|34467627.2900|18.2400
100000|18.2500|18.2500|18.1800|18.2000|1967200|35839305.0000|18.2000
100500|18.1900|18.2700|18.1900|18.2100|1489200|27144281.0000|18.2100
101000|18.2100|18.3300|18.2100|18.3100|2611561|47726574.3000|18.3100
101500|18.3000|18.4900|18.3000|18.4300|4516338|83154466.9900|18.4300
102000|18.4400|18.4600|18.3800|18.3900|2734300|50372734.0000|18.3900
102500|18.4000|18.4500|18.3700|18.4500|1984226|36541304.1400|18.4500
103000|18.4600|18.4900|18.4000|18.4600|2444700|45096878.0000|18.4600
103500|18.4400|18.4700|18.3900|18.4500|1864700|34374122.0000|18.4500
104000|18.4500|18.4500|18.3800|18.3800|1579000|29055242.0000|18.3800
104500|18.3900|18.4300|18.3600|18.4100|1859300|34187655.0000|18.4100
105000|18.4200|18.4400|18.3600|18.3800|1067500|19643719.0000|18.3800
105500|18.3800|18.4200|18.3700|18.3900|873900|16073966.0000|18.3900
110000|18.4000|18.4400|18.3800|18.3900|1028400|18935254.0000|18.3900
110500|18.3800|18.6500|18.3500|18.6300|7572500|140396767.2200|18.6300
111000|18.6400|19.1000|18.6200|18.9700|15826460|298823740.8000|18.9700
111500|18.9600|18.9600|18.7400|18.8400|6497721|122617276.7500|18.8400
112000|18.8300|18.8300|18.6800|18.7600|3427000|64196820.0000|18.7600
112500|18.7700|18.9600|18.7400|18.7500|4030560|75984770.0000|18.7500
113000|18.7400|18.9000|18.7400|18.8200|2103059|39608465.9700|18.8200
130500|18.8200|18.8200|18.7000|18.7100|3159404|59280738.4000|18.7100
131000|18.6900|18.7200|18.6500|18.6500|1648900|30808340.0000|18.6500
131500|18.6500|18.6900|18.6300|18.6300|1494700|27896911.0000|18.6300
132000|18.6300|18.6800|18.6000|18.6000|1975837|36808818.6800|18.6000
132500|18.6000|18.6700|18.5900|18.6600|1630300|30344859.0000|18.6600
133000|18.6700|18.6900|18.6400|18.6900|1044800|19497345.0000|18.6900
133500|18.6900|18.7300|18.6700|18.6900|1230900|23014433.0000|18.6900
134000|18.7000|18.8000|18.7000|18.7400|2113000|39651713.0000|18.7400
134500|18.7500|18.8000|18.7300|18.7700|740700|13897537.0000|18.7700
135000|18.7700|18.8400|18.7400|18.7400|1374696|25831079.8000|18.7400
135500|18.7400|18.7500|18.6900|18.7300|843100|15776940.0000|18.7300
140000|18.7200|18.7300|18.7000|18.7100|640600|11990786.4200|18.7100
140500|18.7100|18.7700|18.7000|18.7400|1096758|20546656.7600|18.7400
141000|18.7400|18.7800|18.7300|18.7300|840900|15768811.0000|18.7300
141500|18.7300|18.7800|18.7300|18.7500|808300|15161494.0000|18.7500
142000|18.7500|18.7500|18.7100|18.7400|756700|14174546.0000|18.7400
142500|18.7400|18.7500|18.7200|18.7300|667529|12504174.8800|18.7300
143000|18.7300|18.7400|18.6800|18.7000|1291471|24159052.8300|18.7000
143500|18.7000|18.7100|18.6500|18.6700|1708696|31923738.9700|18.6700
144000|18.6700|18.6900|18.6600|18.6800|1105900|20649757.9100|18.6800
144500|18.6700|18.6900|18.6500|18.6800|1856000|34657553.4700|18.6800
145000|18.6800|18.6900|18.6600|18.6800|1850700|34566461.7100|18.6800
145500|18.6800|18.7200|18.6700|18.6800|3057053|57137202.0400|18.6800
150000|18.6800|18.6800|18.6700|18.6700|3067413|57276817.5800|18.6700
