093500|13.56|13.63|13.25|13.32|28285.0|37915194.0|13.57
094000|13.35|13.47|13.28|13.46|22145.0|29533409.0|13.32
094500|13.46|13.5|13.41|13.43|10642.0|14310017.0|13.46
095000|13.42|13.56|13.42|13.54|10311.0|13925116.0|13.43
095500|13.56|13.61|13.55|13.57|10224.0|13886582.0|13.54
100000|13.57|13.58|13.5|13.52|5386.0|7290366.0|13.57
100500|13.51|13.57|13.48|13.49|8789.0|11890895.0|13.52
101000|13.49|13.51|13.47|13.49|3808.0|5135216.0|13.49
101500|13.5|13.53|13.48|13.52|3674.0|4961230.0|13.49
102000|13.52|13.56|13.48|13.49|4232.0|5722102.0|13.52
102500|13.49|13.53|13.47|13.5|6606.0|8912955.0|13.49
103000|13.49|13.53|13.47|13.48|3506.0|4731251.0|13.5
103500|13.48|13.57|13.48|13.55|7394.0|10009313.0|13.48
104000|13.55|13.55|13.5|13.52|3366.0|4553131.0|13.55
104500|13.51|13.57|13.51|13.56|3959.0|5365921.0|13.52
105000|13.56|13.6|13.56|13.57|5168.0|7019104.0|13.56
105500|13.57|13.58|13.53|13.54|3394.0|4598963.0|13.57
110000|13.54|13.55|13.51|13.54|2297.0|3107661.0|13.54
110500|13.54|13.57|13.53|13.56|2985.0|4046562.0|13.54
111000|13.55|13.58|13.54|13.56|2482.0|3365106.0|13.56
111500|13.55|13.56|13.54|13.54|1719.0|2329115.0|13.56
112000|13.54|13.55|13.54|13.55|940.0|1272997.0|13.54
112500|13.55|13.6|13.55|13.59|6587.0|8947201.0|13.55
113000|13.59|13.6|13.57|13.59|3034.0|4121565.0|13.59
130500|13.59|13.59|13.54|13.55|3503.0|4751790.0|13.59
131000|13.54|13.54|13.47|13.48|3175.0|4289110.0|13.55
131500|13.47|13.48|13.46|13.46|1859.0|2503824.0|13.48
132000|13.46|13.48|13.46|13.47|2058.0|2773058.0|13.46
132500|13.47|13.5|13.47|13.48|2640.0|3558703.0|13.47
133000|13.48|13.52|13.48|13.51|1699.0|2293904.0|13.48
133500|13.51|13.53|13.51|13.53|2179.0|2946361.0|13.51
134000|13.53|13.54|13.52|13.53|1769.0|2393154.0|13.53
134500|13.53|13.55|13.5|13.52|2619.0|3540200.0|13.53
135000|13.52|13.52|13.49|13.49|1956.0|2641987.0|13.52
135500|13.5|13.51|13.48|13.48|1770.0|2388024.0|13.49
140000|13.48|13.49|13.47|13.48|1646.0|2218732.0|13.48
140500|13.48|13.49|13.47|13.49|2430.0|3275339.0|13.48
141000|13.49|13.5|13.47|13.49|2735.0|3686677.0|13.49
141500|13.48|13.48|13.44|13.45|3055.0|4111966.0|13.49
142000|13.45|13.46|13.43|13.44|3928.0|5279856.0|13.45
142500|13.44|13.5|13.44|13.49|5479.0|7381079.0|13.44
143000|13.5|13.5|13.47|13.49|1963.0|2647378.0|13.49
143500|13.48|13.49|13.44|13.44|3090.0|4156805.0|13.49
144000|13.45|13.46|13.43|13.43|3032.0|4075250.0|13.44
144500|13.43|13.46|13.43|13.45|5686.0|7647136.0|13.43
145000|13.44|13.46|13.44|13.45|3445.0|4633111.0|13.45
145500|13.45|13.45|13.43|13.45|6152.0|8269635.0|13.45
150000|13.44|13.45|13.43|13.45|6994.0|9400436.0|13.45
