093500|16.68|16.8|16.33|16.43|26901.0|44501671.0|16.75
094000|16.44|16.78|16.43|16.78|12466.0|20681537.0|16.43
094500|16.78|16.8|16.6|16.68|11182.0|18651540.0|16.78
095000|16.69|16.75|16.64|16.67|7146.0|11937209.0|16.68
095500|16.67|16.7|16.63|16.63|3236.0|5396219.0|16.67
100000|16.63|16.63|16.53|16.56|7628.0|12655682.0|16.63
100500|16.54|16.6|16.51|16.6|6555.0|10852693.0|16.56
101000|16.6|16.6|16.5|16.53|6803.0|11255001.0|16.6
101500|16.51|16.53|16.48|16.52|7244.0|11947569.0|16.53
102000|16.51|16.56|16.45|16.52|6989.0|11533325.0|16.52
102500|16.5|16.61|16.4|16.59|5824.0|9634838.0|16.52
103000|16.59|16.62|16.53|16.55|4251.0|7043140.0|16.59
103500|16.55|16.56|16.47|16.51|4689.0|7738482.0|16.55
104000|16.5|16.61|16.49|16.6|3257.0|5386435.0|16.51
104500|16.6|16.6|16.43|16.47|9766.0|16101157.0|16.6
105000|16.48|16.49|16.41|16.44|5420.0|8917807.0|16.47
105500|16.45|16.49|16.42|16.43|3887.0|6391877.0|16.44
110000|16.43|16.47|16.4|16.41|3435.0|5642179.0|16.43
110500|16.41|16.47|16.4|16.47|2625.0|4310572.0|16.41
111000|16.46|16.52|16.46|16.48|3231.0|5326420.0|16.47
111500|16.47|16.47|16.42|16.43|2261.0|3716283.0|16.48
112000|16.43|16.44|16.4|16.4|4085.0|6704994.0|16.43
112500|16.4|16.46|16.4|16.44|2144.0|3522671.0|16.4
113000|16.43|16.45|16.39|16.41|2010.0|3298777.0|16.44
130500|16.48|16.52|16.41|16.5|5767.0|9485748.0|16.41
131000|16.5|16.63|16.49|16.6|3443.0|5700365.0|16.5
131500|16.61|16.68|16.58|16.58|3868.0|6431015.0|16.6
132000|16.6|16.63|16.56|16.58|3975.0|6592001.0|16.58
132500|16.6|16.68|16.57|16.68|4108.0|6819516.0|16.58
133000|16.67|16.7|16.67|16.67|2216.0|3696677.0|16.68
133500|16.66|16.68|16.61|16.66|2359.0|3926428.0|16.67
134000|16.66|16.66|16.6|16.6|1924.0|3200587.0|16.66
134500|16.61|16.64|16.58|16.63|1243.0|2064918.0|16.6
135000|16.63|16.64|16.6|16.61|1954.0|3246525.0|16.63
135500|16.61|16.61|16.57|16.57|1402.0|2324510.0|16.61
140000|16.57|16.57|16.52|16.54|1717.0|2840623.0|16.57
140500|16.53|16.56|16.53|16.54|1746.0|2888883.0|16.54
141000|16.54|16.57|16.52|16.57|1345.0|2225663.0|16.54
141500|16.56|16.56|16.53|16.55|1823.0|3015347.0|16.57
142000|16.54|16.56|16.54|16.54|1522.0|2518811.0|16.55
142500|16.55|16.7|16.53|16.65|8544.0|14212785.0|16.54
143000|16.65|16.81|16.64|16.75|10620.0|17791883.0|16.65
143500|16.75|16.75|16.62|16.63|3826.0|6385857.0|16.75
144000|16.64|16.66|16.61|16.65|3796.0|6316795.0|16.63
144500|16.65|16.66|16.62|16.66|3811.0|6341915.0|16.65
145000|16.66|16.66|16.62|16.65|3671.0|6109854.0|16.66
145500|16.64|16.65|16.6|16.64|6139.0|10209632.0|16.65
150000|16.64|16.66|16.64|16.65|4628.0|7705589.0|16.64
