093500|49.3000|49.3300|48.7600|48.8600|334200|16377240.0000|48.8600
094000|48.8500|48.9300|48.5900|48.7000|271157|13213967.0000|48.7000
094500|48.6900|48.7600|48.6200|48.6900|198000|9639101.0000|48.6900
095000|48.6900|48.9000|48.5100|48.7800|310900|15121791.0000|48.7800
095500|48.8400|48.9900|48.7000|48.7300|147000|7180326.0000|48.7300
100000|48.7500|49.0300|48.7500|48.8100|153100|7479948.0000|48.8100
100500|48.8100|48.9700|48.8000|48.9300|113300|5539396.0000|48.9300
101000|48.8500|48.8500|48.4800|48.7500|411000|19992104.0000|48.7500
101500|48.7500|48.9100|48.6300|48.8900|120000|5856862.0000|48.8900
102000|48.9000|49.1800|48.9000|49.1000|145300|7126610.0000|49.1000
102500|49.1500|49.2000|48.7800|48.8300|166600|8157787.0000|48.8300
103000|48.8200|48.9500|48.7200|48.8100|105700|5163621.0000|48.8100
103500|48.8300|49.0000|48.7900|48.8700|58400|2855808.0000|48.8700
104000|48.8600|48.9600|48.8500|48.9000|39300|1921946.0000|48.9000
104500|48.9000|49.0200|48.8800|48.9900|81100|3969554.0000|48.9900
105000|48.9800|49.0600|48.8100|48.8500|108200|5293455.0000|48.8500
105500|48.8500|49.0000|48.8300|49.0000|65500|3204082.0000|49.0000
110000|49.0200|49.0200|48.8600|48.9000|46700|2285064.0000|48.9000
110500|48.9200|49.1300|48.9200|49.1300|63700|3123878.0000|49.1300
111000|49.1300|49.3500|49.0600|49.0600|134800|6631555.0000|49.0600
111500|49.1600|49.1600|49.0900|49.0900|28383|1394074.0000|49.0900
112000|49.1000|49.2500|49.1000|49.1500|58734|2889265.0000|49.1500
112500|49.1300|49.2300|48.8600|48.9000|249000|12202707.0000|48.9000
113000|49.0100|49.1500|48.8800|49.0400|96542|4731062.0000|49.0400
130500|49.0300|49.0800|48.9000|49.0000|64200|3144758.0000|49.0000
131000|49.0000|49.1900|49.0000|49.1200|49000|2405143.0000|49.1200
131500|49.1200|49.2400|49.0300|49.1900|62100|3051603.0000|49.1900
132000|49.2500|49.2800|49.1300|49.2400|65700|3235226.0000|49.2400
132500|49.2500|49.4600|49.2000|49.4300|118500|5845815.0000|49.4300
133000|49.4400|49.7700|49.4400|49.6900|389900|19363565.0000|49.6900
133500|49.6800|49.7800|49.5300|49.6000|277100|13762456.0000|49.6000
134000|49.6000|49.7200|49.5600|49.6000|89100|4421131.0000|49.6000
134500|49.5800|49.7200|49.5600|49.5600|89800|4456841.0000|49.5600
135000|49.6000|49.6000|49.4100|49.4600|55600|2751143.0000|49.4600
135500|49.4500|49.4900|49.3600|49.4200|62900|3108206.0000|49.4200
140000|49.4500|49.4900|49.3900|49.4000|55600|2749107.0000|49.4000
140500|49.4300|49.4800|49.3600|49.3600|79100|3910533.0000|49.3600
141000|49.4100|49.5400|49.4100|49.4800|74300|3677371.0000|49.4800
141500|49.4800|49.5100|49.4300|49.5000|49900|2468798.0000|49.5000
142000|49.4900|49.5200|49.4300|49.5200|78996|3908719.0000|49.5200
142500|49.5000|49.5000|49.4400|49.4600|60600|2998139.0000|49.4600
143000|49.4600|49.5200|49.4300|49.4500|107300|5309162.0000|49.4500
143500|49.4400|49.4900|49.4200|49.4500|76300|3773642.0000|49.4500
144000|49.4600|49.4600|49.4300|49.4400|66400|3282959.0000|49.4400
144500|49.4500|49.4700|49.4200|49.4600|79700|3940688.0000|49.4600
145000|49.4600|49.5000|49.4100|49.4800|108400|5362352.0000|49.4800
145500|49.4800|49.4800|49.4200|49.4500|104400|5162400.0000|49.4500
150000|49.4600|49.4900|49.4500|49.4900|95526|4726352.0000|49.4900
