093500|23.7400|23.8600|23.6900|23.8100|650800|15464108.0000|23.8100
094000|23.8100|23.8900|23.7600|23.8500|292800|6976509.0000|23.8500
094500|23.8500|23.9200|23.7900|23.8300|220800|5266114.0000|23.8300
095000|23.7900|23.9800|23.7600|23.9800|413300|9853222.0000|23.9800
095500|23.9800|24.2000|23.9500|24.1900|885800|21322400.0000|24.1900
100000|24.1900|24.2700|24.1000|24.1100|686900|16618480.0000|24.1100
100500|24.1100|24.1300|24.0400|24.1000|352500|8493584.0000|24.1000
101000|24.1000|24.1400|24.0500|24.1300|209200|5039728.0000|24.1300
101500|24.1300|24.2400|24.1300|24.2200|337800|8172160.0000|24.2200
102000|24.2200|24.3100|24.1800|24.2100|481200|11676440.0000|24.2100
102500|24.2000|24.3300|24.1800|24.2800|486900|11823464.0000|24.2800
103000|24.3200|24.3200|24.1900|24.2500|261900|6354496.0000|24.2500
103500|24.2500|24.2500|24.1900|24.2100|153500|3716776.0000|24.2100
104000|24.2000|24.2100|24.1600|24.1800|106700|2580368.0000|24.1800
104500|24.1800|24.2300|24.1700|24.1900|83000|2008192.0000|24.1900
105000|24.1800|24.1900|24.1200|24.1300|101900|2460960.0000|24.1300
105500|24.1300|24.1700|24.0800|24.1400|191600|4623712.0000|24.1400
110000|24.1400|24.1400|24.0900|24.1100|131200|3162704.0000|24.1100
110500|24.1000|24.1100|24.0700|24.1000|93300|2247424.0000|24.1000
111000|24.1100|24.2500|24.1100|24.2000|121000|2929024.0000|24.2000
111500|24.1900|24.2800|24.1800|24.2500|155000|3756400.0000|24.2500
112000|24.2500|24.3000|24.2000|24.2700|205000|4975200.0000|24.2700
112500|24.2800|24.2800|24.2000|24.2500|68300|1655376.0000|24.2500
113000|24.2400|24.2600|24.1900|24.2200|142100|3442848.0000|24.2200
130500|24.2200|24.3400|24.2200|24.2400|265900|6459984.0000|24.2400
131000|24.2400|24.3000|24.2000|24.2400|73900|1793232.0000|24.2400
131500|24.2300|24.2500|24.2100|24.2400|55200|1337888.0000|24.2400
132000|24.2400|24.2500|24.2000|24.2500|96900|2347632.0000|24.2500
132500|24.2500|24.3300|24.2400|24.3200|212600|5162304.0000|24.3200
133000|24.3300|24.3300|24.2900|24.3200|104800|2548192.0000|24.3200
133500|24.3200|24.3200|24.2700|24.2800|113300|2752704.0000|24.2800
134000|24.2900|24.3000|24.2400|24.2400|130100|3157936.0000|24.2400
134500|24.2400|24.2800|24.2400|24.2700|130300|3161376.0000|24.2700
135000|24.2800|24.2800|24.2400|24.2800|155800|3777712.0000|24.2800
135500|24.2800|24.3000|24.2600|24.2700|130000|3157040.0000|24.2700
140000|24.2700|24.2800|24.2400|24.2800|177600|4310336.0000|24.2800
140500|24.2500|24.3200|24.2500|24.3000|510600|12406624.0000|24.3000
141000|24.2600|24.3000|24.2600|24.2900|100200|2434176.0000|24.2900
141500|24.2900|24.3100|24.2700|24.3000|188800|4587536.0000|24.3000
142000|24.3000|24.3100|24.2600|24.2600|134300|3262928.0000|24.2600
142500|24.2900|24.3000|24.2600|24.2700|124300|3018880.0000|24.2700
143000|24.3000|24.3100|24.2600|24.3000|105100|2553232.0000|24.3000
143500|24.3000|24.3100|24.2700|24.3100|137500|3340720.0000|24.3100
144000|24.3100|24.3100|24.2500|24.2500|216000|5245952.0000|24.2500
144500|24.2500|24.2700|24.1600|24.1600|181600|4397472.0000|24.1600
145000|24.1600|24.2100|24.1500|24.2000|213500|5162832.0000|24.2000
145500|24.2000|24.2100|24.1800|24.2000|130700|3162416.0000|24.2000
150000|24.2100|24.2100|24.1900|24.1900|169400|4098496.0000|24.1900
