09350000|6.6377013600|6.6964420800|6.6377013600|6.6768618400|381100|2598785.0000|6.6768618400
09400000|6.6768618400|6.6964420800|6.6768618400|6.6964420800|343600|2348092.0000|6.6964420800
09450000|6.6866519600|6.7258124400|6.6866519600|6.7062322000|585400|4011093.0000|6.7062322000
09500000|6.7062322000|6.7062322000|6.6866519600|6.6866519600|179000|1224031.0000|6.6866519600
09550000|6.6866519600|6.7062322000|6.6768618400|6.6866519600|172300|1177392.0000|6.6866519600
10000000|6.6866519600|6.6964420800|6.6768618400|6.6768618400|153700|1049762.0000|6.6768618400
10050000|6.6768618400|6.6866519600|6.6670717200|6.6670717200|161200|1099493.0000|6.6670717200
10100000|6.6670717200|6.6768618400|6.6670717200|6.6768618400|46700|318133.0000|6.6768618400
10150000|6.6768618400|6.6768618400|6.6670717200|6.6768618400|46600|317401.0000|6.6768618400
10200000|6.6768618400|6.6768618400|6.6670717200|6.6768618400|73200|498579.0000|6.6768618400
10250000|6.6670717200|6.6670717200|6.6474914800|6.6572816000|201400|1369683.0000|6.6572816000
10300000|6.6572816000|6.6572816000|6.6474914800|6.6474914800|150800|1025061.0000|6.6474914800
10350000|6.6474914800|6.6572816000|6.6377013600|6.6377013600|249300|1692630.0000|6.6377013600
10400000|6.6377013600|6.6474914800|6.6279112400|6.6377013600|272600|1847682.0000|6.6377013600
10450000|6.6377013600|6.6474914800|6.6279112400|6.6377013600|96000|651018.0000|6.6377013600
10500000|6.6377013600|6.6474914800|6.6279112400|6.6474914800|149400|1012610.0000|6.6474914800
10550000|6.6377013600|6.6474914800|6.6279112400|6.6474914800|125500|850908.0000|6.6474914800
11000000|6.6474914800|6.6474914800|6.6377013600|6.6377013600|99400|674176.0000|6.6377013600
11050000|6.6377013600|6.6377013600|6.6279112400|6.6279112400|103000|697960.0000|6.6279112400
11100000|6.6279112400|6.6377013600|6.6181211200|6.6279112400|199000|1347156.0000|6.6279112400
11150000|6.6279112400|6.6377013600|6.6181211200|6.6279112400|62800|425208.0000|6.6279112400
11200000|6.6279112400|6.6377013600|6.6181211200|6.6181211200|197900|1339050.0000|6.6181211200
11250000|6.6181211200|6.6377013600|6.6181211200|6.6181211200|114200|772928.0000|6.6181211200
11300000|6.6181211200|6.6377013600|6.6181211200|6.6181211200|69600|471048.0000|6.6181211200
13050000|6.6279112400|6.6377013600|6.6181211200|6.6279112400|128900|872684.0000|6.6279112400
13100000|6.6279112400|6.6377013600|6.6279112400|6.6377013600|31600|214108.0000|6.6377013600
13150000|6.6377013600|6.6377013600|6.6279112400|6.6377013600|99500|674540.0000|6.6377013600
13200000|6.6279112400|6.6377013600|6.6279112400|6.6279112400|42700|289122.0000|6.6279112400
13250000|6.6279112400|6.6377013600|6.6279112400|6.6279112400|51200|346820.0000|6.6279112400
13300000|6.6279112400|6.6377013600|6.6181211200|6.6279112400|165200|1118080.0000|6.6279112400
13350000|6.6279112400|6.6474914800|6.6279112400|6.6377013600|124200|841968.0000|6.6377013600
13400000|6.6474914800|6.6670717200|6.6377013600|6.6572816000|137300|933100.0000|6.6572816000
13450000|6.6670717200|6.6768618400|6.6572816000|6.6768618400|117400|799064.0000|6.6768618400
13500000|6.6768618400|6.6768618400|6.6670717200|6.6670717200|65000|442688.0000|6.6670717200
13550000|6.6670717200|6.6768618400|6.6670717200|6.6670717200|43000|293016.0000|6.6670717200
14000000|6.6670717200|6.6768618400|6.6572816000|6.6670717200|61100|416056.0000|6.6670717200
14050000|6.6670717200|6.6670717200|6.6572816000|6.6670717200|28600|194500.0000|6.6670717200
14100000|6.6670717200|6.6670717200|6.6572816000|6.6572816000|39200|266612.0000|6.6572816000
14150000|6.6572816000|6.6572816000|6.6474914800|6.6474914800|51500|349804.0000|6.6474914800
14200000|6.6474914800|6.6572816000|6.6377013600|6.6377013600|50900|345408.0000|6.6377013600
14250000|6.6474914800|6.6474914800|6.6377013600|6.6474914800|25700|174308.0000|6.6474914800
14300000|6.6474914800|6.6474914800|6.6377013600|6.6474914800|28500|193328.0000|6.6474914800
14350000|6.6474914800|6.6474914800|6.6279112400|6.6279112400|146200|991336.0000|6.6279112400
14400000|6.6377013600|6.6474914800|6.6377013600|6.6377013600|86300|585144.0000|6.6377013600
14450000|6.6377013600|6.6474914800|6.6279112400|6.6377013600|137700|933588.0000|6.6377013600
14500000|6.6377013600|6.6474914800|6.6377013600|6.6474914800|220500|1496616.0000|6.6474914800
14550000|6.6474914800|6.6474914800|6.6377013600|6.6377013600|167500|1136448.0000|6.6377013600
15000000|6.6377013600|6.6572816000|6.6377013600|6.6474914800|23500|159536.0000|6.6474914800
