093500|6.88|6.88|6.83|6.86|14646.0|10109402.0|6.84
094000|6.86|6.86|6.83|6.84|6660.0|4591269.0|6.86
094500|6.84|6.85|6.81|6.82|6778.0|4663866.0|6.84
095000|6.81|6.83|6.81|6.82|5450.0|3744424.0|6.82
095500|6.82|6.84|6.82|6.83|6368.0|4376689.0|6.82
100000|6.81|6.84|6.81|6.83|2583.0|1777338.0|6.83
100500|6.84|6.84|6.83|6.83|1840.0|1266753.0|6.83
101000|6.84|6.85|6.83|6.84|3619.0|2493130.0|6.83
101500|6.83|6.84|6.82|6.82|3012.0|2070873.0|6.84
102000|6.83|6.83|6.8|6.81|4187.0|2873871.0|6.82
102500|6.81|6.82|6.79|6.8|5338.0|3656834.0|6.81
103000|6.8|6.81|6.8|6.8|772.0|528993.0|6.8
103500|6.8|6.81|6.79|6.79|2218.0|1519497.0|6.8
104000|6.79|6.8|6.79|6.8|714.0|488569.0|6.79
104500|6.8|6.8|6.79|6.79|3142.0|2149489.0|6.8
105000|6.8|6.8|6.79|6.79|1152.0|788266.0|6.79
105500|6.79|6.8|6.78|6.8|1590.0|1087809.0|6.79
110000|6.8|6.8|6.79|6.79|1269.0|868649.0|6.8
110500|6.79|6.8|6.79|6.8|797.0|545644.0|6.79
111000|6.8|6.81|6.8|6.8|1450.0|993435.0|6.8
111500|6.8|6.8|6.79|6.8|1228.0|840995.0|6.8
112000|6.8|6.81|6.79|6.8|3536.0|2420783.0|6.8
112500|6.79|6.8|6.79|6.79|684.0|468048.0|6.8
113000|6.79|6.8|6.79|6.8|800.0|547779.0|6.79
130500|6.8|6.8|6.79|6.8|2737.0|1872711.0|6.8
131000|6.79|6.8|6.78|6.79|2156.0|1473877.0|6.8
131500|6.79|6.79|6.78|6.79|986.0|674321.0|6.79
132000|6.79|6.8|6.78|6.79|943.0|644994.0|6.79
132500|6.79|6.79|6.78|6.79|937.0|640646.0|6.79
133000|6.78|6.79|6.78|6.79|2184.0|1493686.0|6.79
133500|6.79|6.8|6.78|6.8|2330.0|1593690.0|6.79
134000|6.79|6.8|6.79|6.8|3563.0|2439357.0|6.8
134500|6.8|6.8|6.79|6.8|1230.0|842224.0|6.8
135000|6.8|6.81|6.8|6.81|367.0|251692.0|6.8
135500|6.8|6.81|6.8|6.81|789.0|540961.0|6.81
140000|6.81|6.81|6.8|6.81|1674.0|1147794.0|6.81
140500|6.8|6.81|6.8|6.81|691.0|473760.0|6.81
141000|6.8|6.81|6.8|6.81|1605.0|1100767.0|6.81
141500|6.81|6.81|6.8|6.81|1360.0|932800.0|6.81
142000|6.81|6.81|6.8|6.81|808.0|554033.0|6.81
142500|6.81|6.81|6.8|6.81|2433.0|1666804.0|6.81
143000|6.81|6.81|6.8|6.81|1078.0|738960.0|6.81
143500|6.81|6.81|6.8|6.8|573.0|392657.0|6.81
144000|6.81|6.81|6.79|6.79|5890.0|4034919.0|6.8
144500|6.8|6.81|6.79|6.8|2084.0|1427350.0|6.79
145000|6.8|6.81|6.79|6.8|2332.0|1597346.0|6.8
145500|6.8|6.81|6.8|6.8|2728.0|1869949.0|6.8
150000|6.8|6.81|6.8|6.81|5212.0|3574575.0|6.8
