09350000|12.1800328400|12.3025873500|12.0951874100|12.2743055400|468800|6074119.0000|12.2743055400
09400000|12.2931600800|12.3402964300|12.2365964600|12.3308691600|393500|5134131.0000|12.3308691600
09450000|12.3308691600|12.3874327800|12.2743055400|12.3780055100|503581|6594142.0000|12.3780055100
09500000|12.3874327800|12.4911327500|12.3874327800|12.4722782100|1365657|18019485.0000|12.4722782100
09550000|12.4628509400|12.5948327200|12.4534236700|12.5759781800|1129300|15001065.0000|12.5759781800
10000000|12.5665509100|12.6136872600|12.5288418300|12.5382691000|651640|8690681.0000|12.5382691000
10050000|12.5382691000|12.6136872600|12.5099872900|12.6136872600|1207260|16088101.0000|12.6136872600
10100000|12.6042599900|12.6513963400|12.4534236700|12.4534236700|839500|11227692.0000|12.4534236700
10150000|12.4439964000|12.4534236700|12.3968600500|12.4062873200|251200|3311091.0000|12.4062873200
10200000|12.4157145900|12.4251418600|12.3874327800|12.3874327800|175900|2314046.0000|12.3874327800
10250000|12.3874327800|12.3968600500|12.3780055100|12.3780055100|177900|2337182.0000|12.3780055100
10300000|12.3780055100|12.3874327800|12.3497237000|12.3497237000|192600|2525887.0000|12.3497237000
10350000|12.3497237000|12.3591509700|12.3120146200|12.3214418900|230300|3014884.0000|12.3214418900
10400000|12.3214418900|12.3497237000|12.3025873500|12.3402964300|166500|2176786.0000|12.3402964300
10450000|12.3308691600|12.3402964300|12.3214418900|12.3214418900|35400|462991.0000|12.3214418900
10500000|12.3214418900|12.3308691600|12.2743055400|12.2931600800|121900|1590645.0000|12.2931600800
10550000|12.2931600800|12.3025873500|12.2648782700|12.2648782700|241000|3139495.0000|12.2648782700
11000000|12.2743055400|12.2743055400|12.2460237300|12.2743055400|217220|2824905.0000|12.2743055400
11050000|12.2648782700|12.2743055400|12.2460237300|12.2460237300|119900|1559100.0000|12.2460237300
11100000|12.2460237300|12.2743055400|12.2460237300|12.2554510000|122320|1590097.0000|12.2554510000
11150000|12.2554510000|12.2837328100|12.2554510000|12.2837328100|88780|1155083.0000|12.2837328100
11200000|12.2648782700|12.2837328100|12.2460237300|12.2460237300|105800|1375502.0000|12.2460237300
11250000|12.2460237300|12.2743055400|12.2365964600|12.2648782700|83700|1087769.0000|12.2648782700
11300000|12.2648782700|12.2743055400|12.2554510000|12.2743055400|50200|653276.0000|12.2743055400
13050000|12.2743055400|12.2743055400|12.2177419200|12.2271691900|176149|2287888.0000|12.2271691900
13100000|12.2271691900|12.2365964600|12.1988873800|12.2083146500|106500|1380174.0000|12.2083146500
13150000|12.2083146500|12.2083146500|12.1800328400|12.1988873800|158400|2048618.0000|12.1988873800
13200000|12.2083146500|12.2177419200|12.1800328400|12.2083146500|140700|1821075.0000|12.2083146500
13250000|12.2083146500|12.2083146500|12.1800328400|12.1894601100|111900|1447842.0000|12.1894601100
13300000|12.1800328400|12.1988873800|12.1800328400|12.1894601100|127600|1649598.0000|12.1894601100
13350000|12.1894601100|12.2083146500|12.1800328400|12.2083146500|108200|1399729.0000|12.2083146500
13400000|12.2083146500|12.2083146500|12.1800328400|12.1988873800|154600|2000604.0000|12.1988873800
13450000|12.1988873800|12.1988873800|12.1706055700|12.1800328400|105040|1357080.0000|12.1800328400
13500000|12.1706055700|12.1988873800|12.1706055700|12.1894601100|46100|595911.0000|12.1894601100
13550000|12.1894601100|12.2271691900|12.1800328400|12.2271691900|65400|846589.0000|12.2271691900
14000000|12.2177419200|12.2460237300|12.2083146500|12.2365964600|88300|1145340.0000|12.2365964600
14050000|12.2365964600|12.2743055400|12.2271691900|12.2743055400|184400|2396627.0000|12.2743055400
14100000|12.2743055400|12.2931600800|12.2554510000|12.2743055400|148680|1936864.0000|12.2743055400
14150000|12.2837328100|12.2931600800|12.2554510000|12.2837328100|165580|2155903.0000|12.2837328100
14200000|12.2743055400|12.3214418900|12.2743055400|12.3120146200|141420|1844461.0000|12.3120146200
14250000|12.3214418900|12.3308691600|12.2931600800|12.3120146200|136600|1783780.0000|12.3120146200
14300000|12.3214418900|12.3214418900|12.3025873500|12.3214418900|104700|1368041.0000|12.3214418900
14350000|12.3214418900|12.3402964300|12.2931600800|12.3214418900|140900|1842088.0000|12.3214418900
14400000|12.3214418900|12.3497237000|12.3025873500|12.3497237000|143800|1881195.0000|12.3497237000
14450000|12.3497237000|12.3780055100|12.3402964300|12.3780055100|255300|3349016.0000|12.3780055100
14500000|12.3780055100|12.3874327800|12.3402964300|12.3497237000|222400|2919420.0000|12.3497237000
14550000|12.3591509700|12.3874327800|12.3497237000|12.3685782400|269700|3540236.0000|12.3685782400
15000000|12.3685782400|12.3874327800|12.3497237000|12.3497237000|415000|5438806.0000|12.3497237000
