093500|33.21|33.68|33.09|33.57|1716.0|5732546.0|33.44
094000|33.56|33.9|33.52|33.84|842.0|2843192.0|33.57
094500|33.8|33.87|33.78|33.8|711.0|2405310.0|33.84
095000|33.78|33.87|33.78|33.82|342.0|1157069.0|33.8
095500|33.86|33.98|33.85|33.85|869.0|2947214.0|33.82
100000|33.85|33.85|33.71|33.71|363.0|1226194.0|33.85
100500|33.82|33.91|33.74|33.88|696.0|2354855.0|33.71
101000|33.86|33.88|33.66|33.66|784.0|2651250.0|33.88
101500|33.64|33.65|33.52|33.65|702.0|2358945.0|33.66
102000|33.61|33.65|33.54|33.59|245.0|822263.0|33.65
102500|33.62|33.62|33.59|33.59|126.0|423319.0|33.59
103000|33.59|33.77|33.55|33.74|494.0|1660842.0|33.59
103500|33.66|33.89|33.59|33.69|1572.0|5306675.0|33.74
104000|33.66|33.68|33.59|33.59|303.0|1018336.0|33.69
104500|33.55|33.62|33.55|33.6|356.0|1195542.0|33.59
105000|33.6|33.83|33.58|33.81|1040.0|3500379.0|33.6
105500|33.81|33.91|33.76|33.81|631.0|2134584.0|33.81
110000|33.81|34.0|33.79|33.98|689.0|2338427.0|33.81
110500|33.97|33.97|33.83|33.85|219.0|742529.0|33.98
111000|33.85|33.92|33.83|33.85|290.0|982076.0|33.85
111500|33.88|33.95|33.88|33.95|484.0|1640620.0|33.85
112000|33.93|34.0|33.93|33.96|621.0|2110505.0|33.95
112500|33.97|34.09|33.96|34.0|790.0|2685995.0|33.96
113000|34.0|34.24|34.0|34.18|1287.0|4392231.0|34.0
130500|34.18|34.4|34.18|34.2|873.0|2994477.0|34.18
131000|34.2|34.21|34.13|34.2|487.0|1663768.0|34.2
131500|34.17|34.2|33.86|33.92|930.0|3163639.0|34.2
132000|33.92|33.92|33.7|33.9|1720.0|5815493.0|33.92
132500|33.9|34.03|33.9|34.02|386.0|1310934.0|33.9
133000|34.0|34.01|33.94|33.95|138.0|468720.0|34.02
133500|33.95|34.22|33.94|34.18|712.0|2429693.0|33.95
134000|34.17|34.18|34.12|34.16|303.0|1034720.0|34.18
134500|34.16|34.3|34.16|34.28|470.0|1608616.0|34.16
135000|34.25|34.26|34.19|34.24|287.0|982238.0|34.28
135500|34.24|34.3|34.19|34.2|473.0|1619677.0|34.24
140000|34.18|34.3|34.12|34.3|1268.0|4334962.0|34.2
140500|34.25|34.29|34.2|34.22|168.0|575327.0|34.3
141000|34.19|34.43|34.19|34.42|1200.0|4117811.0|34.22
141500|34.43|34.58|34.43|34.58|1121.0|3864937.0|34.42
142000|34.58|34.58|34.39|34.45|574.0|1977128.0|34.58
142500|34.45|34.5|34.39|34.41|1177.0|4054414.0|34.45
143000|34.4|34.46|34.4|34.45|385.0|1325517.0|34.41
143500|34.45|34.45|34.25|34.29|650.0|2233633.0|34.45
144000|34.32|34.34|34.26|34.34|282.0|967302.0|34.29
144500|34.33|34.35|34.28|34.34|397.0|1362224.0|34.34
145000|34.35|34.39|34.35|34.37|307.0|1055153.0|34.34
145500|34.36|34.41|34.33|34.37|701.0|2411522.0|34.37
150000|34.37|34.49|34.36|34.49|588.0|2025301.0|34.37
