09350000|5.1243576800|5.1500651600|5.1072193600|5.1329268400|930926|5572052.0000|5.1329268400
09400000|5.1414960000|5.1757726400|5.1329268400|5.1672034800|608200|3659731.0000|5.1672034800
09450000|5.1672034800|5.1843418000|5.1672034800|5.1843418000|557000|3366217.0000|5.1843418000
09500000|5.1843418000|5.1843418000|5.1500651600|5.1500651600|418300|2521207.0000|5.1500651600
09550000|5.1500651600|5.1757726400|5.1500651600|5.1672034800|332050|2000982.0000|5.1672034800
10000000|5.1586343200|5.1586343200|5.1329268400|5.1414960000|393150|2361618.0000|5.1414960000
10050000|5.1414960000|5.1500651600|5.1329268400|5.1500651600|247000|1482620.0000|5.1500651600
10100000|5.1500651600|5.1672034800|5.1414960000|5.1586343200|452090|2719086.0000|5.1586343200
10150000|5.1586343200|5.1672034800|5.1500651600|5.1586343200|220600|1328253.0000|5.1586343200
10200000|5.1586343200|5.1672034800|5.1500651600|5.1586343200|261500|1574871.0000|5.1586343200
10250000|5.1586343200|5.1672034800|5.1500651600|5.1672034800|227900|1372404.0000|5.1672034800
10300000|5.1586343200|5.1672034800|5.1500651600|5.1500651600|426100|2563630.0000|5.1500651600
10350000|5.1500651600|5.1672034800|5.1414960000|5.1672034800|318400|1916011.0000|5.1672034800
10400000|5.1586343200|5.1672034800|5.1500651600|5.1672034800|230000|1385463.0000|5.1672034800
10450000|5.1672034800|5.1672034800|5.1586343200|5.1672034800|260855|1571968.0000|5.1672034800
10500000|5.1672034800|5.1757726400|5.1672034800|5.1757726400|312200|1884504.0000|5.1757726400
10550000|5.1672034800|5.1843418000|5.1672034800|5.1672034800|402000|2429197.0000|5.1672034800
11000000|5.1757726400|5.1843418000|5.1672034800|5.1757726400|143540|866435.0000|5.1757726400
11050000|5.1757726400|5.1757726400|5.1586343200|5.1757726400|319405|1926465.0000|5.1757726400
11100000|5.1757726400|5.1757726400|5.1672034800|5.1757726400|165900|1001257.0000|5.1757726400
11150000|5.1672034800|5.1757726400|5.1586343200|5.1672034800|184000|1109237.0000|5.1672034800
11200000|5.1586343200|5.1757726400|5.1586343200|5.1757726400|172200|1038080.0000|5.1757726400
11250000|5.1757726400|5.1843418000|5.1672034800|5.1843418000|218000|1316896.0000|5.1843418000
11300000|5.1843418000|5.1929109600|5.1757726400|5.1929109600|293100|1772227.0000|5.1929109600
13050000|5.1929109600|5.1929109600|5.1757726400|5.1843418000|342500|2073422.0000|5.1843418000
13100000|5.1929109600|5.1929109600|5.1757726400|5.1843418000|190400|1151706.0000|5.1843418000
13150000|5.1843418000|5.1843418000|5.1757726400|5.1843418000|126900|767504.0000|5.1843418000
13200000|5.1843418000|5.1843418000|5.1672034800|5.1757726400|280300|1693512.0000|5.1757726400
13250000|5.1843418000|5.1843418000|5.1672034800|5.1843418000|219800|1328428.0000|5.1843418000
13300000|5.1843418000|5.1843418000|5.1672034800|5.1672034800|214700|1297079.0000|5.1672034800
13350000|5.1757726400|5.1843418000|5.1672034800|5.1843418000|254500|1537799.0000|5.1843418000
13400000|5.1843418000|5.1929109600|5.1757726400|5.1843418000|396500|2397143.0000|5.1843418000
13450000|5.1929109600|5.1929109600|5.1843418000|5.1929109600|157000|951169.0000|5.1929109600
13500000|5.1929109600|5.1929109600|5.1843418000|5.1929109600|314200|1903722.0000|5.1929109600
13550000|5.1929109600|5.2014801200|5.1843418000|5.1929109600|320700|1943065.0000|5.1929109600
14000000|5.1929109600|5.1929109600|5.1843418000|5.1843418000|272100|1647125.0000|5.1843418000
14050000|5.1843418000|5.1929109600|5.1757726400|5.1757726400|240000|1452188.0000|5.1757726400
14100000|5.1843418000|5.1929109600|5.1757726400|5.1843418000|167700|1015297.0000|5.1843418000
14150000|5.1929109600|5.1929109600|5.1757726400|5.1843418000|190900|1155536.0000|5.1843418000
14200000|5.1929109600|5.2014801200|5.1843418000|5.1843418000|337200|2043441.0000|5.1843418000
14250000|5.1929109600|5.2014801200|5.1843418000|5.2014801200|133800|811563.0000|5.2014801200
14300000|5.1929109600|5.2014801200|5.1929109600|5.1929109600|266801|1619083.0000|5.1929109600
14350000|5.2014801200|5.2014801200|5.1843418000|5.1929109600|431499|2615339.0000|5.1929109600
14400000|5.2014801200|5.2014801200|5.1929109600|5.2014801200|161000|976728.0000|5.2014801200
14450000|5.2014801200|5.2014801200|5.1929109600|5.1929109600|450300|2731076.0000|5.1929109600
14500000|5.2014801200|5.2100492800|5.1929109600|5.2014801200|242472|1471639.0000|5.2014801200
14550000|5.2014801200|5.2014801200|5.1843418000|5.2014801200|733909|4446326.0000|5.2014801200
15000000|5.2014801200|5.2014801200|5.1843418000|5.1929109600|194219|1176538.0000|5.1929109600
