09350000|21.6338788000|21.9005248000|21.4738912000|21.8916366000|3051100|74707376.0000|21.8916366000
09400000|21.8916366000|21.9982950000|21.7494254000|21.8027546000|2942500|72511584.0000|21.8027546000
09450000|21.8027546000|21.8471956000|21.7494254000|21.8027546000|2082200|51056416.0000|21.8027546000
09500000|21.8027546000|21.8738602000|21.7583136000|21.8738602000|1629100|39947344.0000|21.8738602000
09550000|21.8738602000|22.0427360000|21.8471956000|22.0071832000|2116000|52276544.0000|22.0071832000
10000000|22.0071832000|22.1227298000|22.0071832000|22.1049534000|2732100|67864928.0000|22.1049534000
10050000|22.1049534000|22.1582826000|22.0427360000|22.0427360000|2747300|68358336.0000|22.0427360000
10100000|22.0427360000|22.1316180000|21.9982950000|22.1316180000|1692800|42027392.0000|22.1316180000
10150000|22.1316180000|22.1938354000|22.1138416000|22.1760590000|1449200|36131136.0000|22.1760590000
10200000|22.1849472000|22.2293882000|22.0871770000|22.0871770000|2626900|65563390.0000|22.0871770000
10250000|22.0871770000|22.1671708000|22.0516242000|22.1582826000|946700|23546880.0000|22.1582826000
10300000|22.1671708000|22.2916056000|22.1582826000|22.2916056000|1873700|46891912.0000|22.2916056000
10350000|22.2916056000|22.3627112000|22.2471646000|22.3093820000|1926900|48356286.0000|22.3093820000
10400000|22.3093820000|22.3271584000|22.2293882000|22.2827174000|1247300|31247422.0000|22.2827174000
10450000|22.2827174000|22.4338168000|22.2827174000|22.4338168000|1439400|36223358.0000|22.4338168000
10500000|22.4249286000|22.4427050000|22.3271584000|22.4071522000|1478200|37242624.0000|22.4071522000
10550000|22.4071522000|22.4871460000|22.3360466000|22.4782578000|1160300|29263872.0000|22.4782578000
11000000|22.4782578000|22.4871460000|22.3538230000|22.3893758000|823000|20760512.0000|22.3893758000
11050000|22.3893758000|22.4693696000|22.3271584000|22.3449348000|1171200|29511168.0000|22.3449348000
11100000|22.3449348000|22.3893758000|22.3093820000|22.3893758000|914200|22993664.0000|22.3893758000
11150000|22.3715994000|22.3804876000|22.3360466000|22.3627112000|675500|16992384.0000|22.3627112000
11200000|22.3627112000|22.3715994000|22.2560528000|22.2649410000|919300|23061440.0000|22.2649410000
11250000|22.2649410000|22.3093820000|22.2560528000|22.2649410000|698600|17514116.0000|22.2649410000
11300000|22.2649410000|22.3182702000|22.2205000000|22.2560528000|893500|22389248.0000|22.2560528000
13050000|22.2560528000|22.4249286000|22.2382764000|22.3982640000|1108400|27857660.0000|22.3982640000
13100000|22.3982640000|22.4160404000|22.2827174000|22.2827174000|829700|20860352.0000|22.2827174000
13150000|22.2827174000|22.3271584000|22.2027236000|22.2205000000|594600|14888960.0000|22.2205000000
13200000|22.2205000000|22.2205000000|22.1493944000|22.2027236000|671500|16765118.0000|22.2027236000
13250000|22.2027236000|22.3004938000|22.1938354000|22.2293882000|974300|24379589.0000|22.2293882000
13300000|22.2293882000|22.2471646000|22.2027236000|22.2205000000|544600|13619005.0000|22.2205000000
13350000|22.2205000000|22.2293882000|22.1405062000|22.1493944000|772200|19266687.0000|22.1493944000
13400000|22.1493944000|22.1582826000|22.0782888000|22.0782888000|807800|20110587.0000|22.0782888000
13450000|22.0782888000|22.0782888000|21.9805186000|22.0338478000|1016600|25192710.0000|22.0338478000
13500000|22.0338478000|22.0338478000|21.9627422000|21.9716304000|1024200|25339135.0000|21.9716304000
13550000|21.9716304000|21.9894068000|21.9538540000|21.9627422000|727100|17974145.0000|21.9627422000
14000000|21.9627422000|21.9805186000|21.9094130000|21.9449658000|841400|20780416.0000|21.9449658000
14050000|21.9449658000|21.9805186000|21.9271894000|21.9271894000|1065900|26326784.0000|21.9271894000
14100000|21.9271894000|21.9627422000|21.9005248000|21.9271894000|838700|20685696.0000|21.9271894000
14150000|21.9271894000|21.9627422000|21.9183012000|21.9449658000|756100|18673536.0000|21.9449658000
14200000|21.9449658000|21.9894068000|21.9449658000|21.9449658000|712300|17599744.0000|21.9449658000
14250000|21.9449658000|21.9805186000|21.9360776000|21.9627422000|648000|16005888.0000|21.9627422000
14300000|21.9627422000|21.9894068000|21.9538540000|21.9627422000|669600|16550400.0000|21.9627422000
14350000|21.9627422000|21.9716304000|21.9271894000|21.9360776000|625400|15443328.0000|21.9360776000
14400000|21.9360776000|21.9627422000|21.9183012000|21.9271894000|726000|17918976.0000|21.9271894000
14450000|21.9271894000|22.0160714000|21.9271894000|22.0160714000|1274200|31484800.0000|22.0160714000
14500000|22.0160714000|22.0338478000|21.9716304000|22.0338478000|800200|19802884.0000|22.0338478000
14550000|22.0338478000|22.0516242000|21.9894068000|22.0338478000|1179300|29240316.0000|22.0338478000
15000000|22.0338478000|22.0516242000|22.0249596000|22.0427360000|755100|18724480.0000|22.0427360000
