093500|213.9000|215.3000|211.5000|214.6100|629900|134402753.0000|214.6100
094000|214.9100|214.9500|212.5000|212.7900|319600|68377061.0000|212.7900
094500|212.8000|213.1200|212.0100|212.9400|208104|44255817.0000|212.9400
095000|212.9200|214.4000|212.7800|214.4000|171400|36576337.0000|214.4000
095500|214.5000|214.5800|212.8900|213.9800|159300|34020496.0000|213.9800
100000|213.9700|214.1000|213.1200|213.6600|174807|37346416.0000|213.6600
100500|213.5000|214.9800|213.4800|214.0100|210300|45075824.0000|214.0100
101000|214.0200|214.1600|213.1500|213.2100|103200|22045488.0000|213.2100
101500|213.2100|214.0000|212.5100|214.0000|121600|25909568.0000|214.0000
102000|213.9800|214.0100|212.9300|213.9700|136900|29265152.0000|213.9700
102500|213.9800|214.6700|213.6500|214.1700|158909|34031344.0000|214.1700
103000|213.9800|214.3100|213.1200|213.6100|109834|23484656.0000|213.6100
103500|214.0700|214.4900|213.6100|213.6100|125000|26776016.0000|213.6100
104000|213.5500|213.7900|212.3400|212.8200|156400|33315072.0000|212.8200
104500|212.8200|213.3300|212.2800|212.3500|105000|22340112.0000|212.3500
105000|212.4800|212.8400|211.3700|212.1200|134400|28500416.0000|212.1200
105500|212.1200|212.7500|212.0000|212.7500|76400|16218672.0000|212.7500
110000|212.7500|213.0500|212.2900|212.2900|90700|19292176.0000|212.2900
110500|212.3300|212.9000|211.7000|212.2400|90200|19143008.0000|212.2400
111000|212.2200|212.8800|211.7000|212.8100|70918|15052368.0000|212.8100
111500|212.8100|213.3500|212.7200|213.0400|66252|14113088.0000|213.0400
112000|213.0500|213.9700|213.0400|213.8000|114153|24385520.0000|213.8000
112500|213.1900|214.1000|212.9100|214.0500|148800|31794400.0000|214.0500
113000|214.0400|214.5000|214.0100|214.3100|129137|27674288.0000|214.3100
130500|214.3000|215.0000|213.7600|215.0000|195500|41910208.0000|215.0000
131000|214.9600|216.0000|214.9600|215.8500|189700|40861264.0000|215.8500
131500|215.8900|217.0000|215.6000|217.0000|169900|36751920.0000|217.0000
132000|217.0000|217.1900|215.5000|216.0500|131500|28475952.0000|216.0500
132500|215.6300|216.4500|215.2000|215.4100|120208|25933792.0000|215.4100
133000|215.6300|216.8700|215.6300|216.4000|127245|27536336.0000|216.4000
133500|216.7200|217.0000|215.8900|216.1800|166100|35992448.0000|216.1800
134000|216.1400|217.0000|215.6100|216.7000|119575|25882144.0000|216.7000
134500|216.6400|216.7500|215.6100|216.1400|91440|19763232.0000|216.1400
135000|216.1800|216.3700|215.7000|215.8200|97367|21042384.0000|215.8200
135500|215.8200|216.3300|215.6100|216.0500|104500|22583008.0000|216.0500
140000|215.9900|216.3500|215.7500|216.3200|109800|23737504.0000|216.3200
140500|216.3500|216.3800|215.8600|216.0100|195394|42210176.0000|216.0100
141000|216.0100|216.8000|215.7000|216.5500|119300|25793728.0000|216.5500
141500|216.6000|217.0000|216.0200|216.4000|135631|29397072.0000|216.4000
142000|216.4000|216.8600|216.1400|216.6400|110000|23821600.0000|216.6400
142500|216.5900|216.9500|216.1800|216.7300|128462|27831472.0000|216.7300
143000|216.7200|217.0500|216.5700|216.8700|168700|36595232.0000|216.8700
143500|216.8600|216.8600|214.6500|214.6500|129500|27901824.0000|214.6500
144000|214.6500|214.6500|213.7000|214.1200|145600|31171904.0000|214.1200
144500|214.1100|214.5300|213.8800|213.9800|127600|27318880.0000|213.9800
145000|214.0000|214.3400|213.9100|214.2000|114400|24499344.0000|214.2000
145500|214.2000|215.1000|214.1200|214.9000|132200|28365568.0000|214.9000
150000|214.6500|214.7600|214.6000|214.6000|85545|18361440.0000|214.6000
