093500|63.7100|63.9400|63.6000|63.8600|634800|40476548.0000|63.8600
094000|63.8600|63.9700|63.7000|63.9300|591800|37782612.0000|63.9300
094500|63.9300|64.0900|63.7500|63.9800|655700|41940104.0000|63.9800
095000|63.9800|64.3700|63.9800|64.1700|789100|50687280.0000|64.1700
095500|64.1700|64.1700|63.8600|63.8700|462000|29568800.0000|63.8700
100000|63.8700|64.0000|63.7000|63.8000|406200|25915664.0000|63.8000
100500|63.8000|64.0600|63.6800|64.0600|249300|15914848.0000|64.0600
101000|64.0600|64.1700|63.8900|63.9300|330000|21122752.0000|63.9300
101500|63.9300|63.9400|63.8100|63.8400|141100|9014880.0000|63.8400
102000|63.8400|63.8900|63.7100|63.7200|248600|15858048.0000|63.7200
102500|63.7200|63.9000|63.7200|63.8300|159800|10200512.0000|63.8300
103000|63.8100|63.9300|63.6700|63.6800|268400|17125408.0000|63.6800
103500|63.6800|63.6800|63.5400|63.6000|217300|13819616.0000|63.6000
104000|63.6000|63.6400|63.5000|63.5000|200700|12755872.0000|63.5000
104500|63.5000|63.8500|63.5000|63.6900|187400|11927328.0000|63.6900
105000|63.6900|63.8500|63.6100|63.8100|119900|7640352.0000|63.8100
105500|63.8100|63.8600|63.6700|63.7700|150800|9618720.0000|63.7700
110000|63.7700|63.7700|63.5000|63.5600|178600|11351424.0000|63.5600
110500|63.5600|63.7900|63.5600|63.7200|129900|8274656.0000|63.7200
111000|63.7100|63.8000|63.6500|63.6600|89000|5664576.0000|63.6600
111500|63.6700|63.8500|63.6700|63.8500|143800|9168608.0000|63.8500
112000|63.8500|63.8500|63.7100|63.8000|62800|4006240.0000|63.8000
112500|63.8000|63.8900|63.7600|63.8700|135600|8658816.0000|63.8700
113000|63.8700|63.9900|63.8300|63.8800|150500|9617728.0000|63.8800
130500|63.9000|63.9100|63.7500|63.8200|269400|17203648.0000|63.8200
131000|63.8200|63.9800|63.7100|63.7100|130800|8350432.0000|63.7100
131500|63.7100|63.7200|63.6800|63.7000|94400|6013728.0000|63.7000
132000|63.7000|63.7000|63.6000|63.6500|113200|7204512.0000|63.6500
132500|63.6500|63.9500|63.6400|63.9000|137100|8744736.0000|63.9000
133000|63.9000|64.0700|63.9000|63.9500|297700|19049184.0000|63.9500
133500|63.9500|64.3100|63.9400|63.9700|460700|29550304.0000|63.9700
134000|63.9700|64.0500|63.8800|63.8800|119800|7660928.0000|63.8800
134500|63.8800|63.9100|63.7800|63.7800|158000|10085095.0000|63.7800
135000|63.7800|63.7800|63.6000|63.6500|281200|17907326.0000|63.6500
135500|63.6500|63.7300|63.5900|63.6900|194200|12362107.0000|63.6900
140000|63.6900|63.8200|63.6100|63.7100|131100|8348288.0000|63.7100
140500|63.7100|63.7700|63.6400|63.7500|135100|8604864.0000|63.7500
141000|63.7600|63.8900|63.7600|63.8500|113400|7239225.0000|63.8500
141500|63.8500|63.9500|63.7800|63.9400|130500|8335116.0000|63.9400
142000|63.9400|63.9400|63.7600|63.7600|88700|5664500.0000|63.7600
142500|63.7600|63.8500|63.7300|63.8100|86200|5497156.0000|63.8100
143000|63.8100|63.8100|63.7100|63.7700|101300|6461440.0000|63.7700
143500|63.7700|63.7800|63.5600|63.5800|313300|19939911.0000|63.5800
144000|63.5800|63.6300|63.5000|63.6200|250900|15945212.0000|63.6200
144500|63.6200|63.7800|63.5800|63.5800|184500|11747590.0000|63.5800
145000|63.5800|63.6000|63.5100|63.5300|224000|14233790.0000|63.5300
145500|63.5300|63.5500|63.5000|63.5200|344500|21882742.0000|63.5200
150000|63.5200|63.5200|63.4500|63.4500|335000|21264192.0000|63.4500
