093500|80.12|80.49|77.67|77.92|17551.0|140748761.0|80.54
094000|77.92|78.97|77.92|78.75|6169.0|48891947.0|77.92
094500|78.76|79.55|78.21|79.49|4898.0|39069661.0|78.75
095000|79.49|80.0|79.4|79.99|3994.0|32172430.0|79.49
095500|80.01|80.01|79.36|79.36|4298.0|34636436.0|79.99
100000|79.28|79.3|79.02|79.18|4564.0|36515349.0|79.36
100500|79.18|80.0|79.18|79.58|2102.0|16942319.0|79.18
101000|79.54|80.12|79.37|79.85|2827.0|22805988.0|79.58
101500|79.85|80.18|79.78|80.06|1910.0|15453011.0|79.85
102000|80.06|80.34|79.91|80.28|1853.0|15020417.0|80.06
102500|80.34|80.48|80.08|80.08|1819.0|14777652.0|80.28
103000|80.09|80.42|80.02|80.17|1280.0|10381032.0|80.08
103500|80.17|80.29|79.98|80.18|1521.0|12325718.0|80.17
104000|80.19|80.19|79.3|79.4|3127.0|25175701.0|80.18
104500|79.4|80.11|79.4|80.11|2504.0|20194681.0|79.4
105000|79.85|80.07|79.63|79.66|4281.0|34529496.0|80.11
105500|79.66|79.87|79.55|79.7|1946.0|15679390.0|79.66
110000|79.7|79.83|79.5|79.59|1054.0|8488734.0|79.7
110500|79.6|79.72|79.42|79.49|2206.0|17750736.0|79.59
111000|79.58|79.79|79.51|79.67|1248.0|10052452.0|79.49
111500|79.65|79.67|79.13|79.18|1575.0|12645967.0|79.67
112000|79.18|79.23|78.61|78.61|6704.0|53358697.0|79.18
112500|78.59|78.73|78.41|78.61|3764.0|29904086.0|78.61
113000|78.62|78.96|78.6|78.79|1512.0|12035747.0|78.61
130500|78.78|79.62|78.7|79.06|5010.0|40082172.0|78.79
131000|79.08|79.11|78.87|79.06|1115.0|8907465.0|79.06
131500|79.06|79.06|78.56|78.86|2475.0|19712053.0|79.06
132000|78.85|79.11|78.65|79.09|990.0|7899474.0|78.86
132500|79.05|79.4|78.81|79.18|1314.0|10512957.0|79.09
133000|79.18|79.57|78.91|79.29|1261.0|10098640.0|79.18
133500|79.25|79.47|79.12|79.13|1128.0|9044623.0|79.29
134000|79.14|79.17|78.81|78.82|818.0|6527686.0|79.13
134500|78.82|78.84|78.62|78.65|1435.0|11421052.0|78.82
135000|78.66|78.68|78.41|78.41|1189.0|9446300.0|78.65
135500|78.42|78.51|78.22|78.3|2144.0|16981804.0|78.41
140000|78.31|78.61|78.29|78.5|1920.0|15236871.0|78.3
140500|78.49|78.58|78.24|78.29|2122.0|16818592.0|78.5
141000|78.29|78.38|78.24|78.29|1261.0|9988337.0|78.29
141500|78.28|78.41|78.15|78.21|3425.0|27103721.0|78.29
142000|78.22|78.31|78.12|78.12|1950.0|15408855.0|78.21
142500|78.13|78.29|78.13|78.19|1482.0|11718223.0|78.12
143000|78.2|78.2|77.87|78.02|3105.0|24500320.0|78.19
143500|78.05|78.2|77.78|77.8|2642.0|20826205.0|78.02
144000|77.81|77.81|77.6|77.61|3747.0|29451377.0|77.8
144500|77.6|77.69|77.23|77.68|4763.0|37294428.0|77.61
145000|77.71|78.01|77.6|77.76|2958.0|23268026.0|77.68
145500|77.8|78.17|77.74|78.11|2214.0|17464599.0|77.76
150000|78.11|78.14|78.11|78.13|2638.0|20842529.0|78.11
