093500|79.34|79.34|77.01|77.23|130885.0|1026274963.0|72.13
094000|77.35|77.87|75.9|77.87|39193.0|300920071.0|77.23
094500|77.88|78.4|77.05|78.28|25506.0|198652180.0|77.87
095000|78.35|79.34|78.35|79.1|55428.0|438708170.0|78.28
095500|79.12|79.25|78.59|79.14|14745.0|116513701.0|79.1
100000|79.15|79.17|78.78|78.78|8331.0|65828350.0|79.14
100500|78.76|79.2|78.59|79.14|12414.0|98065736.0|78.78
101000|79.14|79.34|79.09|79.34|36954.0|293065166.0|79.14
101500|79.34|79.34|79.34|79.34|2987.0|23696637.0|79.34
102000|79.34|79.34|79.34|79.34|2094.0|16616176.0|79.34
102500|79.34|79.34|79.34|79.34|794.0|6299596.0|79.34
103000|79.34|79.34|79.34|79.34|494.0|3919396.0|79.34
103500|79.34|79.34|79.34|79.34|542.0|4300228.0|79.34
104000|79.34|79.34|79.34|79.34|357.0|2832438.0|79.34
104500|79.34|79.34|79.34|79.34|831.0|6593154.0|79.34
105000|79.34|79.34|79.34|79.34|414.0|3284675.0|79.34
105500|79.34|79.34|79.34|79.34|218.0|1729612.0|79.34
110000|79.34|79.34|79.34|79.34|224.0|1774280.0|79.34
110500|79.34|79.34|79.34|79.34|1454.0|11536036.0|79.34
111000|79.34|79.34|79.34|79.34|337.0|2673758.0|79.34
111500|79.34|79.34|79.34|79.34|256.0|2031104.0|79.34
112000|79.34|79.34|79.34|79.34|128.0|1015552.0|79.34
112500|79.34|79.34|79.34|79.34|87.0|690258.0|79.34
113000|79.34|79.34|79.34|79.34|621.0|4927014.0|79.34
130500|79.34|79.34|79.34|79.34|985.0|7811817.0|79.34
131000|79.34|79.34|79.34|79.34|520.0|4125680.0|79.34
131500|79.34|79.34|79.34|79.34|167.0|1324978.0|79.34
132000|79.34|79.34|79.34|79.34|143.0|1134562.0|79.34
132500|79.34|79.34|79.34|79.34|162.0|1285308.0|79.34
133000|79.34|79.34|79.34|79.34|221.0|1753414.0|79.34
133500|79.34|79.34|79.34|79.34|71.0|563314.0|79.34
134000|79.34|79.34|79.34|79.34|486.0|3855924.0|79.34
134500|79.34|79.34|79.34|79.34|134.0|1063156.0|79.34
135000|79.34|79.34|79.34|79.34|142.0|1126628.0|79.34
135500|79.34|79.34|79.34|79.34|197.0|1562998.0|79.34
140000|79.34|79.34|79.34|79.34|89.0|706126.0|79.34
140500|79.34|79.34|79.34|79.34|303.0|2404002.0|79.34
141000|79.34|79.34|79.34|79.34|224.0|1777216.0|79.34
141500|79.34|79.34|79.34|79.34|137.0|1086958.0|79.34
142000|79.34|79.34|79.34|79.34|138.0|1094892.0|79.34
142500|79.34|79.34|79.34|79.34|204.0|1618536.0|79.34
143000|79.34|79.34|79.34|79.34|111.0|880674.0|79.34
143500|79.34|79.34|79.34|79.34|186.0|1477311.0|79.34
144000|79.34|79.34|79.34|79.34|1858.0|14741372.0|79.34
144500|79.34|79.34|79.34|79.34|548.0|4347832.0|79.34
145000|79.34|79.34|79.34|79.34|160.0|1269440.0|79.34
145500|79.34|79.34|79.34|79.34|301.0|2388134.0|79.34
150000|79.34|79.34|79.34|79.34|540.0|4284360.0|79.34
