093500|72.0900|72.2900|71.7600|71.8300|426712|30705187.0000|71.8300
094000|71.8300|71.9200|71.4400|71.4600|382500|27414511.0000|71.4600
094500|71.4700|71.6000|71.0100|71.0200|522302|37210896.0000|71.0200
095000|71.0000|71.1000|70.8000|70.8200|643800|45679226.0000|70.8200
095500|70.8500|71.0000|70.6900|70.7200|434550|30767285.0000|70.7200
100000|70.7300|70.9600|70.6700|70.7900|207678|14700062.0000|70.7900
100500|70.8000|70.8700|70.5800|70.8300|220117|15560940.0000|70.8300
101000|70.8000|70.8200|70.4100|70.5400|255983|18076183.0000|70.5400
101500|70.5800|70.5800|70.3200|70.3500|257400|18124763.0000|70.3500
102000|70.3400|70.3500|70.0600|70.1000|409800|28747821.0000|70.1000
102500|70.0800|70.2600|69.7700|70.2400|644200|45082228.0000|70.2400
103000|70.3000|70.3400|70.1100|70.1800|292600|20541938.0000|70.1800
103500|70.1300|70.3600|69.9900|70.2500|229300|16079748.0000|70.2500
104000|70.3100|70.4300|70.2800|70.2800|136200|9581643.0000|70.2800
104500|70.3100|70.3900|70.2800|70.3200|70500|4957531.0000|70.3200
105000|70.3200|70.3800|70.1400|70.1500|127200|8935536.0000|70.1500
105500|70.1500|70.2200|70.0900|70.1800|136200|9554753.0000|70.1800
110000|70.1800|70.1900|69.9900|70.0500|199800|13996328.0000|70.0500
110500|70.0500|70.2100|70.0100|70.2000|124000|8688913.0000|70.2000
111000|70.2000|70.2400|70.0700|70.1000|80600|5651634.0000|70.1000
111500|70.1100|70.3500|70.1100|70.3400|53900|3784341.0000|70.3400
112000|70.3100|70.3500|70.2200|70.3400|58500|4111895.0000|70.3400
112500|70.3400|70.5500|70.1500|70.1500|107500|7565515.0000|70.1500
113000|70.1900|70.2800|70.1000|70.1400|68300|4792984.0000|70.1400
130500|70.1400|70.4800|69.9200|69.9400|202200|14163846.0000|69.9400
131000|69.9400|70.1200|69.9400|70.1100|109500|7673972.0000|70.1100
131500|70.0800|70.2600|70.0700|70.1100|60300|4227993.0000|70.1100
132000|70.1100|70.3200|70.0200|70.3000|107300|7528831.0000|70.3000
132500|70.2800|70.3100|70.1700|70.2100|59500|4179253.0000|70.2100
133000|70.2100|70.2800|70.1700|70.2500|42600|2991106.0000|70.2500
133500|70.2500|70.2500|70.1800|70.2300|37300|2619205.0000|70.2300
134000|70.2300|70.2300|70.1700|70.2200|51600|3621953.0000|70.2200
134500|70.2200|70.3000|70.1900|70.2300|61200|4299779.0000|70.2300
135000|70.2400|70.4900|70.2300|70.4900|41300|2903675.0000|70.4900
135500|70.4100|70.4600|70.3100|70.4000|75200|5293747.0000|70.4000
140000|70.3900|70.4300|70.2700|70.2700|65100|4578498.0000|70.2700
140500|70.2700|70.3300|70.2400|70.2600|34200|2403351.0000|70.2600
141000|70.2400|70.2800|70.1800|70.2200|75200|5281346.0000|70.2200
141500|70.1900|70.2400|70.1700|70.2400|55900|3924178.0000|70.2400
142000|70.2400|70.2500|70.0900|70.2000|108500|7610493.0000|70.2000
142500|70.1100|70.2000|70.1000|70.1400|64100|4494897.0000|70.1400
143000|70.1300|70.1500|70.0800|70.1100|61000|4276150.0000|70.1100
143500|70.1100|70.1900|70.0200|70.0300|139000|9742043.0000|70.0300
144000|70.0500|70.2000|70.0300|70.0700|94400|6614998.0000|70.0700
144500|70.0700|70.2000|70.0700|70.1800|77700|5448805.0000|70.1800
145000|70.1900|70.3600|70.1800|70.2000|126500|8889678.0000|70.2000
145500|70.1900|70.2300|70.1400|70.1600|210700|14786176.0000|70.1600
150000|70.1600|70.2300|70.1600|70.2300|131700|9246262.0000|70.2300
