09350000|21.1748608500|21.3722954500|21.0662718200|21.2242195000|620300|13339055.0000|21.2242195000
09400000|21.2242195000|21.2439629600|21.0267849000|21.1255022000|360800|7722373.0000|21.1255022000
09450000|21.1353739300|21.2637064200|21.1353739300|21.2242195000|333500|7165107.0000|21.2242195000
09500000|21.2242195000|21.2637064200|21.0267849000|21.0958870100|392800|8415619.0000|21.0958870100
09550000|21.0958870100|21.1748608500|21.0267849000|21.0761435500|183400|3918671.0000|21.0761435500
10000000|21.0564000900|21.1255022000|20.9576827900|21.0465283600|302600|6445987.0000|21.0465283600
10050000|21.0465283600|21.0662718200|20.8589654900|20.8589654900|260300|5531277.0000|20.8589654900
10100000|20.8589654900|20.9478110600|20.7207612700|20.9478110600|412900|8704460.0000|20.9478110600
10150000|20.9379393300|20.9478110600|20.8096068400|20.8096068400|183900|3888327.0000|20.8096068400
10200000|20.8096068400|20.8787089500|20.7405047300|20.7503764600|272400|5740805.0000|20.7503764600
10250000|20.7503764600|21.0070414400|20.7503764600|20.8885806800|329300|6979666.0000|20.8885806800
10300000|20.9083241400|20.9774262500|20.8293503000|20.9774262500|163100|3454319.0000|20.9774262500
10350000|20.9774262500|20.9971697100|20.8787089500|20.9379393300|122600|2599471.0000|20.9379393300
10400000|20.9280676000|20.9379393300|20.8589654900|20.9280676000|63100|1336484.0000|20.9280676000
10450000|20.9280676000|20.9774262500|20.9083241400|20.9774262500|62200|1320300.0000|20.9774262500
10500000|20.9774262500|21.1057587400|20.9774262500|21.0761435500|109900|2342161.0000|21.0761435500
10550000|21.0662718200|21.1551173900|21.0662718200|21.1353739300|72000|1539119.0000|21.1353739300
11000000|21.1353739300|21.1847325800|21.1255022000|21.1748608500|126400|2709650.0000|21.1748608500
11050000|21.1847325800|21.1847325800|21.0958870100|21.1255022000|101500|2174986.0000|21.1255022000
11100000|21.1255022000|21.3031933400|21.1156304700|21.3031933400|245200|5275611.0000|21.3031933400
11150000|21.2933216100|21.3426802600|21.2340912300|21.3328085300|221700|4783444.0000|21.3328085300
11200000|21.3328085300|21.3722954500|21.3130650700|21.3624237200|224200|4848191.0000|21.3624237200
11250000|21.3722954500|21.4907562100|21.3525519900|21.4413975600|418400|9076406.0000|21.4413975600
11300000|21.4413975600|21.4413975600|21.3130650700|21.3130650700|134100|2899361.0000|21.3130650700
13050000|21.3031933400|21.3130650700|21.2044760400|21.2637064200|161900|3487134.0000|21.2637064200
13100000|21.2637064200|21.3031933400|21.2242195000|21.2538346900|105500|2272040.0000|21.2538346900
13150000|21.2538346900|21.2538346900|21.1946043100|21.1946043100|64600|1388574.0000|21.1946043100
13200000|21.1847325800|21.2538346900|21.1847325800|21.2143477700|96100|2066121.0000|21.2143477700
13250000|21.2143477700|21.2637064200|21.1946043100|21.2538346900|92500|1989394.0000|21.2538346900
13300000|21.2538346900|21.3920389100|21.2538346900|21.3426802600|228500|4936657.0000|21.3426802600
13350000|21.3426802600|21.4019106400|21.3328085300|21.3920389100|100600|2177889.0000|21.3920389100
13400000|21.4019106400|21.4216541000|21.3426802600|21.3426802600|137200|2973224.0000|21.3426802600
13450000|21.3426802600|21.3525519900|21.2933216100|21.3031933400|113300|2447359.0000|21.3031933400
13500000|21.3031933400|21.3229368000|21.2044760400|21.2044760400|197900|4260082.0000|21.2044760400
13550000|21.2143477700|21.2242195000|21.1847325800|21.1946043100|113700|2441287.0000|21.1946043100
14000000|21.1847325800|21.2044760400|21.1748608500|21.2044760400|123100|2641558.0000|21.2044760400
14050000|21.2044760400|21.2044760400|21.1847325800|21.1847325800|90700|1947071.0000|21.1847325800
14100000|21.1748608500|21.2044760400|21.0860152800|21.0860152800|225400|4825507.0000|21.0860152800
14150000|21.0860152800|21.0958870100|21.0267849000|21.0465283600|159100|3393850.0000|21.0465283600
14200000|21.0465283600|21.0465283600|20.9379393300|20.9971697100|201400|4287419.0000|20.9971697100
14250000|21.0070414400|21.0465283600|20.9872979800|21.0267849000|163400|3479486.0000|21.0267849000
14300000|21.0366566300|21.0761435500|20.9872979800|20.9872979800|170700|3634924.0000|20.9872979800
14350000|20.9872979800|21.0267849000|20.9675545200|20.9675545200|282500|6010519.0000|20.9675545200
14400000|20.9576827900|20.9675545200|20.8787089500|20.8984524100|403500|8551566.0000|20.8984524100
14450000|20.8984524100|20.9478110600|20.8984524100|20.9379393300|133300|2825692.0000|20.9379393300
14500000|20.9379393300|20.9774262500|20.9083241400|20.9379393300|270374|5736553.0000|20.9379393300
14550000|20.9181958700|20.9280676000|20.7405047300|20.7602481900|649200|13702414.0000|20.7602481900
15000000|20.7503764600|20.9774262500|20.7405047300|20.9280676000|379700|8020231.0000|20.9280676000
