093500|22.44|23.43|22.44|23.34|188653.0|434130841.0|22.89
094000|23.34|23.34|22.92|23.11|76504.0|177583651.0|23.34
094500|23.13|24.26|23.09|24.04|142490.0|337932748.0|23.11
095000|24.09|24.11|23.7|23.7|90435.0|217416515.0|24.04
095500|23.7|23.94|23.65|23.69|42815.0|102046489.0|23.7
100000|23.7|23.78|23.53|23.68|33500.0|79492197.0|23.69
100500|23.69|23.8|23.59|23.72|19404.0|46186092.0|23.68
101000|23.72|23.76|23.49|23.65|19934.0|47205987.0|23.72
101500|23.7|23.88|23.47|23.56|30329.0|71968253.0|23.65
102000|23.56|23.57|23.28|23.28|30696.0|72083146.0|23.56
102500|23.27|23.34|23.19|23.29|25997.0|60625840.0|23.28
103000|23.28|23.29|23.03|23.12|27931.0|64693496.0|23.29
103500|23.1|23.21|23.06|23.09|17969.0|41665035.0|23.12
104000|23.09|23.29|23.08|23.29|11510.0|26757479.0|23.09
104500|23.31|23.37|23.21|23.24|9514.0|22210488.0|23.29
105000|23.23|23.36|23.19|23.33|8773.0|20471219.0|23.24
105500|23.32|23.32|23.24|23.24|4435.0|10351156.0|23.33
110000|23.22|23.34|23.21|23.34|6576.0|15341297.0|23.24
110500|23.33|23.34|23.19|23.22|4521.0|10551303.0|23.34
111000|23.22|23.4|23.22|23.34|5814.0|13604787.0|23.22
111500|23.33|23.57|23.33|23.43|12594.0|29642056.0|23.34
112000|23.44|23.52|23.37|23.47|6063.0|14258255.0|23.43
112500|23.5|23.5|23.32|23.33|6196.0|14538565.0|23.47
113000|23.34|23.76|23.34|23.74|15732.0|37263171.0|23.33
130500|23.74|23.77|23.52|23.52|17751.0|42154140.0|23.74
131000|23.53|23.61|23.47|23.55|9429.0|22247182.0|23.52
131500|23.55|23.56|23.43|23.46|6670.0|15704183.0|23.55
132000|23.46|23.47|23.36|23.37|6739.0|15817955.0|23.46
132500|23.39|23.44|23.34|23.36|7869.0|18438437.0|23.37
133000|23.37|23.38|23.31|23.31|6521.0|15259729.0|23.36
133500|23.3|23.34|23.29|23.34|8109.0|18950961.0|23.31
134000|23.34|23.36|23.25|23.26|7996.0|18662884.0|23.34
134500|23.27|23.39|23.27|23.32|7354.0|17202689.0|23.26
135000|23.29|23.49|23.28|23.49|6948.0|16275230.0|23.32
135500|23.46|23.5|23.38|23.38|5681.0|13349393.0|23.49
140000|23.4|23.5|23.37|23.43|6081.0|14296352.0|23.38
140500|23.41|23.43|23.36|23.36|4103.0|9625001.0|23.43
141000|23.36|23.36|23.31|23.33|4324.0|10116249.0|23.36
141500|23.33|23.37|23.31|23.31|4484.0|10486903.0|23.33
142000|23.31|23.33|23.29|23.3|4837.0|11301058.0|23.31
142500|23.3|23.3|23.22|23.23|8057.0|18783801.0|23.3
143000|23.22|23.24|23.15|23.21|8957.0|20833714.0|23.23
143500|23.22|23.32|23.22|23.23|8340.0|19451191.0|23.21
144000|23.23|23.26|23.2|23.24|7141.0|16630880.0|23.23
144500|23.24|23.35|23.22|23.28|12035.0|28072913.0|23.24
145000|23.28|23.31|23.24|23.24|12175.0|28411867.0|23.28
145500|23.24|23.31|23.23|23.31|19547.0|45571437.0|23.24
150000|23.28|23.31|23.28|23.31|15028.0|35110782.0|23.31
