093500|0.9900|1.0000|0.9900|0.9900|8165504|8085328.0000|0.9900
094000|0.9900|1.0000|0.9900|0.9900|3827457|3789516.0000|0.9900
094500|0.9900|1.0000|0.9900|0.9900|2220400|2198780.0000|0.9900
095000|0.9900|1.0000|0.9900|0.9900|1990919|1971744.0000|0.9900
095500|0.9900|1.0000|0.9900|0.9900|868261|860906.0000|0.9900
100000|0.9900|1.0000|0.9900|1.0000|1110100|1100834.0000|1.0000
100500|1.0000|1.0000|0.9900|0.9900|651019|646222.0000|0.9900
101000|0.9900|1.0000|0.9900|1.0000|550838|547325.0000|1.0000
101500|1.0000|1.0000|0.9900|1.0000|841517|837381.0000|1.0000
102000|1.0000|1.0000|0.9900|1.0000|384257|382538.0000|1.0000
102500|1.0000|1.0000|0.9900|0.9900|960159|955099.0000|0.9900
103000|0.9900|1.0000|0.9900|1.0000|1014801|1006930.0000|1.0000
103500|1.0000|1.0000|0.9900|1.0000|440857|439749.0000|1.0000
104000|0.9900|1.0000|0.9900|0.9900|1057200|1053449.0000|0.9900
104500|0.9900|1.0000|0.9900|0.9900|445889|442164.0000|0.9900
105000|0.9900|1.0000|0.9900|0.9900|990889|984379.0000|0.9900
105500|1.0000|1.0000|0.9900|0.9900|534578|532583.0000|0.9900
110000|0.9900|1.0000|0.9900|0.9900|642600|637754.0000|0.9900
110500|1.0000|1.0000|0.9900|0.9900|672200|665944.0000|0.9900
111000|0.9900|1.0000|0.9900|1.0000|670004|667400.0000|1.0000
111500|1.0000|1.0000|0.9900|1.0000|320593|319361.0000|1.0000
112000|1.0000|1.0000|0.9900|1.0000|499700|494974.0000|1.0000
112500|1.0000|1.0000|0.9900|1.0000|301957|301089.0000|1.0000
113000|1.0000|1.0000|0.9900|1.0000|11005900|11004829.0000|1.0000
130500|1.0000|1.0300|1.0000|1.0300|97379477|97973820.0000|1.0300
131000|1.0300|1.0400|1.0300|1.0300|30473786|31498334.0000|1.0300
131500|1.0300|1.0400|1.0200|1.0400|31821872|32794993.0000|1.0400
132000|1.0400|1.0400|1.0300|1.0400|30514899|31727101.0000|1.0400
132500|1.0400|1.0400|1.0300|1.0400|29867414|31061107.0000|1.0400
133000|1.0400|1.0400|1.0400|1.0400|13715257|14262351.0000|1.0400
133500|1.0400|1.0400|1.0300|1.0400|6213184|6457664.0000|1.0400
134000|1.0400|1.0400|1.0400|1.0400|8438864|8776320.0000|1.0400
134500|1.0400|1.0400|1.0400|1.0400|1771632|1842480.0000|1.0400
135000|1.0400|1.0400|1.0400|1.0400|1679056|1746224.0000|1.0400
135500|1.0400|1.0400|1.0400|1.0400|1187856|1235376.0000|1.0400
140000|1.0400|1.0400|1.0400|1.0400|670160|696976.0000|1.0400
140500|1.0400|1.0400|1.0400|1.0400|1099168|1143120.0000|1.0400
141000|1.0400|1.0400|1.0400|1.0400|597216|621104.0000|1.0400
141500|1.0400|1.0400|1.0400|1.0400|780208|811408.0000|1.0400
142000|1.0400|1.0400|1.0400|1.0400|1722784|1791712.0000|1.0400
142500|1.0400|1.0400|1.0400|1.0400|1794336|1866096.0000|1.0400
143000|1.0400|1.0400|1.0400|1.0400|1196224|1244080.0000|1.0400
143500|1.0400|1.0400|1.0400|1.0400|703008|731136.0000|1.0400
144000|1.0400|1.0400|1.0400|1.0400|617680|642384.0000|1.0400
144500|1.0400|1.0400|1.0400|1.0400|385760|401184.0000|1.0400
145000|1.0400|1.0400|1.0400|1.0400|569600|592384.0000|1.0400
145500|1.0400|1.0400|1.0400|1.0400|425024|442032.0000|1.0400
150000|1.0400|1.0400|1.0400|1.0400|1001520|1041568.0000|1.0400
