093500|1.0800|1.0800|1.0600|1.0700|24453945|26197392.1500|1.0700
094000|1.0700|1.0900|1.0700|1.0900|6657614|7192108.1200|1.0900
094500|1.0800|1.0900|1.0700|1.0800|8531591|9209103.2300|1.0800
095000|1.0800|1.0800|1.0700|1.0800|6612574|7079514.1800|1.0800
095500|1.0700|1.0900|1.0700|1.0800|5312292|5735494.3600|1.0800
100000|1.0900|1.0900|1.0800|1.0800|1721354|1865405.3200|1.0800
100500|1.0800|1.0900|1.0700|1.0800|3890754|4198302.3200|1.0800
101000|1.0800|1.0800|1.0700|1.0800|1923700|2065984.0000|1.0800
101500|1.0800|1.0800|1.0700|1.0700|930008|998060.5600|1.0700
102000|1.0800|1.0800|1.0700|1.0700|1347890|1443717.3000|1.0700
102500|1.0700|1.0800|1.0700|1.0800|1199000|1285207.0000|1.0800
103000|1.0700|1.0800|1.0700|1.0700|3081026|3303446.8200|1.0700
103500|1.0700|1.0800|1.0700|1.0700|1013300|1084783.0000|1.0700
104000|1.0700|1.0800|1.0700|1.0800|1357409|1454748.6300|1.0800
104500|1.0700|1.0800|1.0700|1.0800|721500|774664.0000|1.0800
105000|1.0800|1.0800|1.0700|1.0800|1754911|1880242.7700|1.0800
105500|1.0800|1.0800|1.0700|1.0800|554100|593252.0000|1.0800
110000|1.0800|1.0800|1.0700|1.0800|866728|928629.9600|1.0800
110500|1.0800|1.0800|1.0700|1.0800|481399|517822.9300|1.0800
111000|1.0800|1.0800|1.0700|1.0800|224870|241796.9000|1.0800
111500|1.0700|1.0800|1.0700|1.0700|680471|730041.9700|1.0700
112000|1.0700|1.0800|1.0700|1.0700|3037100|3250033.0000|1.0700
112500|1.0700|1.0800|1.0700|1.0700|889200|951899.0000|1.0700
113000|1.0700|1.0800|1.0700|1.0800|1805534|1932343.3800|1.0800
130500|1.0800|1.0800|1.0700|1.0700|2464580|2638728.6000|1.0700
131000|1.0700|1.0800|1.0700|1.0800|958266|1029647.6200|1.0800
131500|1.0800|1.0800|1.0700|1.0700|948219|1019369.3300|1.0700
132000|1.0800|1.0800|1.0700|1.0700|371500|399351.0000|1.0700
132500|1.0800|1.0800|1.0700|1.0800|406000|435329.0000|1.0800
133000|1.0800|1.0800|1.0700|1.0700|1038000|1113878.0000|1.0700
133500|1.0800|1.0800|1.0700|1.0800|658600|707111.0000|1.0800
134000|1.0700|1.0800|1.0700|1.0800|931290|1002385.3000|1.0800
134500|1.0800|1.0900|1.0700|1.0900|12046866|13009049.4800|1.0900
135000|1.0800|1.0900|1.0800|1.0900|1273900|1387401.0000|1.0900
135500|1.0900|1.1400|1.0900|1.1300|58353152|64845556.3100|1.1300
140000|1.1300|1.1300|1.1200|1.1300|7106800|8015265.0000|1.1300
140500|1.1300|1.1400|1.1200|1.1400|31573232|35919667.1600|1.1400
141000|1.1400|1.1400|1.1300|1.1400|25805253|29411883.4200|1.1400
141500|1.1400|1.1400|1.1300|1.1400|8905900|10152559.0000|1.1400
142000|1.1400|1.1400|1.1400|1.1400|3769637|4297386.1800|1.1400
142500|1.1400|1.1400|1.1400|1.1400|2119047|2415713.5800|1.1400
143000|1.1400|1.1400|1.1400|1.1400|775652|884243.2800|1.1400
143500|1.1400|1.1400|1.1400|1.1400|1416406|1614702.8400|1.1400
144000|1.1400|1.1400|1.1400|1.1400|1557000|1774980.0000|1.1400
144500|1.1400|1.1400|1.1400|1.1400|1137007|1296187.9800|1.1400
145000|1.1400|1.1400|1.1400|1.1400|696714|794253.9600|1.1400
145500|1.1400|1.1400|1.1400|1.1400|3962100|4516794.0000|1.1400
150000|1.1400|1.1400|1.1300|1.1400|5334374|6079768.3600|1.1400
