093500|2.28|2.29|2.28|2.28|46598.0|10635657.0|2.28
094000|2.29|2.29|2.28|2.28|19887.0|4540946.0|2.28
094500|2.28|2.29|2.27|2.28|156725.0|35673340.0|2.28
095000|2.27|2.28|2.27|2.27|22891.0|5199016.0|2.28
095500|2.27|2.28|2.27|2.27|23684.0|5383269.0|2.27
100000|2.27|2.28|2.27|2.27|40178.0|9123123.0|2.27
100500|2.28|2.28|2.27|2.27|17022.0|3866311.0|2.27
101000|2.28|2.28|2.27|2.28|18280.0|4159665.0|2.27
101500|2.27|2.28|2.27|2.27|22955.0|5218393.0|2.28
102000|2.27|2.28|2.27|2.27|19619.0|4455209.0|2.27
102500|2.27|2.28|2.27|2.27|31092.0|7060302.0|2.27
103000|2.27|2.28|2.27|2.28|23751.0|5395203.0|2.27
103500|2.27|2.28|2.27|2.28|15922.0|3617432.0|2.28
104000|2.28|2.28|2.27|2.28|26562.0|6032538.0|2.28
104500|2.27|2.28|2.27|2.27|12600.0|2863724.0|2.28
105000|2.27|2.28|2.27|2.27|7639.0|1734857.0|2.27
105500|2.27|2.28|2.27|2.27|14689.0|3338199.0|2.27
110000|2.27|2.28|2.27|2.28|10943.0|2488537.0|2.27
110500|2.27|2.28|2.27|2.27|19564.0|4442212.0|2.28
111000|2.27|2.28|2.27|2.27|9803.0|2226528.0|2.27
111500|2.27|2.28|2.27|2.27|11180.0|2539075.0|2.27
112000|2.27|2.28|2.27|2.27|9417.0|2138389.0|2.27
112500|2.27|2.28|2.27|2.27|7654.0|1738473.0|2.27
113000|2.27|2.28|2.27|2.28|8753.0|1989363.0|2.27
130500|2.28|2.28|2.27|2.27|28230.0|6416228.0|2.28
131000|2.27|2.28|2.27|2.28|10557.0|2398529.0|2.27
131500|2.28|2.28|2.27|2.27|29292.0|6651474.0|2.28
132000|2.28|2.28|2.27|2.27|12312.0|2798592.0|2.27
132500|2.27|2.28|2.27|2.27|8417.0|1913070.0|2.27
133000|2.27|2.28|2.27|2.27|69701.0|15824069.0|2.27
133500|2.27|2.28|2.26|2.27|111747.0|25364797.0|2.27
134000|2.27|2.28|2.27|2.28|10570.0|2400027.0|2.27
134500|2.27|2.28|2.27|2.27|15694.0|3563434.0|2.28
135000|2.27|2.28|2.27|2.27|23790.0|5408521.0|2.27
135500|2.27|2.28|2.26|2.27|51504.0|11687877.0|2.27
140000|2.27|2.27|2.26|2.26|14152.0|3206814.0|2.27
140500|2.27|2.28|2.26|2.27|101390.0|23021009.0|2.26
141000|2.28|2.28|2.27|2.28|8260.0|1876774.0|2.27
141500|2.28|2.28|2.27|2.28|9303.0|2114949.0|2.28
142000|2.28|2.28|2.27|2.28|7090.0|1610898.0|2.28
142500|2.27|2.28|2.27|2.27|9521.0|2163470.0|2.28
143000|2.28|2.28|2.27|2.28|12048.0|2737384.0|2.27
143500|2.28|2.28|2.27|2.28|9356.0|2127666.0|2.28
144000|2.27|2.28|2.27|2.28|10499.0|2384502.0|2.28
144500|2.28|2.28|2.27|2.28|13209.0|3001154.0|2.28
145000|2.28|2.28|2.27|2.28|29206.0|6642405.0|2.28
145500|2.28|2.28|2.27|2.27|26215.0|5960088.0|2.28
150000|2.28|2.28|2.27|2.27|103231.0|23451025.0|2.27
