093500|18.5|18.57|18.34|18.34|5830.0|10725370.0|18.62
094000|18.35|18.55|18.32|18.44|2467.0|4535848.0|18.34
094500|18.44|18.45|18.36|18.39|1283.0|2361222.0|18.44
095000|18.39|18.39|18.28|18.28|2768.0|5076121.0|18.39
095500|18.29|18.38|18.29|18.3|1609.0|2949512.0|18.28
100000|18.3|18.32|18.2|18.2|3123.0|5697894.0|18.3
100500|18.19|18.22|18.09|18.11|2949.0|5353130.0|18.2
101000|18.1|18.15|18.1|18.13|1421.0|2576111.0|18.11
101500|18.14|18.25|18.14|18.18|1567.0|2849999.0|18.13
102000|18.18|18.22|18.13|18.15|1205.0|2189578.0|18.18
102500|18.16|18.21|18.14|18.16|1260.0|2289062.0|18.15
103000|18.17|18.18|18.1|18.14|1476.0|2675773.0|18.16
103500|18.12|18.14|18.1|18.14|1850.0|3352124.0|18.14
104000|18.13|18.14|18.08|18.09|1848.0|3345034.0|18.14
104500|18.09|18.12|18.06|18.09|1521.0|2750872.0|18.09
105000|18.12|18.12|18.08|18.08|578.0|1045822.0|18.09
105500|18.08|18.15|18.08|18.11|971.0|1758777.0|18.08
110000|18.14|18.17|18.12|18.16|1070.0|1940687.0|18.11
110500|18.18|18.2|18.16|18.16|438.0|796286.0|18.16
111000|18.16|18.18|18.14|18.16|218.0|395958.0|18.16
111500|18.16|18.2|18.15|18.2|253.0|459837.0|18.16
112000|18.19|18.29|18.19|18.2|1924.0|3509974.0|18.2
112500|18.19|18.23|18.16|18.21|415.0|755798.0|18.2
113000|18.21|18.24|18.18|18.2|465.0|846632.0|18.21
130500|18.18|18.26|18.18|18.23|570.0|1039711.0|18.2
131000|18.23|18.25|18.19|18.2|324.0|590279.0|18.23
131500|18.2|18.22|18.18|18.18|226.0|411259.0|18.2
132000|18.18|18.23|18.18|18.21|509.0|925798.0|18.18
132500|18.21|18.22|18.19|18.22|335.0|609805.0|18.21
133000|18.22|18.23|18.2|18.2|281.0|511730.0|18.22
133500|18.21|18.28|18.19|18.22|895.0|1631592.0|18.2
134000|18.24|18.25|18.15|18.17|650.0|1181711.0|18.22
134500|18.16|18.18|18.16|18.17|271.0|492414.0|18.17
135000|18.17|18.17|18.09|18.12|1565.0|2836235.0|18.17
135500|18.16|18.17|18.11|18.11|395.0|715965.0|18.12
140000|18.13|18.17|18.11|18.14|365.0|661756.0|18.11
140500|18.12|18.13|18.06|18.06|2185.0|3952075.0|18.14
141000|18.08|18.08|18.0|18.01|1727.0|3114313.0|18.06
141500|18.02|18.02|17.93|17.94|3309.0|5947720.0|18.01
142000|17.94|18.02|17.93|18.01|2610.0|4693547.0|17.94
142500|18.01|18.01|17.96|18.0|1437.0|2585048.0|18.01
143000|18.0|18.0|17.92|17.92|1332.0|2391256.0|18.0
143500|17.96|18.0|17.91|17.96|2045.0|3673082.0|17.92
144000|17.97|18.01|17.96|17.96|906.0|1629888.0|17.96
144500|17.96|17.99|17.93|17.93|1176.0|2112247.0|17.96
145000|17.96|17.96|17.9|17.91|2111.0|3782458.0|17.93
145500|17.93|17.97|17.92|17.96|1500.0|2691652.0|17.91
150000|17.96|17.98|17.9|17.95|1042.0|1869620.0|17.96
