093500|10.95|10.95|10.88|10.89|6463.0|7153680.0|10.89
094000|10.9|10.91|10.85|10.89|5898.0|6501916.0|10.89
094500|10.89|10.92|10.87|10.87|4957.0|5477428.0|10.89
095000|10.87|10.89|10.87|10.88|1232.0|1359645.0|10.87
095500|10.88|10.9|10.88|10.9|2133.0|2353538.0|10.88
100000|10.9|10.93|10.89|10.93|1754.0|1940373.0|10.9
100500|10.92|10.93|10.9|10.91|1735.0|1919144.0|10.93
101000|10.91|10.93|10.91|10.92|889.0|984126.0|10.91
101500|10.91|10.93|10.91|10.92|1779.0|1969563.0|10.92
102000|10.92|10.93|10.91|10.92|1321.0|1462550.0|10.92
102500|10.93|10.94|10.92|10.93|1517.0|1680951.0|10.92
103000|10.93|10.94|10.92|10.93|2136.0|2367039.0|10.93
103500|10.93|10.96|10.93|10.94|1131.0|1254795.0|10.93
104000|10.94|10.99|10.94|10.98|2607.0|2900220.0|10.94
104500|10.98|10.98|10.97|10.98|1533.0|1706065.0|10.98
105000|10.98|11.01|10.98|11.01|2236.0|2491436.0|10.98
105500|11.01|11.01|11.0|11.01|2059.0|2297495.0|11.01
110000|11.01|11.05|11.0|11.04|1958.0|2188264.0|11.01
110500|11.03|11.03|11.01|11.01|890.0|994288.0|11.04
111000|11.02|11.02|10.99|10.99|878.0|978922.0|11.01
111500|10.99|11.01|10.99|10.99|440.0|490501.0|10.99
112000|11.0|11.01|11.0|11.01|404.0|450742.0|10.99
112500|11.01|11.02|11.01|11.01|1082.0|1207709.0|11.01
113000|11.01|11.02|11.0|11.0|1539.0|1717385.0|11.01
130500|11.0|11.08|10.99|11.07|4928.0|5508181.0|11.0
131000|11.07|11.07|11.01|11.04|1422.0|1592419.0|11.07
131500|11.04|11.04|11.02|11.03|525.0|586866.0|11.04
132000|11.02|11.03|11.01|11.02|991.0|1106559.0|11.03
132500|11.03|11.03|11.02|11.03|814.0|909910.0|11.02
133000|11.03|11.03|11.01|11.02|487.0|544095.0|11.03
133500|11.02|11.03|11.02|11.03|1126.0|1258802.0|11.02
134000|11.02|11.03|11.01|11.01|1062.0|1186394.0|11.03
134500|11.01|11.02|11.0|11.0|774.0|863893.0|11.01
135000|11.0|11.08|11.0|11.04|4311.0|4828441.0|11.0
135500|11.04|11.05|11.03|11.04|864.0|966743.0|11.04
140000|11.04|11.05|11.03|11.04|965.0|1079910.0|11.04
140500|11.04|11.07|11.04|11.06|3547.0|3976273.0|11.04
141000|11.06|11.07|11.05|11.07|961.0|1077522.0|11.06
141500|11.07|11.07|11.05|11.07|1677.0|1879643.0|11.07
142000|11.06|11.07|11.05|11.05|385.0|431523.0|11.07
142500|11.05|11.07|11.05|11.06|1393.0|1561783.0|11.05
143000|11.06|11.07|11.05|11.05|2761.0|3094247.0|11.06
143500|11.06|11.07|11.05|11.07|1232.0|1381105.0|11.05
144000|11.06|11.07|11.05|11.06|1628.0|1824707.0|11.07
144500|11.05|11.07|11.05|11.07|1485.0|1664414.0|11.06
145000|11.07|11.07|11.06|11.06|1745.0|1956540.0|11.07
145500|11.06|11.07|11.05|11.07|3381.0|3790578.0|11.06
150000|11.07|11.08|11.06|11.08|3729.0|4184680.0|11.07
