09350000|29.9100142400|29.9100142400|29.3797644800|29.4092228000|206400|6216911.0000|29.4092228000
09400000|29.4386811200|29.4681394400|29.2619312000|29.3503061600|364400|10889116.0000|29.3503061600
09450000|29.3503061600|29.4877783200|29.2913895200|29.4779588800|92356|2764225.0000|29.4779588800
09500000|29.5270560800|29.6547088000|29.4877783200|29.5368755200|75900|2286448.0000|29.5368755200
09550000|29.5663338400|29.6252504800|29.4975977600|29.5859727200|73400|2209841.0000|29.5859727200
10000000|29.5761532800|29.6743476800|29.4092228000|29.5074172000|165600|4976569.0000|29.5074172000
10050000|29.5172366400|29.6154310400|29.3699450400|29.3797644800|85900|2579346.0000|29.3797644800
10100000|29.3797644800|29.5466949600|29.3699450400|29.5368755200|145900|4376661.0000|29.5368755200
10150000|29.5172366400|29.5565144000|29.4583200000|29.4779588800|32800|985546.0000|29.4779588800
10200000|29.4877783200|29.4877783200|29.3994033600|29.3994033600|125600|3767601.0000|29.3994033600
10250000|29.3994033600|29.4681394400|29.3404867200|29.3404867200|124100|3717911.0000|29.3404867200
10300000|29.3404867200|29.4583200000|29.3110284000|29.3601256000|94200|2821059.0000|29.3601256000
10350000|29.3601256000|29.4092228000|29.2913895200|29.3110284000|68900|2057761.0000|29.3110284000
10400000|29.3110284000|29.3404867200|29.2913895200|29.3110284000|30800|919638.0000|29.3110284000
10450000|29.2815700800|29.3110284000|29.2128340000|29.2128340000|84500|2518828.0000|29.2128340000
10500000|29.2226534400|29.2815700800|29.2226534400|29.2619312000|55300|1647523.0000|29.2619312000
10550000|29.2717506400|29.2913895200|29.2128340000|29.2226534400|48100|1432778.0000|29.2226534400
11000000|29.2226534400|29.2324728800|29.1539173600|29.1637368000|90500|2690163.0000|29.1637368000
11050000|29.1637368000|29.1735562400|29.0851812800|29.0950007200|57200|1696446.0000|29.0950007200
11100000|29.0950007200|29.2717506400|29.0360840800|29.2717506400|118200|3501894.0000|29.2717506400
11150000|29.2324728800|29.6841671200|29.2324728800|29.5565144000|153756|4615255.0000|29.5565144000
11200000|29.5565144000|29.8314587200|29.5368755200|29.6547088000|90200|2727605.0000|29.6547088000
11250000|29.7234448800|29.8412781600|29.6547088000|29.8412781600|114100|3456060.0000|29.8412781600
11300000|29.8412781600|29.9983892000|29.7627226400|29.8707364800|112100|3408604.0000|29.8707364800
13050000|29.7627226400|29.8707364800|29.6154310400|29.6939865600|151200|4580823.0000|29.6939865600
13100000|29.7823615200|29.8510976000|29.6252504800|29.8510976000|90500|2743451.0000|29.8510976000
13150000|29.8510976000|29.8510976000|29.6350699200|29.6350699200|61300|1854757.0000|29.6350699200
13200000|29.6350699200|29.6350699200|29.5074172000|29.5957921600|59000|1775816.0000|29.5957921600
13250000|29.5957921600|29.6056116000|29.3994033600|29.4386811200|52200|1568839.0000|29.4386811200
13300000|29.4485005600|29.4485005600|29.2619312000|29.2913895200|67300|2010432.0000|29.2913895200
13350000|29.2815700800|29.3012089600|29.1931951200|29.3012089600|72000|2143732.0000|29.3012089600
13400000|29.3012089600|29.3012089600|29.2030145600|29.2422923200|34400|1024104.0000|29.2422923200
13450000|29.2226534400|29.2226534400|29.1637368000|29.1833756800|73000|2169739.0000|29.1833756800
13500000|29.1735562400|29.2619312000|29.1735562400|29.2030145600|30900|919725.0000|29.2030145600
13550000|29.1735562400|29.1735562400|29.0655424000|29.0851812800|160700|4761218.0000|29.0851812800
14000000|29.0557229600|29.0851812800|29.0360840800|29.0851812800|70000|2071709.0000|29.0851812800
14050000|29.0950007200|29.1244590400|29.0459035200|29.0753618400|57000|1688093.0000|29.0753618400
14100000|29.0753618400|29.1146396000|29.0262646400|29.0360840800|47200|1397164.0000|29.0360840800
14150000|29.0360840800|29.0459035200|28.9182508000|28.9771674400|145800|4302891.0000|28.9771674400
14200000|28.9280702400|29.0164452000|28.8789730400|28.9771674400|88922|2621759.0000|28.9771674400
14250000|28.9378896800|29.0360840800|28.8986119200|29.0360840800|91700|2705624.0000|29.0360840800
14300000|29.0360840800|29.1146396000|29.0164452000|29.0459035200|55700|1648068.0000|29.0459035200
14350000|28.9968063200|29.0262646400|28.9084313600|28.9084313600|123600|3646839.0000|28.9084313600
14400000|28.9182508000|29.0262646400|28.9084313600|28.9771674400|63500|1872592.0000|28.9771674400
14450000|28.9673480000|28.9673480000|28.8691536000|28.9477091200|89100|2624060.0000|28.9477091200
14500000|28.9477091200|29.0655424000|28.9477091200|29.0655424000|85200|2517123.0000|29.0655424000
14550000|29.0655424000|29.1833756800|29.0459035200|29.0753618400|84900|2515373.0000|29.0753618400
15000000|29.1244590400|29.1539173600|29.0655424000|29.1342784800|37600|1115138.0000|29.1342784800
