09350000|43.4545467000|43.4545467000|42.6131716500|42.7022584200|281800|12252616.0000|42.7022584200
09400000|42.7022584200|42.9794172600|42.7022584200|42.7121569500|230500|9970980.0000|42.7121569500
09450000|42.7121569500|42.8012437200|42.4349981100|42.4349981100|327700|14101884.0000|42.4349981100
09500000|42.4349981100|42.4646937000|41.8905789600|42.1083466200|556500|23682488.0000|42.1083466200
09550000|42.1083466200|42.2568245700|42.0093613200|42.0291583800|349600|14867928.0000|42.0291583800
10000000|42.0291583800|42.1479407400|41.8608833700|41.8608833700|381600|16194800.0000|41.8608833700
10050000|41.8707819000|41.8905789600|41.6827098300|41.7124054200|395300|16681968.0000|41.7124054200
10100000|41.7124054200|41.8311877800|41.5837245300|41.6035215900|354400|14935064.0000|41.6035215900
10150000|41.6134201200|41.6530142400|41.3065656900|41.3560583400|469100|19655960.0000|41.3560583400
10200000|41.3560583400|41.3758554000|41.1580877400|41.2372759800|264800|11046112.0000|41.2372759800
10250000|41.2372759800|41.2867686300|41.1382906800|41.2273774500|232400|9676464.0000|41.2273774500
10300000|41.2273774500|41.3956524600|41.2273774500|41.2966671600|204800|8546272.0000|41.2966671600
10350000|41.2966671600|41.3659568700|41.2768701000|41.2867686300|126000|5261040.0000|41.2867686300
10400000|41.2768701000|41.4748407000|41.2075803900|41.4748407000|96000|4007040.0000|41.4748407000
10450000|41.4748407000|41.4748407000|41.3461598100|41.4649421700|151000|6314480.0000|41.4649421700
10500000|41.4649421700|41.4847392300|41.3362612800|41.4748407000|76800|3214528.0000|41.4748407000
10550000|41.4748407000|41.4748407000|41.2174789200|41.3065656900|209500|8749520.0000|41.3065656900
11000000|41.3065656900|41.3362612800|41.0887980300|41.1382906800|228700|9514352.0000|41.1382906800
11050000|41.1679862700|41.2471745100|41.1085950900|41.2372759800|130500|5426272.0000|41.2372759800
11100000|41.2372759800|41.2471745100|41.0788995000|41.1184936200|128800|5350544.0000|41.1184936200
11150000|41.1184936200|41.1580877400|40.9997112600|41.0294068500|209000|8672896.0000|41.0294068500
11200000|41.0591024400|41.0788995000|40.9898127300|41.0096097900|185400|7681728.0000|41.0096097900
11250000|41.0096097900|41.2867686300|40.9997112600|41.1481892100|141500|5873536.0000|41.1481892100
11300000|41.1481892100|41.2867686300|41.1481892100|41.2867686300|215600|8970800.0000|41.2867686300
13050000|41.2075803900|41.5144348200|41.1976818600|41.5144348200|641200|26807952.0000|41.5144348200
13100000|41.4649421700|41.4649421700|41.1679862700|41.2075803900|475600|19848128.0000|41.2075803900
13150000|41.2075803900|41.3560583400|41.1877833300|41.2867686300|282100|11756064.0000|41.2867686300
13200000|41.2867686300|41.2867686300|41.0690009700|41.1382906800|244400|10166016.0000|41.1382906800
13250000|41.1382906800|41.1976818600|41.0788995000|41.1976818600|239500|9953696.0000|41.1976818600
13300000|41.1976818600|41.1976818600|41.0195083200|41.0195083200|219900|9133312.0000|41.0195083200
13350000|41.0195083200|41.0887980300|40.9997112600|41.0690009700|175000|7254624.0000|41.0690009700
13400000|41.0492039100|41.1580877400|41.0393053800|41.0591024400|173600|7203520.0000|41.0591024400
13450000|41.0591024400|41.1085950900|40.9700156700|41.0096097900|173800|7204256.0000|41.0096097900
13500000|41.0096097900|41.0690009700|40.9700156700|41.0096097900|177700|7363968.0000|41.0096097900
13550000|41.0096097900|41.0788995000|40.9898127300|41.0690009700|174000|7209632.0000|41.0690009700
14000000|41.0690009700|41.1580877400|41.0690009700|41.1184936200|125500|5212992.0000|41.1184936200
14050000|41.1184936200|41.1481892100|40.9502186100|40.9502186100|230200|9542880.0000|40.9502186100
14100000|40.9403200800|40.9403200800|40.8017406600|40.9205230200|295400|12202272.0000|40.9205230200
14150000|40.9205230200|40.9898127300|40.8314362500|40.8314362500|173000|7152608.0000|40.8314362500
14200000|40.8611318400|40.8611318400|40.7621465400|40.7918421300|197900|8157760.0000|40.7918421300
14250000|40.8215377200|40.8809289000|40.8017406600|40.8611318400|113700|4690144.0000|40.8611318400
14300000|40.8611318400|40.8611318400|40.7522480100|40.8017406600|141200|5818240.0000|40.8017406600
14350000|40.8017406600|40.8710303700|40.7324509500|40.7522480100|238600|9834464.0000|40.7522480100
14400000|40.7720450700|40.8314362500|40.7324509500|40.7324509500|184700|7608960.0000|40.7324509500
14450000|40.7324509500|40.8116391900|40.6928568300|40.7324509500|298100|12269696.0000|40.7324509500
14500000|40.7522480100|40.7918421300|40.6829583000|40.7324509500|196300|8080000.0000|40.7324509500
14550000|40.7324509500|40.7324509500|40.5146832900|40.5839730000|218800|8974432.0000|40.5839730000
15000000|40.5641759400|40.6928568300|40.5443788800|40.6829583000|94900|3891584.0000|40.6829583000
