093500|7.76|7.77|7.65|7.66|95457.0|73528299.0|7.91
094000|7.66|7.66|7.61|7.64|90674.0|69294876.0|7.66
094500|7.64|7.67|7.64|7.66|28675.0|21943658.0|7.64
095000|7.67|7.68|7.61|7.61|70491.0|53860280.0|7.66
095500|7.62|7.62|7.59|7.61|72338.0|55023436.0|7.61
100000|7.6|7.62|7.59|7.6|33565.0|25515841.0|7.61
100500|7.61|7.62|7.59|7.61|31705.0|24107345.0|7.6
101000|7.61|7.64|7.61|7.63|32178.0|24532042.0|7.61
101500|7.63|7.74|7.63|7.73|42204.0|32456168.0|7.63
102000|7.73|7.73|7.7|7.7|21938.0|16926415.0|7.73
102500|7.71|7.73|7.69|7.72|29235.0|22539059.0|7.7
103000|7.71|7.73|7.68|7.7|22635.0|17439841.0|7.72
103500|7.7|7.75|7.7|7.74|22788.0|17623521.0|7.7
104000|7.74|7.75|7.71|7.71|11886.0|9186368.0|7.74
104500|7.72|7.74|7.71|7.74|21402.0|16533764.0|7.71
105000|7.74|7.76|7.74|7.75|8725.0|6762676.0|7.74
105500|7.75|7.77|7.74|7.75|24200.0|18769638.0|7.75
110000|7.76|7.79|7.75|7.77|13100.0|10180772.0|7.75
110500|7.78|7.78|7.76|7.77|10662.0|8285389.0|7.77
111000|7.78|7.81|7.77|7.81|25021.0|19479416.0|7.77
111500|7.8|7.81|7.77|7.77|21854.0|17024942.0|7.81
112000|7.78|7.8|7.77|7.79|18343.0|14272346.0|7.77
112500|7.79|7.79|7.78|7.78|9887.0|7695235.0|7.79
113000|7.78|7.83|7.78|7.81|18014.0|14058724.0|7.78
130500|7.81|7.92|7.8|7.91|37836.0|29706684.0|7.81
131000|7.92|7.95|7.89|7.9|29789.0|23578761.0|7.91
131500|7.91|7.92|7.89|7.89|17502.0|13835009.0|7.9
132000|7.9|7.91|7.88|7.88|14266.0|11258823.0|7.89
132500|7.89|7.89|7.88|7.88|8723.0|6876649.0|7.88
133000|7.87|7.9|7.87|7.89|17072.0|13463659.0|7.88
133500|7.89|7.92|7.88|7.88|37138.0|29325766.0|7.89
134000|7.88|7.99|7.88|7.89|54327.0|43080925.0|7.88
134500|7.89|7.94|7.89|7.91|17260.0|13659545.0|7.89
135000|7.92|7.92|7.88|7.9|20761.0|16384881.0|7.91
135500|7.89|7.91|7.88|7.9|10617.0|8379310.0|7.9
140000|7.91|7.93|7.9|7.91|16247.0|12863730.0|7.9
140500|7.91|7.92|7.91|7.92|8053.0|6374986.0|7.91
141000|7.91|7.93|7.91|7.91|14167.0|11218601.0|7.92
141500|7.92|7.94|7.91|7.92|12256.0|9710643.0|7.91
142000|7.91|7.95|7.91|7.94|29979.0|23801398.0|7.92
142500|7.95|7.96|7.94|7.95|17137.0|13626171.0|7.94
143000|7.95|7.95|7.93|7.94|20394.0|16198163.0|7.95
143500|7.95|7.96|7.93|7.94|23366.0|18554507.0|7.94
144000|7.94|7.95|7.93|7.94|31978.0|25393754.0|7.94
144500|7.95|7.96|7.94|7.94|29724.0|23620085.0|7.94
145000|7.95|7.96|7.94|7.96|23567.0|18724824.0|7.94
145500|7.96|7.97|7.95|7.96|20203.0|16090865.0|7.96
150000|7.96|7.97|7.96|7.96|14320.0|11402178.0|7.96
