093500|8.04|8.09|8.01|8.02|16965.0|13636504.0|8.03
094000|8.03|8.06|8.02|8.04|10671.0|8582762.0|8.02
094500|8.05|8.05|8.03|8.04|8183.0|6577406.0|8.04
095000|8.03|8.06|8.03|8.06|11588.0|9327688.0|8.04
095500|8.06|8.1|8.05|8.06|18121.0|14622583.0|8.06
100000|8.05|8.06|8.04|8.04|6391.0|5143977.0|8.06
100500|8.04|8.08|8.04|8.06|11336.0|9136998.0|8.04
101000|8.06|8.06|8.03|8.03|7162.0|5761811.0|8.06
101500|8.03|8.04|8.0|8.04|15403.0|12349817.0|8.03
102000|8.04|8.04|7.99|8.0|9957.0|7977328.0|8.04
102500|8.0|8.02|8.0|8.02|6684.0|5351618.0|8.0
103000|8.01|8.02|8.0|8.0|4818.0|3855929.0|8.02
103500|8.0|8.01|7.99|8.0|8219.0|6574529.0|8.0
104000|8.0|8.06|8.0|8.06|8235.0|6615000.0|8.0
104500|8.06|8.06|8.04|8.06|4202.0|3382666.0|8.06
105000|8.05|8.05|8.04|8.04|3696.0|2974748.0|8.06
105500|8.04|8.05|8.03|8.03|2267.0|1822137.0|8.04
110000|8.03|8.04|8.03|8.03|2718.0|2183050.0|8.03
110500|8.04|8.04|8.01|8.01|6437.0|5168843.0|8.03
111000|8.01|8.02|8.0|8.0|3819.0|3059068.0|8.01
111500|8.01|8.01|8.0|8.0|2418.0|1935023.0|8.0
112000|8.0|8.01|8.0|8.01|2243.0|1795590.0|8.0
112500|8.0|8.01|7.99|7.99|5192.0|4153434.0|8.01
113000|7.99|8.02|7.99|8.02|5181.0|4148684.0|7.99
130500|8.01|8.02|8.01|8.01|2686.0|2152826.0|8.02
131000|8.02|8.03|8.01|8.03|6292.0|5047709.0|8.01
131500|8.02|8.03|8.01|8.03|4103.0|3290691.0|8.03
132000|8.03|8.04|8.01|8.02|10646.0|8538653.0|8.03
132500|8.02|8.03|8.01|8.02|6903.0|5537678.0|8.02
133000|8.02|8.03|8.02|8.02|3075.0|2467305.0|8.02
133500|8.02|8.03|8.01|8.02|7582.0|6081287.0|8.02
134000|8.03|8.04|8.01|8.04|7624.0|6114911.0|8.02
134500|8.03|8.05|8.03|8.05|2177.0|1749884.0|8.04
135000|8.05|8.05|8.03|8.04|3133.0|2519126.0|8.05
135500|8.04|8.04|8.03|8.04|1101.0|884935.0|8.04
140000|8.04|8.04|8.02|8.03|4460.0|3582205.0|8.04
140500|8.02|8.03|8.02|8.02|3363.0|2699901.0|8.03
141000|8.02|8.04|8.02|8.04|4055.0|3257637.0|8.02
141500|8.03|8.05|8.03|8.05|10793.0|8681916.0|8.04
142000|8.05|8.05|8.04|8.05|5930.0|4771640.0|8.05
142500|8.04|8.05|8.02|8.05|18248.0|14661777.0|8.05
143000|8.04|8.05|8.03|8.03|5270.0|4236771.0|8.05
143500|8.03|8.05|8.03|8.03|3035.0|2440078.0|8.03
144000|8.03|8.05|8.03|8.03|9821.0|7890742.0|8.03
144500|8.03|8.04|8.03|8.04|4060.0|3263242.0|8.03
145000|8.04|8.04|8.03|8.03|5067.0|4072360.0|8.04
145500|8.03|8.04|8.03|8.04|7495.0|6022256.0|8.03
150000|8.04|8.05|8.02|8.02|31600.0|25353276.0|8.04
