093500|19.7400|20.1700|19.6900|19.8800|947500|18931006.0000|19.8800
094000|19.8700|19.9800|19.8000|19.8200|379300|7531953.0000|19.8200
094500|19.8500|19.8500|19.7500|19.8200|384900|7620642.0000|19.8200
095000|19.8200|19.8800|19.7200|19.8800|382300|7566043.0000|19.8800
095500|19.8800|20.0800|19.8800|20.0300|275810|5513545.0000|20.0300
100000|20.0300|20.0300|19.9000|19.9400|130600|2609272.0000|19.9400
100500|19.9400|20.0100|19.8800|19.8800|201500|4017855.0000|19.8800
101000|19.8800|20.0200|19.8700|20.0100|118500|2367518.0000|20.0100
101500|20.0200|20.1600|20.0100|20.1500|268970|5401025.0000|20.1500
102000|20.1500|20.1900|20.1100|20.1100|323500|6519116.0000|20.1100
102500|20.1100|20.1100|19.9800|19.9800|122100|2448100.0000|19.9800
103000|19.9800|20.0100|19.9100|19.9300|82700|1651027.0000|19.9300
103500|19.9800|19.9800|19.8700|19.8900|113200|2253782.0000|19.8900
104000|19.8900|19.9100|19.8600|19.8700|102600|2039904.0000|19.8700
104500|19.8700|19.9200|19.8400|19.8900|100000|1987157.0000|19.8900
105000|19.9000|19.9100|19.8400|19.8400|135800|2696640.0000|19.8400
105500|19.8400|19.8800|19.8200|19.8200|74900|1485481.0000|19.8200
110000|19.8200|19.8500|19.8100|19.8100|94100|1865458.0000|19.8100
110500|19.8200|19.8700|19.7700|19.8000|94600|1874607.0000|19.8000
111000|19.7900|19.9000|19.7900|19.8700|70191|1392261.0000|19.8700
111500|19.8700|19.9800|19.8200|19.9800|55100|1094169.0000|19.9800
112000|19.9700|19.9900|19.8700|19.8800|60100|1197231.0000|19.8800
112500|19.8800|19.9000|19.8000|19.8500|38100|755733.0000|19.8500
113000|19.8500|19.8500|19.7800|19.8100|69600|1377880.0000|19.8100
130500|19.8100|19.9600|19.7800|19.9600|184700|3661710.0000|19.9600
131000|19.9600|20.0700|19.8800|20.0300|91700|1832582.0000|20.0300
131500|20.0300|20.0900|19.9900|20.0800|176400|3533098.0000|20.0800
132000|20.0800|20.1000|20.0100|20.0700|88300|1772159.0000|20.0700
132500|20.0700|20.1200|20.0400|20.1100|133200|2676097.0000|20.1100
133000|20.1100|20.1200|20.0000|20.0500|188100|3775915.0000|20.0500
133500|20.0500|20.0500|20.0000|20.0500|67000|1341829.0000|20.0500
134000|20.0500|20.0700|20.0000|20.0600|72800|1458143.0000|20.0600
134500|20.0600|20.1400|20.0400|20.1300|237900|4781437.0000|20.1300
135000|20.1200|20.1400|20.0600|20.0900|97000|1950528.0000|20.0900
135500|20.1000|20.1600|20.0900|20.1100|198000|3984700.0000|20.1100
140000|20.1100|20.2600|20.1100|20.2200|325100|6565057.0000|20.2200
140500|20.1800|20.2600|20.1700|20.1800|142100|2873360.0000|20.1800
141000|20.2000|20.2500|20.1700|20.2400|154400|3121983.0000|20.2400
141500|20.2400|20.2500|20.2000|20.2300|92300|1866774.0000|20.2300
142000|20.2300|20.2300|20.1300|20.1400|96000|1936042.0000|20.1400
142500|20.1300|20.1400|20.0700|20.1000|66400|1334803.0000|20.1000
143000|20.1000|20.1000|20.0000|20.0300|189200|3789479.0000|20.0300
143500|20.0300|20.0400|19.9800|20.0000|105400|2108768.0000|20.0000
144000|20.0000|20.0600|19.9900|20.0400|182400|3650330.0000|20.0400
144500|20.0400|20.0500|19.9900|20.0400|100800|2017390.0000|20.0400
145000|20.0400|20.0400|19.9700|19.9900|215300|4304360.0000|19.9900
145500|19.9900|20.0400|19.9900|20.0200|150735|3015916.0000|20.0200
150000|20.0200|20.0400|20.0100|20.0400|171500|3435869.0000|20.0400
