093500|28.3800|28.3800|28.1300|28.2000|827500|23366510.0000|28.2000
094000|28.1800|28.1800|28.0300|28.1400|688900|19352034.0000|28.1400
094500|28.1400|28.3000|28.1000|28.2500|498300|14029696.0000|28.2500
095000|28.2500|28.2700|28.1000|28.1300|414700|11676916.0000|28.1300
095500|28.1300|28.1600|28.0900|28.1500|271800|7644352.0000|28.1500
100000|28.1500|28.2100|28.1500|28.2100|255200|7187872.0000|28.2100
100500|28.2100|28.2300|28.1500|28.1800|275500|7764656.0000|28.1800
101000|28.1800|28.1800|28.1100|28.1600|292800|8237872.0000|28.1600
101500|28.1400|28.2400|28.1300|28.2300|182200|5137344.0000|28.2300
102000|28.2300|28.3100|28.1900|28.2900|310900|8778720.0000|28.2900
102500|28.2900|28.2900|28.1900|28.2000|131700|3717752.0000|28.2000
103000|28.1900|28.2200|28.1500|28.2000|185200|5220808.0000|28.2000
103500|28.2000|28.2000|28.0700|28.0700|368700|10366104.0000|28.0700
104000|28.0700|28.0800|28.0500|28.0700|329800|9255472.0000|28.0700
104500|28.0700|28.1300|28.0700|28.1100|178200|5006784.0000|28.1100
105000|28.1000|28.1400|28.0600|28.1400|239400|6721024.0000|28.1400
105500|28.1400|28.1900|28.1400|28.1800|151400|4263568.0000|28.1800
110000|28.1800|28.2200|28.1500|28.1800|127100|3583616.0000|28.1800
110500|28.1800|28.2100|28.1100|28.1100|108000|3041760.0000|28.1100
111000|28.1100|28.1400|28.0700|28.1000|143100|4020528.0000|28.1000
111500|28.1000|28.1800|28.0900|28.1600|60500|1702560.0000|28.1600
112000|28.1500|28.1600|28.1200|28.1200|38600|1086304.0000|28.1200
112500|28.1200|28.1300|28.0700|28.0700|112000|3146160.0000|28.0700
113000|28.0700|28.0800|28.0100|28.0400|429500|12036736.0000|28.0400
130500|28.0300|28.1400|28.0300|28.0700|241800|6786816.0000|28.0700
131000|28.0700|28.2200|28.0700|28.1600|134900|3798416.0000|28.1600
131500|28.1600|28.2000|28.1600|28.1700|80600|2271104.0000|28.1700
132000|28.1700|28.1900|28.1400|28.1700|88800|2501680.0000|28.1700
132500|28.1700|28.2000|28.1500|28.1900|84600|2383840.0000|28.1900
133000|28.2000|28.2000|28.1400|28.1400|62500|1760544.0000|28.1400
133500|28.1500|28.1900|28.1500|28.1800|95700|2695504.0000|28.1800
134000|28.1900|28.2100|28.1100|28.1300|138400|3898624.0000|28.1300
134500|28.1300|28.1800|28.1000|28.1200|106100|2984720.0000|28.1200
135000|28.1200|28.2100|28.1200|28.2100|127400|3588448.0000|28.2100
135500|28.2000|28.2500|28.1800|28.2500|155500|4387040.0000|28.2500
140000|28.2500|28.2600|28.1900|28.2000|89200|2518176.0000|28.2000
140500|28.1800|28.2400|28.1400|28.1500|105300|2969136.0000|28.1500
141000|28.1500|28.1700|28.0400|28.0500|277000|7778208.0000|28.0500
141500|28.0500|28.1300|28.0400|28.0600|231700|6506016.0000|28.0600
142000|28.0600|28.1400|28.0600|28.1400|196700|5526096.0000|28.1400
142500|28.1400|28.1500|28.1300|28.1300|94800|2667296.0000|28.1300
143000|28.1300|28.1700|28.1100|28.1100|145200|4086032.0000|28.1100
143500|28.1100|28.1200|28.0500|28.0600|177700|4990464.0000|28.0600
144000|28.0600|28.0900|28.0500|28.0700|154100|4324720.0000|28.0700
144500|28.0700|28.1000|28.0500|28.0700|210200|5900496.0000|28.0700
145000|28.0700|28.0900|28.0300|28.0800|282000|7912384.0000|28.0800
145500|28.0800|28.0800|28.0000|28.0000|359300|10073856.0000|28.0000
150000|28.0000|28.0200|28.0000|28.0100|352400|9870336.0000|28.0100
