093500|45.8400|46.8900|45.8000|46.2800|10485500|486078048.0000|46.2800
094000|46.2800|46.3000|45.3900|45.6900|2596600|118764288.0000|45.6900
094500|45.6900|45.6900|45.2000|45.3200|2100000|95363392.0000|45.3200
095000|45.3200|45.4500|45.0300|45.0300|1739300|78716032.0000|45.0300
095500|45.0300|45.2600|44.7500|44.8900|1242400|55992128.0000|44.8900
100000|44.8900|45.0900|44.7100|44.9500|940600|42234496.0000|44.9500
100500|44.9500|45.0100|44.7200|44.8800|563000|25252864.0000|44.8800
101000|44.8800|44.9800|44.6000|44.6600|641900|28737856.0000|44.6600
101500|44.6600|44.6900|44.4500|44.5100|862800|38438848.0000|44.5100
102000|44.5100|44.8000|44.3800|44.7500|637500|28383104.0000|44.7500
102500|44.7500|45.2300|44.7100|45.0400|867900|39073408.0000|45.0400
103000|45.0400|45.0400|44.5200|44.5600|937500|41915968.0000|44.5600
103500|44.5600|44.9000|44.5600|44.7800|242400|10844800.0000|44.7800
104000|44.7800|44.9900|44.6800|44.9600|424800|19030144.0000|44.9600
104500|44.9600|44.9900|44.8100|44.8300|315300|14162048.0000|44.8300
105000|44.8300|45.3400|44.8300|45.0300|703600|31788416.0000|45.0300
105500|45.0300|46.0000|45.0300|46.0000|1981100|90355322.0000|46.0000
110000|46.0000|46.0000|45.4100|45.4100|721700|32959364.0000|45.4100
110500|45.4100|45.5000|45.2000|45.3400|510800|23161988.0000|45.3400
111000|45.3400|45.5000|45.2600|45.4500|297100|13484030.0000|45.4500
111500|45.4500|46.3800|45.4500|46.0400|1282500|59015040.0000|46.0400
112000|46.0400|46.1300|45.5800|45.6000|1092800|50186744.0000|45.6000
112500|45.6000|45.6800|45.4000|45.4100|516500|23514125.0000|45.4100
113000|45.4100|45.4100|45.1600|45.2400|377300|17084155.0000|45.2400
130500|45.2300|45.2300|44.9800|45.0400|441400|19894400.0000|45.0400
131000|45.0400|45.2000|45.0300|45.1800|225200|10157440.0000|45.1800
131500|45.1800|45.1800|44.8800|44.8800|389000|17502848.0000|44.8800
132000|44.8800|45.0000|44.8000|44.9900|256300|11492864.0000|44.9900
132500|44.9900|45.4500|44.9900|45.3500|275600|12466176.0000|45.3500
133000|45.3500|45.3800|45.1000|45.1200|312300|14126848.0000|45.1200
133500|45.1200|45.4900|45.0600|45.4700|373100|16879232.0000|45.4700
134000|45.4700|45.7000|45.3200|45.6000|624600|28446336.0000|45.6000
134500|45.6400|45.7900|45.4400|45.7100|430200|19648256.0000|45.7100
135000|45.7100|46.1000|45.7000|46.1000|1183100|54336128.0000|46.1000
135500|46.1000|46.3100|45.8300|45.9800|1283500|59153536.0000|45.9800
140000|45.9800|46.3500|45.8500|46.2900|982600|45425792.0000|46.2900
140500|46.2900|46.4000|46.0600|46.2200|1055800|48846464.0000|46.2200
141000|46.2200|46.2800|46.0900|46.1200|584000|26976640.0000|46.1200
141500|46.1200|47.1100|46.0900|46.8900|4056700|189776768.0000|46.8900
142000|46.8900|46.9400|46.6000|46.7500|1049400|49100544.0000|46.7500
142500|46.7500|46.7800|46.4800|46.6000|702700|32724224.0000|46.6000
143000|46.6000|46.6900|46.3800|46.3800|666800|31035136.0000|46.3800
143500|46.3800|46.6900|46.3800|46.6900|780200|36325376.0000|46.6900
144000|46.6900|47.0500|46.6600|46.8500|1027200|48133120.0000|46.8500
144500|46.8500|46.9400|46.8000|46.8100|749400|35120384.0000|46.8100
145000|46.8100|47.4900|46.7600|47.4900|2209100|104001536.0000|47.4900
145500|47.4900|47.4900|46.9500|47.1600|2309800|108926464.0000|47.1600
150000|47.1600|47.3500|47.1000|47.3000|1845600|87188736.0000|47.3000
