093500|5.13|5.14|5.12|5.13|5023.0|2576392.0|5.16
094000|5.12|5.13|5.1|5.11|6601.0|3378536.0|5.13
094500|5.12|5.12|5.09|5.1|6006.0|3065822.0|5.11
095000|5.09|5.11|5.08|5.09|6517.0|3319595.0|5.1
095500|5.09|5.1|5.09|5.09|1590.0|809643.0|5.09
100000|5.09|5.1|5.08|5.09|3310.0|1684074.0|5.09
100500|5.1|5.11|5.09|5.1|2170.0|1105107.0|5.09
101000|5.1|5.1|5.08|5.09|3059.0|1555135.0|5.1
101500|5.08|5.1|5.08|5.09|1212.0|617056.0|5.09
102000|5.1|5.12|5.09|5.11|2636.0|1345158.0|5.09
102500|5.11|5.12|5.1|5.1|1062.0|542639.0|5.11
103000|5.1|5.11|5.1|5.1|640.0|326590.0|5.1
103500|5.1|5.11|5.1|5.1|2406.0|1227262.0|5.1
104000|5.1|5.11|5.09|5.1|2800.0|1428425.0|5.1
104500|5.1|5.11|5.09|5.1|1277.0|651231.0|5.1
105000|5.09|5.11|5.09|5.1|1281.0|653341.0|5.1
105500|5.1|5.11|5.09|5.1|1953.0|996176.0|5.1
110000|5.1|5.11|5.09|5.09|1725.0|879658.0|5.1
110500|5.09|5.1|5.08|5.1|5928.0|3017052.0|5.09
111000|5.1|5.1|5.08|5.09|4511.0|2293085.0|5.1
111500|5.09|5.1|5.08|5.09|847.0|430501.0|5.09
112000|5.08|5.09|5.08|5.09|280.0|142509.0|5.09
112500|5.09|5.09|5.08|5.08|361.0|183487.0|5.09
113000|5.08|5.09|5.07|5.07|2341.0|1189283.0|5.08
130500|5.07|5.09|5.07|5.08|802.0|407695.0|5.07
131000|5.08|5.09|5.07|5.08|2046.0|1039163.0|5.08
131500|5.08|5.09|5.07|5.07|1736.0|881771.0|5.08
132000|5.07|5.08|5.07|5.08|361.0|183180.0|5.07
132500|5.08|5.08|5.07|5.07|749.0|380281.0|5.08
133000|5.08|5.09|5.07|5.08|2806.0|1425609.0|5.07
133500|5.09|5.09|5.08|5.09|570.0|290019.0|5.08
134000|5.09|5.1|5.08|5.08|1910.0|971965.0|5.09
134500|5.08|5.1|5.08|5.09|1172.0|596353.0|5.08
135000|5.09|5.1|5.08|5.1|1071.0|545555.0|5.09
135500|5.09|5.11|5.09|5.11|1479.0|754773.0|5.1
140000|5.11|5.11|5.1|5.11|1662.0|849025.0|5.11
140500|5.11|5.12|5.1|5.11|2528.0|1291911.0|5.11
141000|5.11|5.12|5.1|5.11|1561.0|797723.0|5.11
141500|5.1|5.11|5.1|5.1|830.0|423465.0|5.11
142000|5.1|5.11|5.09|5.09|1139.0|580846.0|5.1
142500|5.1|5.1|5.09|5.09|994.0|506252.0|5.09
143000|5.09|5.1|5.09|5.09|1494.0|760909.0|5.09
143500|5.1|5.1|5.09|5.1|745.0|379399.0|5.09
144000|5.09|5.1|5.09|5.1|804.0|409467.0|5.1
144500|5.09|5.1|5.08|5.08|4697.0|2391059.0|5.1
145000|5.08|5.1|5.08|5.09|1302.0|663169.0|5.08
145500|5.1|5.1|5.09|5.1|2467.0|1257301.0|5.09
150000|5.1|5.11|5.09|5.1|2806.0|1431079.0|5.1
