093500|18.17|18.18|17.87|17.91|5138.0|9250318.0|18.07
094000|17.9|17.91|17.82|17.84|2963.0|5294698.0|17.91
094500|17.83|17.91|17.82|17.83|2343.0|4183530.0|17.84
095000|17.83|17.9|17.82|17.86|1592.0|2843088.0|17.83
095500|17.86|17.88|17.8|17.85|1600.0|2852631.0|17.86
100000|17.86|17.86|17.81|17.81|2709.0|4829831.0|17.85
100500|17.81|17.85|17.72|17.74|3543.0|6303037.0|17.81
101000|17.73|17.78|17.7|17.75|3500.0|6202038.0|17.74
101500|17.74|17.75|17.69|17.72|1627.0|2882987.0|17.75
102000|17.73|17.79|17.73|17.78|864.0|1534655.0|17.72
102500|17.77|17.79|17.75|17.75|925.0|1643511.0|17.78
103000|17.75|17.82|17.75|17.78|924.0|1643576.0|17.75
103500|17.78|17.81|17.76|17.78|721.0|1281878.0|17.78
104000|17.78|17.78|17.72|17.74|890.0|1580136.0|17.78
104500|17.74|17.89|17.74|17.89|1693.0|3012156.0|17.74
105000|17.91|17.93|17.81|17.83|706.0|1261860.0|17.89
105500|17.82|17.87|17.82|17.84|773.0|1379379.0|17.83
110000|17.83|17.87|17.83|17.85|354.0|631931.0|17.84
110500|17.84|17.87|17.82|17.84|617.0|1100995.0|17.85
111000|17.82|17.84|17.8|17.82|322.0|573649.0|17.84
111500|17.81|17.81|17.78|17.78|365.0|649470.0|17.82
112000|17.78|17.78|17.75|17.78|393.0|698159.0|17.78
112500|17.76|17.78|17.76|17.77|264.0|469055.0|17.78
113000|17.77|17.79|17.76|17.77|238.0|423105.0|17.77
130500|17.79|17.79|17.73|17.73|924.0|1640561.0|17.77
131000|17.73|17.75|17.72|17.72|459.0|813922.0|17.73
131500|17.73|17.74|17.72|17.74|863.0|1529550.0|17.72
132000|17.74|17.78|17.73|17.77|1077.0|1913069.0|17.74
132500|17.77|17.78|17.75|17.75|345.0|612730.0|17.77
133000|17.76|17.78|17.75|17.78|1129.0|2003662.0|17.75
133500|17.78|17.8|17.76|17.78|769.0|1367266.0|17.78
134000|17.78|17.8|17.77|17.79|250.0|444567.0|17.78
134500|17.79|17.8|17.76|17.76|816.0|1451422.0|17.79
135000|17.78|17.8|17.77|17.79|448.0|796948.0|17.76
135500|17.79|17.8|17.78|17.78|250.0|444592.0|17.79
140000|17.78|17.8|17.78|17.78|599.0|1065410.0|17.78
140500|17.78|17.8|17.76|17.8|1698.0|3018695.0|17.78
141000|17.8|17.84|17.8|17.84|559.0|996368.0|17.8
141500|17.84|17.91|17.84|17.89|738.0|1319819.0|17.84
142000|17.88|17.88|17.85|17.87|299.0|534113.0|17.89
142500|17.88|17.88|17.85|17.86|308.0|550031.0|17.87
143000|17.86|17.88|17.84|17.88|483.0|862650.0|17.86
143500|17.88|17.9|17.87|17.87|816.0|1459454.0|17.88
144000|17.88|17.88|17.84|17.85|938.0|1674504.0|17.87
144500|17.84|17.86|17.84|17.86|401.0|715928.0|17.85
145000|17.85|17.87|17.84|17.85|1062.0|1896221.0|17.86
145500|17.84|17.85|17.82|17.83|1198.0|2136776.0|17.85
150000|17.83|17.86|17.8|17.86|1927.0|3435908.0|17.83
