093500|4.8900|4.9100|4.8700|4.8900|6306200|30816173.0000|4.8900
094000|4.8800|4.8900|4.8700|4.8800|3237901|15806358.0000|4.8800
094500|4.8800|4.9200|4.8800|4.9200|6274300|30727005.0000|4.9200
095000|4.9300|4.9300|4.9100|4.9200|4035400|19874307.0000|4.9200
095500|4.9300|4.9300|4.9100|4.9200|3558000|17507936.0000|4.9200
100000|4.9200|4.9200|4.9100|4.9100|1827100|8975730.0000|4.9100
100500|4.9100|4.9200|4.9000|4.9100|1910198|9377760.0000|4.9100
101000|4.9000|4.9200|4.9000|4.9100|1921300|9426592.0000|4.9100
101500|4.9000|4.9200|4.9000|4.9100|1765700|8672082.0000|4.9100
102000|4.9100|4.9200|4.9100|4.9100|1521523|7474783.0000|4.9100
102500|4.9200|4.9200|4.9100|4.9100|757877|3725094.0000|4.9100
103000|4.9200|4.9200|4.9100|4.9200|811300|3987491.0000|4.9200
103500|4.9200|4.9200|4.9000|4.9100|2010300|9873876.0000|4.9100
104000|4.9200|4.9300|4.9100|4.9300|4288380|21110579.0000|4.9300
104500|4.9300|4.9300|4.9200|4.9200|1244200|6127380.0000|4.9200
105000|4.9300|4.9300|4.9100|4.9200|2187400|10760494.0000|4.9200
105500|4.9200|4.9200|4.9100|4.9200|1554000|7644808.0000|4.9200
110000|4.9200|4.9300|4.9200|4.9300|1424800|7014122.0000|4.9300
110500|4.9300|4.9300|4.9100|4.9200|1303000|6412208.0000|4.9200
111000|4.9200|4.9200|4.9100|4.9200|876700|4310646.0000|4.9200
111500|4.9200|4.9200|4.9100|4.9200|749107|3683273.0000|4.9200
112000|4.9200|4.9300|4.9100|4.9200|1884800|9272892.0000|4.9200
112500|4.9200|4.9300|4.9200|4.9200|820600|4042611.0000|4.9200
113000|4.9200|4.9500|4.9200|4.9400|7278026|35914296.0000|4.9400
130500|4.9500|4.9500|4.9300|4.9500|3233400|15978624.0000|4.9500
131000|4.9400|4.9500|4.9300|4.9500|1259600|6226320.0000|4.9500
131500|4.9400|4.9500|4.9300|4.9400|1805400|8922576.0000|4.9400
132000|4.9400|4.9500|4.9300|4.9400|1814000|8961680.0000|4.9400
132500|4.9400|4.9500|4.9400|4.9500|1154300|5710704.0000|4.9500
133000|4.9400|4.9500|4.9400|4.9400|1026900|5078528.0000|4.9400
133500|4.9400|4.9500|4.9400|4.9500|1972300|9756096.0000|4.9500
134000|4.9500|4.9500|4.9400|4.9400|1981600|9796352.0000|4.9400
134500|4.9500|4.9600|4.9400|4.9500|6059400|29991984.0000|4.9500
135000|4.9500|4.9600|4.9500|4.9500|1442340|7144912.0000|4.9500
135500|4.9600|4.9600|4.9500|4.9500|1162800|5759600.0000|4.9500
140000|4.9600|4.9600|4.9500|4.9600|3770900|18691536.0000|4.9600
140500|4.9500|4.9700|4.9500|4.9600|3391100|16823296.0000|4.9600
141000|4.9700|4.9700|4.9500|4.9600|2390500|11867520.0000|4.9600
141500|4.9600|4.9700|4.9500|4.9600|1917800|9517600.0000|4.9600
142000|4.9600|4.9700|4.9500|4.9700|2303293|11429568.0000|4.9700
142500|4.9700|4.9700|4.9600|4.9700|1101000|5466880.0000|4.9700
143000|4.9700|4.9700|4.9500|4.9500|4542200|22504688.0000|4.9500
143500|4.9600|4.9600|4.9400|4.9500|2149300|10640464.0000|4.9500
144000|4.9400|4.9500|4.9400|4.9400|1631500|8069248.0000|4.9400
144500|4.9400|4.9600|4.9400|4.9500|1391100|6885856.0000|4.9500
145000|4.9500|4.9600|4.9500|4.9600|1329900|6591072.0000|4.9600
145500|4.9500|4.9600|4.9500|4.9600|2481300|12291136.0000|4.9600
150000|4.9500|4.9600|4.9500|4.9600|4063514|20151408.0000|4.9600
