09350000|22.5981124600|22.8733395800|22.5981124600|22.7357260200|1396400|32274974.0000|22.7357260200
09400000|22.7357260200|22.7455555600|22.6669192400|22.6669192400|547200|12633286.0000|22.6669192400
09450000|22.6669192400|22.6865783200|22.6177715400|22.6374306200|559300|12889588.0000|22.6374306200
09500000|22.6374306200|22.7160669400|22.6177715400|22.7062374000|607500|13996960.0000|22.7062374000
09550000|22.6865783200|22.7160669400|22.6767487800|22.7062374000|221100|5104264.0000|22.7062374000
10000000|22.7062374000|22.7062374000|22.6374306200|22.6669192400|262400|6050440.0000|22.6669192400
10050000|22.6570897000|22.7062374000|22.6374306200|22.6865783200|346800|8001080.0000|22.6865783200
10100000|22.6767487800|22.7455555600|22.6669192400|22.6964078600|344800|7962912.0000|22.6964078600
10150000|22.6964078600|22.7160669400|22.6472601600|22.6669192400|449300|10358152.0000|22.6669192400
10200000|22.6767487800|22.6964078600|22.6374306200|22.6472601600|373400|8601216.0000|22.6472601600
10250000|22.6570897000|22.6767487800|22.6276010800|22.6669192400|255800|5893344.0000|22.6669192400
10300000|22.6669192400|22.6669192400|22.5587943000|22.5882829200|424000|9748656.0000|22.5882829200
10350000|22.5882829200|22.5981124600|22.5391352200|22.5882829200|574600|13192184.0000|22.5882829200
10400000|22.5882829200|22.6177715400|22.5784533800|22.6079420000|167400|3849008.0000|22.6079420000
10450000|22.6079420000|22.6177715400|22.5784533800|22.6079420000|151100|3473344.0000|22.6079420000
10500000|22.6079420000|22.6472601600|22.5784533800|22.6374306200|168200|3869120.0000|22.6374306200
10550000|22.6177715400|22.6374306200|22.6079420000|22.6177715400|154700|3560432.0000|22.6177715400
11000000|22.6276010800|22.6374306200|22.6079420000|22.6374306200|150800|3470800.0000|22.6374306200
11050000|22.6276010800|22.6472601600|22.6177715400|22.6374306200|231200|5323200.0000|22.6374306200
11100000|22.6276010800|22.6374306200|22.5686238400|22.5686238400|337200|7754368.0000|22.5686238400
11150000|22.5882829200|22.5981124600|22.5489647600|22.5587943000|244100|5604512.0000|22.5587943000
11200000|22.5587943000|22.5981124600|22.5489647600|22.5784533800|279600|6417616.0000|22.5784533800
11250000|22.5784533800|22.5784533800|22.5489647600|22.5489647600|134800|3093424.0000|22.5489647600
11300000|22.5587943000|22.5587943000|22.5293056800|22.5391352200|205100|4703792.0000|22.5391352200
13050000|22.5489647600|22.6177715400|22.5391352200|22.6079420000|258700|5941792.0000|22.6079420000
13100000|22.6079420000|22.6472601600|22.5981124600|22.6374306200|172200|3963600.0000|22.6374306200
13150000|22.6374306200|22.6472601600|22.6177715400|22.6472601600|157100|3617216.0000|22.6472601600
13200000|22.6472601600|22.6570897000|22.6276010800|22.6276010800|144500|3328400.0000|22.6276010800
13250000|22.6374306200|22.6570897000|22.6177715400|22.6276010800|129800|2990192.0000|22.6276010800
13300000|22.6276010800|22.6570897000|22.6276010800|22.6472601600|117900|2715520.0000|22.6472601600
13350000|22.6472601600|22.6472601600|22.6177715400|22.6472601600|195100|4493184.0000|22.6472601600
13400000|22.6472601600|22.6570897000|22.6079420000|22.6079420000|150000|3454368.0000|22.6079420000
13450000|22.6079420000|22.6472601600|22.5981124600|22.6374306200|183000|4212336.0000|22.6374306200
13500000|22.6374306200|22.6472601600|22.6079420000|22.6276010800|191800|4415088.0000|22.6276010800
13550000|22.6079420000|22.6374306200|22.5882829200|22.5981124600|232200|5340144.0000|22.5981124600
14000000|22.5981124600|22.6079420000|22.5587943000|22.5686238400|475700|10928848.0000|22.5686238400
14050000|22.5587943000|22.5981124600|22.5391352200|22.5686238400|510900|11727344.0000|22.5686238400
14100000|22.5686238400|22.6079420000|22.5587943000|22.5686238400|441000|10128960.0000|22.5686238400
14150000|22.5686238400|22.6079420000|22.5489647600|22.5686238400|401900|9232544.0000|22.5686238400
14200000|22.5686238400|22.5686238400|22.5194761400|22.5194761400|691900|15864608.0000|22.5194761400
14250000|22.5194761400|22.5391352200|22.4998170600|22.5096466000|742200|16999488.0000|22.5096466000
14300000|22.5096466000|22.5096466000|22.4408398200|22.4604989000|921400|21062368.0000|22.4604989000
14350000|22.4604989000|22.4801579800|22.4408398200|22.4506693600|491300|11224160.0000|22.4506693600
14400000|22.4506693600|22.4703284400|22.4310102800|22.4604989000|688300|15721408.0000|22.4604989000
14450000|22.4604989000|22.4604989000|22.4310102800|22.4506693600|696600|15904800.0000|22.4506693600
14500000|22.4506693600|22.4604989000|22.4310102800|22.4408398200|567500|12959488.0000|22.4408398200
14550000|22.4408398200|22.4604989000|22.4310102800|22.4604989000|843000|19245152.0000|22.4604989000
15000000|22.4604989000|22.4899875200|22.4506693600|22.4801579800|439000|10039712.0000|22.4801579800
