09350000|24.4558955200|24.6819749400|24.2593047200|24.5935090800|3382200|84403728.0000|24.5935090800
09400000|24.5836795400|24.7016340200|24.5247023000|24.6328272400|1867200|46754248.0000|24.6328272400
09450000|24.6328272400|24.7016340200|24.5935090800|24.6131681600|1280900|32139032.0000|24.6131681600
09500000|24.6131681600|24.6918044800|24.5836795400|24.5836795400|976300|24471856.0000|24.5836795400
09550000|24.5836795400|24.6623158600|24.5148727600|24.6524863200|903700|22626720.0000|24.6524863200
10000000|24.6623158600|24.6623158600|24.6033386200|24.6131681600|732700|18365712.0000|24.6131681600
10050000|24.6131681600|24.8392475800|24.5640204600|24.7999294200|2159100|54297312.0000|24.7999294200
10100000|24.8195885000|24.8589066600|24.7900998800|24.8392475800|1056200|26677536.0000|24.8392475800
10150000|24.8589066600|25.0161793000|24.8589066600|24.9965202200|1883400|47775296.0000|24.9965202200
10200000|24.9965202200|25.0161793000|24.9572020600|24.9670316000|1061400|26982240.0000|24.9670316000
10250000|24.9670316000|25.0063497600|24.9178839000|24.9572020600|1009700|25649696.0000|24.9572020600
10300000|24.9572020600|24.9965202200|24.9375429800|24.9473725200|845600|21486400.0000|24.9473725200
10350000|24.9473725200|25.0948156200|24.9473725200|25.0653270000|2287700|58279936.0000|25.0653270000
10400000|25.0653270000|25.1439633200|25.0554974600|25.0751565400|1266100|32342240.0000|25.0751565400
10450000|25.0653270000|25.1046451600|25.0358383800|25.0456679200|919400|23451878.0000|25.0456679200
10500000|25.0456679200|25.1636224000|25.0456679200|25.1439633200|1592000|40705911.0000|25.1439633200
10550000|25.1439633200|25.2127701000|25.1341337800|25.2029405600|1226400|31400321.0000|25.2029405600
11000000|25.2029405600|25.2225996400|25.1144747000|25.1341337800|966700|24764866.0000|25.1341337800
11050000|25.1243042400|25.2520882600|25.1243042400|25.2422587200|1415600|36318336.0000|25.2422587200
11100000|25.2520882600|25.3110655000|25.1832814800|25.2619178000|1433700|36856768.0000|25.2619178000
11150000|25.2619178000|25.3110655000|25.2324291800|25.2324291800|502000|12904384.0000|25.2324291800
11200000|25.2324291800|25.3110655000|25.2324291800|25.2717473400|519800|13370816.0000|25.2717473400
11250000|25.2717473400|25.3110655000|25.2619178000|25.2815768800|487900|12549888.0000|25.2815768800
11300000|25.2815768800|25.3405541200|25.2717473400|25.3307245800|693900|17868928.0000|25.3307245800
13050000|25.3307245800|25.4781676800|25.3307245800|25.4585086000|2180700|56382208.0000|25.4585086000
13100000|25.4585086000|25.4585086000|25.3602132000|25.4388495200|989800|25613632.0000|25.4388495200
13150000|25.4388495200|25.5273153800|25.4388495200|25.5076563000|1061400|27524800.0000|25.5076563000
13200000|25.4978267600|25.5568040000|25.4978267600|25.5469744600|1580500|41071616.0000|25.5469744600
13250000|25.5469744600|25.5469744600|25.4879972200|25.4879972200|465200|12076032.0000|25.4879972200
13300000|25.4879972200|25.4879972200|25.3995313600|25.4486790600|984900|25487744.0000|25.4486790600
13350000|25.4290199800|25.5666335400|25.4290199800|25.5568040000|1441500|37428608.0000|25.5568040000
13400000|25.5568040000|25.6354403200|25.5174858400|25.5371449200|1105500|28765120.0000|25.5371449200
13450000|25.5273153800|25.5469744600|25.5076563000|25.5371449200|749400|19464704.0000|25.5371449200
13500000|25.5371449200|25.6059517000|25.5174858400|25.5174858400|928100|24125568.0000|25.5174858400
13550000|25.5174858400|25.5273153800|25.4290199800|25.4486790600|675300|17497472.0000|25.4486790600
14000000|25.4486790600|25.5371449200|25.4486790600|25.5371449200|644000|16704896.0000|25.5371449200
14050000|25.5371449200|25.5764630800|25.5174858400|25.5371449200|1107500|28791168.0000|25.5371449200
14100000|25.5469744600|25.5469744600|25.5076563000|25.5371449200|623800|16201984.0000|25.5371449200
14150000|25.5371449200|25.5764630800|25.5273153800|25.5666335400|926000|24072832.0000|25.5666335400
14200000|25.5666335400|25.6256107800|25.5568040000|25.6059517000|1034500|26927104.0000|25.6059517000
14250000|25.6059517000|25.6059517000|25.4879972200|25.4978267600|1021300|26549504.0000|25.4978267600
14300000|25.5076563000|25.5666335400|25.5076563000|25.5568040000|743400|19323392.0000|25.5568040000
14350000|25.5568040000|25.6157812400|25.5568040000|25.5764630800|1407600|36644352.0000|25.5764630800
14400000|25.5764630800|25.6157812400|25.5764630800|25.5862926200|1040600|27099904.0000|25.5862926200
14450000|25.5862926200|25.6157812400|25.5666335400|25.6059517000|1101400|28679296.0000|25.6059517000
14500000|25.5961221600|25.6059517000|25.5371449200|25.5469744600|1484500|38624768.0000|25.5469744600
14550000|25.5469744600|25.5568040000|25.5371449200|25.5371449200|703700|18285824.0000|25.5371449200
15000000|25.5469744600|25.5568040000|25.5273153800|25.5273153800|814500|21159680.0000|25.5273153800
