09350000|36.4716392000|36.7105364000|36.2128339000|36.5413175500|5042500|184769712.0000|36.5413175500
09400000|36.5413175500|36.6508121000|36.2825122500|36.4915473000|1843300|67415888.0000|36.4915473000
09450000|36.4915473000|36.5114554000|35.9938448000|36.0336610000|1990100|72320192.0000|36.0336610000
09500000|36.0336610000|36.0834312500|35.8743962000|35.9142124000|1708000|61736896.0000|35.9142124000
09550000|35.9142124000|35.9639826500|35.6653611500|35.6653611500|1545500|55662720.0000|35.6653611500
10000000|35.6952233000|35.7947638000|35.6454530500|35.6653611500|1315100|47186368.0000|35.6653611500
10050000|35.6554071000|35.7649016500|35.5160504000|35.5160504000|2086700|74705920.0000|35.5160504000
10100000|35.5260044500|35.5459125500|35.4165099000|35.4662801500|1879300|66981440.0000|35.4662801500
10150000|35.4662801500|35.7848097500|35.3667396500|35.7250854500|1904300|67999097.0000|35.7250854500
10200000|35.7350395000|35.9639826500|35.7250854500|35.9341205000|1135300|40899647.0000|35.9341205000
10250000|35.9440745500|36.0436150500|35.7848097500|35.8345800000|998700|36060930.0000|35.8345800000
10300000|35.8345800000|35.9639826500|35.7748557000|35.9440745500|648700|23386694.0000|35.9440745500
10350000|35.9341205000|35.9639826500|35.7947638000|35.8644421500|577200|20803004.0000|35.8644421500
10400000|35.8743962000|35.9241664500|35.7250854500|35.8246259500|1041200|37441733.0000|35.8246259500
10450000|35.7947638000|35.9838907500|35.7947638000|35.9540286000|692800|25009411.0000|35.9540286000
10500000|35.9639826500|36.2526501000|35.9341205000|35.9540286000|1094200|39719418.0000|35.9540286000
10550000|35.9838907500|35.9838907500|35.7848097500|35.8743962000|736900|26555266.0000|35.8743962000
11000000|35.8345800000|35.9838907500|35.8345800000|35.9241664500|417100|15051137.0000|35.9241664500
11050000|35.9440745500|36.1033393500|35.9440745500|35.9639826500|1053600|38129341.0000|35.9639826500
11100000|35.9639826500|36.0237069500|35.8644421500|36.0137529000|909700|32821818.0000|36.0137529000
11150000|36.0137529000|36.0137529000|35.7848097500|35.7848097500|954500|34421256.0000|35.7848097500
11200000|35.7848097500|35.9639826500|35.6852692500|35.9142124000|718900|25852664.0000|35.9142124000
11250000|35.9142124000|36.0336610000|35.8345800000|35.8843502500|680500|24583041.0000|35.8843502500
11300000|35.8445340500|35.8843502500|35.7151314000|35.7449935500|524700|18867587.0000|35.7449935500
13050000|35.7350395000|36.1132934000|35.6952233000|36.1033393500|1660500|59976840.0000|36.1033393500
13100000|36.0834312500|36.3920068000|35.9639826500|36.3720987000|1068400|38819580.0000|36.3720987000
13150000|36.3123744000|36.5811337500|36.2526501000|36.5114554000|1657600|60718464.0000|36.5114554000
13200000|36.4915473000|36.6607661500|36.3820527500|36.4417770500|1328500|48738688.0000|36.4417770500
13250000|36.4318230000|36.4616851500|36.1332015000|36.1332015000|573200|20894584.0000|36.1332015000
13300000|36.1232474500|36.2825122500|36.0834312500|36.0834312500|473100|17191176.0000|36.0834312500
13350000|36.0834312500|36.1033393500|35.8943043000|35.8943043000|789900|28558208.0000|35.8943043000
13400000|35.8843502500|35.9540286000|35.8544881000|35.9042583500|633800|22857862.0000|35.9042583500
13450000|35.9042583500|35.9042583500|35.7947638000|35.8345800000|801000|28847605.0000|35.8345800000
13500000|35.8445340500|35.9440745500|35.8345800000|35.8544881000|901000|32487045.0000|35.8544881000
13550000|35.8743962000|36.1730177000|35.8743962000|36.1630636500|596500|21595780.0000|36.1630636500
14000000|36.1531096000|36.2128339000|36.0535691000|36.0535691000|654300|23770494.0000|36.0535691000
14050000|36.0137529000|36.0933853000|35.9938448000|35.9938448000|434500|15730942.0000|35.9938448000
14100000|35.9739367000|35.9938448000|35.8943043000|35.9341205000|320500|11566586.0000|35.9341205000
14150000|35.9142124000|35.9142124000|35.7449935500|35.8345800000|605900|21806346.0000|35.8345800000
14200000|35.8445340500|35.8843502500|35.7649016500|35.8047178500|470900|16938748.0000|35.8047178500
14250000|35.8047178500|35.9042583500|35.7649016500|35.8544881000|429600|15460356.0000|35.8544881000
14300000|35.8644421500|35.9739367000|35.7350395000|35.9241664500|608300|21900028.0000|35.9241664500
14350000|35.9241664500|35.9241664500|35.7151314000|35.7350395000|559700|20118528.0000|35.7350395000
14400000|35.7549476000|35.8345800000|35.6255449500|35.8047178500|1075300|38540416.0000|35.8047178500
14450000|35.8146719000|36.2028798500|35.8146719000|36.1829717500|1116600|40408063.0000|36.1829717500
14500000|36.1730177000|36.3123744000|36.1232474500|36.2426960500|1396200|50796545.0000|36.2426960500
14550000|36.2426960500|36.2426960500|36.1033393500|36.1232474500|904300|32882561.0000|36.1232474500
15000000|36.1132934000|36.1431555500|36.0734772000|36.0834312500|657800|23854465.0000|36.0834312500
