09350000|29.6888262000|30.0960413600|29.6698859600|29.7172365600|904774|28572792.0000|29.7172365600
09400000|29.7551170400|30.0202804000|29.7551170400|29.9255792000|483600|15268951.0000|29.9255792000
09450000|29.8592883600|29.9539895600|29.8119377600|29.8592883600|213500|6738645.0000|29.8592883600
09500000|29.8687584800|29.8971688400|29.8119377600|29.8498182400|196900|6207011.0000|29.8498182400
09550000|29.8687584800|29.8687584800|29.7645871600|29.7645871600|213100|6709878.0000|29.7645871600
10000000|29.7645871600|29.8119377600|29.7361768000|29.7361768000|221300|6956164.0000|29.7361768000
10050000|29.7361768000|29.8498182400|29.7361768000|29.8024676400|223900|7048041.0000|29.8024676400
10100000|29.8024676400|29.8024676400|29.7267066800|29.7740572800|264400|8312340.0000|29.7740572800
10150000|29.7551170400|29.7929975200|29.6509457200|29.6604158400|244800|7681034.0000|29.6604158400
10200000|29.6604158400|29.6888262000|29.6225353600|29.6414756000|200700|6285926.0000|29.6414756000
10250000|29.6414756000|29.7172365600|29.6035951200|29.7172365600|169400|5303571.0000|29.7172365600
10300000|29.7172365600|29.7361768000|29.6509457200|29.6509457200|109600|3435762.0000|29.6509457200
10350000|29.6509457200|29.6509457200|29.5562445200|29.6035951200|146201|4569945.0000|29.6035951200
10400000|29.6035951200|29.6035951200|29.5467744000|29.5657146400|73500|2295401.0000|29.5657146400
10450000|29.5657146400|29.6414756000|29.5657146400|29.6130652400|104600|3268935.0000|29.6130652400
10500000|29.6130652400|29.6509457200|29.6035951200|29.6414756000|165400|5175724.0000|29.6414756000
10550000|29.6414756000|29.6509457200|29.6130652400|29.6225353600|192300|6016747.0000|29.6225353600
11000000|29.6225353600|29.7077664400|29.5941250000|29.7077664400|106200|3322903.0000|29.7077664400
11050000|29.7077664400|29.7172365600|29.6130652400|29.6130652400|84800|2656009.0000|29.6130652400
11100000|29.6130652400|29.6320054800|29.5751847600|29.6320054800|70500|2203958.0000|29.6320054800
11150000|29.6130652400|29.6320054800|29.5751847600|29.5941250000|90300|2823421.0000|29.5941250000
11200000|29.5941250000|29.6320054800|29.5846548800|29.5846548800|36000|1125439.0000|29.5846548800
11250000|29.5846548800|29.6414756000|29.5846548800|29.6035951200|44400|1388435.0000|29.6035951200
11300000|29.6130652400|29.6320054800|29.5941250000|29.5941250000|56200|1757039.0000|29.5941250000
13050000|29.5941250000|29.6130652400|29.5088939200|29.5278341600|247100|7713869.0000|29.5278341600
13100000|29.5278341600|29.6414756000|29.5183640400|29.6414756000|55400|1730132.0000|29.6414756000
13150000|29.6414756000|29.6414756000|29.5941250000|29.6225353600|73200|2288739.0000|29.6225353600
13200000|29.6225353600|29.6604158400|29.6035951200|29.6130652400|45500|1423398.0000|29.6130652400
13250000|29.6225353600|29.6509457200|29.5941250000|29.6130652400|108800|3402367.0000|29.6130652400
13300000|29.6130652400|29.6320054800|29.5657146400|29.6035951200|67200|2100506.0000|29.6035951200
13350000|29.6035951200|29.6225353600|29.5562445200|29.6130652400|82500|2577643.0000|29.6130652400
13400000|29.6130652400|29.6320054800|29.5846548800|29.6130652400|133300|4167245.0000|29.6130652400
13450000|29.5941250000|29.6320054800|29.5657146400|29.6320054800|76903|2403649.0000|29.6320054800
13500000|29.6320054800|29.6888262000|29.6320054800|29.6604158400|76785|2404935.0000|29.6604158400
13550000|29.6604158400|29.6604158400|29.5846548800|29.5846548800|148931|4658890.0000|29.5846548800
14000000|29.5941250000|29.6414756000|29.5846548800|29.6414756000|86069|2691114.0000|29.6414756000
14050000|29.6414756000|29.6414756000|29.5941250000|29.6035951200|48300|1510162.0000|29.6035951200
14100000|29.6130652400|29.6130652400|29.5846548800|29.5941250000|45600|1424968.0000|29.5941250000
14150000|29.5846548800|29.5941250000|29.5562445200|29.5941250000|81900|2557580.0000|29.5941250000
14200000|29.5941250000|29.6225353600|29.5751847600|29.6130652400|76027|2376543.0000|29.6130652400
14250000|29.6130652400|29.6225353600|29.5846548800|29.5941250000|68300|2134871.0000|29.5941250000
14300000|29.6225353600|29.6225353600|29.5941250000|29.5941250000|68400|2138346.0000|29.5941250000
14350000|29.6035951200|29.6035951200|29.5467744000|29.5562445200|179500|5605357.0000|29.5562445200
14400000|29.5562445200|29.5751847600|29.5278341600|29.5278341600|193700|6043675.0000|29.5278341600
14450000|29.5278341600|29.5751847600|29.5183640400|29.5373042800|124400|3879973.0000|29.5373042800
14500000|29.5373042800|29.5467744000|29.4804835600|29.5278341600|237695|7408803.0000|29.5278341600
14550000|29.4994238000|29.5467744000|29.4899536800|29.5467744000|83887|2614124.0000|29.5467744000
15000000|29.5373042800|29.5562445200|29.5183640400|29.5183640400|139166|4338881.0000|29.5183640400
