09350000|45.3902905600|45.5069981900|43.6396761100|43.6845636600|323500|15997474.0000|43.6845636600
09400000|43.6845636600|43.7114961900|43.3703508100|43.5588785200|291800|14146404.0000|43.5588785200
09450000|43.5588785200|43.5588785200|42.9124978000|43.0920480000|409400|19714829.0000|43.0920480000
09500000|43.0920480000|43.0920480000|42.8496552300|42.9394303300|185200|8859206.0000|42.9394303300
09550000|42.9394303300|42.9753403700|42.7957901700|42.9124978000|171900|8211045.0000|42.9124978000
10000000|42.9124978000|42.9124978000|42.5533974000|42.5533974000|235700|11212434.0000|42.5533974000
10050000|42.5533974000|42.6072624600|42.1942970000|42.2122520200|249900|11814816.0000|42.2122520200
10100000|42.2122520200|42.6072624600|42.2122520200|42.4815773200|173500|8204438.0000|42.4815773200
10150000|42.4815773200|43.0022729000|42.4815773200|42.9573853500|137000|6530466.0000|42.9573853500
10200000|42.9394303300|42.9932953900|42.6431725000|42.7329476000|150600|7178341.0000|42.7329476000
10250000|42.7329476000|42.7957901700|42.5354423800|42.6611275200|153900|7310193.0000|42.6611275200
10300000|42.6970375600|42.9394303300|42.6701050300|42.8406777200|64900|3096112.0000|42.8406777200
10350000|42.8586327400|42.8586327400|42.7149925800|42.7329476000|59000|2811160.0000|42.7329476000
10400000|42.7239700900|43.0202279200|42.7149925800|42.9124978000|162703|7759769.0000|42.9124978000
10450000|42.9124978000|42.9124978000|42.6970375600|42.7598801300|75400|3592678.0000|42.7598801300
10500000|42.7419251100|43.0561379600|42.7419251100|43.0471604500|40800|1952167.0000|43.0471604500
10550000|43.0561379600|43.2805757100|42.9304528200|43.1908006100|61600|2960206.0000|43.1908006100
11000000|43.1908006100|43.3434182800|43.1369355500|43.2267106500|66500|3203711.0000|43.2267106500
11050000|43.2267106500|43.2267106500|43.0022729000|43.1548905700|47340|2274987.0000|43.1548905700
11100000|43.1010255100|43.2356881600|43.0920480000|43.1818231000|42100|2025321.0000|43.1818231000
11150000|43.1818231000|43.3164857500|43.1369355500|43.1908006100|25600|1232097.0000|43.1908006100
11200000|43.2805757100|43.4960359500|43.2177331400|43.2715982000|52491|2535517.0000|43.2715982000
11250000|43.3972833400|43.4421708900|43.2715982000|43.4421708900|44900|2167520.0000|43.4421708900
11300000|43.4331933800|43.6935411700|43.3793283200|43.6666086400|60500|2932361.0000|43.6666086400
13050000|43.6127435800|43.6127435800|43.4062608500|43.5139909700|61739|2991868.0000|43.5139909700
13100000|43.5139909700|44.0526415700|43.5050134600|43.9808214900|92500|4522742.0000|43.9808214900
13150000|43.9987765100|43.9987765100|43.6935411700|43.9718439800|56200|2746767.0000|43.9718439800
13200000|43.9718439800|44.1693492000|43.9179789200|44.0616190800|75200|3691297.0000|44.0616190800
13250000|44.0616190800|44.1244616500|43.9000239000|44.0795741000|110200|5398217.0000|44.0795741000
13300000|44.1154841400|44.2052592400|43.9897990000|44.0526415700|47400|2328950.0000|44.0526415700
13350000|44.0346865500|44.1424166700|43.9269564300|43.9449114500|60500|2967309.0000|43.9449114500
13400000|43.9449114500|44.0885516100|43.9449114500|43.9897990000|27600|1353745.0000|43.9897990000
13450000|43.9538889600|44.0705965900|43.9538889600|44.0257090400|30300|1485517.0000|44.0257090400
13500000|44.0257090400|44.0257090400|43.7474062300|43.8192263100|76700|3749378.0000|43.8192263100
13550000|43.8192263100|43.9808214900|43.6755861500|43.8102488000|56800|2773574.0000|43.8102488000
14000000|43.9808214900|44.2321917700|43.8192263100|44.2321917700|40300|1977535.0000|44.2321917700
14050000|44.2321917700|44.2591243000|44.0795741000|44.1424166700|71200|3502828.0000|44.1424166700
14100000|44.1424166700|44.3040118500|44.0885516100|44.2681018100|90400|4455441.0000|44.2681018100
14150000|44.2681018100|44.2681018100|44.0975291200|44.2142367500|44400|2184633.0000|44.2142367500
14200000|44.2142367500|44.4117419700|44.1603716900|44.4027644600|102300|5050586.0000|44.4027644600
14250000|44.3937869500|44.4386745000|44.2770793200|44.3758319300|77400|3826398.0000|44.3758319300
14300000|44.3758319300|44.7708423700|44.2950343400|44.7708423700|79900|3961494.0000|44.7708423700
14350000|44.7528873500|44.7528873500|44.3129893600|44.4925395600|95587|4730085.0000|44.4925395600
14400000|44.4835620500|44.8247074300|44.4207194800|44.7798198800|100940|5024250.0000|44.7798198800
14450000|44.7798198800|44.7887973900|44.6541347400|44.7887973900|91284|4547680.0000|44.7887973900
14500000|44.7887973900|44.7887973900|44.6002696800|44.6272022100|96160|4784135.0000|44.6272022100
14550000|44.6182247000|44.6182247000|44.1244616500|44.2501467900|88900|4386215.0000|44.2501467900
15000000|44.2681018100|44.2860568300|44.2411692800|44.2770793200|108567|5353934.0000|44.2770793200
