09350000|36.6910833700|36.9783636900|36.5294881900|36.5384657000|43080|1759487.0000|36.5384657000
09400000|36.5474432100|36.9155211200|36.4576681100|36.8077910000|28600|1168226.0000|36.8077910000
09450000|36.8077910000|37.0591612800|36.8077910000|37.0142737300|32000|1317423.0000|37.0142737300
09500000|36.9693861800|36.9693861800|36.5294881900|36.5564207200|38900|1593070.0000|36.5564207200
09550000|36.5564207200|36.6461958200|36.5205106800|36.5743757400|18400|749839.0000|36.5743757400
10000000|36.5743757400|36.6282408000|36.4127805600|36.4756231300|34700|1411672.0000|36.4756231300
10050000|36.4756231300|36.5743757400|36.4486906000|36.5384657000|8500|345588.0000|36.5384657000
10100000|36.5384657000|36.5653982300|36.4397130900|36.4397130900|23300|946824.0000|36.4397130900
10150000|36.4397130900|36.4397130900|36.4038030500|36.4217580700|12300|498978.0000|36.4217580700
10200000|36.4127805600|36.4127805600|36.3589155000|36.3589155000|20900|846934.0000|36.3589155000
10250000|36.4038030500|36.5205106800|36.3678930100|36.4038030500|18100|733813.0000|36.4038030500
10300000|36.4038030500|36.4127805600|36.3409604800|36.3678930100|29200|1182746.0000|36.3678930100
10350000|36.4038030500|36.5205106800|36.3499379900|36.3768705200|12800|518905.0000|36.3768705200
10400000|36.3768705200|36.4846006400|36.3768705200|36.4307355800|8100|328861.0000|36.4307355800
10450000|36.4307355800|36.4307355800|36.3678930100|36.3768705200|6500|263374.0000|36.3768705200
10500000|36.3768705200|36.4397130900|36.3678930100|36.3678930100|6500|263609.0000|36.3678930100
10550000|36.3678930100|36.4935781500|36.3140279500|36.3230054600|20271|820790.0000|36.3230054600
11000000|36.3230054600|36.3230054600|36.2242528500|36.2332303600|40200|1624943.0000|36.2332303600
11050000|36.2332303600|36.2870954200|36.1614102800|36.1614102800|35000|1411644.0000|36.1614102800
11100000|36.1793653000|36.4038030500|36.1793653000|36.2422078700|19100|771606.0000|36.2422078700
11150000|36.2332303600|36.2601628900|36.2242528500|36.2332303600|5500|222042.0000|36.2332303600
11200000|36.2332303600|36.3678930100|36.2332303600|36.2332303600|3700|149495.0000|36.2332303600
11250000|36.2332303600|36.3499379900|36.2332303600|36.2332303600|5200|210001.0000|36.2332303600
11300000|36.2332303600|36.2332303600|36.0806126900|36.0895902000|45800|1842536.0000|36.0895902000
13050000|36.0716351800|36.2152753400|36.0716351800|36.0985677100|7100|285632.0000|36.0985677100
13100000|36.0985677100|36.1883428100|36.0985677100|36.1883428100|15200|611608.0000|36.1883428100
13150000|36.1793653000|36.1973203200|36.1344777500|36.1434552600|23400|943066.0000|36.1434552600
13200000|36.1434552600|36.1973203200|36.1075452200|36.1344777500|8200|330045.0000|36.1344777500
13250000|36.1344777500|36.2062978300|36.0985677100|36.0985677100|8900|358129.0000|36.0985677100
13300000|36.0895902000|36.1165227300|36.0806126900|36.0806126900|10900|438223.0000|36.0806126900
13350000|36.0806126900|36.0895902000|36.0806126900|36.0895902000|4100|164810.0000|36.0895902000
13400000|36.0895902000|36.2152753400|36.0895902000|36.1165227300|20000|804783.0000|36.1165227300
13450000|36.1165227300|36.2152753400|36.0985677100|36.1793653000|15000|603761.0000|36.1793653000
13500000|36.1793653000|36.1973203200|36.1255002400|36.1255002400|17000|684664.0000|36.1255002400
13550000|36.1255002400|36.2062978300|36.0895902000|36.0895902000|8700|350029.0000|36.0895902000
14000000|36.0895902000|36.0895902000|35.9100400000|35.9190175100|65600|2631294.0000|35.9190175100
14050000|35.9100400000|36.0716351800|35.8920849800|35.9279950200|59400|2377724.0000|35.9279950200
14100000|35.9279950200|36.0447026500|35.8651524500|35.8651524500|95100|3806886.0000|35.8651524500
14150000|35.8741299600|35.9010624900|35.8023098800|35.8920849800|23500|938622.0000|35.8920849800
14200000|35.8920849800|35.9549275500|35.8202649000|35.9549275500|36100|1443208.0000|35.9549275500
14250000|35.9279950200|35.9279950200|35.8741299600|35.8741299600|11700|467843.0000|35.8741299600
14300000|35.8741299600|35.9100400000|35.7843548600|35.9100400000|24016|958383.0000|35.9100400000
14350000|35.9010624900|35.9908375900|35.8651524500|35.9908375900|45025|1802095.0000|35.9908375900
14400000|35.9908375900|35.9908375900|35.9010624900|35.9459500400|47800|1912802.0000|35.9459500400
14450000|35.9549275500|36.1255002400|35.9549275500|36.1255002400|23212|932130.0000|36.1255002400
14500000|36.1344777500|36.1793653000|36.0895902000|36.1075452200|11000|442649.0000|36.1075452200
14550000|36.0985677100|36.1524327700|36.0357251400|36.0806126900|22400|900140.0000|36.0806126900
15000000|36.0806126900|36.1165227300|36.0267476300|36.0895902000|14900|598387.0000|36.0895902000
