09350000|22.9528954600|23.1137360300|22.8961282000|23.0380463500|74800|1816074.0000|23.0380463500
09400000|22.9907403000|23.0380463500|22.9055894100|22.9434342500|54600|1325502.0000|22.9434342500
09450000|22.9245118300|23.0096627200|22.8772057800|22.8772057800|213200|5170854.0000|22.8772057800
09500000|22.8677445700|22.8961282000|22.8298997300|22.8677445700|21300|514676.0000|22.8677445700
09550000|22.8582833600|22.9245118300|22.8488221500|22.8582833600|40900|989298.0000|22.8582833600
10000000|22.8488221500|22.9718178800|22.8393609400|22.9150506200|139200|3372422.0000|22.9150506200
10050000|22.9245118300|22.9434342500|22.8677445700|22.8772057800|32700|791057.0000|22.8772057800
10100000|22.8772057800|22.9339730400|22.8393609400|22.9150506200|48100|1162861.0000|22.9150506200
10150000|22.9150506200|22.9528954600|22.8677445700|22.9150506200|159800|3869770.0000|22.9150506200
10200000|22.9150506200|22.9339730400|22.8961282000|22.8961282000|20800|503786.0000|22.8961282000
10250000|22.8961282000|22.9907403000|22.8677445700|22.9907403000|129400|3136338.0000|22.9907403000
10300000|22.9812790900|23.0853524000|22.9339730400|23.0758911900|134600|3269292.0000|23.0758911900
10350000|23.0285851400|23.0475075600|23.0002015100|23.0002015100|28600|695858.0000|23.0002015100
10400000|23.0002015100|23.0002015100|22.9150506200|22.9339730400|17800|432022.0000|22.9339730400
10450000|22.9339730400|22.9623566700|22.8582833600|22.8582833600|24300|588868.0000|22.8582833600
10500000|22.8772057800|22.9623566700|22.8582833600|22.9245118300|39900|966480.0000|22.9245118300
10550000|22.9150506200|22.9434342500|22.8961282000|22.9150506200|19000|460046.0000|22.9150506200
11000000|22.9150506200|22.9245118300|22.8298997300|22.8298997300|28300|684398.0000|22.8298997300
11050000|22.8298997300|22.8488221500|22.8298997300|22.8298997300|10700|258272.0000|22.8298997300
11100000|22.8393609400|22.8582833600|22.8204385200|22.8298997300|18400|444018.0000|22.8298997300
11150000|22.8298997300|22.8961282000|22.8298997300|22.8961282000|21600|521788.0000|22.8961282000
11200000|22.8961282000|22.9055894100|22.8393609400|22.8393609400|24800|599674.0000|22.8393609400
11250000|22.8582833600|22.9434342500|22.8204385200|22.8393609400|85300|2065816.0000|22.8393609400
11300000|22.8488221500|22.8488221500|22.8109773100|22.8204385200|16500|398120.0000|22.8204385200
13050000|22.8109773100|22.8866669900|22.8109773100|22.8298997300|93700|2263792.0000|22.8298997300
13100000|22.8298997300|22.9434342500|22.8204385200|22.9339730400|18600|449520.0000|22.9339730400
13150000|22.9339730400|22.9339730400|22.8393609400|22.8488221500|12900|311952.0000|22.8488221500
13200000|22.8582833600|22.8866669900|22.8393609400|22.8866669900|10400|251380.0000|22.8866669900
13250000|22.8866669900|22.9434342500|22.8772057800|22.9434342500|9300|225200.0000|22.9434342500
13300000|22.9055894100|22.9245118300|22.8772057800|22.9055894100|13200|319540.0000|22.9055894100
13350000|22.8961282000|22.9055894100|22.8772057800|22.8772057800|12200|295124.0000|22.8772057800
13400000|22.8866669900|22.9623566700|22.8772057800|22.9623566700|21600|523540.0000|22.9623566700
13450000|22.9434342500|22.9907403000|22.9434342500|22.9718178800|15600|378508.0000|22.9718178800
13500000|22.9718178800|22.9718178800|22.9245118300|22.9623566700|11000|266804.0000|22.9623566700
13550000|22.9528954600|23.0002015100|22.9528954600|22.9812790900|14800|359416.0000|22.9812790900
14000000|22.9718178800|22.9718178800|22.9150506200|22.9339730400|14100|341872.0000|22.9339730400
14050000|22.9339730400|22.9339730400|22.8961282000|22.8961282000|16200|392540.0000|22.8961282000
14100000|22.9055894100|22.9623566700|22.9055894100|22.9434342500|18900|458036.0000|22.9434342500
14150000|22.9434342500|22.9812790900|22.9434342500|22.9623566700|6300|152868.0000|22.9623566700
14200000|22.9623566700|22.9623566700|22.9434342500|22.9434342500|5500|133444.0000|22.9434342500
14250000|22.9528954600|22.9718178800|22.9434342500|22.9434342500|7100|172352.0000|22.9434342500
14300000|22.9528954600|22.9718178800|22.9150506200|22.9718178800|7500|181896.0000|22.9718178800
14350000|22.9623566700|22.9623566700|22.9339730400|22.9528954600|8300|201312.0000|22.9528954600
14400000|22.9434342500|23.0475075600|22.9434342500|23.0285851400|26200|636940.0000|23.0285851400
14450000|23.0285851400|23.0475075600|23.0096627200|23.0285851400|14200|345644.0000|23.0285851400
14500000|23.0285851400|23.0475075600|23.0096627200|23.0475075600|22000|535556.0000|23.0475075600
14550000|23.0475075600|23.0569687700|23.0002015100|23.0569687700|20600|501476.0000|23.0569687700
15000000|23.0475075600|23.0569687700|22.9907403000|23.0380463500|6900|167924.0000|23.0380463500
