09350000|38.6977073400|38.7664247300|38.4817384000|38.7467911900|959500|37789505.0000|38.7467911900
09400000|38.7566079600|39.1100116800|38.7075241100|39.1100116800|983500|38980625.0000|39.1100116800
09450000|39.1100116800|39.5419495600|39.0216607500|39.3652477000|1999300|80018067.0000|39.3652477000
09500000|39.3652477000|39.5419495600|39.3357973900|39.5124992500|1624000|65274243.0000|39.5124992500
09550000|39.5124992500|40.0818719100|39.4634154000|40.0524216000|2059800|83366441.0200|40.0524216000
10000000|40.0720551400|40.0916886800|39.5419495600|39.6204837200|1497194|60672424.2600|39.6204837200
10050000|39.6597508000|39.7088346500|39.4241483200|39.4634154000|772300|31121045.0000|39.4634154000
10100000|39.4634154000|39.4732321700|39.2670800000|39.2768967700|664300|26627979.0000|39.2768967700
10150000|39.2670800000|39.3946980100|39.2474464600|39.3652477000|497100|19893811.0000|39.3652477000
10200000|39.3652477000|39.3848812400|39.1689123000|39.2572632300|440600|17624347.0000|39.2572632300
10250000|39.2572632300|39.3946980100|39.2376296900|39.2965303100|245581|9831427.3800|39.2965303100
10300000|39.3063470800|39.3259806200|39.1787290700|39.1885458400|309719|12382263.8100|39.1885458400
10350000|39.1885458400|39.2965303100|39.1492787600|39.2376296900|272400|10884769.0000|39.2376296900
10400000|39.2376296900|39.3063470800|39.2179961500|39.2670800000|177100|7084505.0000|39.2670800000
10450000|39.2572632300|39.3652477000|39.2474464600|39.3259806200|233100|9336018.0000|39.3259806200
10500000|39.3259806200|39.3456141600|39.2278129200|39.2278129200|179100|7164373.0000|39.2278129200
10550000|39.2278129200|39.2474464600|39.1885458400|39.2081793800|267600|10690336.0000|39.2081793800
11000000|39.2179961500|39.2179961500|39.1492787600|39.1590955300|202900|8096935.0000|39.1590955300
11050000|39.1590955300|39.2768967700|39.1001949100|39.2376296900|284400|11351785.0000|39.2376296900
11100000|39.2376296900|39.2474464600|39.1100116800|39.1983626100|175500|7004540.0000|39.1983626100
11150000|39.2081793800|39.2474464600|39.1787290700|39.2474464600|149800|5982995.0000|39.2474464600
11200000|39.2474464600|39.3652477000|39.2278129200|39.2867135400|203300|8136651.0000|39.2867135400
11250000|39.2768967700|39.3554309300|39.2670800000|39.3259806200|206100|8254306.0000|39.3259806200
11300000|39.3554309300|39.3652477000|39.2474464600|39.3161638500|467500|18712305.0000|39.3161638500
13050000|39.2670800000|39.3161638500|39.1198284500|39.2474464600|573198|22883475.2400|39.2474464600
13100000|39.2278129200|39.2965303100|39.1689123000|39.2278129200|435400|17394383.0000|39.2278129200
13150000|39.2278129200|39.3259806200|39.2278129200|39.3063470800|270524|10828748.0000|39.3063470800
13200000|39.3161638500|39.3161638500|39.1983626100|39.2081793800|173776|6947868.0000|39.2081793800
13250000|39.2081793800|39.2278129200|39.1100116800|39.1100116800|226200|9027580.0000|39.1100116800
13300000|39.1100116800|39.1983626100|39.1001949100|39.1787290700|189000|7536618.0000|39.1787290700
13350000|39.1689123000|39.1885458400|39.1198284500|39.1492787600|132300|5276808.0000|39.1492787600
13400000|39.1394619900|39.4732321700|39.1198284500|39.4437818600|386273|15473273.8400|39.4437818600
13450000|39.4339650900|39.6204837200|39.4143315500|39.4634154000|427251|17192555.1600|39.4634154000
13500000|39.4634154000|39.6401172600|39.4143315500|39.5517663300|819500|33010624.0000|39.5517663300
13550000|39.5321327900|39.5517663300|39.3063470800|39.3063470800|365400|14683201.0000|39.3063470800
14000000|39.3161638500|39.3357973900|39.2376296900|39.2768967700|234400|9378436.0000|39.2768967700
14050000|39.2768967700|39.2867135400|39.1983626100|39.2670800000|188900|7553752.0000|39.2670800000
14100000|39.2670800000|39.3652477000|39.2474464600|39.3063470800|183300|7336485.0000|39.3063470800
14150000|39.2965303100|39.2965303100|39.1983626100|39.2179961500|192900|7711315.0000|39.2179961500
14200000|39.2278129200|39.2278129200|39.1198284500|39.1394619900|273600|10915099.0000|39.1394619900
14250000|39.1296452200|39.1394619900|39.0314775200|39.0412942900|512900|20413726.0000|39.0412942900
14300000|39.0609278300|39.2474464600|39.0609278300|39.1492787600|219795|8764812.7000|39.1492787600
14350000|39.1394619900|39.2474464600|39.1296452200|39.2278129200|272300|10865552.0000|39.2278129200
14400000|39.2278129200|39.2376296900|39.1885458400|39.2179961500|267900|10701546.0000|39.2179961500
14450000|39.2179961500|39.2474464600|39.1787290700|39.2278129200|446993|17856928.3500|39.2278129200
14500000|39.2278129200|39.2965303100|39.2179961500|39.2670800000|384000|15361065.0000|39.2670800000
14550000|39.2572632300|39.3161638500|39.2081793800|39.3161638500|469500|18783312.1300|39.3161638500
15000000|39.3161638500|39.3456141600|39.2867135400|39.3456141600|548100|21961685.2600|39.3456141600
