09350000|11.1948707100|11.4872977700|11.1885136000|11.4745835500|758300|13564919.0000|11.4745835500
09400000|11.4745835500|11.5063691000|11.4173695600|11.4809406600|651100|11752102.0000|11.4809406600
09450000|11.4809406600|11.5699402000|11.4555122200|11.4872977700|714700|12960224.0000|11.4872977700
09500000|11.4872977700|11.5572259800|11.4745835500|11.5254404300|422000|7651260.0000|11.5254404300
09550000|11.5254404300|11.5508688700|11.5000119900|11.5445117600|419100|7597552.0000|11.5445117600
10000000|11.5445117600|11.6144399700|11.5063691000|11.6144399700|510500|9277536.0000|11.6144399700
10050000|11.6144399700|11.6652968500|11.5826544200|11.5826544200|469200|8577672.0000|11.5826544200
10100000|11.5826544200|11.6525826300|11.5826544200|11.6462255200|266100|4860944.0000|11.6462255200
10150000|11.6462255200|11.6462255200|11.5635830900|11.5953686400|260800|4759056.0000|11.5953686400
10200000|11.5953686400|11.6080828600|11.5508688700|11.5699402000|239100|4351968.0000|11.5699402000
10250000|11.5699402000|11.5762973100|11.5381546500|11.5699402000|213400|3881392.0000|11.5699402000
10300000|11.5699402000|11.5699402000|11.5381546500|11.5445117600|182900|3323096.0000|11.5445117600
10350000|11.5508688700|11.6207970800|11.5445117600|11.5826544200|216800|3946432.0000|11.5826544200
10400000|11.5890115300|11.5890115300|11.5572259800|11.5635830900|86200|1568064.0000|11.5635830900
10450000|11.5635830900|11.6207970800|11.5635830900|11.6144399700|142700|2604488.0000|11.6144399700
10500000|11.6144399700|11.6271541900|11.5826544200|11.6144399700|239600|4373248.0000|11.6144399700
10550000|11.6144399700|11.6207970800|11.5890115300|11.5953686400|145400|2656224.0000|11.5953686400
11000000|11.5953686400|11.6017257500|11.5826544200|11.5826544200|70300|1281720.0000|11.5826544200
11050000|11.5826544200|11.6207970800|11.5826544200|11.6080828600|58900|1075304.0000|11.6080828600
11100000|11.6144399700|11.6144399700|11.5699402000|11.5699402000|90000|1641072.0000|11.5699402000
11150000|11.5699402000|11.5762973100|11.5508688700|11.5572259800|108800|1978920.0000|11.5572259800
11200000|11.5572259800|11.5635830900|11.5254404300|11.5381546500|157300|2855840.0000|11.5381546500
11250000|11.5381546500|11.5508688700|11.5381546500|11.5381546500|70900|1287848.0000|11.5381546500
11300000|11.5445117600|11.5445117600|11.5127262100|11.5254404300|100700|1825992.0000|11.5254404300
13050000|11.5190833200|11.5317975400|11.4936548800|11.4936548800|133200|2412576.0000|11.4936548800
13100000|11.5000119900|11.5190833200|11.4555122200|11.4618693300|92400|1668688.0000|11.4618693300
13150000|11.4618693300|11.4618693300|11.4427980000|11.4555122200|225500|4062520.0000|11.4555122200
13200000|11.4555122200|11.5000119900|11.4555122200|11.4872977700|106700|1925832.0000|11.4872977700
13250000|11.4872977700|11.5127262100|11.4555122200|11.5063691000|114200|2062352.0000|11.5063691000
13300000|11.5063691000|11.5063691000|11.4809406600|11.5000119900|57700|1043232.0000|11.5000119900
13350000|11.5000119900|11.5445117600|11.5000119900|11.5381546500|148500|2693504.0000|11.5381546500
13400000|11.5381546500|11.5381546500|11.5000119900|11.5317975400|110400|1999920.0000|11.5317975400
13450000|11.5317975400|11.5317975400|11.5063691000|11.5190833200|82900|1503664.0000|11.5190833200
13500000|11.5190833200|11.5190833200|11.5063691000|11.5190833200|58500|1058336.0000|11.5190833200
13550000|11.5190833200|11.5508688700|11.5190833200|11.5317975400|122200|2217776.0000|11.5317975400
14000000|11.5317975400|11.5381546500|11.5000119900|11.5254404300|96400|1746128.0000|11.5254404300
14050000|11.5317975400|11.5635830900|11.5254404300|11.5445117600|115700|2102096.0000|11.5445117600
14100000|11.5445117600|11.5445117600|11.5317975400|11.5381546500|67700|1230064.0000|11.5381546500
14150000|11.5445117600|11.5445117600|11.5317975400|11.5445117600|66500|1207360.0000|11.5445117600
14200000|11.5445117600|11.5635830900|11.5381546500|11.5445117600|128000|2324480.0000|11.5445117600
14250000|11.5445117600|11.5699402000|11.5317975400|11.5572259800|225700|4098432.0000|11.5572259800
14300000|11.5635830900|11.5699402000|11.5381546500|11.5572259800|258800|4705024.0000|11.5572259800
14350000|11.5572259800|11.5762973100|11.5572259800|11.5699402000|138000|2512352.0000|11.5699402000
14400000|11.5699402000|11.5953686400|11.5635830900|11.5953686400|199700|3635216.0000|11.5953686400
14450000|11.5890115300|11.6017257500|11.5890115300|11.5953686400|179300|3270176.0000|11.5953686400
14500000|11.5953686400|11.6335113000|11.5953686400|11.6335113000|273300|4995152.0000|11.6335113000
14550000|11.6271541900|11.7097966200|11.6271541900|11.7034395100|719100|13201872.0000|11.7034395100
15000000|11.7097966200|11.7225108400|11.6970824000|11.7225108400|385300|7101952.0000|11.7225108400
