093500|65.9|66.37|65.23|66.24|11775.0|77531191.0|66.15
094000|66.15|66.6|66.15|66.35|7513.0|49866495.0|66.24
094500|66.22|66.52|65.65|65.66|4213.0|27834460.0|66.35
095000|65.67|65.9|65.39|65.71|6855.0|44973838.0|65.66
095500|65.71|65.99|65.65|65.9|2042.0|13430364.0|65.71
100000|65.9|66.15|65.76|66.1|2164.0|14265472.0|65.9
100500|66.12|66.12|65.86|65.92|1335.0|8803642.0|66.1
101000|65.92|65.99|65.78|65.83|1485.0|9785783.0|65.92
101500|65.84|66.29|65.84|66.21|2218.0|14654193.0|65.83
102000|66.24|66.45|66.15|66.2|2360.0|15653192.0|66.21
102500|66.24|66.58|66.22|66.25|3329.0|22125715.0|66.2
103000|66.22|66.45|66.22|66.36|855.0|5669096.0|66.25
103500|66.38|66.45|66.18|66.2|2025.0|13438007.0|66.36
104000|66.2|66.38|66.2|66.22|1174.0|7783833.0|66.2
104500|66.22|66.33|66.21|66.23|1475.0|9773456.0|66.22
105000|66.23|66.3|66.2|66.2|1719.0|11386855.0|66.23
105500|66.21|66.5|66.21|66.45|1186.0|7874472.0|66.2
110000|66.4|66.47|66.36|66.4|1433.0|9516832.0|66.45
110500|66.4|66.41|66.32|66.32|434.0|2880228.0|66.4
111000|66.32|66.57|66.26|66.56|1980.0|13156658.0|66.32
111500|66.57|66.99|66.56|66.62|6279.0|41956335.0|66.56
112000|66.63|66.85|66.54|66.85|2106.0|14044602.0|66.62
112500|66.88|67.35|66.83|67.06|6346.0|42589352.0|66.85
113000|67.06|67.51|67.05|67.35|6242.0|42052123.0|67.06
130500|67.35|67.48|67.12|67.39|3079.0|20717506.0|67.35
131000|67.43|67.5|67.23|67.36|2701.0|18202404.0|67.39
131500|67.37|67.74|67.3|67.33|6538.0|44170212.0|67.36
132000|67.34|67.4|67.12|67.13|1752.0|11780183.0|67.33
132500|67.12|67.31|67.11|67.31|1292.0|8680659.0|67.13
133000|67.3|67.66|67.26|67.46|2322.0|15676157.0|67.31
133500|67.46|67.85|67.43|67.62|5649.0|38228624.0|67.46
134000|67.63|67.63|67.33|67.37|1315.0|8873722.0|67.62
134500|67.38|67.53|67.33|67.42|853.0|5752307.0|67.37
135000|67.4|67.42|67.25|67.27|932.0|6274834.0|67.42
135500|67.27|67.46|67.27|67.32|957.0|6446559.0|67.27
140000|67.28|67.3|67.23|67.24|902.0|6067459.0|67.32
140500|67.24|67.3|67.11|67.11|969.0|6514493.0|67.24
141000|67.11|67.16|67.02|67.11|1968.0|13201853.0|67.11
141500|67.11|67.12|66.96|67.12|1675.0|11227682.0|67.11
142000|67.14|67.2|67.13|67.13|510.0|3425209.0|67.12
142500|67.13|67.22|67.08|67.08|918.0|6164706.0|67.13
143000|67.09|67.13|67.03|67.04|1153.0|7734752.0|67.08
143500|67.04|67.28|67.04|67.21|1287.0|8646960.0|67.04
144000|67.21|67.27|67.15|67.23|1065.0|7159249.0|67.21
144500|67.23|67.26|67.2|67.24|1353.0|9096465.0|67.23
145000|67.24|67.24|67.16|67.18|1445.0|9709744.0|67.24
145500|67.19|67.2|67.14|67.2|2483.0|16679749.0|67.18
150000|67.19|67.21|67.18|67.19|3295.0|22138262.0|67.2
