093500|10.2300|10.3600|10.2300|10.3400|707500|7291471.0000|10.3400
094000|10.3400|10.4500|10.3200|10.4300|831000|8633345.0000|10.4300
094500|10.4200|10.5300|10.4200|10.5100|979200|10265115.0000|10.5100
095000|10.5000|10.5300|10.4500|10.4600|787400|8261104.0000|10.4600
095500|10.4700|10.4800|10.4200|10.4600|498758|5209663.0000|10.4600
100000|10.4600|10.4900|10.4400|10.4900|316900|3318724.0000|10.4900
100500|10.4800|10.4800|10.4100|10.4500|987700|10328968.0000|10.4500
101000|10.4500|10.5600|10.4400|10.5600|1009200|10605916.0000|10.5600
101500|10.5600|10.5600|10.5200|10.5400|346542|3652475.0000|10.5400
102000|10.5500|10.5600|10.5100|10.5200|437758|4614150.0000|10.5200
102500|10.5100|10.5500|10.4900|10.4900|267242|2810686.0000|10.4900
103000|10.4900|10.5400|10.4800|10.5200|198000|2079872.0000|10.5200
103500|10.5300|10.5300|10.5000|10.5000|180000|1891839.0000|10.5000
104000|10.5100|10.5200|10.5000|10.5200|109400|1150360.0000|10.5200
104500|10.5200|10.5200|10.4900|10.4900|154200|1619987.0000|10.4900
105000|10.4900|10.5000|10.4800|10.4900|182700|1916668.0000|10.4900
105500|10.5000|10.5000|10.4900|10.5000|165700|1739234.0000|10.5000
110000|10.4900|10.5000|10.4800|10.4800|100000|1049148.0000|10.4800
110500|10.4800|10.4900|10.4600|10.4600|292500|3062199.0000|10.4600
111000|10.4600|10.5000|10.4600|10.4900|184900|1938169.0000|10.4900
111500|10.4900|10.4900|10.4700|10.4700|69200|725237.0000|10.4700
112000|10.4800|10.4800|10.4400|10.4400|246000|2572268.0000|10.4400
112500|10.4400|10.4500|10.4100|10.4100|163300|1703173.0000|10.4100
113000|10.4100|10.4200|10.3800|10.3800|244500|2543363.0000|10.3800
130500|10.4000|10.4100|10.3600|10.3600|336700|3496860.0000|10.3600
131000|10.3700|10.3800|10.3600|10.3700|294100|3048456.0000|10.3700
131500|10.3700|10.3900|10.3600|10.3800|236200|2450553.0000|10.3800
132000|10.3800|10.3900|10.3600|10.3700|161300|1673029.0000|10.3700
132500|10.3700|10.3700|10.3300|10.3300|251400|2602611.0000|10.3300
133000|10.3300|10.3800|10.3300|10.3700|290200|3007917.0000|10.3700
133500|10.3700|10.4100|10.3500|10.4100|259800|2696595.0000|10.4100
134000|10.4100|10.4300|10.4000|10.4100|118700|1236560.0000|10.4100
134500|10.4000|10.4300|10.4000|10.4200|61300|638263.0000|10.4200
135000|10.4200|10.4300|10.4000|10.4100|242300|2525648.0000|10.4100
135500|10.4100|10.4500|10.4100|10.4400|91500|954379.0000|10.4400
140000|10.4400|10.4500|10.4400|10.4400|126500|1321503.0000|10.4400
140500|10.4400|10.4700|10.4300|10.4600|233100|2437645.0000|10.4600
141000|10.4600|10.4700|10.4400|10.4700|181552|1896773.0000|10.4700
141500|10.4700|10.4900|10.4600|10.4900|199412|2088950.0000|10.4900
142000|10.4900|10.5000|10.4700|10.4800|393688|4127314.0000|10.4800
142500|10.4800|10.4800|10.4700|10.4700|199700|2091311.0000|10.4700
143000|10.4700|10.5000|10.4700|10.4900|232200|2435951.0000|10.4900
143500|10.4800|10.4900|10.4800|10.4800|220863|2315887.0000|10.4800
144000|10.4800|10.4900|10.4500|10.4600|407237|4264715.0000|10.4600
144500|10.4600|10.4800|10.4300|10.4700|324200|3387471.0000|10.4700
145000|10.4700|10.4800|10.4600|10.4700|270400|2831036.0000|10.4700
145500|10.4700|10.4900|10.4600|10.4900|428279|4485273.0000|10.4900
150000|10.4800|10.4900|10.4800|10.4800|315000|3301878.0000|10.4800
