093500|9.0400|9.0600|8.9500|8.9700|1124800|10123310.0000|8.9700
094000|8.9600|9.0400|8.9600|9.0100|780000|7017302.0000|9.0100
094500|9.0000|9.0400|8.9800|9.0100|305900|2754580.0000|9.0100
095000|9.0200|9.0600|9.0100|9.0600|431600|3901576.0000|9.0600
095500|9.0600|9.0700|9.0100|9.0200|280600|2535494.0000|9.0200
100000|9.0100|9.0200|9.0100|9.0100|136200|1227278.0000|9.0100
100500|9.0200|9.0200|8.9800|8.9800|164900|1483376.0000|8.9800
101000|8.9800|8.9900|8.9700|8.9700|229000|2056240.0000|8.9700
101500|8.9800|9.0100|8.9600|9.0100|218700|1964256.0000|9.0100
102000|9.0100|9.0200|9.0000|9.0100|72100|649612.0000|9.0100
102500|9.0200|9.0500|9.0000|9.0400|372600|3363884.0000|9.0400
103000|9.0400|9.0500|9.0200|9.0400|221200|1995684.0000|9.0400
103500|9.0300|9.0400|9.0100|9.0300|57900|522504.0000|9.0300
104000|9.0300|9.0300|9.0000|9.0100|144800|1304872.0000|9.0100
104500|9.0100|9.0200|9.0000|9.0100|100700|907452.0000|9.0100
105000|9.0100|9.0400|9.0100|9.0400|108000|975120.0000|9.0400
105500|9.0400|9.0400|9.0100|9.0100|108200|975820.0000|9.0100
110000|9.0100|9.0200|9.0100|9.0200|47000|423648.0000|9.0200
110500|9.0200|9.0200|9.0000|9.0000|302000|2719840.0000|9.0000
111000|9.0100|9.0200|9.0100|9.0100|193000|1739108.0000|9.0100
111500|9.0100|9.0200|9.0000|9.0100|443800|3995988.0000|9.0100
112000|9.0100|9.0200|8.9900|8.9900|466400|4197400.0000|8.9900
112500|9.0000|9.0000|8.9900|8.9900|162100|1458136.0000|8.9900
113000|8.9900|9.0000|8.9800|8.9900|175300|1576240.0000|8.9900
130500|8.9900|8.9900|8.9600|8.9700|721500|6468264.0000|8.9700
131000|8.9600|9.0000|8.9600|8.9900|112500|1010200.0000|8.9900
131500|8.9800|8.9900|8.9700|8.9700|103700|930624.0000|8.9700
132000|8.9700|8.9800|8.9600|8.9600|174100|1560856.0000|8.9600
132500|8.9700|8.9800|8.9500|8.9600|877000|7851872.0000|8.9600
133000|8.9600|8.9900|8.9600|8.9800|120600|1081760.0000|8.9800
133500|8.9700|8.9900|8.9700|8.9800|72900|654712.0000|8.9800
134000|8.9800|9.0100|8.9700|9.0000|150700|1354848.0000|9.0000
134500|9.0100|9.0400|9.0000|9.0300|437000|3944496.0000|9.0300
135000|9.0300|9.0400|9.0200|9.0300|71700|647616.0000|9.0300
135500|9.0400|9.0400|9.0200|9.0300|22600|204040.0000|9.0300
140000|9.0300|9.0300|9.0100|9.0300|75000|676696.0000|9.0300
140500|9.0300|9.0300|9.0100|9.0200|63600|573608.0000|9.0200
141000|9.0100|9.0200|8.9900|9.0000|89300|803888.0000|9.0000
141500|9.0000|9.0000|8.9900|9.0000|77000|692680.0000|9.0000
142000|8.9900|9.0100|8.9900|9.0100|62400|561648.0000|9.0100
142500|9.0000|9.0100|9.0000|9.0100|28100|253008.0000|9.0100
143000|9.0000|9.0200|9.0000|9.0200|102500|923376.0000|9.0200
143500|9.0100|9.0200|9.0000|9.0100|76000|684768.0000|9.0100
144000|9.0200|9.0300|9.0100|9.0300|173800|1567480.0000|9.0300
144500|9.0200|9.0300|9.0100|9.0200|177100|1597576.0000|9.0200
145000|9.0200|9.0500|9.0100|9.0300|364100|3288840.0000|9.0300
145500|9.0300|9.0600|9.0200|9.0300|506400|4577536.0000|9.0300
150000|9.0500|9.0700|9.0200|9.0400|478100|4326336.0000|9.0400
