09350000|27.2668816000|27.5627248000|27.0400684800|27.1386828800|3387564|93731136.0000|27.1386828800
09400000|27.1386828800|27.1386828800|26.8428396800|26.9513155200|2280503|62432250.0000|26.9513155200
09450000|26.9414540800|26.9513155200|26.3892134400|26.4286592000|4669600|126123638.0000|26.4286592000
09500000|26.4286592000|26.6061651200|26.3793520000|26.4187977600|2667100|71581824.0000|26.4187977600
09550000|26.3990748800|26.5075507200|26.1328160000|26.3793520000|5605582|149412672.0000|26.3793520000
10000000|26.3793520000|26.6160265600|26.3793520000|26.5864422400|2402400|64527056.0000|26.5864422400
10050000|26.6160265600|26.6554723200|26.4779664000|26.4779664000|1376200|37069600.0000|26.4779664000
10100000|26.4779664000|26.6061651200|26.4483820800|26.5075507200|806300|21694896.0000|26.5075507200
10150000|26.5075507200|26.5371350400|26.4089363200|26.4976892800|993213|26663200.0000|26.4976892800
10200000|26.4976892800|26.5174121600|26.2610147200|26.3004604800|1205400|32232448.0000|26.3004604800
10250000|26.2905990400|26.5864422400|26.2807376000|26.5568579200|1266900|33944384.0000|26.5568579200
10300000|26.5469964800|26.5469964800|26.3793520000|26.4385206400|688000|18450224.0000|26.4385206400
10350000|26.4286592000|26.4286592000|26.2807376000|26.3004604800|766700|20472592.0000|26.3004604800
10400000|26.2905990400|26.3103219200|26.0342016000|26.0539244800|2617300|69373392.0000|26.0539244800
10450000|26.0440630400|26.1328160000|25.9750329600|26.1328160000|1973335|52096272.0000|26.1328160000
10500000|26.1426774400|26.2412918400|26.0835088000|26.0835088000|839400|22263760.0000|26.0835088000
10550000|26.0835088000|26.2314304000|26.0637859200|26.2314304000|584200|15509392.0000|26.2314304000
11000000|26.2314304000|26.3004604800|26.2117075200|26.3004604800|495100|13178656.0000|26.3004604800
11050000|26.3004604800|26.3103219200|26.1821232000|26.2018460800|589800|15700256.0000|26.2018460800
11100000|26.1919846400|26.3201833600|26.1722617600|26.2215689600|537800|14317936.0000|26.2215689600
11150000|26.2314304000|26.3004604800|26.1722617600|26.2018460800|363900|9683136.0000|26.2018460800
11200000|26.1722617600|26.1919846400|26.0342016000|26.0342016000|666900|17660848.0000|26.0342016000
11250000|26.0243401600|26.2117075200|26.0243401600|26.1130931200|854800|22617392.0000|26.1130931200
11300000|26.1130931200|26.1328160000|26.0243401600|26.0342016000|504800|13352208.0000|26.0342016000
13050000|26.0243401600|26.0243401600|25.8961414400|25.8961414400|1267700|33395280.0000|25.8961414400
13100000|25.8961414400|25.9947558400|25.8862800000|25.9750329600|1042000|27410832.0000|25.9750329600
13150000|25.9848944000|26.0144787200|25.9257257600|25.9848944000|680800|17934304.0000|25.9848944000
13200000|25.9848944000|26.2610147200|25.9060028800|26.2610147200|2387100|63170256.0000|26.2610147200
13250000|26.2708761600|26.2708761600|26.0736473600|26.1130931200|933000|24787584.0000|26.1130931200
13300000|26.1130931200|26.2807376000|26.0933702400|26.2314304000|675300|17934688.0000|26.2314304000
13350000|26.2412918400|26.3300448000|26.1821232000|26.2215689600|769300|20474656.0000|26.2215689600
13400000|26.2215689600|26.2314304000|26.1328160000|26.2117075200|771500|20478496.0000|26.2117075200
13450000|26.2117075200|26.4187977600|26.2018460800|26.4089363200|952700|25383840.0000|26.4089363200
13500000|26.4089363200|26.6160265600|26.3892134400|26.5667193600|1861500|50010112.0000|26.5667193600
13550000|26.5568579200|26.5568579200|26.3497676800|26.3596291200|1098929|29449552.0000|26.3596291200
14000000|26.3793520000|26.5667193600|26.3596291200|26.4779664000|862200|23111632.0000|26.4779664000
14050000|26.4779664000|26.6258880000|26.4286592000|26.5667193600|1160800|31248768.0000|26.5667193600
14100000|26.5667193600|26.6160265600|26.4286592000|26.4286592000|927800|24960784.0000|26.4286592000
14150000|26.4286592000|26.4286592000|26.2708761600|26.3793520000|536000|14312384.0000|26.3793520000
14200000|26.3694905600|26.3793520000|26.2807376000|26.2807376000|526100|14043344.0000|26.2807376000
14250000|26.2905990400|26.3694905600|26.2511532800|26.2807376000|575600|15363216.0000|26.2807376000
14300000|26.2807376000|26.2807376000|26.1821232000|26.1821232000|955190|25394256.0000|26.1821232000
14350000|26.1821232000|26.2807376000|26.1722617600|26.2807376000|1094094|29084064.0000|26.2807376000
14400000|26.2708761600|26.3694905600|26.2412918400|26.3399062400|655046|17477680.0000|26.3399062400
14450000|26.3497676800|26.3596291200|26.2905990400|26.3103219200|439800|11742448.0000|26.3103219200
14500000|26.3103219200|26.3201833600|26.2215689600|26.2412918400|623944|16610528.0000|26.2412918400
14550000|26.2215689600|26.2314304000|26.1624003200|26.1821232000|916078|24330256.0000|26.1821232000
15000000|26.1821232000|26.1821232000|26.1229545600|26.1821232000|1199804|31839088.0000|26.1821232000
