09350000|28.0542122600|28.2318330200|27.9752697000|28.1528904600|2610100|74435336.0000|28.1528904600
09400000|28.2022295600|28.2219652000|28.1134191800|28.1232870000|1390800|39709080.0000|28.1232870000
09450000|28.1232870000|28.2811721200|28.1232870000|28.2811721200|2148600|61356592.0000|28.2811721200
09500000|28.2811721200|28.2910399400|28.2022295600|28.2219652000|1411700|40413072.0000|28.2219652000
09550000|28.2318330200|28.2713043000|28.1923617400|28.2219652000|811600|23226656.0000|28.2219652000
10000000|28.2219652000|28.2614364800|28.1923617400|28.1923617400|612800|17528288.0000|28.1923617400
10050000|28.1923617400|28.2515686600|28.1824939200|28.2417008400|513800|14687360.0000|28.2417008400
10100000|28.2515686600|28.3995859600|28.2417008400|28.3897181400|1667800|47903296.0000|28.3897181400
10150000|28.3995859600|28.4883963400|28.3107755800|28.3403790400|1827400|52577344.0000|28.3403790400
10200000|28.3305112200|28.3305112200|28.2614364800|28.2713043000|936700|26848320.0000|28.2713043000
10250000|28.2614364800|28.4193216000|28.2614364800|28.3403790400|1005300|28885504.0000|28.3403790400
10300000|28.3502468600|28.5673389000|28.3403790400|28.5673389000|1900400|54826368.0000|28.5673389000
10350000|28.5772067200|28.6364136400|28.4982641600|28.6166780000|2895900|83904544.0000|28.6166780000
10400000|28.6364136400|28.6364136400|28.5278676200|28.6166780000|1164100|33729476.0000|28.6166780000
10450000|28.6166780000|28.6758849200|28.5673389000|28.6660171000|1439600|41781180.0000|28.6660171000
10500000|28.6660171000|28.6758849200|28.5476032600|28.6068101800|727900|21108286.0000|28.6068101800
10550000|28.6166780000|28.7449596600|28.6166780000|28.6857527400|1500500|43645122.0000|28.6857527400
11000000|28.6857527400|28.6857527400|28.5870745400|28.6660171000|504600|14641850.0000|28.6660171000
11050000|28.6660171000|28.6758849200|28.6265458200|28.6364136400|364900|10591554.0000|28.6364136400
11100000|28.6265458200|28.6857527400|28.6265458200|28.6660171000|550300|15978116.0000|28.6660171000
11150000|28.6660171000|28.7054883800|28.6265458200|28.6956205600|435000|12637824.0000|28.6956205600
11200000|28.6956205600|28.7350918400|28.6956205600|28.7350918400|746700|21735360.0000|28.7350918400
11250000|28.7350918400|28.7942987600|28.7350918400|28.7844309400|899900|26237760.0000|28.7844309400
11300000|28.7745631200|28.7942987600|28.7646953000|28.7844309400|705700|20581440.0000|28.7844309400
13050000|28.7745631200|28.8732413200|28.6561492800|28.6660171000|2023900|59050304.0000|28.6660171000
13100000|28.6660171000|28.6956205600|28.5870745400|28.6956205600|921700|26740220.0000|28.6956205600
13150000|28.6956205600|28.6956205600|28.5870745400|28.5969423600|464800|13481916.0000|28.5969423600
13200000|28.5969423600|28.6265458200|28.5081319800|28.5476032600|1101900|31902472.0000|28.5476032600
13250000|28.5476032600|28.6758849200|28.5377354400|28.6660171000|431700|12512708.0000|28.6660171000
13300000|28.6561492800|28.6758849200|28.5772067200|28.6660171000|549300|15934137.0000|28.6660171000
13350000|28.6660171000|28.7153562000|28.6166780000|28.7054883800|805800|23414463.0000|28.7054883800
13400000|28.6956205600|28.7844309400|28.6857527400|28.6857527400|646100|18816133.0000|28.6857527400
13450000|28.6857527400|28.6956205600|28.6166780000|28.6462814600|498500|14475718.0000|28.6462814600
13500000|28.6462814600|28.6660171000|28.6166780000|28.6660171000|473700|13745661.0000|28.6660171000
13550000|28.6561492800|28.6956205600|28.6462814600|28.6462814600|404500|11751740.0000|28.6462814600
14000000|28.6364136400|28.6758849200|28.6265458200|28.6364136400|325900|9464388.0000|28.6364136400
14050000|28.6364136400|28.6561492800|28.5969423600|28.6462814600|764100|22164865.0000|28.6462814600
14100000|28.6561492800|28.6857527400|28.6462814600|28.6561492800|331100|9620468.0000|28.6561492800
14150000|28.6561492800|28.6660171000|28.6068101800|28.6166780000|513000|14881547.0000|28.6166780000
14200000|28.6166780000|28.6364136400|28.6068101800|28.6364136400|363000|10528768.0000|28.6364136400
14250000|28.6364136400|28.6758849200|28.6166780000|28.6660171000|456700|13257717.0000|28.6660171000
14300000|28.6660171000|28.6660171000|28.6166780000|28.6166780000|597800|17344767.0000|28.6166780000
14350000|28.6166780000|28.6265458200|28.5969423600|28.6068101800|1124200|32588292.0000|28.6068101800
14400000|28.6068101800|28.6068101800|28.5673389000|28.6068101800|550700|15955324.0000|28.6068101800
14450000|28.5969423600|28.6364136400|28.5969423600|28.6265458200|754200|21867652.0000|28.6265458200
14500000|28.6265458200|28.6660171000|28.6166780000|28.6561492800|626300|18186111.0000|28.6561492800
14550000|28.6561492800|28.6857527400|28.6364136400|28.6758849200|912800|26508029.0000|28.6758849200
15000000|28.6758849200|28.6956205600|28.6758849200|28.6758849200|1103700|32080396.0000|28.6758849200
