09350000|39.8955962600|40.2014986800|39.8857284400|40.2014986800|1571200|63721852.0000|40.2014986800
09400000|40.1817630400|40.3593838000|40.1126883000|40.3593838000|1754500|71514532.0000|40.3593838000
09450000|40.3593838000|40.3593838000|40.0830848400|40.0929526600|1340800|54708496.0000|40.0929526600
09500000|40.1324239400|40.1718952200|39.9745388200|40.0238779200|974900|39593232.0000|40.0238779200
09550000|40.0140101000|40.1225561200|39.9646710000|40.0337457400|522100|21170880.0000|40.0337457400
10000000|40.0337457400|40.0830848400|40.0041422800|40.0633492000|331600|13455584.0000|40.0633492000
10050000|40.0436135600|40.0732170200|40.0041422800|40.0238779200|355500|14426912.0000|40.0238779200
10100000|40.0238779200|40.0830848400|39.9942744600|40.0732170200|349500|14179808.0000|40.0732170200
10150000|40.0732170200|40.1225561200|40.0140101000|40.1225561200|353900|14366432.0000|40.1225561200
10200000|40.1225561200|40.2311021400|40.1028204800|40.1422917600|650500|26470208.0000|40.1422917600
10250000|40.1324239400|40.1620274000|40.0830848400|40.1620274000|224000|9106976.0000|40.1620274000
10300000|40.1620274000|40.1620274000|40.1225561200|40.1225561200|361900|14720640.0000|40.1225561200
10350000|40.1126883000|40.1225561200|39.9942744600|39.9942744600|261800|10630592.0000|39.9942744600
10400000|39.9942744600|40.0041422800|39.8857284400|39.9054640800|518400|20989856.0000|39.9054640800
10450000|39.9054640800|39.9646710000|39.8955962600|39.9548031800|264100|10688640.0000|39.9548031800
10500000|39.9548031800|40.0732170200|39.9449353600|40.0140101000|314300|12741920.0000|40.0140101000
10550000|40.0041422800|40.0534813800|39.9942744600|40.0238779200|99200|4023616.0000|40.0238779200
11000000|40.0238779200|40.0238779200|39.9251997200|39.9251997200|278400|11277472.0000|39.9251997200
11050000|39.9449353600|40.0238779200|39.9449353600|40.0140101000|157100|6367776.0000|40.0140101000
11100000|40.0140101000|40.0830848400|40.0041422800|40.0732170200|226100|9177056.0000|40.0732170200
11150000|40.0633492000|40.1028204800|39.9449353600|39.9548031800|549700|22288000.0000|39.9548031800
11200000|39.9548031800|39.9745388200|39.9153319000|39.9449353600|233200|9437984.0000|39.9449353600
11250000|39.9449353600|39.9646710000|39.8955962600|39.9054640800|290400|11747520.0000|39.9054640800
11300000|39.9054640800|39.9153319000|39.8758606200|39.9054640800|236600|9565568.0000|39.9054640800
13050000|39.8758606200|39.9449353600|39.8166537000|39.8561249800|571200|23074144.0000|39.8561249800
13100000|39.8561249800|39.9054640800|39.8363893400|39.8462571600|206500|8342816.0000|39.8462571600
13150000|39.8462571600|39.9646710000|39.8363893400|39.9251997200|285200|11534176.0000|39.9251997200
13200000|39.9251997200|39.9942744600|39.8955962600|39.9350675400|465500|18841976.0000|39.9350675400
13250000|39.9350675400|39.9745388200|39.9153319000|39.9153319000|332300|13453125.0000|39.9153319000
13300000|39.9054640800|39.9153319000|39.8363893400|39.8363893400|331000|13375550.0000|39.8363893400
13350000|39.8462571600|40.0337457400|39.8265215200|39.9350675400|981200|39719749.0000|39.9350675400
13400000|39.9251997200|40.1521595800|39.9251997200|40.0633492000|1385400|56278520.0000|40.0633492000
13450000|40.0534813800|40.0732170200|39.9646710000|40.0238779200|440900|17880910.0000|40.0238779200
13500000|40.0238779200|40.1028204800|40.0238779200|40.0633492000|374200|15191542.0000|40.0633492000
13550000|40.0534813800|40.0830848400|40.0041422800|40.0436135600|429100|17419266.0000|40.0436135600
14000000|40.0436135600|40.1324239400|40.0140101000|40.0238779200|518400|21043835.0000|40.0238779200
14050000|40.0238779200|40.0633492000|39.9646710000|40.0140101000|561900|22773249.0000|40.0140101000
14100000|40.0238779200|40.0238779200|39.9449353600|39.9942744600|390700|15832329.0000|39.9942744600
14150000|39.9942744600|40.0337457400|39.9449353600|39.9449353600|493400|19995896.0000|39.9449353600
14200000|39.9449353600|40.0238779200|39.9449353600|39.9646710000|272500|11038909.0000|39.9646710000
14250000|39.9646710000|40.0041422800|39.8758606200|40.0041422800|274600|11113162.0000|40.0041422800
14300000|39.9844066400|40.0140101000|39.8363893400|39.8363893400|410700|16612030.0000|39.8363893400
14350000|39.8462571600|39.9153319000|39.8363893400|39.9054640800|596500|24098880.0000|39.9054640800
14400000|39.9054640800|39.9449353600|39.8758606200|39.9449353600|555800|22480324.0000|39.9449353600
14450000|39.9449353600|39.9548031800|39.9153319000|39.9350675400|491200|19881852.0000|39.9350675400
14500000|39.9153319000|39.9153319000|39.8659928000|39.9153319000|592500|23953786.0000|39.9153319000
14550000|39.9153319000|39.9449353600|39.8561249800|39.9054640800|701000|28349504.0000|39.9054640800
15000000|39.8955962600|39.9054640800|39.8659928000|39.9054640800|1067200|43150466.0000|39.9054640800
