09350000|123.3126921400|124.6987725500|121.1317963900|124.3304434900|371800|47090580.0000|124.3304434900
09400000|124.3304434900|124.6212295900|123.6616354600|124.3013648800|117500|15059680.0000|124.3013648800
09450000|124.3013648800|125.6099023300|124.3013648800|125.6099023300|142300|18349144.0000|125.6099023300
09500000|125.6099023300|125.6195952000|124.3886007100|124.3886007100|136700|17622448.0000|124.3886007100
09550000|124.3886007100|124.4758365400|123.8554928600|123.9718073000|98700|12642984.0000|123.9718073000
10000000|123.9718073000|124.6793868100|123.6325568500|124.5630723700|96600|12352152.0000|124.5630723700
10050000|124.5630723700|125.0283301300|123.9718073000|124.4952222800|99100|12738088.0000|124.4952222800
10100000|124.4952222800|124.5436866300|124.0687360000|124.3110577500|70100|8989248.0000|124.3110577500
10150000|124.3207506200|124.3207506200|123.4677780600|123.5065495400|102800|13133040.0000|123.5065495400
10200000|123.5065495400|124.1365860900|123.5065495400|123.9330358200|64300|8220768.0000|123.9330358200
10250000|124.0590431300|124.7860083800|123.6907140700|124.7860083800|58400|7483696.0000|124.7860083800
10300000|124.7860083800|124.8635513400|124.2141290500|124.5339937600|24300|3123280.0000|124.5339937600
10350000|124.5339937600|124.9410943000|124.3692149700|124.6696939400|32400|4171264.0000|124.6696939400
10400000|124.6696939400|124.8732442100|124.5824581100|124.7957012500|30500|3924848.0000|124.7957012500
10450000|124.7957012500|125.1349517000|124.6018438500|124.7860083800|69700|8978448.0000|124.7860083800
10500000|124.7860083800|124.9701729100|124.6212295900|124.8732442100|26800|3451376.0000|124.8732442100
10550000|124.8053941200|124.9604800400|124.6212295900|124.8732442100|36200|4660624.0000|124.8732442100
11000000|124.8732442100|125.2415732700|124.8635513400|125.2415732700|45600|5883280.0000|125.2415732700
11050000|125.2415732700|125.4257378000|125.1155659600|125.3191162300|40800|5274496.0000|125.3191162300
11100000|125.3191162300|125.3191162300|124.7666226400|125.0477158700|83000|10701616.0000|125.0477158700
11150000|125.0477158700|125.2706518800|125.0380230000|125.1058730900|40700|5252688.0000|125.1058730900
11200000|125.1058730900|125.2512661400|124.7666226400|124.7666226400|27400|3532576.0000|124.7666226400
11250000|124.7472369000|125.2318804000|124.6503082000|125.1155659600|28000|3610480.0000|125.1155659600
11300000|125.1155659600|125.4257378000|125.1155659600|125.3869663200|38900|5028912.0000|125.3869663200
13050000|125.3772734500|126.0073100000|125.3772734500|125.5614379800|100300|13005360.0000|125.5614379800
13100000|125.5614379800|125.5614379800|124.6987725500|124.7278511600|31500|4068496.0000|124.7278511600
13150000|124.7278511600|124.9604800400|124.7278511600|124.9507871700|29800|3839232.0000|124.9507871700
13200000|124.9507871700|124.9604800400|124.7278511600|124.7472369000|27900|3593056.0000|124.7472369000
13250000|124.7569297700|124.8150869900|124.3595221000|124.4661436700|55900|7183072.0000|124.4661436700
13300000|124.4661436700|124.8344727300|124.4661436700|124.7666226400|38000|4886944.0000|124.7666226400
13350000|124.7666226400|125.0380230000|124.7375440300|124.9217085600|29700|3828544.0000|124.9217085600
13400000|124.9314014300|125.0283301300|124.8247798600|125.0283301300|31200|4021792.0000|125.0283301300
13450000|125.0283301300|125.0380230000|124.6696939400|124.7375440300|36000|4638592.0000|124.7375440300
13500000|124.7375440300|124.8053941200|124.5146080200|124.5146080200|47500|6110432.0000|124.5146080200
13550000|124.5146080200|124.6503082000|124.3886007100|124.5436866300|62900|8078720.0000|124.5436866300
14000000|124.5436866300|125.0380230000|124.4564508000|125.0089443900|55300|7118048.0000|125.0089443900
14050000|125.0089443900|125.5808237200|125.0089443900|125.5614379800|68700|8883168.0000|125.5614379800
14100000|125.5614379800|126.4337962800|125.5517451100|126.3077889700|156200|20317920.0000|126.3077889700
14150000|126.3077889700|126.3368675800|125.8328383400|125.8328383400|53000|6895616.0000|125.8328383400
14200000|125.8328383400|126.2011674000|125.6099023300|126.2011674000|56100|7290240.0000|126.2011674000
14250000|126.2011674000|126.2496317500|126.0654672200|126.2399388800|58200|7575136.0000|126.2399388800
14300000|126.2399388800|126.9765970000|126.2399388800|126.5888822000|111500|14571232.0000|126.5888822000
14350000|126.5888822000|126.9475183900|126.3853319300|126.5210321100|59400|7769632.0000|126.5210321100
14400000|126.5210321100|126.6858109000|126.4047176700|126.6858109000|45800|5979488.0000|126.6858109000
14450000|126.6858109000|127.4709333700|126.6858109000|127.4612405000|129400|16966656.0000|127.4612405000
14500000|127.4612405000|127.6163264200|127.2867688400|127.5775549400|85500|11243424.0000|127.5775549400
14550000|127.5775549400|127.7520266000|127.5290905900|127.5775549400|88700|11678080.0000|127.5775549400
15000000|127.5775549400|127.6260192900|127.3836975400|127.5581692000|74300|9777632.0000|127.5581692000
