093500|15.9500|15.9900|15.7000|15.7000|1745780|27588843.0000|15.7000
094000|15.7000|15.9000|15.6100|15.7600|894000|14060029.0000|15.7600
094500|15.8000|16.2900|15.7700|16.1000|1071940|17316658.0000|16.1000
095000|16.1000|16.2100|16.0900|16.1900|403980|6516440.0000|16.1900
095500|16.1800|16.1900|16.0800|16.0800|337820|5445977.0000|16.0800
100000|16.0800|16.0900|15.9500|15.9500|342900|5504695.0000|15.9500
100500|15.9600|16.0900|15.9400|16.0100|358700|5731157.0000|16.0100
101000|16.0100|16.1300|16.0000|16.1000|202400|3250835.0000|16.1000
101500|16.0900|16.1200|16.0500|16.1000|213000|3425941.0000|16.1000
102000|16.1100|16.1100|16.0500|16.0600|128300|2063249.0000|16.0600
102500|16.0400|16.1200|16.0200|16.0900|126000|2025680.0000|16.0900
103000|16.0900|16.1700|16.0700|16.1700|211800|3416284.0000|16.1700
103500|16.1700|16.1900|16.0900|16.1100|178400|2882930.0000|16.1100
104000|16.1100|16.1100|16.0500|16.0500|123400|1983782.0000|16.0500
104500|16.0500|16.0800|16.0000|16.0200|125500|2013042.0000|16.0200
105000|16.0200|16.0200|15.9800|15.9900|189500|3031584.0000|15.9900
105500|15.9900|16.0900|15.9900|16.0400|143700|2302150.0000|16.0400
110000|16.0400|16.1000|16.0300|16.1000|74100|1189672.0000|16.1000
110500|16.1000|16.1000|16.0300|16.0700|137317|2205895.0000|16.0700
111000|16.0700|16.0700|16.0100|16.0200|108400|1737993.0000|16.0200
111500|16.0100|16.0600|16.0000|16.0500|158700|2541469.0000|16.0500
112000|16.0500|16.0600|16.0000|16.0000|96100|1540209.0000|16.0000
112500|16.0000|16.0200|15.9900|15.9900|108200|1731633.0000|15.9900
113000|15.9900|16.0100|15.9900|15.9900|131200|2098702.0000|15.9900
130500|16.0100|16.0700|15.9900|16.0700|129940|2081126.0000|16.0700
131000|16.0700|16.1100|16.0700|16.0900|104100|1675296.0000|16.0900
131500|16.0900|16.1100|16.0500|16.1100|133500|2146990.0000|16.1100
132000|16.1100|16.1300|16.1000|16.1000|155200|2501523.0000|16.1000
132500|16.1000|16.1300|16.1000|16.1000|185000|2981894.0000|16.1000
133000|16.1000|16.1100|16.0800|16.1100|122800|1977086.0000|16.1100
133500|16.1100|16.1200|16.1000|16.1000|167500|2698080.0000|16.1000
134000|16.1000|16.1000|16.0500|16.0600|103700|1666528.0000|16.0600
134500|16.0600|16.0900|16.0500|16.0900|162120|2604011.0000|16.0900
135000|16.0900|16.2100|16.0900|16.2000|417124|6741760.0000|16.2000
135500|16.2000|16.2000|16.1500|16.1600|195500|3159589.0000|16.1600
140000|16.1600|16.1800|16.1400|16.1800|138400|2235435.0000|16.1800
140500|16.1800|16.1800|16.1600|16.1800|214760|3472652.0000|16.1800
141000|16.1800|16.2100|16.1800|16.2100|253100|4098683.0000|16.2100
141500|16.2100|16.2200|16.1600|16.1700|182000|2946157.0000|16.1700
142000|16.1600|16.1700|16.1000|16.1200|194576|3139666.0000|16.1200
142500|16.1200|16.1600|16.0900|16.0900|174500|2813646.0000|16.0900
143000|16.0900|16.1200|16.0300|16.1000|230500|3708802.0000|16.1000
143500|16.1000|16.1000|16.0500|16.0800|230700|3708201.0000|16.0800
144000|16.0800|16.1600|16.0800|16.1400|356764|5756094.0000|16.1400
144500|16.1500|16.1600|16.1400|16.1600|394943|6377285.0000|16.1600
145000|16.1600|16.2000|16.1500|16.2000|551980|8932912.0000|16.2000
145500|16.2000|16.2200|16.1900|16.2000|580289|9401708.0000|16.2000
150000|16.2100|16.2900|16.2000|16.2900|699880|11374360.0000|16.2900
