093500|193.68|200.96|191.99|192.85|20531.0|402618726.0|191.99
094000|192.55|192.99|188.08|188.23|11764.0|224544436.0|192.85
094500|188.19|189.12|186.66|188.98|8517.0|160169880.0|188.23
095000|189.0|189.42|187.02|187.06|3720.0|69936165.0|188.98
095500|187.1|188.2|184.4|184.74|5413.0|100920342.0|187.06
100000|184.81|186.08|184.75|185.7|2623.0|48650060.0|184.74
100500|185.66|187.58|185.66|186.25|2091.0|39027156.0|185.7
101000|186.25|187.6|185.79|186.87|2047.0|38215996.0|186.25
101500|186.67|186.68|184.08|184.1|3009.0|55791927.0|186.87
102000|184.03|184.16|183.07|183.31|3321.0|61026017.0|184.1
102500|183.5|183.88|181.51|182.02|3838.0|70047996.0|183.31
103000|182.02|183.89|182.02|183.44|2082.0|38151025.0|182.02
103500|183.4|183.58|182.01|182.06|1977.0|36123450.0|183.44
104000|182.01|183.2|182.01|182.58|1004.0|18329904.0|182.06
104500|182.58|183.5|182.56|183.5|858.0|15701811.0|182.58
105000|183.36|183.6|182.88|182.95|1036.0|18981962.0|183.5
105500|182.91|183.09|182.32|182.56|1049.0|19172680.0|182.95
110000|182.56|183.1|182.5|182.88|567.0|10359743.0|182.56
110500|182.8|182.94|181.08|181.51|2006.0|36508565.0|182.88
111000|181.51|181.99|180.98|181.99|1166.0|21135045.0|181.51
111500|181.99|181.99|180.0|180.81|2339.0|42263945.0|181.99
112000|180.78|180.92|179.2|179.47|2166.0|39011661.0|180.81
112500|179.47|180.39|179.47|180.2|1159.0|20862970.0|179.47
113000|180.19|180.44|179.66|180.44|811.0|14603788.0|180.2
130500|180.44|180.66|179.01|179.24|1243.0|22329135.0|180.44
131000|179.25|179.77|178.01|178.65|1738.0|31085344.0|179.24
131500|178.5|179.0|178.5|179.0|785.0|14033244.0|178.65
132000|179.0|181.07|179.0|180.4|1458.0|26303955.0|179.0
132500|180.27|180.4|179.0|179.43|1621.0|29159458.0|180.4
133000|179.42|180.1|179.28|180.09|642.0|11537095.0|179.43
133500|180.1|180.54|179.44|179.49|785.0|14117535.0|180.09
134000|179.51|180.49|179.5|180.1|724.0|13023944.0|179.49
134500|180.09|180.11|179.45|179.9|555.0|9985963.0|180.1
135000|179.94|181.08|179.94|180.34|1034.0|18664918.0|179.9
135500|180.31|180.31|179.4|179.69|1104.0|19847321.0|180.34
140000|179.68|180.47|179.58|180.05|456.0|8213932.0|179.69
140500|179.86|180.2|179.57|180.2|965.0|17346489.0|180.05
141000|180.29|180.88|179.51|179.91|1186.0|21382144.0|180.2
141500|179.63|182.0|179.63|181.0|1904.0|34470029.0|179.91
142000|181.0|182.0|180.85|182.0|976.0|17699677.0|181.0
142500|182.08|182.94|182.0|182.08|1997.0|36431596.0|182.0
143000|181.65|183.49|181.48|183.49|1219.0|22254677.0|182.08
143500|183.48|183.56|182.7|183.0|1297.0|23766678.0|183.49
144000|183.0|183.91|182.81|183.88|1451.0|26588833.0|183.0
144500|183.88|185.0|183.8|184.5|2159.0|39796655.0|183.88
145000|184.45|184.59|183.89|184.25|1500.0|27651798.0|184.5
145500|184.26|184.74|184.26|184.5|1947.0|35902409.0|184.25
150000|184.49|184.49|183.9|184.0|2073.0|38174059.0|184.5
