093500|9.28|9.32|9.27|9.27|10787.0|10014111.0|9.28
094000|9.27|9.27|9.24|9.25|8854.0|8195972.0|9.27
094500|9.25|9.26|9.24|9.25|5111.0|4727613.0|9.25
095000|9.25|9.27|9.25|9.26|5044.0|4668226.0|9.25
095500|9.25|9.26|9.23|9.23|8806.0|8139861.0|9.26
100000|9.23|9.24|9.21|9.22|6520.0|6014752.0|9.23
100500|9.21|9.23|9.2|9.2|9141.0|8418608.0|9.22
101000|9.21|9.21|9.17|9.18|9848.0|9053204.0|9.2
101500|9.18|9.19|9.16|9.16|8351.0|7664322.0|9.18
102000|9.16|9.19|9.16|9.18|10002.0|9174851.0|9.16
102500|9.18|9.2|9.18|9.18|4855.0|4461216.0|9.18
103000|9.18|9.19|9.16|9.17|4393.0|4030739.0|9.18
103500|9.17|9.18|9.16|9.16|2564.0|2351182.0|9.17
104000|9.16|9.18|9.16|9.17|3006.0|2757051.0|9.16
104500|9.18|9.18|9.16|9.17|4515.0|4140580.0|9.17
105000|9.17|9.19|9.16|9.18|3786.0|3472636.0|9.17
105500|9.18|9.19|9.17|9.17|2039.0|1871969.0|9.18
110000|9.18|9.19|9.18|9.19|711.0|652828.0|9.17
110500|9.19|9.2|9.18|9.18|1777.0|1633123.0|9.19
111000|9.18|9.19|9.16|9.17|4483.0|4111489.0|9.18
111500|9.16|9.16|9.13|9.14|9332.0|8534874.0|9.17
112000|9.14|9.16|9.13|9.16|2382.0|2178768.0|9.14
112500|9.16|9.17|9.15|9.17|2462.0|2255302.0|9.16
113000|9.17|9.17|9.13|9.13|3259.0|2982136.0|9.17
130500|9.13|9.15|9.12|9.12|5190.0|4739864.0|9.13
131000|9.12|9.13|9.11|9.13|4284.0|3908162.0|9.12
131500|9.12|9.14|9.12|9.13|2260.0|2062530.0|9.13
132000|9.14|9.15|9.13|9.15|1921.0|1755911.0|9.13
132500|9.14|9.15|9.14|9.15|890.0|813822.0|9.15
133000|9.15|9.16|9.14|9.14|4603.0|4211353.0|9.15
133500|9.15|9.15|9.13|9.13|2993.0|2736050.0|9.14
134000|9.13|9.14|9.13|9.13|895.0|817421.0|9.13
134500|9.14|9.14|9.13|9.14|1484.0|1355571.0|9.13
135000|9.13|9.15|9.13|9.14|2571.0|2349862.0|9.14
135500|9.14|9.14|9.13|9.13|2127.0|1943111.0|9.14
140000|9.14|9.14|9.12|9.13|2727.0|2490537.0|9.13
140500|9.13|9.14|9.12|9.13|2060.0|1880748.0|9.13
141000|9.13|9.13|9.12|9.12|1934.0|1765292.0|9.13
141500|9.12|9.13|9.12|9.12|2738.0|2498490.0|9.12
142000|9.12|9.13|9.11|9.11|6296.0|5740335.0|9.12
142500|9.12|9.13|9.11|9.11|1373.0|1251409.0|9.11
143000|9.12|9.13|9.11|9.12|3169.0|2889514.0|9.11
143500|9.12|9.14|9.12|9.14|2254.0|2056577.0|9.12
144000|9.13|9.14|9.12|9.13|1503.0|1372827.0|9.14
144500|9.13|9.14|9.12|9.14|2459.0|2246042.0|9.13
145000|9.13|9.14|9.12|9.14|2108.0|1925238.0|9.14
145500|9.13|9.14|9.12|9.13|3525.0|3219316.0|9.14
150000|9.13|9.14|9.13|9.14|5194.0|4745310.0|9.13
