09350000|7.1408690000|7.1806510000|7.1309235000|7.1607600000|2696500|19377168.0000|7.1607600000
09400000|7.1607600000|7.1707055000|7.1508145000|7.1607600000|1051200|7566820.0000|7.1607600000
09450000|7.1607600000|7.1707055000|7.1508145000|7.1607600000|613100|4413578.0000|7.1607600000
09500000|7.1607600000|7.1806510000|7.1607600000|7.1707055000|796200|5738882.0000|7.1707055000
09550000|7.1806510000|7.1806510000|7.1707055000|7.1806510000|829100|5982448.0000|7.1806510000
10000000|7.1806510000|7.1905965000|7.1707055000|7.1905965000|1075400|7765952.0000|7.1905965000
10050000|7.1806510000|7.1905965000|7.1607600000|7.1707055000|788900|5690936.0000|7.1707055000
10100000|7.1707055000|7.1707055000|7.1508145000|7.1607600000|1150400|8278996.0000|7.1607600000
10150000|7.1508145000|7.1607600000|7.1408690000|7.1408690000|966200|6949812.0000|7.1408690000
10200000|7.1408690000|7.1508145000|7.1408690000|7.1408690000|712600|5119624.0000|7.1408690000
10250000|7.1408690000|7.1508145000|7.1408690000|7.1408690000|253200|1819344.0000|7.1408690000
10300000|7.1408690000|7.1607600000|7.1408690000|7.1607600000|473800|3407120.0000|7.1607600000
10350000|7.1607600000|7.1806510000|7.1508145000|7.1806510000|870400|6269008.0000|7.1806510000
10400000|7.1806510000|7.1806510000|7.1607600000|7.1806510000|323000|2328416.0000|7.1806510000
10450000|7.1707055000|7.1806510000|7.1607600000|7.1707055000|351200|2532008.0000|7.1707055000
10500000|7.1707055000|7.1806510000|7.1707055000|7.1806510000|254000|1831416.0000|7.1806510000
10550000|7.1707055000|7.1806510000|7.1607600000|7.1707055000|388700|2802488.0000|7.1707055000
11000000|7.1607600000|7.1707055000|7.1508145000|7.1607600000|646000|4651664.0000|7.1607600000
11050000|7.1508145000|7.1607600000|7.1508145000|7.1607600000|304100|2188320.0000|7.1607600000
11100000|7.1607600000|7.1607600000|7.1508145000|7.1607600000|259200|1864928.0000|7.1607600000
11150000|7.1508145000|7.1607600000|7.1508145000|7.1607600000|286200|2058688.0000|7.1607600000
11200000|7.1607600000|7.1607600000|7.1508145000|7.1607600000|675500|4858880.0000|7.1607600000
11250000|7.1508145000|7.1607600000|7.1408690000|7.1408690000|476700|3427224.0000|7.1408690000
11300000|7.1408690000|7.1508145000|7.1309235000|7.1408690000|2371400|17023080.0000|7.1408690000
13050000|7.1408690000|7.1508145000|7.1309235000|7.1309235000|653700|4691904.0000|7.1309235000
13100000|7.1408690000|7.1408690000|7.1309235000|7.1309235000|356700|2559024.0000|7.1309235000
13150000|7.1309235000|7.1508145000|7.1309235000|7.1408690000|265200|1904480.0000|7.1408690000
13200000|7.1408690000|7.1508145000|7.1408690000|7.1408690000|492700|3537904.0000|7.1408690000
13250000|7.1408690000|7.1607600000|7.1408690000|7.1607600000|361800|2600784.0000|7.1607600000
13300000|7.1607600000|7.1707055000|7.1508145000|7.1707055000|782400|5631264.0000|7.1707055000
13350000|7.1707055000|7.1707055000|7.1508145000|7.1508145000|306900|2209232.0000|7.1508145000
13400000|7.1508145000|7.1607600000|7.1508145000|7.1607600000|267100|1922160.0000|7.1607600000
13450000|7.1607600000|7.1607600000|7.1408690000|7.1508145000|554600|3986144.0000|7.1508145000
13500000|7.1408690000|7.1508145000|7.1408690000|7.1508145000|298000|2140816.0000|7.1508145000
13550000|7.1508145000|7.1508145000|7.1408690000|7.1408690000|434600|3121424.0000|7.1408690000
14000000|7.1408690000|7.1508145000|7.1309235000|7.1508145000|2007000|14400720.0000|7.1508145000
14050000|7.1408690000|7.1707055000|7.1408690000|7.1707055000|1603800|11535088.0000|7.1707055000
14100000|7.1707055000|7.1707055000|7.1508145000|7.1607600000|275600|1983024.0000|7.1607600000
14150000|7.1508145000|7.1607600000|7.1408690000|7.1408690000|1242600|8931232.0000|7.1408690000
14200000|7.1508145000|7.1607600000|7.1408690000|7.1508145000|1393200|10017904.0000|7.1508145000
14250000|7.1508145000|7.1607600000|7.1408690000|7.1508145000|1890800|13582800.0000|7.1508145000
14300000|7.1508145000|7.1508145000|7.1408690000|7.1408690000|394200|2833328.0000|7.1408690000
14350000|7.1408690000|7.1607600000|7.1408690000|7.1508145000|993200|7142016.0000|7.1508145000
14400000|7.1607600000|7.1607600000|7.1508145000|7.1607600000|840500|6049424.0000|7.1607600000
14450000|7.1508145000|7.1607600000|7.1508145000|7.1508145000|331300|2383952.0000|7.1508145000
14500000|7.1607600000|7.1707055000|7.1508145000|7.1707055000|1035100|7452960.0000|7.1707055000
14550000|7.1707055000|7.1707055000|7.1607600000|7.1607600000|979500|7057440.0000|7.1607600000
15000000|7.1707055000|7.1806510000|7.1607600000|7.1806510000|1215700|8767552.0000|7.1806510000
