09350000|13.9041684000|13.9624668000|13.8944520000|13.9138848000|197129|2822838.0000|13.9138848000
09400000|13.9138848000|13.9333176000|13.9041684000|13.9041684000|60300|863543.0000|13.9041684000
09450000|13.9138848000|13.9430340000|13.9041684000|13.9236012000|98100|1405830.0000|13.9236012000
09500000|13.9236012000|14.0304816000|13.9236012000|14.0110488000|130900|1883080.0000|14.0110488000
09550000|14.0110488000|14.0401980000|14.0110488000|14.0110488000|117200|1691958.0000|14.0110488000
10000000|14.0110488000|14.0304816000|13.9818996000|13.9818996000|68300|984235.0000|13.9818996000
10050000|13.9721832000|14.0304816000|13.9624668000|14.0013324000|78800|1135632.0000|14.0013324000
10100000|14.0013324000|14.0596308000|13.9818996000|14.0304816000|122600|1770208.0000|14.0304816000
10150000|14.0304816000|14.0401980000|13.9527504000|13.9818996000|60500|871894.0000|13.9818996000
10200000|13.9818996000|14.0110488000|13.9624668000|13.9721832000|51900|746949.0000|13.9721832000
10250000|13.9624668000|14.0207652000|13.9430340000|14.0207652000|77600|1116236.0000|14.0207652000
10300000|14.0207652000|14.0693472000|14.0207652000|14.0304816000|104200|1506230.0000|14.0304816000
10350000|14.0304816000|14.0499144000|14.0207652000|14.0499144000|60900|879609.0000|14.0499144000
10400000|14.0401980000|14.0596308000|14.0304816000|14.0401980000|43200|624788.0000|14.0401980000
10450000|14.0401980000|14.0401980000|13.9624668000|13.9624668000|75100|1083072.0000|13.9624668000
10500000|13.9721832000|13.9721832000|13.9333176000|13.9527504000|95600|1372870.0000|13.9527504000
10550000|13.9430340000|13.9624668000|13.9236012000|13.9333176000|74200|1064440.0000|13.9333176000
11000000|13.9333176000|13.9430340000|13.9041684000|13.9430340000|85200|1220680.0000|13.9430340000
11050000|13.9430340000|13.9430340000|13.9138848000|13.9138848000|50400|722086.0000|13.9138848000
11100000|13.9138848000|13.9138848000|13.8555864000|13.8750192000|111000|1585790.0000|13.8750192000
11150000|13.8750192000|13.8750192000|13.8264372000|13.8555864000|80000|1140957.0000|13.8555864000
11200000|13.8555864000|13.8555864000|13.8264372000|13.8264372000|69100|983959.0000|13.8264372000
11250000|13.8264372000|13.8264372000|13.8070044000|13.8070044000|61700|877476.0000|13.8070044000
11300000|13.8070044000|13.8167208000|13.7875716000|13.8070044000|102100|1450039.0000|13.8070044000
13050000|13.8167208000|13.8264372000|13.7875716000|13.7875716000|102800|1460808.0000|13.7875716000
13100000|13.7972880000|13.9721832000|13.7875716000|13.9527504000|186700|2671838.0000|13.9527504000
13150000|13.9527504000|13.9527504000|13.9138848000|13.9527504000|54000|774725.0000|13.9527504000
13200000|13.9527504000|14.0207652000|13.9527504000|13.9818996000|110600|1592614.0000|13.9818996000
13250000|13.9818996000|13.9818996000|13.9430340000|13.9527504000|13300|191148.0000|13.9527504000
13300000|13.9527504000|13.9624668000|13.8750192000|13.8847356000|52100|745518.0000|13.8847356000
13350000|13.8847356000|13.8944520000|13.8458700000|13.8653028000|57200|816499.0000|13.8653028000
13400000|13.8653028000|13.8653028000|13.8167208000|13.8264372000|81900|1166157.0000|13.8264372000
13450000|13.8458700000|13.8750192000|13.8361536000|13.8458700000|15700|223738.0000|13.8458700000
13500000|13.8458700000|13.8458700000|13.8264372000|13.8361536000|37900|539757.0000|13.8361536000
13550000|13.8361536000|13.8361536000|13.8167208000|13.8167208000|48100|684287.0000|13.8167208000
14000000|13.8264372000|13.8264372000|13.7875716000|13.8070044000|122600|1741379.0000|13.8070044000
14050000|13.8070044000|13.8361536000|13.8070044000|13.8264372000|52000|739610.0000|13.8264372000
14100000|13.8264372000|13.8361536000|13.7972880000|13.8361536000|72481|1030186.0000|13.8361536000
14150000|13.8361536000|13.8361536000|13.7487060000|13.7584224000|131619|1866871.0000|13.7584224000
14200000|13.7584224000|13.7681388000|13.7195568000|13.7584224000|117500|1662251.0000|13.7584224000
14250000|13.7584224000|13.7681388000|13.7001240000|13.7389896000|129022|1823575.0000|13.7389896000
14300000|13.7389896000|13.7389896000|13.6806912000|13.7389896000|145100|2046958.0000|13.7389896000
14350000|13.7389896000|13.7875716000|13.7098404000|13.7098404000|135076|1912224.0000|13.7098404000
14400000|13.7098404000|13.7292732000|13.6806912000|13.7001240000|106200|1497273.0000|13.7001240000
14450000|13.7001240000|13.7195568000|13.6806912000|13.6806912000|150500|2122017.0000|13.6806912000
14500000|13.6904076000|13.6904076000|13.6321092000|13.6321092000|265400|3731553.0000|13.6321092000
14550000|13.6321092000|13.6709748000|13.6321092000|13.6709748000|311400|4373585.0000|13.6709748000
15000000|13.6709748000|13.6806912000|13.6515420000|13.6806912000|151440|2130818.0000|13.6806912000
