093500|42.85|43.39|42.84|43.01|4112.0|17735390.0|43.42
094000|43.04|43.15|42.91|43.14|1594.0|6864492.0|43.01
094500|43.16|43.42|43.07|43.37|1591.0|6888892.0|43.14
095000|43.35|43.49|43.29|43.46|1031.0|4474767.0|43.37
095500|43.45|43.47|43.31|43.37|1420.0|6162412.0|43.46
100000|43.3|43.47|43.3|43.42|963.0|4180195.0|43.37
100500|43.42|43.42|43.23|43.28|970.0|4200180.0|43.42
101000|43.26|43.35|43.22|43.22|930.0|4024477.0|43.28
101500|43.21|43.22|43.04|43.04|1264.0|5447402.0|43.22
102000|43.03|43.14|43.01|43.11|1252.0|5390047.0|43.04
102500|43.08|43.21|43.0|43.19|872.0|3759553.0|43.11
103000|43.19|43.2|43.04|43.1|550.0|2370300.0|43.19
103500|43.1|43.18|43.01|43.11|1369.0|5901780.0|43.1
104000|43.08|43.08|42.9|42.92|742.0|3187695.0|43.11
104500|42.92|42.98|42.8|42.89|886.0|3801120.0|42.92
105000|42.9|42.9|42.76|42.81|1157.0|4953218.0|42.89
105500|42.81|42.91|42.81|42.91|651.0|2790357.0|42.81
110000|42.9|42.91|42.85|42.86|423.0|1813769.0|42.91
110500|42.86|42.95|42.82|42.83|417.0|1787385.0|42.86
111000|42.85|42.88|42.74|42.88|386.0|1652211.0|42.83
111500|42.87|43.02|42.85|42.91|614.0|2636138.0|42.88
112000|42.95|42.96|42.89|42.91|203.0|871280.0|42.91
112500|42.89|42.92|42.8|42.85|302.0|1293919.0|42.91
113000|42.81|42.88|42.76|42.76|421.0|1803819.0|42.85
130500|42.75|42.75|42.49|42.56|1694.0|7212430.0|42.76
131000|42.55|42.79|42.53|42.7|938.0|3998185.0|42.56
131500|42.72|42.75|42.66|42.7|521.0|2225675.0|42.7
132000|42.73|42.78|42.65|42.74|467.0|1994488.0|42.7
132500|42.74|42.78|42.7|42.77|354.0|1512874.0|42.74
133000|42.76|42.84|42.73|42.79|378.0|1616131.0|42.77
133500|42.83|42.83|42.71|42.78|402.0|1718417.0|42.79
134000|42.78|42.78|42.43|42.57|1658.0|7057029.0|42.78
134500|42.56|42.62|42.56|42.59|816.0|3474268.0|42.57
135000|42.59|42.61|42.58|42.58|375.0|1597276.0|42.59
135500|42.59|42.63|42.54|42.61|345.0|1468966.0|42.58
140000|42.6|42.67|42.5|42.58|2060.0|8769067.0|42.61
140500|42.57|42.78|42.53|42.78|591.0|2523105.0|42.58
141000|42.86|42.87|42.73|42.82|1003.0|4292016.0|42.78
141500|42.82|42.83|42.72|42.75|490.0|2097060.0|42.82
142000|42.75|42.75|42.69|42.73|341.0|1456329.0|42.75
142500|42.73|42.76|42.65|42.73|756.0|3228083.0|42.73
143000|42.73|42.74|42.67|42.68|356.0|1520152.0|42.73
143500|42.69|42.8|42.69|42.75|767.0|3278419.0|42.68
144000|42.75|42.77|42.7|42.77|386.0|1649816.0|42.75
144500|42.74|42.8|42.69|42.72|551.0|2354566.0|42.77
145000|42.7|42.78|42.66|42.75|937.0|4002718.0|42.72
145500|42.76|42.86|42.72|42.73|1259.0|5387787.0|42.75
150000|42.8|42.8|42.69|42.71|818.0|3495369.0|42.73
