093500|24.5|25.0|24.5|24.81|6278.0|15571762.0|24.26
094000|24.82|24.95|24.7|24.88|3885.0|9646484.0|24.81
094500|24.87|25.09|24.85|24.96|6962.0|17389797.0|24.88
095000|24.96|25.15|24.94|25.01|4349.0|10889255.0|24.96
095500|25.03|25.15|24.96|25.14|2588.0|6486194.0|25.01
100000|25.14|25.3|25.14|25.21|3247.0|8192263.0|25.14
100500|25.21|25.26|25.06|25.08|2114.0|5324137.0|25.21
101000|25.07|25.11|25.05|25.09|1166.0|2924201.0|25.08
101500|25.1|25.1|25.03|25.08|1178.0|2952208.0|25.09
102000|25.08|25.09|24.99|25.07|1769.0|4429251.0|25.08
102500|25.07|25.07|24.99|24.99|1167.0|2920546.0|25.07
103000|24.99|25.05|24.99|25.04|724.0|1811973.0|24.99
103500|25.02|25.05|25.01|25.01|537.0|1343661.0|25.04
104000|25.01|25.01|24.93|24.94|1363.0|3403025.0|25.01
104500|24.94|24.99|24.94|24.99|511.0|1275396.0|24.94
105000|24.99|25.04|24.99|25.01|514.0|1285376.0|24.99
105500|25.01|25.04|25.0|25.01|1049.0|2624611.0|25.01
110000|25.0|25.03|25.0|25.02|358.0|895552.0|25.01
110500|25.01|25.03|24.98|25.01|910.0|2275555.0|25.02
111000|25.0|25.01|24.98|24.99|325.0|812145.0|25.01
111500|24.99|25.02|24.97|25.02|324.0|809912.0|24.99
112000|25.02|25.08|25.02|25.03|653.0|1635653.0|25.02
112500|25.02|25.09|25.01|25.07|986.0|2470148.0|25.03
113000|25.07|25.08|25.05|25.05|379.0|949890.0|25.07
130500|25.05|25.08|24.93|24.93|1401.0|3506830.0|25.05
131000|24.93|24.94|24.88|24.89|1020.0|2540526.0|24.93
131500|24.9|24.91|24.84|24.89|549.0|1365878.0|24.89
132000|24.89|24.91|24.87|24.88|318.0|791507.0|24.89
132500|24.87|24.88|24.83|24.83|468.0|1163052.0|24.88
133000|24.82|24.83|24.8|24.81|658.0|1632945.0|24.83
133500|24.82|24.83|24.75|24.75|1255.0|3110652.0|24.81
134000|24.76|24.88|24.76|24.82|792.0|1966333.0|24.75
134500|24.82|24.84|24.82|24.83|232.0|576069.0|24.82
135000|24.83|24.85|24.81|24.81|275.0|682750.0|24.83
135500|24.81|24.81|24.78|24.79|434.0|1075876.0|24.81
140000|24.79|24.82|24.78|24.82|221.0|547992.0|24.79
140500|24.82|24.84|24.82|24.84|261.0|648209.0|24.82
141000|24.84|24.84|24.83|24.83|445.0|1105192.0|24.84
141500|24.84|24.98|24.83|24.97|1662.0|4136717.0|24.83
142000|24.98|25.0|24.95|24.98|881.0|2199592.0|24.97
142500|24.99|25.0|24.97|24.98|378.0|944583.0|24.98
143000|24.98|24.98|24.91|24.92|697.0|1738368.0|24.98
143500|24.92|24.98|24.92|24.95|1238.0|3089950.0|24.92
144000|24.95|25.05|24.91|24.98|3143.0|7856911.0|24.95
144500|24.99|25.02|24.92|24.95|2121.0|5295661.0|24.98
145000|24.97|25.03|24.96|25.01|1284.0|3211552.0|24.95
145500|25.01|25.02|24.98|24.99|2011.0|5026210.0|25.01
150000|24.99|25.0|24.98|25.0|1422.0|3554405.0|24.99
