09350000|3.1341609300|3.1437455200|3.1245763400|3.1341609300|4174600|13647454.0000|3.1341609300
09400000|3.1341609300|3.1341609300|3.1245763400|3.1245763400|1196400|3910982.0000|3.1245763400
09450000|3.1341609300|3.1341609300|3.1245763400|3.1341609300|1248200|4077506.0000|3.1341609300
09500000|3.1341609300|3.1341609300|3.1245763400|3.1245763400|872800|2849178.0000|3.1245763400
09550000|3.1245763400|3.1341609300|3.1245763400|3.1245763400|923400|3013128.0000|3.1245763400
10000000|3.1245763400|3.1341609300|3.1245763400|3.1245763400|1937100|6326876.0000|3.1245763400
10050000|3.1341609300|3.1341609300|3.1245763400|3.1245763400|1575900|5141116.0000|3.1245763400
10100000|3.1341609300|3.1341609300|3.1149917500|3.1245763400|9125100|29738824.0000|3.1245763400
10150000|3.1245763400|3.1245763400|3.1149917500|3.1245763400|983100|3200688.0000|3.1245763400
10200000|3.1245763400|3.1341609300|3.1149917500|3.1245763400|2649200|8628944.0000|3.1245763400
10250000|3.1341609300|3.1341609300|3.1245763400|3.1341609300|523700|1708176.0000|3.1341609300
10300000|3.1341609300|3.1341609300|3.1149917500|3.1245763400|3475500|11331504.0000|3.1245763400
10350000|3.1149917500|3.1341609300|3.1149917500|3.1245763400|1494300|4867008.0000|3.1245763400
10400000|3.1245763400|3.1341609300|3.1245763400|3.1245763400|760200|2478704.0000|3.1245763400
10450000|3.1245763400|3.1341609300|3.1149917500|3.1149917500|1613500|5257816.0000|3.1149917500
10500000|3.1149917500|3.1245763400|3.1149917500|3.1149917500|1155600|3758072.0000|3.1149917500
10550000|3.1149917500|3.1341609300|3.1149917500|3.1245763400|1889300|6158360.0000|3.1245763400
11000000|3.1149917500|3.1341609300|3.1149917500|3.1245763400|804300|2621744.0000|3.1245763400
11050000|3.1245763400|3.1341609300|3.1149917500|3.1149917500|968800|3158424.0000|3.1149917500
11100000|3.1149917500|3.1245763400|3.1149917500|3.1245763400|688800|2244896.0000|3.1245763400
11150000|3.1245763400|3.1245763400|3.1149917500|3.1245763400|1411200|4595056.0000|3.1245763400
11200000|3.1245763400|3.1245763400|3.1149917500|3.1149917500|458400|1492848.0000|3.1149917500
11250000|3.1149917500|3.1245763400|3.1149917500|3.1149917500|695100|2263064.0000|3.1149917500
11300000|3.1149917500|3.1245763400|3.1149917500|3.1245763400|956400|3113224.0000|3.1245763400
13050000|3.1149917500|3.1245763400|3.1149917500|3.1245763400|1698900|5533472.0000|3.1245763400
13100000|3.1245763400|3.1245763400|3.1149917500|3.1245763400|242400|789024.0000|3.1245763400
13150000|3.1149917500|3.1341609300|3.1149917500|3.1245763400|2041400|6654000.0000|3.1245763400
13200000|3.1149917500|3.1245763400|3.1149917500|3.1149917500|416500|1356560.0000|3.1149917500
13250000|3.1245763400|3.1245763400|3.1149917500|3.1245763400|640800|2086832.0000|3.1245763400
13300000|3.1149917500|3.1245763400|3.1149917500|3.1149917500|568900|1850800.0000|3.1149917500
13350000|3.1149917500|3.1245763400|3.1149917500|3.1149917500|1621600|5273440.0000|3.1149917500
13400000|3.1149917500|3.1245763400|3.1149917500|3.1149917500|605800|1971072.0000|3.1149917500
13450000|3.1149917500|3.1245763400|3.1149917500|3.1149917500|632000|2054896.0000|3.1149917500
13500000|3.1149917500|3.1245763400|3.1054071600|3.1054071600|8138000|26447104.0000|3.1054071600
13550000|3.1054071600|3.1149917500|3.1054071600|3.1054071600|971000|3147264.0000|3.1054071600
14000000|3.1054071600|3.1149917500|3.1054071600|3.1054071600|1290100|4181936.0000|3.1054071600
14050000|3.1054071600|3.1149917500|3.0958225700|3.1054071600|4262600|13800944.0000|3.1054071600
14100000|3.0958225700|3.1054071600|3.0958225700|3.0958225700|1265300|4088400.0000|3.0958225700
14150000|3.0958225700|3.1054071600|3.0958225700|3.0958225700|574300|1856688.0000|3.0958225700
14200000|3.0958225700|3.1054071600|3.0958225700|3.1054071600|999700|3236320.0000|3.1054071600
14250000|3.1054071600|3.1149917500|3.0958225700|3.1054071600|2319200|7512960.0000|3.1054071600
14300000|3.1054071600|3.1149917500|3.1054071600|3.1149917500|618800|2007072.0000|3.1149917500
14350000|3.1149917500|3.1149917500|3.1054071600|3.1054071600|536100|1738000.0000|3.1054071600
14400000|3.1054071600|3.1149917500|3.1054071600|3.1054071600|679600|2203008.0000|3.1054071600
14450000|3.1149917500|3.1149917500|3.1054071600|3.1149917500|918100|2979824.0000|3.1149917500
14500000|3.1149917500|3.1149917500|3.1054071600|3.1054071600|1860600|6043120.0000|3.1054071600
14550000|3.1054071600|3.1245763400|3.1054071600|3.1149917500|4089200|13299904.0000|3.1149917500
15000000|3.1149917500|3.1245763400|3.1149917500|3.1149917500|2023900|6581216.0000|3.1149917500
