09350000|2.9808074900|2.9903920800|2.9712229000|2.9808074900|2989800|9299675.0000|2.9808074900
09400000|2.9903920800|2.9903920800|2.9808074900|2.9808074900|616600|1920448.0000|2.9808074900
09450000|2.9808074900|2.9903920800|2.9808074900|2.9808074900|863600|2690968.0000|2.9808074900
09500000|2.9808074900|2.9903920800|2.9808074900|2.9903920800|528300|1646187.0000|2.9903920800
09550000|2.9903920800|2.9903920800|2.9808074900|2.9808074900|609800|1901804.0000|2.9808074900
10000000|2.9808074900|2.9903920800|2.9808074900|2.9808074900|1166000|3631232.0000|2.9808074900
10050000|2.9808074900|2.9999766700|2.9808074900|2.9903920800|2943900|9188400.0000|2.9903920800
10100000|2.9903920800|2.9999766700|2.9808074900|2.9999766700|2263500|7063820.0000|2.9999766700
10150000|2.9999766700|2.9999766700|2.9903920800|2.9999766700|516900|1617024.0000|2.9999766700
10200000|2.9999766700|2.9999766700|2.9903920800|2.9999766700|557300|1742596.0000|2.9999766700
10250000|2.9999766700|2.9999766700|2.9903920800|2.9903920800|594300|1858160.0000|2.9903920800
10300000|2.9903920800|2.9999766700|2.9808074900|2.9999766700|6978000|21778300.0000|2.9999766700
10350000|2.9999766700|2.9999766700|2.9903920800|2.9999766700|1052600|3288564.0000|2.9999766700
10400000|2.9999766700|2.9999766700|2.9903920800|2.9903920800|763900|2386656.0000|2.9903920800
10450000|2.9903920800|2.9999766700|2.9903920800|2.9999766700|599600|1874272.0000|2.9999766700
10500000|2.9903920800|2.9999766700|2.9903920800|2.9903920800|489300|1531136.0000|2.9903920800
10550000|2.9903920800|2.9999766700|2.9903920800|2.9903920800|399800|1249688.0000|2.9903920800
11000000|2.9999766700|2.9999766700|2.9808074900|2.9903920800|2343400|7312072.0000|2.9903920800
11050000|2.9903920800|2.9903920800|2.9808074900|2.9903920800|256000|798424.0000|2.9903920800
11100000|2.9808074900|2.9903920800|2.9808074900|2.9808074900|251300|783544.0000|2.9808074900
11150000|2.9903920800|2.9903920800|2.9808074900|2.9903920800|114500|356776.0000|2.9903920800
11200000|2.9808074900|2.9999766700|2.9808074900|2.9903920800|1352900|4221848.0000|2.9903920800
11250000|2.9999766700|2.9999766700|2.9903920800|2.9999766700|252200|788344.0000|2.9999766700
11300000|2.9999766700|2.9999766700|2.9903920800|2.9999766700|807600|2526120.0000|2.9999766700
13050000|2.9903920800|2.9999766700|2.9808074900|2.9903920800|1262800|3940304.0000|2.9903920800
13100000|2.9903920800|2.9903920800|2.9808074900|2.9903920800|296500|924072.0000|2.9903920800
13150000|2.9903920800|2.9903920800|2.9808074900|2.9903920800|455000|1416896.0000|2.9903920800
13200000|2.9903920800|2.9903920800|2.9808074900|2.9808074900|265800|827536.0000|2.9808074900
13250000|2.9808074900|2.9903920800|2.9808074900|2.9903920800|283200|881528.0000|2.9903920800
13300000|2.9808074900|2.9903920800|2.9808074900|2.9903920800|608800|1897216.0000|2.9903920800
13350000|2.9903920800|2.9999766700|2.9808074900|2.9999766700|2562000|7992328.0000|2.9999766700
13400000|2.9999766700|2.9999766700|2.9903920800|2.9999766700|241700|756280.0000|2.9999766700
13450000|2.9999766700|2.9999766700|2.9903920800|2.9999766700|718200|2246856.0000|2.9999766700
13500000|2.9999766700|2.9999766700|2.9903920800|2.9999766700|797300|2494576.0000|2.9999766700
13550000|2.9999766700|2.9999766700|2.9903920800|2.9999766700|311200|972768.0000|2.9999766700
14000000|2.9903920800|2.9999766700|2.9903920800|2.9999766700|556400|1737664.0000|2.9999766700
14050000|2.9999766700|2.9999766700|2.9808074900|2.9808074900|4260800|13273536.0000|2.9808074900
14100000|2.9808074900|2.9903920800|2.9712229000|2.9808074900|6089300|18927152.0000|2.9808074900
14150000|2.9808074900|2.9903920800|2.9712229000|2.9903920800|1963900|6105872.0000|2.9903920800
14200000|2.9903920800|2.9903920800|2.9808074900|2.9808074900|673900|2098160.0000|2.9808074900
14250000|2.9808074900|2.9903920800|2.9808074900|2.9903920800|577000|1795472.0000|2.9903920800
14300000|2.9808074900|2.9903920800|2.9808074900|2.9903920800|310700|967824.0000|2.9903920800
14350000|2.9903920800|2.9903920800|2.9808074900|2.9903920800|323400|1007728.0000|2.9903920800
14400000|2.9903920800|2.9903920800|2.9808074900|2.9903920800|943200|2935312.0000|2.9903920800
14450000|2.9808074900|2.9903920800|2.9808074900|2.9903920800|716800|2234480.0000|2.9903920800
14500000|2.9903920800|2.9903920800|2.9808074900|2.9903920800|2597100|8086608.0000|2.9903920800
14550000|2.9903920800|2.9903920800|2.9808074900|2.9903920800|1665200|5190160.0000|2.9903920800
15000000|2.9903920800|2.9903920800|2.9808074900|2.9903920800|1709700|5332224.0000|2.9903920800
