093500|68.1000|68.2300|67.5100|67.6600|109600|7433973.0000|67.6600
094000|67.5600|68.3600|67.5500|68.2600|102300|6946708.0000|68.2600
094500|68.3100|68.4500|68.0600|68.0600|50200|3422363.0000|68.0600
095000|68.0600|68.1200|67.7700|67.9800|66700|4534538.0000|67.9800
095500|67.9500|68.1900|67.9400|67.9400|38800|2642036.0000|67.9400
100000|67.9400|67.9900|67.7000|67.7700|46900|3180886.0000|67.7700
100500|67.7300|67.7300|67.4000|67.4700|81600|5511656.0000|67.4700
101000|67.4300|67.5200|67.3700|67.4300|52200|3520368.0000|67.4300
101500|67.4000|67.4900|67.3200|67.3200|41100|2770804.0000|67.3200
102000|67.3300|67.5000|67.3000|67.3100|56700|3816536.0000|67.3100
102500|67.3000|67.4400|67.3000|67.4300|33900|2284376.0000|67.4300
103000|67.4100|67.5500|67.3900|67.5500|20700|1396232.0000|67.5500
103500|67.5500|67.6300|67.4400|67.4700|29600|1998004.0000|67.4700
104000|67.4700|67.5000|67.4100|67.4200|32100|2165788.0000|67.4200
104500|67.4300|67.4700|67.3700|67.3700|24200|1631368.0000|67.3700
105000|67.3700|67.5200|67.3700|67.5200|22500|1517176.0000|67.5200
105500|67.5300|67.5600|67.4500|67.5300|15500|1046384.0000|67.5300
110000|67.5000|67.5200|67.3800|67.4000|16400|1106428.0000|67.4000
110500|67.4000|67.4400|67.3100|67.3900|36700|2471364.0000|67.3900
111000|67.3900|67.4300|67.3100|67.4100|20600|1387868.0000|67.4100
111500|67.4400|67.5200|67.4100|67.4600|18500|1248736.0000|67.4600
112000|67.4600|67.4800|67.3700|67.3900|23700|1597028.0000|67.3900
112500|67.4400|67.4900|67.3700|67.3800|37800|2548804.0000|67.3800
113000|67.4000|67.4400|67.2800|67.2800|29900|2015956.0000|67.2800
130500|67.2800|67.4600|67.2800|67.4200|38600|2598192.0000|67.4200
131000|67.4100|67.4400|67.3300|67.4000|28800|1940656.0000|67.4000
131500|67.4000|67.4000|67.2000|67.2800|50000|3368576.0000|67.2800
132000|67.2800|67.3000|67.2000|67.2200|39800|2676376.0000|67.2200
132500|67.2200|67.2400|67.0500|67.1500|48200|3233280.0000|67.1500
133000|67.1200|67.3600|67.1000|67.3600|35800|2410320.0000|67.3600
133500|67.3600|67.5000|67.3100|67.5000|36300|2445328.0000|67.5000
134000|67.4400|67.5100|67.3300|67.3500|30700|2070032.0000|67.3500
134500|67.3400|67.3800|67.2000|67.2700|32900|2213872.0000|67.2700
135000|67.2800|67.3500|67.2000|67.2900|25500|1715608.0000|67.2900
135500|67.3000|67.3500|67.2000|67.2700|16600|1116816.0000|67.2700
140000|67.2700|67.3200|67.2000|67.2500|22500|1513056.0000|67.2500
140500|67.2800|67.3600|67.2000|67.3600|30300|2038616.0000|67.3600
141000|67.3600|67.5700|67.3100|67.5700|32900|2217832.0000|67.5700
141500|67.5700|67.7600|67.4900|67.7600|67300|4551824.0000|67.7600
142000|67.7100|67.8600|67.6800|67.8300|48100|3255848.0000|67.8300
142500|67.8300|67.8700|67.7100|67.7500|74700|5063928.0000|67.7500
143000|67.7500|67.9700|67.6800|67.8800|83300|5650632.0000|67.8800
143500|67.8800|68.0900|67.8100|68.0400|95000|6454408.0000|68.0400
144000|68.0400|68.1000|67.9300|68.0200|81500|5543744.0000|68.0200
144500|68.0200|68.0700|67.9100|67.9600|76200|5184232.0000|67.9600
145000|67.9700|68.0200|67.7400|67.7700|53400|3624016.0000|67.7700
145500|67.7700|67.8000|67.6600|67.6900|34600|2346368.0000|67.6900
150000|67.6900|67.8300|67.6600|67.8300|45600|3090048.0000|67.8300
