093500|16.68|16.99|16.6|16.84|41154.0|69241490.0|16.77
094000|16.85|17.05|16.7|17.04|24768.0|41809741.0|16.84
094500|17.08|17.23|17.08|17.09|39679.0|68093405.0|17.04
095000|17.08|17.37|16.95|17.25|26493.0|45490469.0|17.09
095500|17.25|17.55|17.25|17.47|41519.0|72334870.0|17.25
100000|17.48|17.48|17.36|17.44|17085.0|29757545.0|17.47
100500|17.44|17.46|17.38|17.42|14645.0|25526655.0|17.44
101000|17.41|17.43|17.33|17.37|6659.0|11577408.0|17.42
101500|17.37|17.39|17.31|17.36|6814.0|11818901.0|17.37
102000|17.36|17.43|17.32|17.32|8879.0|15428152.0|17.36
102500|17.34|17.37|17.3|17.33|6415.0|11120551.0|17.32
103000|17.36|17.4|17.31|17.34|5406.0|9378363.0|17.33
103500|17.33|17.36|17.29|17.35|6058.0|10491567.0|17.34
104000|17.35|17.36|17.25|17.27|4291.0|7424636.0|17.35
104500|17.27|17.31|17.25|17.29|5915.0|10219525.0|17.27
105000|17.3|17.34|17.28|17.28|6330.0|10959771.0|17.29
105500|17.27|17.28|17.21|17.22|4965.0|8562147.0|17.28
110000|17.22|17.24|17.18|17.23|7704.0|13257911.0|17.22
110500|17.22|17.25|17.16|17.16|6714.0|11549649.0|17.23
111000|17.16|17.22|17.11|17.14|8604.0|14768701.0|17.16
111500|17.14|17.15|17.08|17.1|6744.0|11540498.0|17.14
112000|17.11|17.18|17.09|17.11|8667.0|14844850.0|17.1
112500|17.11|17.14|16.99|17.07|4506.0|7691336.0|17.11
113000|17.07|17.09|17.02|17.06|3147.0|5366177.0|17.07
130500|17.05|17.09|17.03|17.05|5553.0|9469153.0|17.06
131000|17.04|17.07|17.0|17.0|5258.0|8957016.0|17.05
131500|17.01|17.04|16.99|17.01|5896.0|10018278.0|17.0
132000|17.01|17.03|16.99|17.02|2434.0|4140672.0|17.01
132500|17.03|17.04|16.94|16.98|3675.0|6244572.0|17.02
133000|16.98|17.0|16.96|16.98|2539.0|4311719.0|16.98
133500|16.98|17.04|16.97|17.04|2569.0|4366672.0|16.98
134000|17.03|17.12|17.03|17.12|3946.0|6736852.0|17.04
134500|17.13|17.13|17.04|17.04|2798.0|4780675.0|17.12
135000|17.04|17.04|17.0|17.03|2668.0|4539977.0|17.04
135500|17.02|17.05|17.01|17.03|1265.0|2154242.0|17.03
140000|17.02|17.03|16.99|17.01|2621.0|4458352.0|17.03
140500|17.0|17.0|16.97|16.97|1908.0|3241747.0|17.01
141000|16.98|16.99|16.94|16.96|3193.0|5417124.0|16.97
141500|16.96|16.97|16.94|16.95|2261.0|3833100.0|16.96
142000|16.95|16.98|16.95|16.98|2591.0|4397198.0|16.95
142500|16.98|17.0|16.96|16.97|2811.0|4772127.0|16.98
143000|16.96|16.98|16.95|16.97|2835.0|4808620.0|16.97
143500|16.97|16.99|16.95|16.99|5917.0|10033222.0|16.97
144000|16.99|17.0|16.95|16.97|3997.0|6784349.0|16.99
144500|16.98|16.98|16.93|16.93|5656.0|9595282.0|16.97
145000|16.94|16.95|16.88|16.91|5415.0|9159295.0|16.93
145500|16.92|16.92|16.88|16.92|7046.0|11911554.0|16.91
150000|16.91|16.92|16.9|16.91|5024.0|8496646.0|16.92
