09350000|13.0220098400|13.0581319200|12.9949182800|13.0220098400|238626|3440631.0000|13.0220098400
09400000|13.0310403600|13.0491014000|13.0129793200|13.0220098400|263100|3795769.0000|13.0220098400
09450000|13.0220098400|13.0310403600|12.9949182800|13.0310403600|223400|3218002.0000|13.0310403600
09500000|13.0220098400|13.0310403600|12.9587962000|12.9768572400|273074|3927955.0000|12.9768572400
09550000|12.9768572400|12.9768572400|12.9407351600|12.9678267200|278000|3988606.0000|12.9678267200
10000000|12.9678267200|12.9949182800|12.9407351600|12.9858877600|152200|2185387.0000|12.9858877600
10050000|12.9858877600|12.9949182800|12.9587962000|12.9678267200|159800|2296505.0000|12.9678267200
10100000|12.9678267200|12.9949182800|12.9587962000|12.9949182800|117400|1686541.0000|12.9949182800
10150000|13.0039488000|13.0310403600|12.9949182800|13.0310403600|84200|1213583.0000|13.0310403600
10200000|13.0220098400|13.0400708800|13.0129793200|13.0129793200|123000|1774320.0000|13.0129793200
10250000|13.0129793200|13.0129793200|12.9949182800|12.9949182800|128200|1845838.0000|12.9949182800
10300000|12.9949182800|13.0129793200|12.9949182800|13.0129793200|98600|1419354.0000|13.0129793200
10350000|13.0129793200|13.0129793200|12.9949182800|12.9949182800|94200|1356432.0000|12.9949182800
10400000|12.9949182800|13.0129793200|12.9858877600|12.9858877600|97300|1400398.0000|12.9858877600
10450000|12.9858877600|13.0039488000|12.9768572400|12.9949182800|72800|1047259.0000|12.9949182800
10500000|12.9949182800|13.0129793200|12.9858877600|13.0129793200|77103|1110098.0000|13.0129793200
10550000|13.0129793200|13.0129793200|12.9949182800|12.9949182800|66100|951931.0000|12.9949182800
11000000|13.0039488000|13.0220098400|12.9949182800|13.0129793200|66100|952098.0000|13.0129793200
11050000|13.0220098400|13.0220098400|12.9858877600|13.0039488000|138700|1997450.0000|13.0039488000
11100000|13.0039488000|13.0039488000|12.9949182800|12.9949182800|60800|875270.0000|12.9949182800
11150000|13.0039488000|13.0039488000|12.9858877600|12.9949182800|95500|1373962.0000|12.9949182800
11200000|12.9949182800|12.9949182800|12.9587962000|12.9858877600|143500|2061880.0000|12.9858877600
11250000|12.9858877600|13.0129793200|12.9858877600|13.0129793200|86900|1251075.0000|13.0129793200
11300000|13.0129793200|13.0129793200|12.9858877600|13.0039488000|84200|1212387.0000|13.0039488000
13050000|13.0039488000|13.0129793200|12.9949182800|13.0039488000|314900|4536015.0000|13.0039488000
13100000|13.0039488000|13.0039488000|12.9858877600|12.9858877600|175350|2522884.0000|12.9858877600
13150000|12.9949182800|13.0039488000|12.9768572400|12.9949182800|72900|1048736.0000|12.9949182800
13200000|12.9949182800|13.0220098400|12.9949182800|13.0129793200|110500|1592177.0000|13.0129793200
13250000|13.0129793200|13.0310403600|12.9949182800|13.0220098400|101014|1455814.0000|13.0220098400
13300000|13.0220098400|13.0491014000|13.0129793200|13.0400708800|141300|2038780.0000|13.0400708800
13350000|13.0400708800|13.0400708800|12.9949182800|12.9949182800|221876|3198763.0000|12.9949182800
13400000|13.0039488000|13.0039488000|12.9858877600|12.9949182800|124300|1788888.0000|12.9949182800
13450000|12.9858877600|12.9949182800|12.9768572400|12.9858877600|123900|1781946.0000|12.9858877600
13500000|12.9768572400|12.9858877600|12.9768572400|12.9858877600|55100|792131.0000|12.9858877600
13550000|12.9858877600|12.9858877600|12.9587962000|12.9587962000|177200|2544750.0000|12.9587962000
14000000|12.9587962000|12.9768572400|12.9587962000|12.9587962000|174200|2500645.0000|12.9587962000
14050000|12.9587962000|12.9678267200|12.9497656800|12.9678267200|156700|2247958.0000|12.9678267200
14100000|12.9587962000|12.9678267200|12.8955825600|12.9046130800|381300|5459273.0000|12.9046130800
14150000|12.9046130800|12.9136436000|12.8865520400|12.8955825600|190700|2724156.0000|12.8955825600
14200000|12.8955825600|12.9226741200|12.8955825600|12.9046130800|116800|1669442.0000|12.9046130800
14250000|12.9046130800|12.9226741200|12.8955825600|12.9046130800|133500|1908051.0000|12.9046130800
14300000|12.9046130800|12.9136436000|12.9046130800|12.9136436000|43061|615559.0000|12.9136436000
14350000|12.9046130800|12.9136436000|12.8413994400|12.8504299600|328000|4678706.0000|12.8504299600
14400000|12.8504299600|12.8594604800|12.8413994400|12.8504299600|172500|2454286.0000|12.8504299600
14450000|12.8413994400|12.8504299600|12.8323689200|12.8413994400|228600|3251188.0000|12.8413994400
14500000|12.8413994400|12.8594604800|12.8323689200|12.8594604800|221300|3147037.0000|12.8594604800
14550000|12.8594604800|12.8865520400|12.8504299600|12.8865520400|264800|3773552.0000|12.8865520400
15000000|12.8865520400|12.9046130800|12.8775215200|12.9046130800|263600|3764188.0000|12.9046130800
