09350000|12.9536000000|13.0152000000|12.9184000000|12.9976000000|972800|14334537.0000|12.9976000000
09400000|12.9888000000|12.9976000000|12.9184000000|12.9360000000|925300|13624416.0000|12.9360000000
09450000|12.9360000000|12.9976000000|12.9272000000|12.9888000000|572800|8445707.0000|12.9888000000
09500000|12.9976000000|13.0592000000|12.9888000000|13.0416000000|932400|13796108.0000|13.0416000000
09550000|13.0504000000|13.0944000000|13.0416000000|13.0856000000|862400|12804216.0000|13.0856000000
10000000|13.0856000000|13.0856000000|13.0328000000|13.0680000000|545950|8099838.0000|13.0680000000
10050000|13.0680000000|13.0768000000|13.0240000000|13.0768000000|578350|8577192.0000|13.0768000000
10100000|13.0768000000|13.1120000000|13.0504000000|13.0768000000|630510|9372102.0000|13.0768000000
10150000|13.0680000000|13.0944000000|13.0592000000|13.0680000000|632300|9398064.0000|13.0680000000
10200000|13.0680000000|13.1296000000|13.0680000000|13.0944000000|645701|9614485.0000|13.0944000000
10250000|13.0944000000|13.1472000000|13.0856000000|13.1384000000|461759|6881384.0000|13.1384000000
10300000|13.1384000000|13.1384000000|13.1032000000|13.1032000000|342600|5109407.0000|13.1032000000
10350000|13.1032000000|13.1120000000|13.0856000000|13.0944000000|244700|3642912.0000|13.0944000000
10400000|13.0944000000|13.1208000000|13.0856000000|13.1208000000|238500|3552111.0000|13.1208000000
10450000|13.1120000000|13.1208000000|13.0944000000|13.1208000000|300300|4472961.0000|13.1208000000
10500000|13.1120000000|13.1472000000|13.1032000000|13.1296000000|252000|3758638.0000|13.1296000000
10550000|13.1208000000|13.1296000000|13.0856000000|13.0944000000|334500|4984871.0000|13.0944000000
11000000|13.0944000000|13.0944000000|13.0768000000|13.0856000000|132300|1967887.0000|13.0856000000
11050000|13.0856000000|13.1032000000|13.0768000000|13.1032000000|163700|2434760.0000|13.1032000000
11100000|13.1032000000|13.1120000000|13.0856000000|13.0856000000|300000|4466129.0000|13.0856000000
11150000|13.0856000000|13.1032000000|13.0768000000|13.0768000000|234700|3490370.0000|13.0768000000
11200000|13.0768000000|13.0944000000|13.0680000000|13.0944000000|214600|3190986.0000|13.0944000000
11250000|13.0944000000|13.1120000000|13.0856000000|13.0856000000|186400|2774447.0000|13.0856000000
11300000|13.0856000000|13.1032000000|13.0856000000|13.1032000000|114600|1704900.0000|13.1032000000
13050000|13.1032000000|13.1208000000|13.0768000000|13.0856000000|536100|7980221.0000|13.0856000000
13100000|13.0768000000|13.0944000000|13.0768000000|13.0768000000|241700|3593051.0000|13.0768000000
13150000|13.0768000000|13.0856000000|13.0680000000|13.0680000000|215600|3203039.0000|13.0680000000
13200000|13.0680000000|13.0856000000|13.0504000000|13.0504000000|321200|4770951.0000|13.0504000000
13250000|13.0504000000|13.0856000000|13.0504000000|13.0768000000|216384|3212188.0000|13.0768000000
13300000|13.0768000000|13.1032000000|13.0680000000|13.0680000000|122300|1818368.0000|13.0680000000
13350000|13.0768000000|13.0944000000|13.0768000000|13.0856000000|92000|1368032.0000|13.0856000000
13400000|13.0856000000|13.0944000000|13.0856000000|13.0856000000|171200|2547452.0000|13.0856000000
13450000|13.0856000000|13.0944000000|13.0768000000|13.0856000000|145800|2167818.0000|13.0856000000
13500000|13.0856000000|13.0944000000|13.0768000000|13.0856000000|103900|1545244.0000|13.0856000000
13550000|13.0944000000|13.0944000000|13.0680000000|13.0680000000|142900|2123780.0000|13.0680000000
14000000|13.0680000000|13.0856000000|13.0680000000|13.0856000000|107100|1591703.0000|13.0856000000
14050000|13.0768000000|13.0856000000|13.0768000000|13.0856000000|69600|1034777.0000|13.0856000000
14100000|13.0768000000|13.0944000000|13.0768000000|13.0944000000|204200|3037231.0000|13.0944000000
14150000|13.0856000000|13.0944000000|13.0768000000|13.0944000000|199800|2971819.0000|13.0944000000
14200000|13.0944000000|13.0944000000|13.0768000000|13.0856000000|184900|2749935.0000|13.0856000000
14250000|13.0768000000|13.0856000000|13.0768000000|13.0856000000|107200|1593788.0000|13.0856000000
14300000|13.0768000000|13.0856000000|13.0680000000|13.0856000000|260900|3876684.0000|13.0856000000
14350000|13.0856000000|13.0944000000|13.0768000000|13.0944000000|172600|2566962.0000|13.0944000000
14400000|13.0856000000|13.0944000000|13.0856000000|13.0944000000|153700|2286780.0000|13.0944000000
14450000|13.0856000000|13.1032000000|13.0856000000|13.1032000000|193300|2877453.0000|13.1032000000
14500000|13.1032000000|13.1120000000|13.0944000000|13.0944000000|343300|5111532.0000|13.0944000000
14550000|13.0944000000|13.1032000000|13.0856000000|13.0944000000|624700|9296260.0000|13.0944000000
15000000|13.0856000000|13.1032000000|13.0856000000|13.1032000000|312000|4643607.0000|13.1032000000
