09350000|11.9692867000|12.0251744200|11.9413428400|11.9506574600|1006500|12934349.0000|11.9506574600
09400000|11.9506574600|11.9786013200|11.8761405000|11.9599720800|593900|7603195.0000|11.9599720800
09450000|11.9692867000|12.0438036600|11.9599720800|12.0158598000|847600|10939084.0000|12.0158598000
09500000|12.0251744200|12.0344890400|12.0065451800|12.0251744200|403000|5202724.0000|12.0251744200
09550000|12.0251744200|12.0438036600|12.0065451800|12.0344890400|381900|4930400.0000|12.0344890400
10000000|12.0251744200|12.0344890400|12.0065451800|12.0158598000|253600|3274372.0000|12.0158598000
10050000|12.0251744200|12.0810621400|12.0158598000|12.0717475200|816800|10571180.0000|12.0717475200
10100000|12.0717475200|12.0996913800|12.0438036600|12.0996913800|376500|4880384.0000|12.0996913800
10150000|12.0996913800|12.1276352400|12.0810621400|12.1183206200|1033900|13434072.0000|12.1183206200
10200000|12.1183206200|12.1742083400|12.0996913800|12.1462644800|989000|12885504.0000|12.1462644800
10250000|12.1462644800|12.1462644800|12.1183206200|12.1369498600|380300|4953888.0000|12.1369498600
10300000|12.1369498600|12.1462644800|12.1090060000|12.1369498600|442400|5760144.0000|12.1369498600
10350000|12.1276352400|12.1555791000|12.1276352400|12.1462644800|460200|5999464.0000|12.1462644800
10400000|12.1462644800|12.1555791000|12.1090060000|12.1276352400|338900|4411280.0000|12.1276352400
10450000|12.1276352400|12.1369498600|12.0903767600|12.0903767600|321300|4179360.0000|12.0903767600
10500000|12.0903767600|12.1555791000|12.0810621400|12.1462644800|347000|4515408.0000|12.1462644800
10550000|12.1555791000|12.1555791000|12.1090060000|12.1090060000|386500|5036008.0000|12.1090060000
11000000|12.0996913800|12.1090060000|12.0810621400|12.0810621400|300700|3904552.0000|12.0810621400
11050000|12.0903767600|12.1183206200|12.0810621400|12.0996913800|192500|2500976.0000|12.0996913800
11100000|12.0996913800|12.1090060000|12.0344890400|12.0531182800|331900|4298392.0000|12.0531182800
11150000|12.0531182800|12.0624329000|12.0158598000|12.0344890400|330000|4263608.0000|12.0344890400
11200000|12.0344890400|12.0438036600|12.0158598000|12.0344890400|125800|1624496.0000|12.0344890400
11250000|12.0344890400|12.0438036600|12.0065451800|12.0344890400|352400|4547072.0000|12.0344890400
11300000|12.0344890400|12.0624329000|12.0251744200|12.0438036600|91400|1182240.0000|12.0438036600
13050000|12.0438036600|12.0717475200|12.0438036600|12.0531182800|267700|3464608.0000|12.0531182800
13100000|12.0438036600|12.0531182800|12.0344890400|12.0438036600|136600|1765952.0000|12.0438036600
13150000|12.0438036600|12.0624329000|12.0344890400|12.0531182800|112900|1459776.0000|12.0531182800
13200000|12.0531182800|12.0624329000|12.0344890400|12.0438036600|81300|1051696.0000|12.0438036600
13250000|12.0531182800|12.0531182800|12.0251744200|12.0251744200|108900|1407424.0000|12.0251744200
13300000|12.0344890400|12.0344890400|12.0065451800|12.0158598000|216800|2797392.0000|12.0158598000
13350000|12.0158598000|12.0251744200|11.9972305600|11.9972305600|143200|1846208.0000|11.9972305600
13400000|12.0065451800|12.0065451800|11.9879159400|11.9972305600|251500|3239088.0000|11.9972305600
13450000|11.9879159400|12.0344890400|11.9786013200|12.0251744200|211200|2720880.0000|12.0251744200
13500000|12.0251744200|12.0251744200|11.9972305600|12.0065451800|99500|1283296.0000|12.0065451800
13550000|12.0158598000|12.0251744200|12.0065451800|12.0158598000|96600|1245920.0000|12.0158598000
14000000|12.0158598000|12.0344890400|12.0158598000|12.0158598000|125200|1616176.0000|12.0158598000
14050000|12.0158598000|12.0251744200|12.0065451800|12.0065451800|99600|1284656.0000|12.0065451800
14100000|11.9972305600|12.0438036600|11.9879159400|12.0438036600|246500|3179056.0000|12.0438036600
14150000|12.0344890400|12.0438036600|12.0065451800|12.0251744200|122000|1574624.0000|12.0251744200
14200000|12.0251744200|12.0438036600|12.0158598000|12.0344890400|98300|1269232.0000|12.0344890400
14250000|12.0344890400|12.0438036600|12.0251744200|12.0251744200|164100|2120560.0000|12.0251744200
14300000|12.0158598000|12.0344890400|11.9879159400|12.0065451800|350200|4515760.0000|12.0065451800
14350000|12.0251744200|12.0251744200|11.9972305600|12.0065451800|234400|3022720.0000|12.0065451800
14400000|12.0158598000|12.0251744200|12.0065451800|12.0158598000|218300|2815520.0000|12.0158598000
14450000|12.0158598000|12.0251744200|12.0065451800|12.0158598000|227900|2939808.0000|12.0158598000
14500000|12.0158598000|12.0158598000|11.9879159400|12.0065451800|292800|3772416.0000|12.0065451800
14550000|12.0065451800|12.0158598000|11.9972305600|12.0158598000|295300|3805472.0000|12.0158598000
15000000|12.0158598000|12.0251744200|12.0065451800|12.0251744200|287400|3708176.0000|12.0251744200
