09350000|13.5647705600|13.7092816100|13.5647705600|13.7092816100|1274700|18064752.0000|13.7092816100
09400000|13.7092816100|13.7092816100|13.6129409100|13.6418431200|830300|11773692.0000|13.6418431200
09450000|13.6418431200|13.6514771900|13.6129409100|13.6322090500|579200|8192448.0000|13.6322090500
09500000|13.6322090500|13.6900134700|13.6322090500|13.6611112600|655000|9288624.0000|13.6611112600
09550000|13.6514771900|13.6900134700|13.6418431200|13.6803794000|486500|6900988.0000|13.6803794000
10000000|13.6803794000|13.7092816100|13.6611112600|13.7092816100|730100|10372236.0000|13.7092816100
10050000|13.7092816100|13.7092816100|13.6707453300|13.6996475400|373900|5315168.0000|13.6996475400
10100000|13.6996475400|13.7092816100|13.6900134700|13.6996475400|223100|3171744.0000|13.6996475400
10150000|13.6996475400|13.6996475400|13.6514771900|13.6611112600|184300|2617120.0000|13.6611112600
10200000|13.6611112600|13.6707453300|13.6322090500|13.6514771900|250200|3544432.0000|13.6514771900
10250000|13.6418431200|13.6514771900|13.6225749800|13.6418431200|130400|1846112.0000|13.6418431200
10300000|13.6322090500|13.6418431200|13.6033068400|13.6033068400|249100|3521384.0000|13.6033068400
10350000|13.6033068400|13.6514771900|13.5936727700|13.6514771900|125600|1775264.0000|13.6514771900
10400000|13.6514771900|13.6611112600|13.6418431200|13.6418431200|97100|1375664.0000|13.6418431200
10450000|13.6418431200|13.6514771900|13.6418431200|13.6514771900|39500|559496.0000|13.6514771900
10500000|13.6514771900|13.6514771900|13.6033068400|13.6129409100|147100|2080440.0000|13.6129409100
10550000|13.6129409100|13.6322090500|13.5936727700|13.6129409100|146300|2067032.0000|13.6129409100
11000000|13.6033068400|13.6322090500|13.6033068400|13.6225749800|74000|1045952.0000|13.6225749800
11050000|13.6225749800|13.6322090500|13.6033068400|13.6129409100|141400|1998696.0000|13.6129409100
11100000|13.6129409100|13.6611112600|13.6129409100|13.6514771900|236600|3351112.0000|13.6514771900
11150000|13.6707453300|13.6803794000|13.6514771900|13.6803794000|250800|3557448.0000|13.6803794000
11200000|13.6803794000|13.6803794000|13.6322090500|13.6611112600|386000|5475520.0000|13.6611112600
11250000|13.6514771900|13.7381838200|13.6514771900|13.6900134700|966200|13746560.0000|13.6900134700
11300000|13.6996475400|13.7478178900|13.6996475400|13.7285497500|415300|5916848.0000|13.7285497500
13050000|13.7189156800|13.7189156800|13.6707453300|13.6803794000|256200|3641792.0000|13.6803794000
13100000|13.6803794000|13.6996475400|13.6707453300|13.6900134700|122500|1740160.0000|13.6900134700
13150000|13.6803794000|13.6803794000|13.6611112600|13.6707453300|193300|2742288.0000|13.6707453300
13200000|13.6611112600|13.6707453300|13.6514771900|13.6611112600|157400|2232016.0000|13.6611112600
13250000|13.6611112600|13.7189156800|13.6514771900|13.7092816100|396700|5634736.0000|13.7092816100
13300000|13.7092816100|13.7189156800|13.6900134700|13.7092816100|286700|4078400.0000|13.7092816100
13350000|13.7092816100|13.7092816100|13.6900134700|13.7092816100|163400|2324256.0000|13.7092816100
13400000|13.7092816100|13.7285497500|13.6996475400|13.7285497500|323900|4612416.0000|13.7285497500
13450000|13.7285497500|13.7478178900|13.7189156800|13.7285497500|314300|4480736.0000|13.7285497500
13500000|13.7285497500|13.7381838200|13.7092816100|13.7285497500|171000|2436080.0000|13.7285497500
13550000|13.7285497500|13.7478178900|13.7285497500|13.7285497500|556800|7939888.0000|13.7285497500
14000000|13.7285497500|13.7381838200|13.7092816100|13.7189156800|159100|2267264.0000|13.7189156800
14050000|13.7189156800|13.7574519600|13.7092816100|13.7478178900|518400|7397232.0000|13.7478178900
14100000|13.7574519600|13.7767201000|13.7381838200|13.7767201000|567500|8106352.0000|13.7767201000
14150000|13.7767201000|13.7863541700|13.7574519600|13.7767201000|529200|7566224.0000|13.7767201000
14200000|13.7670860300|13.7863541700|13.7574519600|13.7670860300|515600|7373264.0000|13.7670860300
14250000|13.7574519600|13.7767201000|13.7574519600|13.7670860300|269700|3854592.0000|13.7670860300
14300000|13.7767201000|13.7767201000|13.7574519600|13.7767201000|223100|3189088.0000|13.7767201000
14350000|13.7767201000|13.7767201000|13.7285497500|13.7478178900|451500|6447488.0000|13.7478178900
14400000|13.7478178900|13.7478178900|13.7381838200|13.7381838200|193500|2760592.0000|13.7381838200
14450000|13.7381838200|13.7478178900|13.7092816100|13.7285497500|207800|2961920.0000|13.7285497500
14500000|13.7285497500|13.7285497500|13.6803794000|13.6996475400|358900|5106336.0000|13.6996475400
14550000|13.7092816100|13.7285497500|13.7092816100|13.7189156800|352200|5015952.0000|13.7189156800
15000000|13.7285497500|13.7285497500|13.7092816100|13.7092816100|370700|5277248.0000|13.7092816100
