093500|10.7900|10.8400|10.5900|10.6800|1225900|13100841.0000|10.6800
094000|10.6600|10.7300|10.6500|10.6900|407800|4357368.0000|10.6900
094500|10.6900|10.7400|10.6800|10.7000|398400|4269294.0000|10.7000
095000|10.7000|10.7100|10.6100|10.6200|726500|7729010.0000|10.6200
095500|10.6200|10.6400|10.5900|10.5900|508800|5400028.0000|10.5900
100000|10.6000|10.6100|10.5500|10.5900|822500|8706338.0000|10.5900
100500|10.6000|10.6600|10.5800|10.6500|327600|3480157.0000|10.6500
101000|10.6500|10.6600|10.6000|10.6400|466400|4961753.0000|10.6400
101500|10.6400|10.6500|10.6000|10.6100|184600|1962674.0000|10.6100
102000|10.6100|10.6200|10.5600|10.5600|325400|3444824.0000|10.5600
102500|10.5600|10.5800|10.5400|10.5600|371100|3917955.0000|10.5600
103000|10.5500|10.5800|10.5500|10.5700|399000|4213799.0000|10.5700
103500|10.5700|10.5700|10.5400|10.5400|290800|3067435.0000|10.5400
104000|10.5500|10.5500|10.5300|10.5400|191700|2020370.0000|10.5400
104500|10.5400|10.5400|10.4700|10.5000|681831|7157914.0000|10.5000
105000|10.5000|10.5000|10.4500|10.4700|836663|8757035.0000|10.4700
105500|10.4700|10.5000|10.4700|10.4900|317000|3323524.0000|10.4900
110000|10.4900|10.5300|10.4800|10.5300|360431|3783640.0000|10.5300
110500|10.5300|10.5300|10.5100|10.5300|109600|1153487.0000|10.5300
111000|10.5300|10.5300|10.4800|10.4900|138669|1455719.0000|10.4900
111500|10.4900|10.5200|10.4700|10.5200|114131|1197483.0000|10.5200
112000|10.5200|10.5200|10.5000|10.5000|73900|776721.0000|10.5000
112500|10.5000|10.5000|10.4900|10.5000|106800|1121060.0000|10.5000
113000|10.5000|10.5000|10.4800|10.4900|71800|753374.0000|10.4900
130500|10.4900|10.5000|10.4700|10.4800|275169|2883949.0000|10.4800
131000|10.4800|10.5000|10.4600|10.5000|373831|3914811.0000|10.5000
131500|10.4900|10.5100|10.4900|10.5100|91400|959423.0000|10.5100
132000|10.5100|10.5100|10.4800|10.5000|98200|1030991.0000|10.5000
132500|10.5000|10.5000|10.4800|10.5000|77700|815240.0000|10.5000
133000|10.5000|10.5000|10.4800|10.4900|105800|1110298.0000|10.4900
133500|10.4900|10.5200|10.4800|10.5200|333900|3503984.0000|10.5200
134000|10.5200|10.5400|10.5100|10.5300|124100|1306475.0000|10.5300
134500|10.5400|10.5400|10.5300|10.5300|115000|1211669.0000|10.5300
135000|10.5300|10.5900|10.5300|10.5700|184700|1949943.0000|10.5700
135500|10.5700|10.5800|10.5600|10.5700|78501|829971.0000|10.5700
140000|10.5700|10.5800|10.5700|10.5700|64400|680916.0000|10.5700
140500|10.5800|10.5800|10.5600|10.5700|96500|1020494.0000|10.5700
141000|10.5600|10.5700|10.5500|10.5700|183800|1941179.0000|10.5700
141500|10.5700|10.5800|10.5600|10.5800|111403|1178203.0000|10.5800
142000|10.5800|10.5800|10.5500|10.5600|105500|1114769.0000|10.5600
142500|10.5700|10.5900|10.5600|10.5900|193800|2049025.0000|10.5900
143000|10.5900|10.5900|10.5700|10.5700|98500|1041927.0000|10.5700
143500|10.5700|10.5900|10.5700|10.5800|86600|916217.0000|10.5800
144000|10.5800|10.5800|10.5400|10.5500|127300|1344279.0000|10.5500
144500|10.5500|10.5600|10.5300|10.5300|204600|2155610.0000|10.5300
145000|10.5400|10.5600|10.5200|10.5600|282900|2980791.0000|10.5600
145500|10.5500|10.5600|10.5300|10.5500|294000|3099531.0000|10.5500
150000|10.5500|10.5500|10.5400|10.5400|276800|2917902.0000|10.5400
