09350000|47.3767734600|47.7462384000|47.1588838800|47.3294061600|820241|41019080.6600|47.3294061600
09400000|47.3388796200|47.3578265400|47.0167819800|47.0167819800|423900|21104369.0000|47.0167819800
09450000|47.0262554400|47.0546758200|46.8936270000|46.9978350600|963900|47782589.0000|46.9978350600
09500000|46.9978350600|47.1967777200|46.9315208400|47.1967777200|560078|27789228.6000|47.1967777200
09550000|47.1967777200|47.2062511800|47.0641492800|47.0830962000|506592|25187184.7000|47.0830962000
10000000|47.0830962000|47.1967777200|47.0073085200|47.1399369600|215230|10702739.2000|47.1399369600
10050000|47.1399369600|47.2725654000|47.0830962000|47.0830962000|268920|13398187.2000|47.0830962000
10100000|47.1020431200|47.1115165800|46.9220473800|46.9788881400|334810|16612334.8000|46.9788881400
10150000|46.9788881400|46.9883616000|46.7704720200|46.8178393200|532630|26352565.7000|46.8178393200
10200000|46.7799454800|46.9694146800|46.7799454800|46.9599412200|558650|27626348.0000|46.9599412200
10250000|46.9599412200|47.0641492800|46.9125739200|46.9125739200|339800|16849546.0000|46.9125739200
10300000|46.9125739200|46.9409943000|46.7988924000|46.8083658600|381250|18863716.0000|46.8083658600
10350000|46.8178393200|46.8746800800|46.6662639600|46.6852108800|526800|25995114.5700|46.6852108800
10400000|46.6852108800|46.7515251000|46.6473170400|46.6662639600|283900|13994806.1400|46.6662639600
10450000|46.6662639600|46.6852108800|46.5336355200|46.6852108800|477651|23490646.3500|46.6852108800
10500000|46.6852108800|46.7041578000|46.6094232000|46.6188966600|194400|9575668.0000|46.6188966600
10550000|46.6094232000|46.6473170400|46.4199540000|46.4483743800|830725|40764077.6000|46.4483743800
11000000|46.4483743800|46.4957416800|46.4104805400|46.4199540000|420000|20592241.0000|46.4199540000
11050000|46.4199540000|46.6094232000|46.4199540000|46.5999497400|543789|26691828.2000|46.5999497400
11100000|46.5999497400|46.6852108800|46.5620559000|46.6662639600|216200|10642520.0000|46.6662639600
11150000|46.6662639600|46.7988924000|46.5904762800|46.7515251000|463345|22824158.3000|46.7515251000
11200000|46.7420516400|46.7894189400|46.6094232000|46.6567905000|204100|10067513.0000|46.6567905000
11250000|46.6567905000|46.7041578000|46.6567905000|46.6662639600|123900|6103983.0000|46.6662639600
11300000|46.6946843400|46.7515251000|46.6283701200|46.7420516400|100000|4926406.0000|46.7420516400
13050000|46.7420516400|46.9409943000|46.7136312600|46.8083658600|248500|12284811.5000|46.8083658600
13100000|46.8178393200|46.8462597000|46.7420516400|46.7704720200|81100|4005182.7000|46.7704720200
13150000|46.7609985600|46.7609985600|46.6094232000|46.6188966600|142120|7004768.8000|46.6188966600
13200000|46.6188966600|46.6757374200|46.5904762800|46.6567905000|105060|5170422.0000|46.6567905000
13250000|46.6662639600|46.6757374200|46.5146886000|46.5336355200|133331|6555299.1200|46.5336355200
13300000|46.5431089800|46.6094232000|46.4483743800|46.4483743800|221100|10859015.6000|46.4483743800
13350000|46.4578478400|46.5525824400|46.4389009200|46.4957416800|272700|13380748.0000|46.4957416800
13400000|46.5241620600|46.5904762800|46.5146886000|46.5525824400|110900|5448709.0000|46.5525824400
13450000|46.5525824400|46.5525824400|46.3441663200|46.3536397800|478500|23450320.0000|46.3536397800
13500000|46.3441663200|46.4010070800|46.3252194000|46.3252194000|335300|16404292.4000|46.3252194000
13550000|46.3346928600|46.4767947600|46.3252194000|46.4673213000|259060|12687651.2000|46.4673213000
14000000|46.4673213000|46.4767947600|46.4199540000|46.4389009200|79100|3878123.0000|46.4389009200
14050000|46.4389009200|46.4957416800|46.4389009200|46.4578478400|102330|5019652.9000|46.4578478400
14100000|46.4673213000|46.4767947600|46.3725867000|46.3820601600|226500|11099233.0000|46.3820601600
14150000|46.3725867000|46.4673213000|46.3252194000|46.4199540000|277020|13563165.8000|46.4199540000
14200000|46.4010070800|46.4578478400|46.3915336200|46.4294274600|62000|3038219.0000|46.4294274600
14250000|46.4294274600|46.4767947600|46.4010070800|46.4483743800|188200|9223925.0000|46.4483743800
14300000|46.4389009200|46.4578478400|46.4199540000|46.4294274600|136200|6675813.0000|46.4294274600
14350000|46.4294274600|46.4294274600|46.3820601600|46.3915336200|265600|13012637.0000|46.3915336200
14400000|46.4010070800|46.5146886000|46.3820601600|46.3820601600|351610|17235482.7000|46.3820601600
14450000|46.3820601600|46.4104805400|46.3536397800|46.3725867000|188300|9219708.5000|46.3725867000
14500000|46.3725867000|46.5715293600|46.3725867000|46.5146886000|393128|19282918.6400|46.5146886000
14550000|46.5241620600|46.5241620600|46.3725867000|46.4104805400|240914|11806802.5400|46.4104805400
15000000|46.4104805400|46.4294274600|46.3725867000|46.4010070800|338578|16585381.8600|46.4010070800
