09350000|47.6700000000|48.2800000000|47.5500000000|47.9200000000|5440100|260345504.0000|47.9200000000
09400000|47.9100000000|47.9600000000|47.6000000000|47.6500000000|3216500|153552416.0000|47.6500000000
09450000|47.6500000000|47.7700000000|47.5600000000|47.6100000000|2602700|124036544.0000|47.6100000000
09500000|47.6100000000|47.8100000000|47.6000000000|47.7400000000|2170300|103504191.0000|47.7400000000
09550000|47.8200000000|48.0000000000|47.8000000000|47.9100000000|1211300|58002618.0000|47.9100000000
10000000|47.9100000000|48.0000000000|47.8000000000|47.8700000000|1551000|74310407.0000|47.8700000000
10050000|47.8600000000|47.9200000000|47.7100000000|47.8100000000|1163000|55588152.0000|47.8100000000
10100000|47.8200000000|47.8600000000|47.6600000000|47.7000000000|1627700|77719564.0000|47.7000000000
10150000|47.6700000000|47.7800000000|47.6200000000|47.6900000000|1453400|69323514.0000|47.6900000000
10200000|47.7100000000|47.7100000000|47.6000000000|47.6300000000|1704100|81179906.0000|47.6300000000
10250000|47.6600000000|47.6700000000|47.5500000000|47.5600000000|1387000|66015429.0000|47.5600000000
10300000|47.5600000000|47.5600000000|47.4200000000|47.4700000000|2730600|129672445.0000|47.4700000000
10350000|47.4600000000|47.4900000000|47.3500000000|47.4700000000|1748500|82918010.0000|47.4700000000
10400000|47.4700000000|47.5700000000|47.4500000000|47.5200000000|792900|37694210.0000|47.5200000000
10450000|47.5200000000|47.6100000000|47.4600000000|47.5900000000|801200|38089990.0000|47.5900000000
10500000|47.5700000000|47.6300000000|47.5000000000|47.5000000000|906300|43100536.0000|47.5000000000
10550000|47.5100000000|47.5900000000|47.5100000000|47.5100000000|728600|34638336.0000|47.5100000000
11000000|47.5300000000|47.5700000000|47.5000000000|47.5100000000|626400|29762948.0000|47.5100000000
11050000|47.5100000000|47.5200000000|47.4300000000|47.4500000000|830700|39433976.0000|47.4500000000
11100000|47.4300000000|47.5100000000|47.4000000000|47.5000000000|519300|24642571.0000|47.5000000000
11150000|47.5000000000|47.5300000000|47.4000000000|47.5200000000|682500|32387325.0000|47.5200000000
11200000|47.5200000000|47.6700000000|47.5100000000|47.6700000000|619600|29496440.0000|47.6700000000
11250000|47.6800000000|47.7300000000|47.6100000000|47.7100000000|809900|38623616.0000|47.7100000000
11300000|47.7000000000|47.8000000000|47.6500000000|47.6800000000|697600|33288846.0000|47.6800000000
13050000|47.6800000000|47.7500000000|47.5900000000|47.7500000000|1067000|50848378.0000|47.7500000000
13100000|47.7500000000|47.8100000000|47.6400000000|47.6700000000|762300|36379640.0000|47.6700000000
13150000|47.6800000000|47.7300000000|47.6300000000|47.6600000000|743800|35466380.0000|47.6600000000
13200000|47.6700000000|47.7500000000|47.6200000000|47.6400000000|657700|31352188.0000|47.6400000000
13250000|47.6300000000|47.6300000000|47.5200000000|47.5900000000|755100|35927673.0000|47.5900000000
13300000|47.5800000000|47.6400000000|47.5700000000|47.6000000000|435400|20723210.0000|47.6000000000
13350000|47.5900000000|47.5900000000|47.4800000000|47.4800000000|872300|41458813.0000|47.4800000000
13400000|47.4800000000|47.5000000000|47.4600000000|47.5000000000|694900|32991495.0000|47.5000000000
13450000|47.4900000000|47.5800000000|47.4800000000|47.5000000000|533300|25346813.0000|47.5000000000
13500000|47.5000000000|47.5600000000|47.5000000000|47.5400000000|532800|25321210.0000|47.5400000000
13550000|47.5400000000|47.5800000000|47.5300000000|47.5600000000|595100|28298121.0000|47.5600000000
14000000|47.5800000000|47.6300000000|47.5500000000|47.6200000000|712100|33886973.0000|47.6200000000
14050000|47.6200000000|47.6300000000|47.5100000000|47.5700000000|1058900|50356348.0000|47.5700000000
14100000|47.5700000000|47.6000000000|47.5300000000|47.5400000000|722100|34344708.0000|47.5400000000
14150000|47.5400000000|47.5600000000|47.4900000000|47.4900000000|1563500|74302460.0000|47.4900000000
14200000|47.4800000000|47.4900000000|47.4300000000|47.4500000000|1373000|65162752.0000|47.4500000000
14250000|47.4400000000|47.4500000000|47.3900000000|47.4000000000|1479100|70132224.0000|47.4000000000
14300000|47.4000000000|47.4300000000|47.3800000000|47.4300000000|863600|40936448.0000|47.4300000000
14350000|47.4200000000|47.4300000000|47.3800000000|47.3900000000|1137000|53894144.0000|47.3900000000
14400000|47.3900000000|47.4000000000|47.3600000000|47.3600000000|1062700|50345984.0000|47.3600000000
14450000|47.3700000000|47.3700000000|47.2300000000|47.2700000000|2479200|117256448.0000|47.2700000000
14500000|47.2700000000|47.2700000000|47.1400000000|47.1700000000|1941100|91627264.0000|47.1700000000
14550000|47.1600000000|47.1800000000|47.1100000000|47.1700000000|1843400|86914048.0000|47.1700000000
15000000|47.1800000000|47.1900000000|47.1600000000|47.1700000000|1529500|72146688.0000|47.1700000000
