093500|10.81|10.82|10.79|10.81|4555.0|4930756.0|10.8
094000|10.8|10.83|10.8|10.82|4036.0|4375468.0|10.81
094500|10.82|10.82|10.79|10.8|6085.0|6583773.0|10.82
095000|10.8|10.81|10.79|10.8|3174.0|3433278.0|10.8
095500|10.79|10.8|10.78|10.78|3736.0|4039465.0|10.8
100000|10.79|10.8|10.78|10.78|3529.0|3812509.0|10.78
100500|10.79|10.8|10.78|10.79|2564.0|2770396.0|10.78
101000|10.78|10.8|10.78|10.78|1655.0|1788820.0|10.79
101500|10.78|10.8|10.78|10.8|3732.0|4033251.0|10.78
102000|10.79|10.8|10.78|10.79|3371.0|3644322.0|10.8
102500|10.79|10.8|10.79|10.8|1469.0|1589149.0|10.79
103000|10.8|10.81|10.79|10.79|1980.0|2142014.0|10.8
103500|10.79|10.79|10.76|10.76|5828.0|6289572.0|10.79
104000|10.76|10.77|10.75|10.75|2400.0|2587387.0|10.76
104500|10.75|10.78|10.74|10.76|5440.0|5863029.0|10.75
105000|10.76|10.77|10.75|10.76|1531.0|1649932.0|10.76
105500|10.76|10.76|10.74|10.75|3076.0|3313583.0|10.76
110000|10.75|10.75|10.72|10.73|5398.0|5805742.0|10.75
110500|10.73|10.74|10.73|10.73|1903.0|2046770.0|10.73
111000|10.74|10.76|10.73|10.76|4962.0|5341621.0|10.73
111500|10.76|10.76|10.75|10.75|419.0|451351.0|10.76
112000|10.76|10.76|10.75|10.76|1143.0|1231060.0|10.75
112500|10.76|10.77|10.75|10.76|3099.0|3339871.0|10.76
113000|10.77|10.77|10.75|10.76|449.0|484607.0|10.76
130500|10.76|10.78|10.76|10.77|2002.0|2159199.0|10.76
131000|10.77|10.79|10.76|10.78|2298.0|2482776.0|10.77
131500|10.79|10.82|10.77|10.8|5984.0|6476738.0|10.78
132000|10.8|10.81|10.78|10.79|1946.0|2104833.0|10.8
132500|10.79|10.8|10.78|10.79|935.0|1010738.0|10.79
133000|10.8|10.8|10.77|10.77|1243.0|1342916.0|10.79
133500|10.77|10.8|10.77|10.8|4577.0|4942887.0|10.77
134000|10.79|10.81|10.79|10.81|2586.0|2798461.0|10.8
134500|10.8|10.81|10.79|10.8|873.0|944756.0|10.81
135000|10.8|10.81|10.8|10.8|569.0|616137.0|10.8
135500|10.81|10.81|10.79|10.79|711.0|769092.0|10.8
140000|10.8|10.81|10.79|10.81|1378.0|1490419.0|10.79
140500|10.8|10.81|10.8|10.81|1398.0|1513836.0|10.81
141000|10.81|10.82|10.8|10.81|1360.0|1472889.0|10.81
141500|10.81|10.82|10.8|10.82|1267.0|1372970.0|10.81
142000|10.82|10.83|10.81|10.83|1691.0|1831718.0|10.82
142500|10.83|10.83|10.81|10.82|1713.0|1857863.0|10.83
143000|10.82|10.83|10.81|10.82|1375.0|1490290.0|10.82
143500|10.82|10.82|10.81|10.82|1342.0|1454330.0|10.82
144000|10.82|10.83|10.82|10.83|2425.0|2630756.0|10.82
144500|10.83|10.83|10.82|10.83|4062.0|4405621.0|10.83
145000|10.83|10.83|10.82|10.83|1310.0|1420424.0|10.83
145500|10.82|10.83|10.82|10.82|2238.0|2426965.0|10.83
150000|10.83|10.84|10.82|10.84|3696.0|4011101.0|10.82
