09350000|40.1494458400|40.3343318000|39.9840215600|39.9840215600|680900|28110764.0000|39.9840215600
09400000|39.9742907200|39.9742907200|39.5072104000|39.8575206400|348700|14257785.0000|39.8575206400
09450000|39.8575206400|40.3343318000|39.8575206400|40.1202533200|390300|16094881.0000|40.1202533200
09500000|40.1202533200|40.1883692000|40.0424066000|40.1883692000|208700|8600016.0000|40.1883692000
09550000|40.2175617200|40.2370234000|40.1883692000|40.1883692000|309800|12803029.0000|40.1883692000
10000000|40.1689075200|40.3246009600|40.1689075200|40.2564850800|450473|18639607.0000|40.2564850800
10050000|40.2564850800|40.2759467600|40.1883692000|40.2662159200|226900|9382918.0000|40.2662159200
10100000|40.2564850800|40.2856776000|40.2078308800|40.2662159200|203700|8427646.0000|40.2662159200
10150000|40.2564850800|40.2564850800|40.1883692000|40.2078308800|172000|7106551.0000|40.2078308800
10200000|40.1981000400|40.4316402000|40.1397150000|40.3732551600|685900|28420398.0000|40.3732551600
10250000|40.3732551600|40.6749112000|40.3732551600|40.6554495200|835900|34838838.0000|40.6554495200
10300000|40.6457186800|40.8111429600|40.6457186800|40.6749112000|760854|31838450.0000|40.6749112000
10350000|40.6651803600|40.7430270800|40.6457186800|40.7332962400|386046|16140348.0000|40.7332962400
10400000|40.7332962400|40.7332962400|40.5678719600|40.6165261600|274300|11452444.0000|40.6165261600
10450000|40.5776028000|40.6554495200|40.5678719600|40.6359878400|139900|5840150.0000|40.6359878400
10500000|40.6165261600|40.6359878400|40.4997560800|40.5192177600|112000|4667334.0000|40.5192177600
10550000|40.5192177600|40.5289486000|40.4997560800|40.5192177600|100200|4172357.0000|40.5192177600
11000000|40.4997560800|40.5192177600|40.4413710400|40.5192177600|143300|5962571.0000|40.5192177600
11050000|40.5192177600|40.5289486000|40.4511018800|40.4900252400|105500|4389513.0000|40.4900252400
11100000|40.4802944000|40.5386794400|40.4608327200|40.5192177600|111600|4643760.0000|40.5192177600
11150000|40.5386794400|40.5386794400|40.4511018800|40.4802944000|106500|4430944.0000|40.4802944000
11200000|40.4802944000|40.4802944000|40.4121785200|40.4802944000|149496|6215792.0000|40.4802944000
11250000|40.4316402000|40.4802944000|40.3343318000|40.3343318000|128000|5313424.0000|40.3343318000
11300000|40.3246009600|40.3246009600|40.2175617200|40.2564850800|135000|5585696.0000|40.2564850800
13050000|40.2856776000|40.4316402000|40.2564850800|40.3927168400|68000|2818592.0000|40.3927168400
13100000|40.3927168400|40.4316402000|40.2759467600|40.2856776000|62600|2597792.0000|40.2856776000
13150000|40.2759467600|40.2856776000|40.2564850800|40.2856776000|69300|2868192.0000|40.2856776000
13200000|40.2856776000|40.2856776000|40.2078308800|40.2272925600|131800|5451888.0000|40.2272925600
13250000|40.2272925600|40.2954084400|40.2078308800|40.2272925600|65230|2698176.0000|40.2272925600
13300000|40.2370234000|40.2564850800|40.2078308800|40.2175617200|75400|3117344.0000|40.2175617200
13350000|40.2175617200|40.2272925600|40.1591766800|40.2078308800|197100|8141152.0000|40.2078308800
13400000|40.2272925600|40.2856776000|40.2078308800|40.2759467600|64649|2674000.0000|40.2759467600
13450000|40.3051392800|40.3051392800|40.1591766800|40.2759467600|139051|5746000.0000|40.2759467600
13500000|40.2759467600|40.3537934800|40.2467542400|40.3051392800|146594|6064480.0000|40.3051392800
13550000|40.3343318000|40.3537934800|40.2370234000|40.2856776000|87706|3633872.0000|40.2856776000
14000000|40.2856776000|40.2856776000|40.2370234000|40.2564850800|44100|1824368.0000|40.2564850800
14050000|40.2564850800|40.3051392800|40.2564850800|40.2856776000|55600|2301456.0000|40.2856776000
14100000|40.2759467600|40.2856776000|40.2564850800|40.2662159200|48300|1998896.0000|40.2662159200
14150000|40.2662159200|40.3148701200|40.2662159200|40.2759467600|82800|3428736.0000|40.2759467600
14200000|40.2954084400|40.2954084400|40.2175617200|40.2370234000|64700|2676000.0000|40.2370234000
14250000|40.2272925600|40.2564850800|40.1883692000|40.2078308800|112000|4627488.0000|40.2078308800
14300000|40.2078308800|40.2272925600|40.1786383600|40.1883692000|93500|3862752.0000|40.1883692000
14350000|40.1883692000|40.2078308800|40.1591766800|40.1883692000|244700|10105936.0000|40.1883692000
14400000|40.1883692000|40.1981000400|40.1397150000|40.1883692000|302300|12482912.0000|40.1883692000
14450000|40.1883692000|40.1981000400|40.1786383600|40.1981000400|219900|9082496.0000|40.1981000400
14500000|40.1981000400|40.2662159200|40.1883692000|40.2662159200|219600|9073744.0000|40.2662159200
14550000|40.2564850800|40.3148701200|40.2467542400|40.3148701200|210700|8720128.0000|40.3148701200
15000000|40.3148701200|40.3635243200|40.3051392800|40.3635243200|220100|9125728.0000|40.3635243200
