09350000|12.4922211000|12.5326490000|12.3547662400|12.5164778400|4811191|73956105.0000|12.5164778400
09400000|12.5083922600|12.5973336400|12.4760499400|12.5245634200|1427801|22123174.0000|12.5245634200
09450000|12.5245634200|12.6620182800|12.5164778400|12.5407345800|1360400|21193551.0000|12.5407345800
09500000|12.5407345800|12.6054192200|12.5326490000|12.6054192200|956300|14884335.0000|12.6054192200
09550000|12.6054192200|12.6135048000|12.5326490000|12.5892480600|755800|11759022.0000|12.5892480600
10000000|12.5892480600|12.6296759600|12.5649913200|12.6215903800|763600|11899691.0000|12.6215903800
10050000|12.6215903800|12.6377615400|12.5488201600|12.5730769000|753700|11746474.0000|12.5730769000
10100000|12.5488201600|12.5649913200|12.5003066800|12.5245634200|851508|13192287.0000|12.5245634200
10150000|12.5164778400|12.5730769000|12.5003066800|12.5164778400|578116|8962573.0000|12.5164778400
10200000|12.5164778400|12.5569057400|12.5083922600|12.5326490000|520600|8069886.0000|12.5326490000
10250000|12.5245634200|12.5245634200|12.4598787800|12.4679643600|1285784|19854681.0000|12.4679643600
10300000|12.4679643600|12.5326490000|12.4679643600|12.5164778400|515016|7961764.0000|12.5164778400
10350000|12.5083922600|12.5245634200|12.4679643600|12.4841355200|445300|6878955.0000|12.4841355200
10400000|12.4760499400|12.4922211000|12.4598787800|12.4760499400|592400|9139782.0000|12.4760499400
10450000|12.4760499400|12.5326490000|12.4679643600|12.4922211000|533600|8246641.0000|12.4922211000
10500000|12.4922211000|12.4922211000|12.4437076200|12.4437076200|607484|9366794.0000|12.4437076200
10550000|12.4437076200|12.4517932000|12.3951941400|12.4517932000|893438|13718973.0000|12.4517932000
11000000|12.4517932000|12.5003066800|12.4437076200|12.5003066800|348500|5371648.0000|12.5003066800
11050000|12.4922211000|12.8399010400|12.4922211000|12.8399010400|1887638|29646512.0000|12.8399010400
11100000|12.8318154600|13.0582117000|12.7752164000|12.9692703200|4800749|76745520.0000|12.9692703200
11150000|12.9773559000|13.0016126400|12.8884145200|12.8884145200|2024792|32417248.0000|12.8884145200
11200000|12.8722433600|12.9288424200|12.8479866200|12.9126712600|1123012|17901872.0000|12.9126712600
11250000|12.9045856800|12.9288424200|12.8641577800|12.9288424200|853100|13618672.0000|12.9288424200
11300000|12.9288424200|12.9288424200|12.8803289400|12.8965001000|444500|7095584.0000|12.8965001000
13050000|12.8965001000|13.0016126400|12.8965001000|12.9773559000|1406583|22538512.0000|12.9773559000
13100000|12.9773559000|13.0582117000|12.9450135800|13.0096982200|1460097|23493344.0000|13.0096982200
13150000|13.0096982200|13.0177838000|12.9288424200|12.9530991600|768600|12332688.0000|12.9530991600
13200000|12.9692703200|12.9773559000|12.9045856800|12.9611847400|597930|9564896.0000|12.9611847400
13250000|12.9692703200|12.9935270600|12.9450135800|12.9935270600|701200|11244512.0000|12.9935270600
13300000|12.9935270600|13.1390675000|12.9935270600|13.1390675000|3422557|55316352.0000|13.1390675000
13350000|13.1390675000|13.3250358400|13.1390675000|13.1794954000|5124500|83937840.0000|13.1794954000
13400000|13.1794954000|13.1956665600|13.1471530800|13.1552386600|1542910|25137168.0000|13.1552386600
13450000|13.1552386600|13.2037521400|13.1552386600|13.1794954000|1299500|21184832.0000|13.1794954000
13500000|13.1794954000|13.1794954000|13.1552386600|13.1633242400|930600|15157952.0000|13.1633242400
13550000|13.1714098200|13.1714098200|13.0743828600|13.0905540200|912529|14812688.0000|13.0905540200
14000000|13.0824684400|13.1148107600|13.0743828600|13.1148107600|1032006|16711728.0000|13.1148107600
14050000|13.1228963400|13.1714098200|13.0824684400|13.0905540200|605895|9837904.0000|13.0905540200
14100000|13.0824684400|13.0905540200|13.0582117000|13.0824684400|451387|7298256.0000|13.0824684400
14150000|13.0905540200|13.1067251800|13.0824684400|13.0986396000|383100|6204288.0000|13.0986396000
14200000|13.0986396000|13.1067251800|13.0662972800|13.1067251800|581200|9407728.0000|13.1067251800
14250000|13.1067251800|13.1794954000|13.1067251800|13.1390675000|791303|12866928.0000|13.1390675000
14300000|13.1390675000|13.1714098200|13.1228963400|13.1552386600|898300|14622448.0000|13.1552386600
14350000|13.1552386600|13.1956665600|13.1471530800|13.1633242400|1464666|23873072.0000|13.1633242400
14400000|13.1633242400|13.1714098200|13.0986396000|13.0986396000|459172|7455232.0000|13.0986396000
14450000|13.0986396000|13.1067251800|13.0582117000|13.0662972800|807131|13053968.0000|13.0662972800
14500000|13.0743828600|13.0824684400|13.0662972800|13.0743828600|490299|7930464.0000|13.0743828600
14550000|13.0824684400|13.0905540200|13.0662972800|13.0905540200|947255|15318880.0000|13.0905540200
15000000|13.0824684400|13.0986396000|13.0824684400|13.0986396000|1277300|20684048.0000|13.0986396000
