09350000|6.3710193600|6.4201784600|6.3120284400|6.3808511800|17972400|116505920.0000|6.3808511800
09400000|6.3808511800|6.4300102800|6.3513557200|6.3611875400|9808200|63761656.0000|6.3611875400
09450000|6.3611875400|6.3710193600|6.3316920800|6.3611875400|3453200|22298512.0000|6.3611875400
09500000|6.3611875400|6.3611875400|6.3316920800|6.3316920800|1357300|8752832.0000|6.3316920800
09550000|6.3316920800|6.3316920800|6.3021966200|6.3120284400|1536100|9868928.0000|6.3120284400
10000000|6.3120284400|6.3120284400|6.2923648000|6.3120284400|2830000|18143984.0000|6.3120284400
10050000|6.3120284400|6.3218602600|6.3021966200|6.3021966200|1442600|9258768.0000|6.3021966200
10100000|6.3021966200|6.3218602600|6.3021966200|6.3120284400|963400|6183424.0000|6.3120284400
10150000|6.3120284400|6.3316920800|6.3120284400|6.3218602600|1622700|10432880.0000|6.3218602600
10200000|6.3218602600|6.3218602600|6.3021966200|6.3120284400|1032000|6628048.0000|6.3120284400
10250000|6.3120284400|6.3120284400|6.3021966200|6.3021966200|351600|2255392.0000|6.3021966200
10300000|6.3120284400|6.3120284400|6.2923648000|6.3021966200|1112100|7123520.0000|6.3021966200
10350000|6.3021966200|6.3120284400|6.2923648000|6.2923648000|1114000|7139872.0000|6.2923648000
10400000|6.2923648000|6.3021966200|6.2825329800|6.2825329800|856900|5482880.0000|6.2825329800
10450000|6.2825329800|6.3021966200|6.2825329800|6.2923648000|1240600|7941184.0000|6.2923648000
10500000|6.2923648000|6.2923648000|6.2628693400|6.2628693400|770400|4917472.0000|6.2628693400
10550000|6.2628693400|6.2727011600|6.2432057000|6.2530375200|862600|5491776.0000|6.2530375200
11000000|6.2530375200|6.2727011600|6.2432057000|6.2727011600|580900|3696928.0000|6.2727011600
11050000|6.2727011600|6.2727011600|6.2530375200|6.2530375200|595500|3794592.0000|6.2530375200
11100000|6.2530375200|6.2628693400|6.2530375200|6.2628693400|406400|2585280.0000|6.2628693400
11150000|6.2628693400|6.2628693400|6.2432057000|6.2530375200|621900|3956256.0000|6.2530375200
11200000|6.2530375200|6.2727011600|6.2530375200|6.2727011600|595800|3795392.0000|6.2727011600
11250000|6.2727011600|6.2923648000|6.2628693400|6.2727011600|652700|4168480.0000|6.2727011600
11300000|6.2727011600|6.2727011600|6.2628693400|6.2628693400|416900|2658784.0000|6.2628693400
13050000|6.2727011600|6.2727011600|6.2530375200|6.2530375200|636700|4052448.0000|6.2530375200
13100000|6.2530375200|6.2530375200|6.2333738800|6.2333738800|527400|3351904.0000|6.2333738800
13150000|6.2432057000|6.2432057000|6.2235420600|6.2432057000|627600|3981824.0000|6.2432057000
13200000|6.2432057000|6.2432057000|6.2333738800|6.2432057000|107800|683904.0000|6.2432057000
13250000|6.2432057000|6.2530375200|6.2333738800|6.2432057000|667000|4234848.0000|6.2432057000
13300000|6.2432057000|6.2628693400|6.2432057000|6.2432057000|514400|3269888.0000|6.2432057000
13350000|6.2432057000|6.2530375200|6.2235420600|6.2235420600|673400|4273920.0000|6.2235420600
13400000|6.2235420600|6.2333738800|6.2137102400|6.2137102400|525900|3328960.0000|6.2137102400
13450000|6.2137102400|6.2235420600|6.2038784200|6.2038784200|437200|2763200.0000|6.2038784200
13500000|6.2038784200|6.2137102400|6.2038784200|6.2137102400|218700|1380896.0000|6.2137102400
13550000|6.2137102400|6.2137102400|6.1940466000|6.2137102400|878000|5540160.0000|6.2137102400
14000000|6.2137102400|6.2137102400|6.2038784200|6.2137102400|767200|4844800.0000|6.2137102400
14050000|6.2137102400|6.2235420600|6.1940466000|6.2137102400|970600|6129920.0000|6.2137102400
14100000|6.2137102400|6.2235420600|6.1940466000|6.1940466000|561000|3544096.0000|6.1940466000
14150000|6.1940466000|6.2038784200|6.1842147800|6.1842147800|717300|4517344.0000|6.1842147800
14200000|6.1842147800|6.2038784200|6.1743829600|6.1842147800|924400|5815040.0000|6.1842147800
14250000|6.1842147800|6.2038784200|6.1743829600|6.2038784200|985800|6205856.0000|6.2038784200
14300000|6.2038784200|6.2038784200|6.1842147800|6.1940466000|623400|3928800.0000|6.1940466000
14350000|6.1940466000|6.1940466000|6.1743829600|6.1842147800|1492000|9380640.0000|6.1842147800
14400000|6.1842147800|6.1940466000|6.1743829600|6.1743829600|854800|5377120.0000|6.1743829600
14450000|6.1743829600|6.1842147800|6.1645511400|6.1645511400|1464100|9186976.0000|6.1645511400
14500000|6.1645511400|6.1743829600|6.1547193200|6.1547193200|1010200|6336896.0000|6.1547193200
14550000|6.1547193200|6.1743829600|6.1448875000|6.1448875000|1832200|11479744.0000|6.1448875000
15000000|6.1448875000|6.1645511400|6.1448875000|6.1448875000|1671200|10451936.0000|6.1448875000
