093500|9.02|9.05|8.94|8.97|21559.0|19379367.0|8.99
094000|8.96|9.01|8.95|9.01|12386.0|11127521.0|8.97
094500|9.01|9.01|8.97|8.98|8115.0|7295365.0|9.01
095000|8.97|8.99|8.97|8.98|6263.0|5621152.0|8.98
095500|8.98|9.01|8.97|8.99|10174.0|9153796.0|8.98
100000|8.99|9.01|8.98|9.0|5908.0|5314012.0|8.99
100500|9.0|9.02|8.99|9.01|6201.0|5584660.0|9.0
101000|9.01|9.04|9.0|9.04|6179.0|5576054.0|9.01
101500|9.04|9.04|9.02|9.02|5410.0|4885229.0|9.04
102000|9.02|9.05|9.01|9.02|6209.0|5609556.0|9.02
102500|9.04|9.04|9.01|9.03|3946.0|3560067.0|9.02
103000|9.03|9.03|8.99|9.01|10764.0|9695106.0|9.03
103500|9.01|9.02|9.0|9.01|5945.0|5354659.0|9.01
104000|9.01|9.01|8.98|9.0|4322.0|3887816.0|9.01
104500|9.0|9.01|8.98|9.0|6281.0|5650608.0|9.0
105000|9.0|9.01|8.98|8.99|3080.0|2769349.0|9.0
105500|8.99|9.0|8.98|9.0|3173.0|2851835.0|8.99
110000|9.0|9.0|8.97|8.98|8764.0|7876549.0|9.0
110500|8.98|9.0|8.97|9.0|2348.0|2110579.0|8.98
111000|9.0|9.01|8.99|8.99|2311.0|2079724.0|9.0
111500|9.0|9.03|8.99|9.03|7348.0|6619940.0|8.99
112000|9.02|9.03|9.0|9.01|7351.0|6620658.0|9.03
112500|9.01|9.01|8.98|8.99|5415.0|4871720.0|9.01
113000|8.99|8.99|8.96|8.98|6547.0|5874536.0|8.99
130500|8.99|9.05|8.98|9.02|13421.0|12111900.0|8.98
131000|9.02|9.02|8.99|9.0|2945.0|2650940.0|9.02
131500|9.0|9.01|8.98|8.98|3065.0|2756835.0|9.0
132000|8.98|8.99|8.96|8.96|4003.0|3592189.0|8.98
132500|8.96|8.98|8.96|8.98|3887.0|3487233.0|8.96
133000|8.98|8.98|8.96|8.97|1606.0|1440793.0|8.98
133500|8.96|8.97|8.95|8.96|2498.0|2238296.0|8.97
134000|8.96|8.96|8.94|8.94|4937.0|4419886.0|8.96
134500|8.95|8.98|8.94|8.97|5223.0|4676975.0|8.94
135000|8.98|9.0|8.96|8.99|2759.0|2475868.0|8.97
135500|8.99|9.0|8.97|8.99|1611.0|1446759.0|8.99
140000|8.99|9.0|8.98|8.99|3226.0|2900610.0|8.99
140500|8.98|8.99|8.96|8.97|3584.0|3216632.0|8.99
141000|8.96|8.99|8.96|8.98|1867.0|1675321.0|8.97
141500|8.98|8.99|8.96|8.96|2305.0|2067691.0|8.98
142000|8.97|8.98|8.95|8.95|7710.0|6908214.0|8.96
142500|8.96|8.98|8.96|8.96|2697.0|2418089.0|8.95
143000|8.97|8.97|8.96|8.97|2385.0|2138069.0|8.96
143500|8.98|8.98|8.96|8.96|3671.0|3293672.0|8.97
144000|8.97|8.97|8.95|8.97|3330.0|2983392.0|8.96
144500|8.97|8.97|8.95|8.97|10174.0|9120401.0|8.97
145000|8.97|8.98|8.95|8.96|7576.0|6792315.0|8.97
145500|8.96|8.98|8.95|8.98|11805.0|10588766.0|8.96
150000|8.97|8.99|8.97|8.98|10362.0|9304508.0|8.98
