093500|13.64|13.83|13.64|13.83|16697.0|22909820.0|13.62
094000|13.82|13.93|13.81|13.87|14782.0|20498826.0|13.83
094500|13.87|13.91|13.81|13.81|6877.0|9536981.0|13.87
095000|13.81|13.86|13.81|13.83|9803.0|13556613.0|13.81
095500|13.83|13.9|13.82|13.86|5303.0|7350332.0|13.83
100000|13.85|13.86|13.78|13.78|7645.0|10566016.0|13.86
100500|13.79|13.87|13.79|13.85|6392.0|8835431.0|13.78
101000|13.86|13.86|13.83|13.84|2541.0|3519502.0|13.85
101500|13.84|13.92|13.83|13.91|6526.0|9052415.0|13.84
102000|13.92|13.99|13.92|13.97|7036.0|9818592.0|13.91
102500|13.97|13.97|13.87|13.89|4984.0|6938234.0|13.97
103000|13.89|13.9|13.84|13.87|4101.0|5686217.0|13.89
103500|13.87|13.97|13.85|13.94|6647.0|9252912.0|13.87
104000|13.95|13.95|13.86|13.86|4065.0|5644700.0|13.94
104500|13.86|13.89|13.85|13.88|2653.0|3679454.0|13.86
105000|13.88|13.89|13.85|13.86|2440.0|3385410.0|13.88
105500|13.86|13.9|13.85|13.89|2852.0|3958710.0|13.86
110000|13.89|13.9|13.86|13.9|2930.0|4066830.0|13.89
110500|13.89|13.9|13.86|13.86|2604.0|3612754.0|13.9
111000|13.87|13.89|13.83|13.84|3636.0|5037330.0|13.86
111500|13.84|13.86|13.84|13.85|1349.0|1868064.0|13.84
112000|13.85|13.85|13.82|13.83|2294.0|3173354.0|13.85
112500|13.83|13.83|13.8|13.82|2638.0|3643956.0|13.83
113000|13.83|13.86|13.82|13.85|1746.0|2416777.0|13.82
130500|13.85|13.91|13.84|13.86|4951.0|6871554.0|13.85
131000|13.87|13.88|13.82|13.84|3916.0|5418311.0|13.86
131500|13.83|13.92|13.82|13.91|2774.0|3849087.0|13.84
132000|13.9|13.91|13.86|13.87|2331.0|3235779.0|13.91
132500|13.88|13.89|13.87|13.88|1091.0|1514529.0|13.87
133000|13.88|13.91|13.87|13.88|2446.0|3397000.0|13.88
133500|13.88|13.9|13.86|13.87|2624.0|3641199.0|13.88
134000|13.88|13.89|13.86|13.87|1056.0|1465013.0|13.87
134500|13.87|13.9|13.86|13.88|2226.0|3089986.0|13.87
135000|13.88|13.89|13.86|13.87|2032.0|2819499.0|13.88
135500|13.88|13.88|13.83|13.83|2366.0|3278149.0|13.87
140000|13.84|13.85|13.82|13.84|1006.0|1391942.0|13.83
140500|13.84|13.87|13.83|13.83|2599.0|3601230.0|13.84
141000|13.84|13.85|13.82|13.85|1924.0|2662622.0|13.83
141500|13.85|13.86|13.81|13.81|3632.0|5021443.0|13.85
142000|13.81|13.82|13.81|13.81|2385.0|3295182.0|13.81
142500|13.81|13.85|13.81|13.84|1974.0|2730795.0|13.81
143000|13.83|13.84|13.82|13.82|1472.0|2036300.0|13.84
143500|13.82|13.86|13.82|13.86|3590.0|4969993.0|13.82
144000|13.86|13.87|13.83|13.87|5245.0|7270530.0|13.86
144500|13.88|13.88|13.86|13.87|2645.0|3669524.0|13.87
145000|13.86|13.87|13.85|13.86|3874.0|5370623.0|13.87
145500|13.87|13.87|13.85|13.87|4024.0|5577536.0|13.86
150000|13.86|13.87|13.85|13.86|6140.0|8508856.0|13.87
