09350000|18.1728491000|18.1728491000|18.0342006600|18.1431387200|119500|2187474.0000|18.1431387200
09400000|18.1035248800|18.2718837000|18.1035248800|18.2421733200|202600|3721595.0000|18.2421733200
09450000|18.2421733200|18.2619802400|18.1728491000|18.2322698600|142700|2624942.0000|18.2322698600
09500000|18.2619802400|18.2916906200|18.2322698600|18.2718837000|152300|2809268.0000|18.2718837000
09550000|18.2520767800|18.2817871600|18.2025594800|18.2124629400|74000|1363246.0000|18.2124629400
10000000|18.2025594800|18.2322698600|18.1728491000|18.2322698600|84500|1553171.0000|18.2322698600
10050000|18.2223664000|18.2619802400|18.1926560200|18.2619802400|44600|821421.0000|18.2619802400
10100000|18.2421733200|18.2718837000|18.2223664000|18.2520767800|51700|952915.0000|18.2520767800
10150000|18.2322698600|18.3412079200|18.2322698600|18.3114975400|221500|4091040.0000|18.3114975400
10200000|18.3114975400|18.3313044600|18.2817871600|18.2817871600|13900|256932.0000|18.2817871600
10250000|18.2817871600|18.3114975400|18.2520767800|18.2619802400|23900|441014.0000|18.2619802400
10300000|18.2619802400|18.2718837000|18.2421733200|18.2421733200|23900|440558.0000|18.2421733200
10350000|18.2421733200|18.2718837000|18.2421733200|18.2619802400|26300|484844.0000|18.2619802400
10400000|18.2619802400|18.2718837000|18.2619802400|18.2619802400|10000|184452.0000|18.2619802400
10450000|18.2619802400|18.2718837000|18.2421733200|18.2421733200|17800|328176.0000|18.2421733200
10500000|18.2421733200|18.2520767800|18.2223664000|18.2520767800|15300|281780.0000|18.2520767800
10550000|18.2520767800|18.2520767800|18.2322698600|18.2421733200|12700|234004.0000|18.2421733200
11000000|18.2322698600|18.3015940800|18.2322698600|18.2817871600|29400|542118.0000|18.2817871600
11050000|18.2817871600|18.2817871600|18.2718837000|18.2817871600|12000|219962.0000|18.2817871600
11100000|18.2817871600|18.3214010000|18.2718837000|18.3015940800|34600|639294.0000|18.3015940800
11150000|18.2916906200|18.3114975400|18.2718837000|18.3114975400|16600|306654.0000|18.3114975400
11200000|18.3114975400|18.3214010000|18.2817871600|18.2916906200|33000|610344.0000|18.2916906200
11250000|18.3015940800|18.3313044600|18.3015940800|18.3313044600|20300|375496.0000|18.3313044600
11300000|18.3214010000|18.3709183000|18.3214010000|18.3412079200|138800|2572374.0000|18.3412079200
13050000|18.3610148400|18.3709183000|18.3114975400|18.3313044600|63300|1172624.0000|18.3313044600
13100000|18.3313044600|18.6185048000|18.3313044600|18.5788909600|441200|8219214.0000|18.5788909600
13150000|18.6086013400|18.6185048000|18.5293736600|18.5491805800|160200|3004016.0000|18.5491805800
13200000|18.5293736600|18.6086013400|18.4501459800|18.4897598200|175500|3288384.0000|18.4897598200
13250000|18.4699529000|18.4996632800|18.4402425200|18.4600494400|25600|477268.0000|18.4600494400
13300000|18.4501459800|18.4699529000|18.4402425200|18.4501459800|24100|450492.0000|18.4501459800
13350000|18.4402425200|18.4600494400|18.4105321400|18.4204356000|29200|541908.0000|18.4204356000
13400000|18.4303390600|18.4402425200|18.4105321400|18.4105321400|19800|368316.0000|18.4105321400
13450000|18.4105321400|18.4105321400|18.4006286800|18.4006286800|11600|215584.0000|18.4006286800
13500000|18.4006286800|18.4303390600|18.3907252200|18.4105321400|25300|470216.0000|18.4105321400
13550000|18.4105321400|18.4303390600|18.3709183000|18.3709183000|37100|688612.0000|18.3709183000
14000000|18.3709183000|18.3709183000|18.3313044600|18.3511113800|12700|235468.0000|18.3511113800
14050000|18.3610148400|18.3610148400|18.3313044600|18.3412079200|33400|618632.0000|18.3412079200
14100000|18.3412079200|18.3511113800|18.3214010000|18.3214010000|33100|613992.0000|18.3214010000
14150000|18.3214010000|18.3511113800|18.3015940800|18.3412079200|75800|1401880.0000|18.3412079200
14200000|18.3412079200|18.3511113800|18.3313044600|18.3412079200|11600|214828.0000|18.3412079200
14250000|18.3412079200|18.3511113800|18.3214010000|18.3313044600|28200|522136.0000|18.3313044600
14300000|18.3412079200|18.3412079200|18.2916906200|18.3015940800|85600|1582724.0000|18.3015940800
14350000|18.3015940800|18.3114975400|18.2817871600|18.2916906200|65600|1212072.0000|18.2916906200
14400000|18.3015940800|18.3015940800|18.2421733200|18.2421733200|111100|2049668.0000|18.2421733200
14450000|18.2421733200|18.2619802400|18.2025594800|18.2025594800|209900|3862712.0000|18.2025594800
14500000|18.2025594800|18.2520767800|18.1827525600|18.1827525600|185100|3403400.0000|18.1827525600
14550000|18.1827525600|18.2223664000|18.1629456400|18.1926560200|143400|2633972.0000|18.1926560200
15000000|18.1827525600|18.2223664000|18.1728491000|18.2223664000|40600|746240.0000|18.2223664000
