09350000|13.7201281300|13.7201281300|13.4902935000|13.5102791200|1753200|23919082.0000|13.5102791200
09400000|13.5002863100|13.5402575500|13.4203438300|13.4303366400|1646600|22221725.0000|13.4303366400
09450000|13.4503222600|13.4803006900|13.3304085400|13.4103510200|1785000|23955541.0000|13.4103510200
09500000|13.4003582100|13.5202719300|13.3603869700|13.5202719300|919500|12341253.0000|13.5202719300
09550000|13.5002863100|13.5002863100|13.3703797800|13.3803725900|983800|13222709.0000|13.3803725900
10000000|13.3903654000|13.4303366400|13.3703797800|13.4303366400|1020060|13669341.0000|13.4303366400
10050000|13.4203438300|13.4503222600|13.3803725900|13.3903654000|864000|11594094.0000|13.3903654000
10100000|13.3703797800|13.3803725900|13.3104229200|13.3104229200|1348040|17990687.0000|13.3104229200
10150000|13.3204157300|13.3603869700|13.3204157300|13.3503941600|572800|7640758.0000|13.3503941600
10200000|13.3603869700|13.3703797800|13.3004301100|13.3104229200|579000|7728910.0000|13.3104229200
10250000|13.3104229200|13.3104229200|13.2005020100|13.2005020100|1870400|24819413.0000|13.2005020100
10300000|13.2005020100|13.2005020100|13.1205595300|13.1505379600|1944074|25608459.0000|13.1505379600
10350000|13.1505379600|13.2904373000|13.1505379600|13.2904373000|1007200|13321282.0000|13.2904373000
10400000|13.2904373000|13.3404013500|13.2704516800|13.3104229200|633400|8434819.0000|13.3104229200
10450000|13.3104229200|13.3204157300|13.2104948200|13.2504660600|640674|8496009.0000|13.2504660600
10500000|13.2504660600|13.2604588700|13.1105667200|13.1505379600|897800|11838412.0000|13.1505379600
10550000|13.1305523400|13.1505379600|13.0905811000|13.1405451500|1136400|14910138.0000|13.1405451500
11000000|13.1305523400|13.1405451500|13.0905811000|13.1005739100|495533|6506917.0000|13.1005739100
11050000|13.1205595300|13.1305523400|13.0805882900|13.1105667200|573100|7512467.0000|13.1105667200
11100000|13.1105667200|13.1605307700|13.0905811000|13.1405451500|445700|5854640.0000|13.1405451500
11150000|13.1405451500|13.1605307700|13.1305523400|13.1305523400|302500|3976912.0000|13.1305523400
11200000|13.1305523400|13.1505379600|13.1205595300|13.1205595300|308100|4048576.0000|13.1205595300
11250000|13.1205595300|13.1305523400|13.0805882900|13.0805882900|483900|6344032.0000|13.0805882900
11300000|13.0805882900|13.1105667200|13.0006458100|13.0106386200|1046586|13660832.0000|13.0106386200
13050000|13.0106386200|13.0705954800|13.0006458100|13.0406170500|1279950|16677760.0000|13.0406170500
13100000|13.0406170500|13.1005739100|13.0306242400|13.1005739100|529500|6919024.0000|13.1005739100
13150000|13.1105667200|13.2804444900|13.1105667200|13.2804444900|1197000|15826672.0000|13.2804444900
13200000|13.2904373000|13.3503941600|13.2704516800|13.3503941600|1132400|15084032.0000|13.3503941600
13250000|13.3503941600|13.5002863100|13.3503941600|13.5002863100|1516300|20333488.0000|13.5002863100
13300000|13.5102791200|13.5102791200|13.4503222600|13.4703078800|956200|12898512.0000|13.4703078800
13350000|13.4703078800|13.5402575500|13.4703078800|13.5002863100|588911|7959552.0000|13.5002863100
13400000|13.5002863100|13.5202719300|13.4103510200|13.4103510200|612400|8262352.0000|13.4103510200
13450000|13.4103510200|13.4703078800|13.4103510200|13.4603150700|393200|5283952.0000|13.4603150700
13500000|13.4603150700|13.5102791200|13.4603150700|13.4703078800|572650|7726240.0000|13.4703078800
13550000|13.4603150700|13.4902935000|13.4403294500|13.4503222600|313250|4219136.0000|13.4503222600
14000000|13.4503222600|13.4803006900|13.4503222600|13.4603150700|380700|5130672.0000|13.4603150700
14050000|13.4603150700|13.5302647400|13.4503222600|13.5302647400|639950|8646992.0000|13.5302647400
14100000|13.5202719300|13.5302647400|13.4902935000|13.5002863100|557500|7530400.0000|13.5002863100
14150000|13.5002863100|13.5202719300|13.4902935000|13.5002863100|427300|5773824.0000|13.5002863100
14200000|13.5002863100|13.5502503600|13.4902935000|13.5002863100|572300|7743552.0000|13.5002863100
14250000|13.4902935000|13.5102791200|13.4803006900|13.5002863100|291400|3934240.0000|13.5002863100
14300000|13.5002863100|13.5102791200|13.4703078800|13.4902935000|501400|6769600.0000|13.4902935000
14350000|13.5002863100|13.5402575500|13.5002863100|13.5402575500|576600|7803040.0000|13.5402575500
14400000|13.5502503600|13.6102072200|13.5402575500|13.6002144100|731000|9928288.0000|13.6002144100
14450000|13.6002144100|13.6801568900|13.5902216000|13.6801568900|1174578|16026224.0000|13.6801568900
14500000|13.7001425100|13.7101353200|13.6002144100|13.6102072200|1003000|13711472.0000|13.6102072200
14550000|13.6002144100|13.6901497000|13.6002144100|13.6701640800|1105500|15080400.0000|13.6701640800
15000000|13.6701640800|13.7101353200|13.6501784600|13.7101353200|1317050|18054256.0000|13.7101353200
