09350000|13.3500000000|13.4400000000|13.2300000000|13.3900000000|8798403|117202385.0000|13.3900000000
09400000|13.3800000000|13.5300000000|13.3500000000|13.4800000000|3416102|45889777.0000|13.4800000000
09450000|13.4900000000|13.4900000000|13.4100000000|13.4200000000|2117100|28467181.0000|13.4200000000
09500000|13.4100000000|13.4700000000|13.4000000000|13.4500000000|1736626|23310055.0000|13.4500000000
09550000|13.4500000000|13.5200000000|13.4500000000|13.5000000000|1008000|13598342.0000|13.5000000000
10000000|13.4900000000|13.5000000000|13.4500000000|13.4600000000|916800|12357712.0000|13.4600000000
10050000|13.4500000000|13.4500000000|13.4000000000|13.4400000000|1119100|15015252.0000|13.4400000000
10100000|13.4400000000|13.5000000000|13.4300000000|13.4600000000|698800|9410898.0000|13.4600000000
10150000|13.4600000000|13.4700000000|13.4200000000|13.4400000000|639600|8590798.0000|13.4400000000
10200000|13.4400000000|13.4400000000|13.4100000000|13.4200000000|578750|7768512.0000|13.4200000000
10250000|13.4200000000|13.4800000000|13.4200000000|13.4300000000|516200|6942640.0000|13.4300000000
10300000|13.4300000000|13.4400000000|13.3800000000|13.3800000000|1227831|16454384.0000|13.3800000000
10350000|13.3900000000|13.3900000000|13.3100000000|13.3500000000|1836541|24505200.0000|13.3500000000
10400000|13.3500000000|13.4100000000|13.3100000000|13.4000000000|1833000|24443920.0000|13.4000000000
10450000|13.3900000000|13.4000000000|13.3600000000|13.3700000000|502200|6717408.0000|13.3700000000
10500000|13.3800000000|13.4200000000|13.3700000000|13.4000000000|599500|8026480.0000|13.4000000000
10550000|13.3900000000|13.4000000000|13.3800000000|13.3900000000|339122|4540096.0000|13.3900000000
11000000|13.3900000000|13.4000000000|13.3800000000|13.4000000000|325600|4360352.0000|13.4000000000
11050000|13.3900000000|13.4500000000|13.3900000000|13.4400000000|563000|7561312.0000|13.4400000000
11100000|13.4400000000|13.5700000000|13.4400000000|13.5500000000|1250368|16878624.0000|13.5500000000
11150000|13.5300000000|13.6600000000|13.5200000000|13.6000000000|2289107|31123712.0000|13.6000000000
11200000|13.6000000000|13.6000000000|13.5500000000|13.5500000000|684300|9289664.0000|13.5500000000
11250000|13.5300000000|13.5500000000|13.4900000000|13.5200000000|1087600|14701312.0000|13.5200000000
11300000|13.5200000000|13.6100000000|13.5100000000|13.5900000000|925800|12571264.0000|13.5900000000
13050000|13.6000000000|13.6000000000|13.5000000000|13.5300000000|401900|5445024.0000|13.5300000000
13100000|13.5400000000|13.5400000000|13.5000000000|13.5000000000|190800|2579344.0000|13.5000000000
13150000|13.5000000000|13.5100000000|13.4500000000|13.5000000000|485800|6547904.0000|13.5000000000
13200000|13.5000000000|13.5600000000|13.5000000000|13.5500000000|388500|5258480.0000|13.5500000000
13250000|13.5500000000|13.5500000000|13.5100000000|13.5200000000|184100|2490960.0000|13.5200000000
13300000|13.5200000000|13.5500000000|13.5100000000|13.5400000000|116750|1579792.0000|13.5400000000
13350000|13.5400000000|13.5900000000|13.5400000000|13.5500000000|227700|3087904.0000|13.5500000000
13400000|13.5400000000|13.5700000000|13.5400000000|13.5400000000|436100|5910288.0000|13.5400000000
13450000|13.5400000000|13.5400000000|13.5100000000|13.5200000000|449900|6083120.0000|13.5200000000
13500000|13.5100000000|13.5200000000|13.5000000000|13.5100000000|667400|9014240.0000|13.5100000000
13550000|13.5100000000|13.5300000000|13.5000000000|13.5300000000|321050|4341520.0000|13.5300000000
14000000|13.5200000000|13.5500000000|13.5200000000|13.5300000000|500070|6765920.0000|13.5300000000
14050000|13.5300000000|13.5400000000|13.5000000000|13.5100000000|544580|7362384.0000|13.5100000000
14100000|13.5200000000|13.5200000000|13.4500000000|13.4800000000|891300|12021040.0000|13.4800000000
14150000|13.4800000000|13.5000000000|13.4800000000|13.4900000000|449600|6063984.0000|13.4900000000
14200000|13.4800000000|13.5000000000|13.4800000000|13.4900000000|680700|9183968.0000|13.4900000000
14250000|13.4800000000|13.5000000000|13.4800000000|13.4900000000|441700|5960976.0000|13.4900000000
14300000|13.5000000000|13.5100000000|13.4800000000|13.4900000000|840015|11338944.0000|13.4900000000
14350000|13.4800000000|13.4900000000|13.4500000000|13.4600000000|1109000|14929936.0000|13.4600000000
14400000|13.4700000000|13.4700000000|13.4500000000|13.4600000000|338300|4553040.0000|13.4600000000
14450000|13.4700000000|13.4900000000|13.4600000000|13.4700000000|548300|7388416.0000|13.4700000000
14500000|13.4700000000|13.4700000000|13.4500000000|13.4700000000|1089900|14669568.0000|13.4700000000
14550000|13.4600000000|13.5000000000|13.4600000000|13.4900000000|958000|12915904.0000|13.4900000000
15000000|13.4900000000|13.5000000000|13.4800000000|13.4900000000|1189522|16046128.0000|13.4900000000
