09350000|10.1600000000|10.2000000000|9.9800000000|10.0600000000|14425150|145306391.0000|10.0600000000
09400000|10.0500000000|10.0600000000|9.8600000000|9.8800000000|7363299|73319004.0900|9.8800000000
09450000|9.8900000000|9.9200000000|9.8200000000|9.8400000000|6650768|65642819.7500|9.8400000000
09500000|9.8400000000|9.8500000000|9.7800000000|9.7900000000|4647631|45603000.4200|9.7900000000
09550000|9.8000000000|9.9000000000|9.7800000000|9.8400000000|3040169|29945735.9600|9.8400000000
10000000|9.8400000000|9.8500000000|9.7500000000|9.7500000000|5533106|54183050.2900|9.7500000000
10050000|9.7600000000|9.7700000000|9.7000000000|9.7400000000|4547400|44249574.0000|9.7400000000
10100000|9.7300000000|9.7600000000|9.6800000000|9.6900000000|3350800|32568413.0000|9.6900000000
10150000|9.6800000000|9.7100000000|9.6500000000|9.6800000000|3394300|32859501.0000|9.6800000000
10200000|9.6800000000|9.6800000000|9.6300000000|9.6700000000|3312600|31971501.0000|9.6700000000
10250000|9.7000000000|9.7900000000|9.7000000000|9.7500000000|3057600|29805809.0000|9.7500000000
10300000|9.7400000000|9.7900000000|9.7200000000|9.7800000000|1570176|15313036.2400|9.7800000000
10350000|9.7800000000|9.8500000000|9.7800000000|9.8100000000|2226900|21851545.0000|9.8100000000
10400000|9.8200000000|9.8400000000|9.8100000000|9.8100000000|1642500|16140945.0000|9.8100000000
10450000|9.8200000000|10.0500000000|9.8100000000|10.0500000000|5261149|52351061.0200|10.0500000000
10500000|10.0400000000|10.0700000000|9.9700000000|10.0000000000|3824900|38339332.0000|10.0000000000
10550000|10.0100000000|10.0300000000|9.9700000000|9.9700000000|1978000|19792546.0000|9.9700000000
11000000|9.9700000000|10.0200000000|9.9600000000|9.9700000000|1010600|10097765.0000|9.9700000000
11050000|9.9800000000|9.9900000000|9.9500000000|9.9600000000|960600|9569261.0000|9.9600000000
11100000|9.9600000000|9.9800000000|9.9100000000|9.9200000000|1033654|10292131.3800|9.9200000000
11150000|9.9100000000|9.9400000000|9.9000000000|9.9100000000|638600|6332035.0000|9.9100000000
11200000|9.9000000000|9.9800000000|9.9000000000|9.9400000000|797000|7931002.0000|9.9400000000
11250000|9.9500000000|10.0700000000|9.9500000000|10.0000000000|2181700|21853593.0000|10.0000000000
11300000|10.0000000000|10.0400000000|9.9800000000|10.0100000000|886100|8868698.0000|10.0100000000
13050000|10.0200000000|10.0700000000|9.8900000000|9.9100000000|3420900|34178547.0000|9.9100000000
13100000|9.9200000000|9.9200000000|9.8600000000|9.9200000000|940200|9300354.0000|9.9200000000
13150000|9.9200000000|9.9200000000|9.8800000000|9.9000000000|617700|6118680.0000|9.9000000000
13200000|9.9000000000|9.9400000000|9.8700000000|9.9200000000|516475|5113779.0000|9.9200000000
13250000|9.9100000000|9.9300000000|9.8700000000|9.8700000000|691900|6851231.0000|9.8700000000
13300000|9.8600000000|9.8700000000|9.8300000000|9.8400000000|1051250|10350226.5000|9.8400000000
13350000|9.8500000000|9.9100000000|9.8500000000|9.8900000000|935573|9240631.0100|9.8900000000
13400000|9.8900000000|9.9600000000|9.8800000000|9.9500000000|927100|9205064.0000|9.9500000000
13450000|9.9500000000|9.9600000000|9.9100000000|9.9200000000|612550|6084464.5000|9.9200000000
13500000|9.9200000000|9.9900000000|9.9200000000|9.9700000000|858800|8549747.0000|9.9700000000
13550000|9.9700000000|9.9900000000|9.9400000000|9.9400000000|634200|6323345.0000|9.9400000000
14000000|9.9400000000|9.9800000000|9.9200000000|9.9600000000|525800|5232680.0000|9.9600000000
14050000|9.9600000000|9.9900000000|9.9500000000|9.9700000000|781800|7793802.0000|9.9700000000
14100000|9.9700000000|10.0000000000|9.9600000000|9.9900000000|1074400|10721688.0000|9.9900000000
14150000|9.9900000000|10.0100000000|9.9600000000|10.0000000000|891716|8906438.3600|10.0000000000
14200000|10.0100000000|10.1300000000|10.0000000000|10.0600000000|3404050|34300441.0000|10.0600000000
14250000|10.0600000000|10.1100000000|10.0600000000|10.0800000000|1783000|17986996.0000|10.0800000000
14300000|10.0800000000|10.0900000000|10.0500000000|10.0800000000|1744600|17569491.0000|10.0800000000
14350000|10.0900000000|10.1300000000|10.0900000000|10.1100000000|1976900|19972862.0000|10.1100000000
14400000|10.1000000000|10.1100000000|10.0700000000|10.0800000000|1970100|19884622.0000|10.0800000000
14450000|10.0700000000|10.0900000000|10.0600000000|10.0800000000|1511200|15228714.0000|10.0800000000
14500000|10.0800000000|10.1000000000|10.0700000000|10.0900000000|2248400|22685300.0000|10.0900000000
14550000|10.1000000000|10.1000000000|10.0700000000|10.0900000000|2612750|26354652.0500|10.0900000000
15000000|10.0800000000|10.1100000000|10.0800000000|10.1000000000|2436400|24603154.6900|10.1000000000
