093500|8.3800|8.3900|8.3300|8.3500|207700|1736495.0000|8.3500
094000|8.3400|8.3600|8.3300|8.3400|214600|1790330.0000|8.3400
094500|8.3400|8.3500|8.3200|8.3400|558050|4649780.0000|8.3400
095000|8.3400|8.3700|8.3400|8.3600|148900|1244413.0000|8.3600
095500|8.3600|8.3700|8.3500|8.3500|110700|925182.0000|8.3500
100000|8.3500|8.3900|8.3500|8.3800|141000|1180079.0000|8.3800
100500|8.3800|8.4100|8.3800|8.3900|175300|1472813.0000|8.3900
101000|8.3900|8.3900|8.3700|8.3800|137700|1154689.0000|8.3800
101500|8.3800|8.3800|8.3500|8.3600|215700|1803886.0000|8.3600
102000|8.3600|8.3800|8.3500|8.3700|38300|320320.0000|8.3700
102500|8.3700|8.3800|8.3600|8.3800|84500|707119.0000|8.3800
103000|8.3800|8.3900|8.3700|8.3700|31200|261399.0000|8.3700
103500|8.3700|8.3800|8.3600|8.3600|131000|1096102.0000|8.3600
104000|8.3600|8.3700|8.3600|8.3600|178400|1491446.0000|8.3600
104500|8.3600|8.3600|8.3500|8.3600|76100|635485.0000|8.3600
105000|8.3600|8.3600|8.3500|8.3600|151100|1263292.0000|8.3600
105500|8.3700|8.4000|8.3600|8.4000|304700|2556047.0000|8.4000
110000|8.3900|8.4100|8.3800|8.4100|220000|1848243.0000|8.4100
110500|8.4100|8.4100|8.3800|8.3800|88400|742502.0000|8.3800
111000|8.3800|8.4000|8.3800|8.3900|98600|827758.0000|8.3900
111500|8.3900|8.4100|8.3700|8.3900|91400|766773.0000|8.3900
112000|8.3900|8.3900|8.3700|8.3800|66000|552640.0000|8.3800
112500|8.3800|8.3800|8.3700|8.3800|54800|458966.0000|8.3800
113000|8.3800|8.3900|8.3700|8.3800|33900|284154.0000|8.3800
130500|8.3800|8.3800|8.3500|8.3500|248700|2080034.0000|8.3500
131000|8.3500|8.3600|8.3500|8.3600|176300|1472311.0000|8.3600
131500|8.3600|8.3700|8.3500|8.3700|85100|711474.0000|8.3700
132000|8.3700|8.3900|8.3700|8.3900|134500|1128002.0000|8.3900
132500|8.3900|8.3900|8.3700|8.3900|69400|581487.0000|8.3900
133000|8.3900|8.3900|8.3700|8.3800|73200|613028.0000|8.3800
133500|8.3700|8.3800|8.3700|8.3800|50300|421337.0000|8.3800
134000|8.3800|8.3800|8.3700|8.3700|116800|978239.0000|8.3700
134500|8.3700|8.3800|8.3700|8.3700|104900|878111.0000|8.3700
135000|8.3600|8.3700|8.3600|8.3700|73600|615427.0000|8.3700
135500|8.3600|8.3800|8.3600|8.3700|141965|1188020.0000|8.3700
140000|8.3800|8.3800|8.3600|8.3600|30600|256048.0000|8.3600
140500|8.3600|8.3700|8.3500|8.3500|117835|984766.0000|8.3500
141000|8.3500|8.3600|8.3400|8.3400|379500|3167489.0000|8.3400
141500|8.3500|8.3600|8.3400|8.3500|50000|417411.0000|8.3500
142000|8.3500|8.3500|8.3400|8.3400|100400|837696.0000|8.3400
142500|8.3500|8.3500|8.3400|8.3500|69500|579936.0000|8.3500
143000|8.3500|8.3600|8.3400|8.3600|44000|367431.0000|8.3600
143500|8.3600|8.3700|8.3500|8.3700|61300|512410.0000|8.3700
144000|8.3600|8.3700|8.3600|8.3600|80800|675509.0000|8.3600
144500|8.3600|8.3800|8.3500|8.3700|288600|2413908.0000|8.3700
145000|8.3700|8.3900|8.3700|8.3800|192400|1611265.0000|8.3800
145500|8.3700|8.3700|8.3400|8.3500|363100|3033614.0000|8.3500
150000|8.3500|8.3800|8.3500|8.3700|255147|2135568.0000|8.3700
