093500|12.6200|12.6700|12.5800|12.6000|231800|2927092.0000|12.6000
094000|12.6000|12.6000|12.5600|12.5600|129000|1623628.0000|12.5600
094500|12.5500|12.5800|12.5300|12.5600|168600|2116110.0000|12.5600
095000|12.5200|12.5600|12.5100|12.5100|148300|1859047.0000|12.5100
095500|12.5100|12.5400|12.5100|12.5200|119700|1499337.0000|12.5200
100000|12.5000|12.5000|12.4600|12.4700|542400|6772977.0000|12.4700
100500|12.4800|12.4900|12.4200|12.4300|360500|4490737.0000|12.4300
101000|12.4300|12.4300|12.3700|12.3700|688000|8533722.0000|12.3700
101500|12.3700|12.4200|12.3600|12.4000|323800|4013312.0000|12.4000
102000|12.4000|12.4200|12.3800|12.4200|267300|3314676.0000|12.4200
102500|12.4200|12.4800|12.4200|12.4500|126500|1574760.0000|12.4500
103000|12.4500|12.4600|12.4300|12.4300|114900|1430192.0000|12.4300
103500|12.4300|12.4500|12.3900|12.4000|171500|2129484.0000|12.4000
104000|12.3900|12.4000|12.3700|12.3800|139500|1727516.0000|12.3800
104500|12.3800|12.3900|12.3600|12.3800|104200|1289524.0000|12.3800
105000|12.3700|12.3800|12.3500|12.3700|202900|2508984.0000|12.3700
105500|12.3700|12.3800|12.3500|12.3800|180400|2230704.0000|12.3800
110000|12.3900|12.4100|12.3700|12.4100|139000|1722380.0000|12.4100
110500|12.4200|12.4500|12.4100|12.4400|101600|1263008.0000|12.4400
111000|12.4300|12.4700|12.4300|12.4500|160800|2002256.0000|12.4500
111500|12.4700|12.5000|12.4500|12.4900|356200|4448672.0000|12.4900
112000|12.5000|12.5000|12.4700|12.4700|176800|2208520.0000|12.4700
112500|12.4700|12.5100|12.4600|12.5000|290800|3633408.0000|12.5000
113000|12.5000|12.5300|12.4800|12.5000|78200|978356.0000|12.5000
130500|12.5100|12.5200|12.4800|12.5000|235400|2942244.0000|12.5000
131000|12.5200|12.5700|12.4900|12.5400|101400|1270352.0000|12.5400
131500|12.5400|12.5900|12.5300|12.5900|88700|1114528.0000|12.5900
132000|12.5900|12.7000|12.5900|12.7000|386000|4881664.0000|12.7000
132500|12.7200|12.7200|12.6600|12.7100|426000|5408968.0000|12.7100
133000|12.7100|12.7200|12.6700|12.6800|194800|2474584.0000|12.6800
133500|12.6800|12.7000|12.6600|12.6900|84300|1068144.0000|12.6900
134000|12.7000|12.7100|12.6900|12.7100|84400|1071984.0000|12.7100
134500|12.7000|12.7400|12.7000|12.7400|146000|1857232.0000|12.7400
135000|12.7300|12.8000|12.7300|12.8000|436900|5583768.0000|12.8000
135500|12.7900|12.8100|12.7600|12.7700|286900|3668880.0000|12.7700
140000|12.7700|12.7700|12.7000|12.7200|267400|3401112.0000|12.7200
140500|12.7200|12.7200|12.6900|12.7100|56600|719448.0000|12.7100
141000|12.7100|12.7200|12.6900|12.6900|98000|1245040.0000|12.6900
141500|12.6900|12.7100|12.6800|12.6800|102700|1303392.0000|12.6800
142000|12.7100|12.7100|12.6700|12.6900|105200|1335472.0000|12.6900
142500|12.6900|12.7600|12.6900|12.7400|84100|1069704.0000|12.7400
143000|12.7400|12.7500|12.7300|12.7400|37500|477624.0000|12.7400
143500|12.7400|12.7700|12.7300|12.7600|60500|771816.0000|12.7600
144000|12.7600|12.7800|12.7500|12.7800|79300|1012224.0000|12.7800
144500|12.7700|12.8100|12.7700|12.7800|241400|3088160.0000|12.7800
145000|12.7800|12.8000|12.7800|12.7800|103000|1317280.0000|12.7800
145500|12.7800|12.8200|12.7800|12.8200|176900|2264920.0000|12.8200
150000|12.8100|12.8200|12.8000|12.8100|103800|1329728.0000|12.8100
