093500|5.99|5.99|5.92|5.96|7844.0|4665407.0|6.0
094000|5.95|5.96|5.93|5.94|3403.0|2022355.0|5.96
094500|5.95|5.95|5.94|5.94|2091.0|1243019.0|5.94
095000|5.94|5.94|5.91|5.91|6031.0|3572789.0|5.94
095500|5.91|5.92|5.91|5.91|2217.0|1311218.0|5.91
100000|5.91|5.93|5.9|5.91|5361.0|3169547.0|5.91
100500|5.91|5.93|5.9|5.93|1989.0|1176299.0|5.91
101000|5.92|5.92|5.9|5.91|3004.0|1775159.0|5.93
101500|5.91|5.93|5.91|5.92|666.0|394331.0|5.91
102000|5.92|5.94|5.92|5.93|861.0|510615.0|5.92
102500|5.94|5.94|5.93|5.94|2026.0|1201910.0|5.93
103000|5.94|5.94|5.93|5.94|1125.0|667402.0|5.94
103500|5.94|5.94|5.92|5.92|570.0|337993.0|5.94
104000|5.93|5.95|5.93|5.94|989.0|587216.0|5.92
104500|5.94|5.94|5.92|5.92|680.0|403040.0|5.94
105000|5.93|5.94|5.92|5.94|646.0|383080.0|5.92
105500|5.94|5.95|5.93|5.94|1332.0|791088.0|5.94
110000|5.95|5.95|5.94|5.95|200.0|118938.0|5.94
110500|5.94|5.95|5.94|5.95|239.0|142040.0|5.95
111000|5.95|5.95|5.94|5.94|604.0|358931.0|5.95
111500|5.95|5.95|5.94|5.95|634.0|377033.0|5.94
112000|5.94|5.95|5.94|5.95|964.0|572968.0|5.95
112500|5.95|5.95|5.94|5.95|180.0|106962.0|5.95
113000|5.95|5.95|5.94|5.94|743.0|441471.0|5.95
130500|5.94|5.97|5.94|5.97|1511.0|899151.0|5.94
131000|5.97|5.98|5.97|5.97|1890.0|1128901.0|5.97
131500|5.98|6.0|5.98|5.99|2061.0|1233829.0|5.97
132000|5.98|6.0|5.97|5.99|2980.0|1783405.0|5.99
132500|5.99|5.99|5.98|5.99|1351.0|809340.0|5.99
133000|5.99|5.99|5.98|5.98|699.0|418095.0|5.99
133500|5.99|6.0|5.98|6.0|1273.0|762401.0|5.98
134000|6.0|6.0|5.98|5.99|742.0|444586.0|6.0
134500|5.99|5.99|5.98|5.99|660.0|395243.0|5.99
135000|5.98|5.99|5.98|5.98|882.0|527507.0|5.99
135500|5.98|6.0|5.98|5.99|2314.0|1385932.0|5.98
140000|5.99|6.0|5.98|5.99|752.0|450423.0|5.99
140500|5.99|5.99|5.98|5.98|1455.0|870333.0|5.99
141000|5.99|5.99|5.98|5.98|127.0|76052.0|5.98
141500|5.98|5.99|5.98|5.98|1052.0|629171.0|5.98
142000|5.98|5.99|5.97|5.98|1702.0|1017196.0|5.98
142500|5.97|5.98|5.96|5.97|3402.0|2030470.0|5.98
143000|5.97|5.98|5.96|5.98|398.0|237683.0|5.97
143500|5.97|5.98|5.97|5.97|558.0|333173.0|5.98
144000|5.98|5.98|5.97|5.97|3262.0|1946430.0|5.97
144500|5.97|5.98|5.96|5.98|2961.0|1768783.0|5.97
145000|5.98|5.98|5.96|5.96|3583.0|2140624.0|5.98
145500|5.96|5.98|5.95|5.96|6507.0|3876723.0|5.96
150000|5.95|5.97|5.95|5.97|2554.0|1523289.0|5.96
