093500|8.75|8.91|8.75|8.81|44865.0|39521911.0|8.56
094000|8.8|8.8|8.69|8.71|14358.0|12548413.0|8.81
094500|8.72|8.75|8.7|8.71|9709.0|8468344.0|8.71
095000|8.7|8.75|8.68|8.75|9080.0|7906036.0|8.71
095500|8.75|8.75|8.72|8.75|6799.0|5942821.0|8.75
100000|8.75|8.79|8.74|8.77|6848.0|6001449.0|8.75
100500|8.78|8.79|8.76|8.77|5881.0|5161210.0|8.77
101000|8.77|8.81|8.76|8.8|8211.0|7215622.0|8.77
101500|8.8|8.89|8.8|8.87|15899.0|14064337.0|8.8
102000|8.88|8.88|8.82|8.83|5275.0|4667193.0|8.87
102500|8.84|8.92|8.82|8.9|22482.0|19981740.0|8.83
103000|8.9|8.92|8.88|8.92|10301.0|9169468.0|8.9
103500|8.91|8.92|8.88|8.88|10311.0|9173768.0|8.92
104000|8.89|8.91|8.88|8.9|9768.0|8690184.0|8.88
104500|8.9|8.91|8.88|8.9|5913.0|5262093.0|8.9
105000|8.91|8.92|8.9|8.91|8341.0|7429736.0|8.9
105500|8.92|8.95|8.89|8.89|12479.0|11136691.0|8.91
110000|8.89|8.93|8.88|8.92|7616.0|6785113.0|8.89
110500|8.93|8.93|8.9|8.91|4420.0|3940197.0|8.92
111000|8.91|8.91|8.88|8.88|4416.0|3930635.0|8.91
111500|8.89|8.89|8.86|8.87|3666.0|3253831.0|8.88
112000|8.86|8.88|8.85|8.86|3498.0|3100959.0|8.87
112500|8.87|8.9|8.87|8.89|2272.0|2018743.0|8.86
113000|8.89|8.91|8.87|8.9|5707.0|5070927.0|8.89
130500|8.91|8.91|8.87|8.89|8995.0|8000303.0|8.9
131000|8.88|8.9|8.87|8.88|3167.0|2815027.0|8.89
131500|8.88|8.91|8.88|8.91|6220.0|5533482.0|8.88
132000|8.91|8.91|8.89|8.9|3509.0|3122826.0|8.91
132500|8.9|8.91|8.89|8.91|4818.0|4289229.0|8.9
133000|8.9|8.91|8.89|8.89|2020.0|1797545.0|8.91
133500|8.89|8.9|8.87|8.88|5896.0|5234846.0|8.89
134000|8.88|8.88|8.87|8.88|4147.0|3680448.0|8.88
134500|8.88|8.89|8.87|8.88|2013.0|1787707.0|8.88
135000|8.88|8.9|8.88|8.9|2676.0|2379476.0|8.88
135500|8.89|8.91|8.88|8.9|6271.0|5578778.0|8.9
140000|8.9|8.91|8.9|8.9|2201.0|1959338.0|8.9
140500|8.91|8.91|8.88|8.89|5004.0|4450004.0|8.9
141000|8.89|8.9|8.88|8.9|2668.0|2371561.0|8.89
141500|8.9|8.9|8.87|8.87|2513.0|2232079.0|8.9
142000|8.88|8.88|8.86|8.87|3049.0|2705238.0|8.87
142500|8.87|8.88|8.86|8.88|2144.0|1901849.0|8.87
143000|8.88|8.89|8.87|8.89|4250.0|3774061.0|8.88
143500|8.88|8.9|8.88|8.9|5996.0|5333075.0|8.89
144000|8.9|8.9|8.88|8.89|7450.0|6624983.0|8.9
144500|8.89|8.91|8.88|8.91|13527.0|12034667.0|8.89
145000|8.91|8.93|8.9|8.92|13843.0|12343574.0|8.91
145500|8.92|8.95|8.91|8.95|19982.0|17852507.0|8.92
150000|8.95|8.95|8.93|8.94|21245.0|18997480.0|8.95
