093500|122.6800|123.0700|121.0100|122.4500|59864|7315516.0000|122.4500
094000|122.4200|123.3400|122.1800|123.0400|43000|5281538.0000|123.0400
094500|123.0300|124.4600|122.3800|124.0500|45700|5638917.0000|124.0500
095000|124.0500|124.0500|122.9900|124.0400|31200|3852124.0000|124.0400
095500|124.0400|124.0400|122.2600|122.3500|49200|6060592.0000|122.3500
100000|122.3500|122.4300|122.0200|122.1500|15100|1844748.0000|122.1500
100500|122.1500|123.4000|122.0600|123.0100|26900|3299715.0000|123.0100
101000|123.0100|123.0100|122.1400|122.5500|44600|5466268.0000|122.5500
101500|122.5500|122.9400|122.3200|122.5300|33800|4143985.0000|122.5300
102000|122.3300|122.3300|121.5200|121.8700|21400|2608158.0000|121.8700
102500|121.8700|121.9600|121.2800|121.2800|16400|1994315.0000|121.2800
103000|121.2800|121.4700|121.2200|121.3500|9900|1200976.0000|121.3500
103500|121.3500|123.0700|121.3500|122.9000|47000|5755026.0000|122.9000
104000|122.9000|122.9900|122.2500|122.3000|17800|2181713.0000|122.3000
104500|122.3000|122.6500|121.8800|121.9200|18000|2198360.0000|121.9200
105000|121.9200|122.2200|121.6000|121.8600|7800|950497.0000|121.8600
105500|121.8600|122.2200|121.8600|122.2200|2900|354153.0000|122.2200
110000|122.2200|122.9200|122.2200|122.9200|15900|1949309.0000|122.9200
110500|122.9200|123.9800|122.9200|123.9800|29500|3643371.0000|123.9800
111000|123.6800|123.9500|122.8000|123.1600|7000|862220.0000|123.1600
111500|123.4000|123.5000|122.8400|122.9000|7600|934923.0000|122.9000
112000|122.9000|123.2100|122.9000|122.9000|2000|246096.0000|122.9000
112500|122.9000|122.9000|122.4100|122.8900|10400|1274310.0000|122.8900
113000|122.8900|122.8900|122.2000|122.2000|14500|1775257.0000|122.2000
130500|122.2000|122.2300|121.8000|121.8000|22600|2759219.0000|121.8000
131000|121.8000|122.4900|121.6000|122.1800|12300|1500583.0000|122.1800
131500|122.1800|122.1800|121.7100|121.7100|8300|1011877.0000|121.7100
132000|121.7200|122.0200|121.7100|121.7200|9100|1108047.0000|121.7200
132500|121.7200|121.8300|121.7100|121.7500|11300|1375920.0000|121.7500
133000|121.7300|121.7300|121.4500|121.6000|17200|2091017.0000|121.6000
133500|121.6000|121.6100|121.4300|121.4300|7200|875241.0000|121.4300
134000|121.4000|121.8100|121.3600|121.7100|25200|3064080.0000|121.7100
134500|121.7200|122.0000|121.7000|121.9100|8400|1023177.0000|121.9100
135000|121.9100|121.9100|121.6800|121.7300|6200|754945.0000|121.7300
135500|121.7400|121.9000|121.2100|121.2100|16200|1969282.0000|121.2100
140000|121.2000|121.6900|121.1400|121.6500|10400|1260624.0000|121.6500
140500|121.6500|121.6500|121.2600|121.2600|7800|947034.0000|121.2600
141000|121.2100|121.2100|120.8800|120.8900|27900|3376035.0000|120.8900
141500|120.8800|121.0600|120.8200|120.9600|23200|2805695.0000|120.9600
142000|120.9600|121.0600|120.8000|120.8400|16500|1994674.0000|120.8400
142500|120.8400|121.2600|120.6000|121.2600|16600|2005913.0000|121.2600
143000|121.3200|122.0000|121.2800|121.6300|27100|3295006.0000|121.6300
143500|121.5700|121.9400|121.0100|121.5400|19800|2402215.0000|121.5400
144000|121.5400|121.8800|121.3400|121.8800|7400|898976.0000|121.8800
144500|121.8800|121.9400|121.6200|121.6600|17800|2166602.0000|121.6600
145000|121.6600|121.9100|121.5700|121.6300|16100|1958550.0000|121.6300
145500|121.6300|121.8500|121.4600|121.4600|14900|1812916.0000|121.4600
150000|121.6700|121.7500|121.2400|121.2400|19774|2401872.0000|121.2400
