09350000|11.4195907600|11.4677340600|11.3136755000|11.4195907600|985600|11658125.0000|11.4195907600
09400000|11.4292194200|11.4869913800|11.4195907600|11.4388480800|720240|8566369.0000|11.4388480800
09450000|11.4388480800|11.4581054000|11.4388480800|11.4484767400|264093|3140165.0000|11.4484767400
09500000|11.4581054000|11.4581054000|11.4099621000|11.4388480800|321707|3818060.0000|11.4388480800
09550000|11.4388480800|11.5062487000|11.4292194200|11.4966200400|713413|8502487.0000|11.4966200400
10000000|11.4966200400|11.5447633400|11.4869913800|11.5447633400|783380|9377357.0000|11.5447633400
10050000|11.5447633400|11.5447633400|11.4677340600|11.4869913800|372290|4443710.0000|11.4869913800
10100000|11.4773627200|11.5062487000|11.4677340600|11.5062487000|209200|2495022.0000|11.5062487000
10150000|11.4966200400|11.5158773600|11.4773627200|11.4773627200|238000|2842706.0000|11.4773627200
10200000|11.4773627200|11.4869913800|11.4677340600|11.4869913800|350870|4182824.0000|11.4869913800
10250000|11.4773627200|11.5351346800|11.4677340600|11.4966200400|518870|6196670.0000|11.4966200400
10300000|11.4966200400|11.5158773600|11.4773627200|11.4773627200|181600|2166309.0000|11.4773627200
10350000|11.4677340600|11.4773627200|11.4195907600|11.4292194200|621800|7393778.0000|11.4292194200
10400000|11.4292194200|11.4388480800|11.4099621000|11.4099621000|256000|3037370.0000|11.4099621000
10450000|11.4099621000|11.4388480800|11.4099621000|11.4195907600|379400|4502313.0000|11.4195907600
10500000|11.4195907600|11.4195907600|11.3907047800|11.4003334400|290500|3440715.0000|11.4003334400
10550000|11.4099621000|11.4292194200|11.3907047800|11.4099621000|284400|3368895.0000|11.4099621000
11000000|11.4099621000|11.4292194200|11.3810761200|11.4003334400|280500|3322349.0000|11.4003334400
11050000|11.4003334400|11.4581054000|11.4003334400|11.4484767400|336830|3997714.0000|11.4484767400
11100000|11.4484767400|11.4484767400|11.4099621000|11.4195907600|197300|2340526.0000|11.4195907600
11150000|11.4195907600|11.4292194200|11.4003334400|11.4003334400|147272|1746255.0000|11.4003334400
11200000|11.4003334400|11.4195907600|11.3907047800|11.4003334400|388828|4603862.0000|11.4003334400
11250000|11.4003334400|11.4292194200|11.4003334400|11.4292194200|228190|2706708.0000|11.4292194200
11300000|11.4292194200|11.4484767400|11.4099621000|11.4388480800|375110|4449787.0000|11.4388480800
13050000|11.4195907600|11.4869913800|11.4195907600|11.4869913800|300860|3576998.0000|11.4869913800
13100000|11.4773627200|11.4966200400|11.4581054000|11.4869913800|425280|5070083.0000|11.4869913800
13150000|11.4869913800|11.4966200400|11.4484767400|11.4581054000|202400|2411137.0000|11.4581054000
13200000|11.4581054000|11.4581054000|11.4195907600|11.4484767400|318207|3780560.0000|11.4484767400
13250000|11.4581054000|11.4677340600|11.4388480800|11.4388480800|213024|2534236.0000|11.4388480800
13300000|11.4484767400|11.4677340600|11.4388480800|11.4484767400|289000|3437408.0000|11.4484767400
13350000|11.4484767400|11.4869913800|11.4292194200|11.4773627200|433590|5163471.0000|11.4773627200
13400000|11.4677340600|11.4966200400|11.4677340600|11.4869913800|400400|4777168.0000|11.4869913800
13450000|11.4966200400|11.5255060200|11.4869913800|11.5255060200|659550|7880544.0000|11.5255060200
13500000|11.5255060200|11.5255060200|11.4869913800|11.5062487000|479380|5728151.0000|11.5062487000
13550000|11.5062487000|11.5158773600|11.4869913800|11.4869913800|184145|2199462.0000|11.4869913800
14000000|11.4869913800|11.4869913800|11.4292194200|11.4484767400|389190|4628934.0000|11.4484767400
14050000|11.4484767400|11.4484767400|11.4292194200|11.4292194200|195300|2319631.0000|11.4292194200
14100000|11.4292194200|11.4388480800|11.4099621000|11.4195907600|306100|3631145.0000|11.4195907600
14150000|11.4195907600|11.4292194200|11.4099621000|11.4195907600|172900|2049982.0000|11.4195907600
14200000|11.4195907600|11.4195907600|11.4003334400|11.4003334400|221100|2620272.0000|11.4003334400
14250000|11.4003334400|11.4099621000|11.3907047800|11.4099621000|273000|3232018.0000|11.4099621000
14300000|11.4099621000|11.4195907600|11.3907047800|11.4099621000|284170|3366794.0000|11.4099621000
14350000|11.4099621000|11.4388480800|11.4003334400|11.4292194200|481933|5717367.0000|11.4292194200
14400000|11.4292194200|11.4484767400|11.4292194200|11.4484767400|477000|5668618.0000|11.4484767400
14450000|11.4581054000|11.4581054000|11.4292194200|11.4388480800|252590|3002115.0000|11.4388480800
14500000|11.4388480800|11.4484767400|11.4292194200|11.4388480800|388600|4617018.0000|11.4388480800
14550000|11.4292194200|11.4581054000|11.4292194200|11.4388480800|330441|3927161.0000|11.4388480800
15000000|11.4388480800|11.4773627200|11.4388480800|11.4581054000|574300|6833672.0000|11.4581054000
