093500|7.24|7.29|7.23|7.29|6732.0|4973235.0|7.25
094000|7.29|7.29|7.27|7.28|3231.0|2391484.0|7.29
094500|7.28|7.29|7.27|7.27|3993.0|2955472.0|7.28
095000|7.28|7.31|7.27|7.31|6923.0|5129609.0|7.27
095500|7.3|7.35|7.3|7.34|13526.0|10074459.0|7.31
100000|7.33|7.36|7.32|7.34|8181.0|6107782.0|7.34
100500|7.34|7.35|7.33|7.34|3094.0|2308278.0|7.34
101000|7.33|7.36|7.33|7.36|4221.0|3152599.0|7.34
101500|7.35|7.36|7.34|7.36|3409.0|2546614.0|7.36
102000|7.35|7.36|7.34|7.35|3354.0|2506160.0|7.36
102500|7.34|7.35|7.33|7.33|2117.0|1579716.0|7.35
103000|7.33|7.34|7.31|7.31|3200.0|2382374.0|7.33
103500|7.31|7.33|7.31|7.33|1513.0|1124828.0|7.31
104000|7.33|7.34|7.32|7.33|2078.0|1548087.0|7.33
104500|7.33|7.34|7.32|7.33|538.0|401048.0|7.33
105000|7.34|7.34|7.33|7.34|1392.0|1037092.0|7.33
105500|7.33|7.34|7.33|7.33|975.0|726994.0|7.34
110000|7.34|7.34|7.33|7.34|1795.0|1338442.0|7.33
110500|7.34|7.35|7.34|7.35|2003.0|1494950.0|7.34
111000|7.34|7.35|7.34|7.35|395.0|294897.0|7.35
111500|7.34|7.35|7.34|7.35|1046.0|780721.0|7.35
112000|7.34|7.35|7.33|7.35|2675.0|1995793.0|7.35
112500|7.35|7.37|7.34|7.37|6122.0|4575325.0|7.35
113000|7.37|7.37|7.36|7.37|929.0|695652.0|7.37
130500|7.37|7.37|7.35|7.35|3469.0|2595901.0|7.37
131000|7.35|7.37|7.35|7.36|1869.0|1398643.0|7.35
131500|7.36|7.37|7.35|7.37|1396.0|1044114.0|7.36
132000|7.36|7.37|7.36|7.36|1536.0|1149715.0|7.37
132500|7.36|7.38|7.36|7.37|5103.0|3822710.0|7.36
133000|7.37|7.38|7.37|7.37|1521.0|1139934.0|7.37
133500|7.38|7.38|7.36|7.36|2258.0|1690820.0|7.37
134000|7.37|7.37|7.36|7.36|824.0|616718.0|7.36
134500|7.37|7.38|7.36|7.37|2421.0|1813413.0|7.36
135000|7.37|7.38|7.36|7.36|1562.0|1169012.0|7.37
135500|7.36|7.37|7.36|7.36|751.0|561990.0|7.36
140000|7.37|7.37|7.35|7.35|2293.0|1715259.0|7.36
140500|7.36|7.37|7.35|7.37|1952.0|1460961.0|7.35
141000|7.37|7.37|7.36|7.37|2304.0|1724490.0|7.37
141500|7.37|7.37|7.36|7.37|855.0|640153.0|7.37
142000|7.37|7.38|7.36|7.37|2679.0|2006353.0|7.37
142500|7.38|7.38|7.37|7.38|901.0|675305.0|7.37
143000|7.38|7.38|7.36|7.36|2928.0|2193006.0|7.38
143500|7.36|7.37|7.36|7.36|880.0|658925.0|7.36
144000|7.36|7.38|7.36|7.38|4014.0|3007069.0|7.36
144500|7.37|7.38|7.37|7.38|2217.0|1662057.0|7.38
145000|7.38|7.38|7.37|7.37|5008.0|3753944.0|7.38
145500|7.38|7.38|7.37|7.38|5232.0|3922053.0|7.37
150000|7.37|7.38|7.37|7.38|4972.0|3728384.0|7.38
