09350000|9.1804219400|9.2328315800|9.1454821800|9.2240966400|3112200|32759206.0000|9.2240966400
09400000|9.2240966400|9.2765062800|9.2066267600|9.2590364000|2384600|25235578.0000|9.2590364000
09450000|9.2590364000|9.2939761600|9.2590364000|9.2765062800|3124200|33178648.0000|9.2765062800
09500000|9.2765062800|9.2852412200|9.2328315800|9.2677713400|2951100|31283432.0000|9.2677713400
09550000|9.2677713400|9.3114460400|9.2590364000|9.3027111000|3636600|38690832.0000|9.3027111000
10000000|9.3027111000|9.3551207400|9.3027111000|9.3463858000|3221500|34390768.0000|9.3463858000
10050000|9.3551207400|9.3725906200|9.3289159200|9.3638556800|2366600|25344016.0000|9.3638556800
10100000|9.3638556800|9.3638556800|9.3201809800|9.3463858000|1264200|13517808.0000|9.3463858000
10150000|9.3463858000|9.3987954400|9.3289159200|9.3987954400|2702500|28985024.0000|9.3987954400
10200000|9.3987954400|9.4075303800|9.3201809800|9.3376508600|2014300|21609280.0000|9.3376508600
10250000|9.3376508600|9.3376508600|9.3027111000|9.3114460400|1330100|14191904.0000|9.3114460400
10300000|9.3114460400|9.3201809800|9.2939761600|9.3027111000|1373200|14625248.0000|9.3027111000
10350000|9.3027111000|9.3114460400|9.2939761600|9.3027111000|405800|4322688.0000|9.3027111000
10400000|9.3027111000|9.3289159200|9.3027111000|9.3201809800|565600|6032768.0000|9.3201809800
10450000|9.3201809800|9.3201809800|9.2765062800|9.2765062800|1333200|14192608.0000|9.2765062800
10500000|9.2677713400|9.2852412200|9.2590364000|9.2677713400|1390000|14752064.0000|9.2677713400
10550000|9.2677713400|9.2677713400|9.2415665200|9.2415665200|1300500|13777824.0000|9.2415665200
11000000|9.2415665200|9.2765062800|9.2328315800|9.2677713400|786700|8329728.0000|9.2677713400
11050000|9.2677713400|9.2677713400|9.2503014600|9.2590364000|1020200|10819008.0000|9.2590364000
11100000|9.2590364000|9.2677713400|9.2503014600|9.2503014600|514900|5457120.0000|9.2503014600
11150000|9.2590364000|9.2590364000|9.2153617000|9.2328315800|1189600|12583584.0000|9.2328315800
11200000|9.2328315800|9.2415665200|9.2240966400|9.2240966400|863800|9131200.0000|9.2240966400
11250000|9.2328315800|9.2415665200|9.2066267600|9.2240966400|1333200|14082176.0000|9.2240966400
11300000|9.2328315800|9.2677713400|9.2240966400|9.2677713400|953500|10086656.0000|9.2677713400
13050000|9.2677713400|9.3114460400|9.2677713400|9.3027111000|2118200|22518816.0000|9.3027111000
13100000|9.3027111000|9.3114460400|9.2677713400|9.2852412200|891500|9480448.0000|9.2852412200
13150000|9.2765062800|9.3201809800|9.2765062800|9.3027111000|988200|10523232.0000|9.3027111000
13200000|9.3027111000|9.3201809800|9.2939761600|9.3027111000|1112100|11849152.0000|9.3027111000
13250000|9.3027111000|9.3201809800|9.2852412200|9.3027111000|929400|9896416.0000|9.3027111000
13300000|9.3027111000|9.3114460400|9.2939761600|9.3027111000|798000|8503680.0000|9.3027111000
13350000|9.3027111000|9.3551207400|9.3027111000|9.3376508600|1649400|17614912.0000|9.3376508600
13400000|9.3463858000|9.3638556800|9.3376508600|9.3376508600|1280200|13700327.0000|9.3376508600
13450000|9.3376508600|9.3463858000|9.3289159200|9.3289159200|1135300|12140608.0000|9.3289159200
13500000|9.3376508600|9.3376508600|9.3201809800|9.3201809800|785000|8386492.0000|9.3201809800
13550000|9.3201809800|9.3289159200|9.3027111000|9.3027111000|917600|9785087.0000|9.3027111000
14000000|9.3027111000|9.3027111000|9.2765062800|9.2939761600|537800|5720254.0000|9.2939761600
14050000|9.3027111000|9.3201809800|9.2939761600|9.3027111000|222900|2374144.0000|9.3027111000
14100000|9.3027111000|9.3027111000|9.2677713400|9.2852412200|681200|7239228.0000|9.2852412200
14150000|9.2852412200|9.2939761600|9.2677713400|9.2677713400|343900|3652363.0000|9.2677713400
14200000|9.2677713400|9.2852412200|9.2677713400|9.2852412200|292600|3107200.0000|9.2852412200
14250000|9.2852412200|9.2939761600|9.2677713400|9.2852412200|358900|3814718.0000|9.2852412200
14300000|9.2852412200|9.2939761600|9.2677713400|9.2765062800|446400|4740927.0000|9.2765062800
14350000|9.2765062800|9.2852412200|9.2677713400|9.2677713400|293900|3121792.0000|9.2677713400
14400000|9.2765062800|9.2765062800|9.2503014600|9.2590364000|734800|7789560.0000|9.2590364000
14450000|9.2503014600|9.2765062800|9.2503014600|9.2677713400|425500|4511111.0000|9.2677713400
14500000|9.2677713400|9.2765062800|9.2590364000|9.2677713400|592000|6280770.0000|9.2677713400
14550000|9.2677713400|9.2765062800|9.2590364000|9.2677713400|437200|4639929.0000|9.2677713400
15000000|9.2677713400|9.3027111000|9.2677713400|9.2939761600|1417900|15079488.0000|9.2939761600
