09350000|12.6697721400|12.7496446200|12.5599474800|12.6198518400|4330100|54887000.0000|12.6198518400
09400000|12.6198518400|12.6298359000|12.5100271800|12.5200112400|2162400|27218232.0000|12.5200112400
09450000|12.5200112400|12.6597880800|12.5100271800|12.6597880800|1309200|16454192.0000|12.6597880800
09500000|12.6597880800|12.7296765000|12.6398199600|12.6498040200|1656100|21052696.0000|12.6498040200
09550000|12.6498040200|12.6597880800|12.5399793600|12.5399793600|760000|9585976.0000|12.5399793600
10000000|12.5399793600|12.5998837200|12.5100271800|12.5399793600|940900|11803824.0000|12.5399793600
10050000|12.5399793600|12.5399793600|12.4501228200|12.5000431200|1391400|17395424.0000|12.5000431200
10100000|12.5000431200|12.5200112400|12.4601068800|12.4700909400|696700|8710688.0000|12.4700909400
10150000|12.4700909400|12.4800750000|12.4002025200|12.4301547000|1209200|15058960.0000|12.4301547000
10200000|12.4301547000|12.4401387600|12.3303141000|12.3702503400|1863600|23100016.0000|12.3702503400
10250000|12.3702503400|12.4002025200|12.3303141000|12.3602662800|675400|8367232.0000|12.3602662800
10300000|12.3602662800|12.3802344000|12.3303141000|12.3402981600|634000|7840592.0000|12.3402981600
10350000|12.3402981600|12.3402981600|12.2903778600|12.3003619200|1379100|17001408.0000|12.3003619200
10400000|12.3003619200|12.3402981600|12.2704097400|12.3203300400|932200|11484560.0000|12.3203300400
10450000|12.3203300400|12.3303141000|12.2604256800|12.2903778600|513700|6322336.0000|12.2903778600
10500000|12.3003619200|12.3303141000|12.2903778600|12.3003619200|357600|4409264.0000|12.3003619200
10550000|12.3003619200|12.3702503400|12.3003619200|12.3103459800|495200|6115888.0000|12.3103459800
11000000|12.3103459800|12.3103459800|12.2704097400|12.2903778600|274900|3382032.0000|12.2903778600
11050000|12.2903778600|12.2903778600|12.2304735000|12.2604256800|663200|8141440.0000|12.2604256800
11100000|12.2404575600|12.2704097400|12.2105053800|12.2304735000|390800|4786560.0000|12.2304735000
11150000|12.2304735000|12.2504416200|12.2005213200|12.2105053800|374000|4578848.0000|12.2105053800
11200000|12.2105053800|12.2704097400|12.2005213200|12.2704097400|393800|4825664.0000|12.2704097400
11250000|12.2704097400|12.3203300400|12.2604256800|12.2704097400|259400|3193984.0000|12.2704097400
11300000|12.2704097400|12.3103459800|12.2304735000|12.2504416200|265500|3263424.0000|12.2504416200
13050000|12.2404575600|12.3402981600|12.2304735000|12.3303141000|415400|5104960.0000|12.3303141000
13100000|12.3303141000|12.3602662800|12.2903778600|12.3602662800|218200|2694208.0000|12.3602662800
13150000|12.3602662800|12.5599474800|12.3602662800|12.4700909400|1974700|24652256.0000|12.4700909400
13200000|12.4700909400|12.5599474800|12.4501228200|12.5599474800|1275600|15980768.0000|12.5599474800
13250000|12.5599474800|12.5799156000|12.4800750000|12.5100271800|750900|9433504.0000|12.5100271800
13300000|12.5000431200|12.5200112400|12.4700909400|12.4800750000|300600|3760096.0000|12.4800750000
13350000|12.4800750000|12.5200112400|12.4601068800|12.5000431200|238500|2983968.0000|12.5000431200
13400000|12.5000431200|12.5399793600|12.4800750000|12.5200112400|522000|6541792.0000|12.5200112400
13450000|12.5200112400|12.5200112400|12.4002025200|12.4301547000|257100|3207168.0000|12.4301547000
13500000|12.4301547000|12.4301547000|12.3702503400|12.3902184600|709100|8796544.0000|12.3902184600
13550000|12.3902184600|12.4101865800|12.3303141000|12.3402981600|313600|3882688.0000|12.3402981600
14000000|12.3402981600|12.4002025200|12.3303141000|12.3902184600|251500|3112480.0000|12.3902184600
14050000|12.3702503400|12.4301547000|12.3502822200|12.4201706400|266200|3300256.0000|12.4201706400
14100000|12.4201706400|12.4301547000|12.3502822200|12.3502822200|201400|2500736.0000|12.3502822200
14150000|12.3502822200|12.3602662800|12.3103459800|12.3103459800|312200|3857184.0000|12.3103459800
14200000|12.3103459800|12.3802344000|12.3103459800|12.3502822200|231600|2862784.0000|12.3502822200
14250000|12.3502822200|12.4002025200|12.3303141000|12.4002025200|326200|4038304.0000|12.4002025200
14300000|12.4002025200|12.4401387600|12.4002025200|12.4002025200|674000|8383744.0000|12.4002025200
14350000|12.4002025200|12.4101865800|12.3702503400|12.3902184600|263900|3274240.0000|12.3902184600
14400000|12.3802344000|12.3902184600|12.3602662800|12.3702503400|225500|2794112.0000|12.3702503400
14450000|12.3702503400|12.3902184600|12.3602662800|12.3802344000|401700|4979488.0000|12.3802344000
14500000|12.3802344000|12.3802344000|12.3602662800|12.3602662800|464500|5755584.0000|12.3602662800
14550000|12.3602662800|12.3602662800|12.3303141000|12.3502822200|747700|9245760.0000|12.3502822200
15000000|12.3602662800|12.3802344000|12.3502822200|12.3502822200|773500|9577088.0000|12.3502822200
