093500|7.7300|7.7600|7.7100|7.7400|184800|1430253.0000|7.7400
094000|7.7400|7.7700|7.7300|7.7400|202500|1569318.0000|7.7400
094500|7.7500|7.7800|7.7400|7.7700|140700|1092215.0000|7.7700
095000|7.7700|7.7700|7.7300|7.7400|143300|1109554.0000|7.7400
095500|7.7300|7.7300|7.7200|7.7300|105300|813719.0000|7.7300
100000|7.7200|7.7300|7.7100|7.7100|112600|869365.0000|7.7100
100500|7.7100|7.7200|7.6800|7.7000|220100|1695092.0000|7.7000
101000|7.6900|7.7200|7.6900|7.7200|250800|1931124.0000|7.7200
101500|7.7200|7.7600|7.7100|7.7400|211200|1634836.0000|7.7400
102000|7.7400|7.7400|7.7100|7.7100|57400|443322.0000|7.7100
102500|7.7100|7.7300|7.7000|7.7000|138600|1069689.0000|7.7000
103000|7.7100|7.7300|7.7000|7.7200|225900|1743408.0000|7.7200
103500|7.7200|7.7500|7.7200|7.7200|65200|504357.0000|7.7200
104000|7.7200|7.7400|7.7200|7.7200|47600|367768.0000|7.7200
104500|7.7300|7.7500|7.7200|7.7300|132600|1026225.0000|7.7300
105000|7.7300|7.7400|7.7200|7.7300|79500|614578.0000|7.7300
105500|7.7300|7.7500|7.7200|7.7400|108500|838486.0000|7.7400
110000|7.7400|7.7500|7.7400|7.7400|21500|166490.0000|7.7400
110500|7.7400|7.7500|7.7300|7.7500|72800|563766.0000|7.7500
111000|7.7500|7.7600|7.7400|7.7600|271800|2107650.0000|7.7600
111500|7.7600|7.7700|7.7500|7.7600|138700|1076238.0000|7.7600
112000|7.7600|7.7700|7.7500|7.7500|59000|457868.0000|7.7500
112500|7.7600|7.7700|7.7500|7.7600|70800|549628.0000|7.7600
113000|7.7600|7.8200|7.7500|7.8200|282700|2202024.0000|7.8200
130500|7.8200|7.8400|7.7600|7.7700|434800|3395230.0000|7.7700
131000|7.7700|7.8100|7.7700|7.7800|54400|423602.0000|7.7800
131500|7.7800|7.8000|7.7800|7.8000|117400|914592.0000|7.8000
132000|7.7900|7.8000|7.7800|7.7900|80400|626118.0000|7.7900
132500|7.7900|7.8000|7.7800|7.7900|66400|517358.0000|7.7900
133000|7.7800|7.7900|7.7600|7.7600|120000|932906.0000|7.7600
133500|7.7600|7.7800|7.7600|7.7700|84800|658724.0000|7.7700
134000|7.7700|7.8000|7.7600|7.7900|78700|612338.0000|7.7900
134500|7.7800|7.8000|7.7800|7.7900|66600|518936.0000|7.7900
135000|7.8000|7.8100|7.7900|7.8000|154400|1205344.0000|7.8000
135500|7.8100|7.8100|7.8000|7.8000|166500|1299268.0000|7.8000
140000|7.8000|7.8100|7.7900|7.7900|176900|1379612.0000|7.7900
140500|7.7900|7.8200|7.7800|7.7900|413500|3227060.0000|7.7900
141000|7.8100|7.8100|7.7700|7.7700|253900|1975652.0000|7.7700
141500|7.7700|7.8000|7.7700|7.7800|174700|1359028.0000|7.7800
142000|7.7800|7.7900|7.7700|7.7900|163800|1274664.0000|7.7900
142500|7.7800|7.8000|7.7800|7.7900|136200|1061160.0000|7.7900
143000|7.7900|7.8100|7.7800|7.7900|104400|813240.0000|7.7900
143500|7.7900|7.8100|7.7800|7.8000|103000|802592.0000|7.8000
144000|7.8000|7.8100|7.7600|7.7800|223000|1734648.0000|7.7800
144500|7.7800|7.7800|7.7500|7.7700|287500|2231360.0000|7.7700
145000|7.7700|7.7800|7.7600|7.7600|52800|410208.0000|7.7600
145500|7.7600|7.7900|7.7600|7.7800|65900|512488.0000|7.7800
150000|7.7800|7.7800|7.7600|7.7600|148800|1155568.0000|7.7600
