093500|12.5|12.59|12.41|12.57|17680.0|22165176.0|12.5
094000|12.56|12.58|12.47|12.54|8439.0|10576268.0|12.57
094500|12.55|12.56|12.42|12.44|8899.0|11097690.0|12.54
095000|12.45|12.49|12.43|12.47|12877.0|16033599.0|12.44
095500|12.47|12.48|12.38|12.43|6255.0|7770398.0|12.47
100000|12.43|12.51|12.42|12.5|4781.0|5964863.0|12.43
100500|12.5|12.54|12.47|12.49|9830.0|12295708.0|12.5
101000|12.5|12.52|12.48|12.5|5290.0|6614125.0|12.49
101500|12.49|12.54|12.49|12.51|5686.0|7122261.0|12.5
102000|12.52|12.58|12.5|12.51|9732.0|12209594.0|12.51
102500|12.52|12.52|12.45|12.46|3878.0|4841531.0|12.51
103000|12.46|12.48|12.45|12.47|4613.0|5748821.0|12.46
103500|12.46|12.54|12.46|12.52|4228.0|5287572.0|12.47
104000|12.52|12.63|12.52|12.61|10160.0|12794146.0|12.52
104500|12.6|12.6|12.53|12.53|11637.0|14620376.0|12.61
105000|12.53|12.56|12.48|12.48|4036.0|5052793.0|12.53
105500|12.48|12.49|12.45|12.45|4376.0|5454201.0|12.48
110000|12.46|12.47|12.43|12.44|3712.0|4621237.0|12.45
110500|12.44|12.45|12.42|12.42|2878.0|3577761.0|12.44
111000|12.43|12.47|12.42|12.46|2654.0|3304953.0|12.42
111500|12.46|12.46|12.44|12.45|1984.0|2469872.0|12.46
112000|12.44|12.47|12.43|12.44|1386.0|1725696.0|12.45
112500|12.45|12.45|12.41|12.43|2343.0|2911195.0|12.44
113000|12.42|12.42|12.38|12.39|4981.0|6174552.0|12.43
130500|12.42|12.49|12.4|12.46|5061.0|6300416.0|12.39
131000|12.46|12.48|12.43|12.46|1918.0|2388875.0|12.46
131500|12.46|12.46|12.42|12.44|1810.0|2250257.0|12.46
132000|12.44|12.46|12.42|12.45|1370.0|1703865.0|12.44
132500|12.45|12.48|12.43|12.48|908.0|1130766.0|12.45
133000|12.48|12.5|12.46|12.48|2335.0|2913826.0|12.48
133500|12.48|12.59|12.48|12.58|6093.0|7643125.0|12.48
134000|12.58|12.62|12.56|12.58|7298.0|9189883.0|12.58
134500|12.6|12.6|12.56|12.59|4213.0|5301024.0|12.58
135000|12.6|12.64|12.59|12.6|10104.0|12750959.0|12.59
135500|12.6|12.64|12.59|12.64|3812.0|4807837.0|12.6
140000|12.65|12.67|12.63|12.65|10453.0|13218662.0|12.64
140500|12.64|12.65|12.62|12.64|3332.0|4208002.0|12.65
141000|12.63|12.7|12.63|12.69|10410.0|13193041.0|12.64
141500|12.68|12.69|12.67|12.67|3208.0|4066658.0|12.69
142000|12.67|12.71|12.66|12.67|6755.0|8572027.0|12.67
142500|12.68|12.69|12.67|12.67|2794.0|3541839.0|12.67
143000|12.67|12.68|12.66|12.66|2663.0|3372273.0|12.67
143500|12.66|12.7|12.66|12.7|4749.0|6022260.0|12.66
144000|12.7|12.71|12.67|12.68|5534.0|7026334.0|12.7
144500|12.68|12.69|12.65|12.68|4433.0|5616685.0|12.68
145000|12.68|12.68|12.65|12.66|6136.0|7770324.0|12.68
145500|12.66|12.66|12.59|12.6|9595.0|12114488.0|12.66
150000|12.6|12.6|12.59|12.6|6855.0|8635901.0|12.6
