09350000|30.3927752400|30.5375946900|30.3348474600|30.4024298700|542623|17092470.8900|30.4024298700
09400000|30.4120845000|30.5182854300|30.3638113500|30.4410483900|464700|14646028.0000|30.4410483900
09450000|30.4410483900|30.5665585800|30.3831206100|30.5569039500|240900|7609633.0000|30.5569039500
09500000|30.5665585800|30.7017234000|30.5665585800|30.6148317300|356600|11319841.7000|30.6148317300
09550000|30.6148317300|30.6244863600|30.5182854300|30.5569039500|188700|5976383.0000|30.5569039500
10000000|30.5569039500|30.5665585800|30.4120845000|30.4120845000|283100|8943587.0000|30.4120845000
10050000|30.4313937600|30.5182854300|30.3638113500|30.4313937600|209600|6607590.0000|30.4313937600
10100000|30.4313937600|30.4507030200|30.3251928300|30.4313937600|479500|15096529.0000|30.4313937600
10150000|30.4313937600|30.4603576500|30.3831206100|30.4120845000|201800|6356096.0000|30.4120845000
10200000|30.3831206100|30.4507030200|30.3831206100|30.4313937600|179700|5659552.0000|30.4313937600
10250000|30.4313937600|30.5182854300|30.4120845000|30.5086308000|222100|7006690.0000|30.5086308000
10300000|30.5086308000|30.5665585800|30.4796669100|30.5182854300|172400|5452060.0000|30.5182854300
10350000|30.5182854300|30.5569039500|30.4700122800|30.4700122800|76500|2416585.0000|30.4700122800
10400000|30.4796669100|30.4989761700|30.4603576500|30.4989761700|91700|2895218.0000|30.4989761700
10450000|30.4989761700|30.5472493200|30.4893215400|30.5375946900|91400|2889288.0000|30.5375946900
10500000|30.5375946900|30.5375946900|30.4507030200|30.4796669100|93200|2942562.0000|30.4796669100
10550000|30.4796669100|30.5375946900|30.4796669100|30.4989761700|72700|2297337.0000|30.4989761700
11000000|30.5086308000|30.5375946900|30.4989761700|30.5375946900|92100|2910912.0000|30.5375946900
11050000|30.5375946900|30.5569039500|30.5086308000|30.5086308000|146500|4633093.0000|30.5086308000
11100000|30.5086308000|30.5086308000|30.4700122800|30.4700122800|64800|2046737.0000|30.4700122800
11150000|30.4700122800|30.4893215400|30.4313937600|30.4313937600|73600|2321807.0000|30.4313937600
11200000|30.4410483900|30.4893215400|30.4410483900|30.4507030200|109400|3451672.0000|30.4507030200
11250000|30.4603576500|30.5665585800|30.4507030200|30.5086308000|161614|5110586.1200|30.5086308000
11300000|30.4989761700|30.5472493200|30.4893215400|30.5279400600|60714|1919196.5400|30.5279400600
13050000|30.5279400600|30.5375946900|30.4507030200|30.4796669100|69900|2207668.0000|30.4796669100
13100000|30.4796669100|30.4893215400|30.4410483900|30.4507030200|108200|3414300.0000|30.4507030200
13150000|30.4603576500|30.4989761700|30.4410483900|30.4796669100|60500|1909084.0000|30.4796669100
13200000|30.4796669100|30.4989761700|30.4410483900|30.4700122800|143000|4513171.0000|30.4700122800
13250000|30.4893215400|30.4893215400|30.4603576500|30.4603576500|40200|1268992.0000|30.4603576500
13300000|30.4700122800|30.4700122800|30.4410483900|30.4507030200|82300|2595819.0000|30.4507030200
13350000|30.4410483900|30.4603576500|30.4410483900|30.4410483900|81500|2570265.0000|30.4410483900
13400000|30.4507030200|30.4893215400|30.4313937600|30.4313937600|117400|3703049.0000|30.4313937600
13450000|30.4313937600|30.4893215400|30.4313937600|30.4796669100|66200|2088461.0000|30.4796669100
13500000|30.4796669100|30.4893215400|30.4507030200|30.4700122800|48800|1540083.0000|30.4700122800
13550000|30.4700122800|30.4893215400|30.4603576500|30.4700122800|58900|1859132.0000|30.4700122800
14000000|30.4796669100|30.4796669100|30.4217391300|30.4217391300|127400|4017051.0000|30.4217391300
14050000|30.4313937600|30.4410483900|30.4120845000|30.4313937600|125300|3948520.0000|30.4313937600
14100000|30.4410483900|30.4410483900|30.3831206100|30.4120845000|205400|6469330.0000|30.4120845000
14150000|30.4024298700|30.4313937600|30.3638113500|30.4120845000|255300|8036730.0000|30.4120845000
14200000|30.3831206100|30.4120845000|30.3348474600|30.3541567200|232400|7310869.0000|30.3541567200
14250000|30.3541567200|30.4120845000|30.3348474600|30.3831206100|203800|6410434.0000|30.3831206100
14300000|30.3831206100|30.4120845000|30.3348474600|30.3734659800|162000|5094966.0000|30.3734659800
14350000|30.3734659800|30.4410483900|30.3445020900|30.3927752400|129600|4077391.0000|30.3927752400
14400000|30.3927752400|30.4410483900|30.3541567200|30.4217391300|126600|3986667.0000|30.4217391300
14450000|30.4217391300|30.4507030200|30.4120845000|30.4313937600|115100|3627634.0000|30.4313937600
14500000|30.4313937600|30.4507030200|30.4024298700|30.4313937600|128400|4045518.0000|30.4313937600
14550000|30.4217391300|30.4796669100|30.4217391300|30.4507030200|172300|5434257.0000|30.4507030200
15000000|30.4507030200|30.5086308000|30.4024298700|30.5086308000|394096|12447320.0400|30.5086308000
