09350000|37.0683365000|37.3338126500|36.9011848500|36.9405146500|3262400|123194912.0000|36.9405146500
09400000|36.9798444500|37.0486716000|36.7831954500|36.7831954500|1124200|42212704.0000|36.7831954500
09450000|36.7831954500|36.7831954500|36.5865464500|36.7438656500|738500|27559920.0000|36.7438656500
09500000|36.7536981000|36.9700120000|36.7340332000|36.9208497500|718900|26964912.0000|36.9208497500
09550000|36.9011848500|37.0388391500|36.8323577000|36.8323577000|565900|21269200.0000|36.8323577000
10000000|36.8323577000|36.9011848500|36.6750385000|36.8520226000|270200|10117008.0000|36.8520226000
10050000|36.8815199500|36.9208497500|36.8028603500|36.9110173000|280200|10507792.0000|36.9110173000
10100000|36.9011848500|36.9208497500|36.8716875000|36.8913524000|138700|5204192.0000|36.8913524000
10150000|36.9011848500|36.9011848500|36.7831954500|36.7831954500|171600|6429104.0000|36.7831954500
10200000|36.7831954500|36.8225252500|36.6947034000|36.8225252500|300200|11227328.0000|36.8225252500
10250000|36.8126928000|36.9011848500|36.7733630000|36.8815199500|261300|9788320.0000|36.8815199500
10300000|36.8716875000|36.9208497500|36.8225252500|36.9011848500|248200|9309696.0000|36.9011848500
10350000|36.8815199500|36.9700120000|36.8421901500|36.9405146500|307400|11537856.0000|36.9405146500
10400000|36.9405146500|36.9896769000|36.8716875000|36.9011848500|373100|14024384.0000|36.9011848500
10450000|36.8716875000|36.8815199500|36.7438656500|36.7831954500|187400|7020160.0000|36.7831954500
10500000|36.7930279000|36.7930279000|36.7340332000|36.7635305500|89700|3353536.0000|36.7635305500
10550000|36.7635305500|36.8126928000|36.7635305500|36.8126928000|65600|2454400.0000|36.8126928000
11000000|36.8028603500|36.8913524000|36.8028603500|36.8913524000|109800|4115328.0000|36.8913524000
11050000|36.8815199500|36.8913524000|36.8421901500|36.8618550500|97800|3667744.0000|36.8618550500
11100000|36.8520226000|36.8815199500|36.8323577000|36.8716875000|107800|4040960.0000|36.8716875000
11150000|36.8716875000|36.8815199500|36.8323577000|36.8520226000|115900|4345184.0000|36.8520226000
11200000|36.8618550500|36.8618550500|36.7733630000|36.7733630000|91700|3433280.0000|36.7733630000
11250000|36.7733630000|36.8716875000|36.7635305500|36.8421901500|185500|6948000.0000|36.8421901500
11300000|36.8421901500|36.9011848500|36.8323577000|36.8716875000|219700|8240160.0000|36.8716875000
13050000|36.8716875000|36.8716875000|36.7733630000|36.7930279000|149800|5611264.0000|36.7930279000
13100000|36.7831954500|36.8225252500|36.7536981000|36.8225252500|142100|5316544.0000|36.8225252500
13150000|36.8323577000|36.8618550500|36.8225252500|36.8225252500|92800|3477216.0000|36.8225252500
13200000|36.8126928000|36.8323577000|36.7930279000|36.7930279000|95200|3563968.0000|36.7930279000
13250000|36.8028603500|36.8225252500|36.7831954500|36.7831954500|101200|3787840.0000|36.7831954500
13300000|36.8126928000|36.8421901500|36.7831954500|36.7930279000|182900|6847584.0000|36.7930279000
13350000|36.7930279000|36.8323577000|36.7831954500|36.8323577000|112200|4200736.0000|36.8323577000
13400000|36.8225252500|36.8618550500|36.7733630000|36.8225252500|114600|4291808.0000|36.8225252500
13450000|36.8225252500|36.8225252500|36.7831954500|36.7831954500|92000|3443872.0000|36.7831954500
13500000|36.7831954500|36.7831954500|36.7438656500|36.7635305500|153600|5744512.0000|36.7635305500
13550000|36.7536981000|36.7930279000|36.7438656500|36.7536981000|147300|5508544.0000|36.7536981000
14000000|36.7536981000|36.7635305500|36.7045358500|36.7045358500|132800|4960000.0000|36.7045358500
14050000|36.7045358500|36.7438656500|36.6947034000|36.7438656500|159700|5962944.0000|36.7438656500
14100000|36.7438656500|36.7831954500|36.7438656500|36.7831954500|143400|5361728.0000|36.7831954500
14150000|36.7930279000|36.8225252500|36.7733630000|36.7733630000|268800|10062848.0000|36.7733630000
14200000|36.7733630000|36.8225252500|36.7242007500|36.8225252500|217400|8133056.0000|36.8225252500
14250000|36.8225252500|36.8421901500|36.8028603500|36.8421901500|156200|5850336.0000|36.8421901500
14300000|36.8323577000|36.9208497500|36.8323577000|36.9110173000|394000|14777632.0000|36.9110173000
14350000|36.9011848500|36.9011848500|36.8618550500|36.8716875000|168700|6327776.0000|36.8716875000
14400000|36.8716875000|36.8913524000|36.8225252500|36.8520226000|241900|9067136.0000|36.8520226000
14450000|36.8618550500|36.8716875000|36.8225252500|36.8323577000|278800|10449664.0000|36.8323577000
14500000|36.8421901500|36.8520226000|36.8126928000|36.8421901500|292900|10971872.0000|36.8421901500
14550000|36.8421901500|36.8913524000|36.8323577000|36.8815199500|512900|19228704.0000|36.8815199500
15000000|36.8815199500|36.9110173000|36.8421901500|36.8815199500|202700|7605056.0000|36.8815199500
