09350000|43.4548853200|43.6738517600|43.1562947200|43.5942276000|330800|14411080.0000|43.5942276000
09400000|43.6340396800|43.6738517600|43.2956370000|43.3553551200|104400|4558674.0000|43.3553551200
09450000|43.3553551200|43.5842745800|43.2160128400|43.2757309600|91900|4004810.0000|43.2757309600
09500000|43.2757309600|43.3055900200|43.0069994200|43.0468115000|96000|4164792.0000|43.0468115000
09550000|43.0468115000|43.1065296200|42.9174222400|42.9671873400|105500|4552348.0000|42.9671873400
10000000|42.9671873400|43.0468115000|42.8975162000|42.9074692200|111500|4813118.0000|42.9074692200
10050000|42.9074692200|42.9870933800|42.7084088200|42.7084088200|185600|7992192.0000|42.7084088200
10100000|42.7183618400|43.0269054600|42.6885027800|42.9472813000|158600|6826904.0000|42.9472813000
10150000|42.8975162000|42.8975162000|42.6586437200|42.6785497600|104900|4508676.0000|42.6785497600
10200000|42.6785497600|42.7979860000|42.6387376800|42.7482209000|119400|5118604.0000|42.7482209000
10250000|42.7581739200|42.9472813000|42.7283148600|42.9174222400|63700|2743580.0000|42.9174222400
10300000|42.9174222400|42.9174222400|42.7979860000|42.8676571400|28900|1240904.0000|42.8676571400
10350000|42.8676571400|43.0567645200|42.8676571400|43.0468115000|87400|3774956.0000|43.0468115000
10400000|43.0468115000|43.0866235800|42.8875631800|42.9074692200|29900|1291280.0000|42.9074692200
10450000|42.9074692200|43.0766705600|42.8875631800|42.9671873400|59300|2560064.0000|42.9671873400
10500000|42.9671873400|43.1363886800|42.9572343200|42.9970464000|106800|4620840.0000|42.9970464000
10550000|42.9572343200|42.9671873400|42.7880329800|42.8178920400|40400|1739448.0000|42.8178920400
11000000|42.7979860000|42.8676571400|42.7780799600|42.8079390200|34100|1465800.0000|42.8079390200
11050000|42.7979860000|42.8577041200|42.7880329800|42.8477511000|25800|1111304.0000|42.8477511000
11100000|42.8577041200|42.8875631800|42.8278450600|42.8278450600|20800|895768.0000|42.8278450600
11150000|42.8278450600|42.8776101600|42.8278450600|42.8477511000|38300|1648264.0000|42.8477511000
11200000|42.8477511000|42.8577041200|42.7482209000|42.8178920400|87300|3750408.0000|42.8178920400
11250000|42.8079390200|42.9373282800|42.8079390200|42.9174222400|59800|2574368.0000|42.9174222400
11300000|42.9074692200|42.9870933800|42.9074692200|42.9572343200|105100|4536088.0000|42.9572343200
13050000|42.9671873400|43.1065296200|42.9472813000|43.1065296200|107400|4643712.0000|43.1065296200
13100000|43.1065296200|43.2856839800|43.0965766000|43.2259658600|110000|4772496.0000|43.2259658600
13150000|43.1562947200|43.2060598200|42.9472813000|42.9472813000|23800|1030792.0000|42.9472813000
13200000|42.9572343200|42.9771403600|42.9373282800|42.9771403600|6900|300416.0000|42.9771403600
13250000|42.9572343200|42.9771403600|42.8776101600|42.8975162000|34100|1470800.0000|42.8975162000
13300000|42.8975162000|42.9074692200|42.8776101600|42.9074692200|12400|534488.0000|42.9074692200
13350000|42.9174222400|42.9472813000|42.8577041200|42.8577041200|34900|1501808.0000|42.8577041200
13400000|42.8477511000|42.8577041200|42.8178920400|42.8377980800|23800|1026728.0000|42.8377980800
13450000|42.8377980800|42.8377980800|42.7979860000|42.8079390200|28500|1226032.0000|42.8079390200
13500000|42.8079390200|42.8079390200|42.7581739200|42.7681269400|39100|1681048.0000|42.7681269400
13550000|42.7581739200|42.7979860000|42.6984558000|42.7979860000|40900|1756952.0000|42.7979860000
14000000|42.8079390200|42.8079390200|42.6984558000|42.7183618400|49900|2139032.0000|42.7183618400
14050000|42.7084088200|42.7382678800|42.6188316400|42.6685967400|42200|1810512.0000|42.6685967400
14100000|42.6685967400|42.6885027800|42.6188316400|42.6685967400|38900|1666200.0000|42.6685967400
14150000|42.6685967400|42.6885027800|42.5690665400|42.6486907000|75100|3217992.0000|42.6486907000
14200000|42.5989256000|42.6387376800|42.4993954000|42.5193014400|72500|3098464.0000|42.5193014400
14250000|42.5193014400|42.5392074800|42.4595833200|42.4794893600|81100|3464896.0000|42.4794893600
14300000|42.4794893600|42.4993954000|42.3799591600|42.4396772800|99000|4221208.0000|42.4396772800
14350000|42.4297242600|42.5392074800|42.3998652000|42.4197712400|132000|5627456.0000|42.4197712400
14400000|42.4297242600|42.5292544600|42.3899121800|42.4794893600|77000|3285536.0000|42.4794893600
14450000|42.4794893600|42.5292544600|42.3799591600|42.3998652000|110500|4711808.0000|42.3998652000
14500000|42.3998652000|42.5292544600|42.3700061400|42.4993954000|175100|7466608.0000|42.4993954000
14550000|42.4993954000|42.6287846600|42.4993954000|42.5889725800|148200|6338032.0000|42.5889725800
15000000|42.5889725800|42.5989256000|42.5690665400|42.5989256000|33000|1407888.0000|42.5989256000
