093500|5.8500|5.8600|5.8300|5.8600|768600|4493081.0000|5.8600
094000|5.8600|5.8600|5.8400|5.8500|532900|3116995.0000|5.8500
094500|5.8500|5.8700|5.8500|5.8500|316000|1850054.0000|5.8500
095000|5.8500|5.8500|5.8300|5.8400|592500|3462027.0000|5.8400
095500|5.8400|5.8400|5.7900|5.8100|1564500|9093198.0000|5.8100
100000|5.8100|5.8300|5.8100|5.8100|372700|2169764.0000|5.8100
100500|5.8100|5.8200|5.8000|5.8000|458200|2661386.0000|5.8000
101000|5.8000|5.8200|5.7900|5.8100|804100|4666790.0000|5.8100
101500|5.8100|5.8200|5.7900|5.7900|452300|2624736.0000|5.7900
102000|5.7900|5.8100|5.7900|5.8000|212400|1232048.0000|5.8000
102500|5.8000|5.8100|5.7900|5.8100|700400|4060047.0000|5.8100
103000|5.8100|5.8400|5.8100|5.8400|314300|1831677.0000|5.8400
103500|5.8400|5.8400|5.8200|5.8300|99400|579404.0000|5.8300
104000|5.8300|5.8300|5.8100|5.8100|239100|1391000.0000|5.8100
104500|5.8100|5.8200|5.7900|5.7900|369200|2142057.0000|5.7900
105000|5.7900|5.8200|5.7900|5.8100|224800|1303895.0000|5.8100
105500|5.8100|5.8200|5.8100|5.8100|276126|1604565.0000|5.8100
110000|5.8100|5.8200|5.7900|5.7900|281874|1635881.0000|5.7900
110500|5.7900|5.8100|5.7900|5.8000|92200|534768.0000|5.8000
111000|5.8100|5.8300|5.8000|5.8200|180000|1046907.0000|5.8200
111500|5.8200|5.8400|5.7900|5.8100|984800|5724374.0000|5.8100
112000|5.8100|5.8200|5.8000|5.8100|145600|846009.0000|5.8100
112500|5.8100|5.8400|5.8000|5.8300|428400|2493992.0000|5.8300
113000|5.8300|5.8400|5.8100|5.8400|433400|2527326.0000|5.8400
130500|5.8400|5.8400|5.8000|5.8000|195400|1137044.0000|5.8000
131000|5.8000|5.8100|5.8000|5.8000|105500|612592.0000|5.8000
131500|5.8000|5.8200|5.8000|5.8000|141800|823884.0000|5.8000
132000|5.8000|5.8200|5.8000|5.8200|168926|982360.0000|5.8200
132500|5.8300|5.8300|5.8000|5.8000|254474|1479624.0000|5.8000
133000|5.8000|5.8100|5.8000|5.8100|244300|1417799.0000|5.8100
133500|5.8100|5.8500|5.7900|5.8300|2567751|14919937.0000|5.8300
134000|5.8300|5.8400|5.8300|5.8300|180100|1051227.0000|5.8300
134500|5.8300|5.8400|5.8200|5.8200|230900|1346716.0000|5.8200
135000|5.8200|5.8300|5.8200|5.8200|153600|894083.0000|5.8200
135500|5.8200|5.8500|5.8100|5.8400|673700|3930022.0000|5.8400
140000|5.8400|5.8500|5.8300|5.8400|379700|2218141.0000|5.8400
140500|5.8400|5.8500|5.8300|5.8400|347300|2028692.0000|5.8400
141000|5.8400|5.8600|5.8400|5.8500|521200|3048029.0000|5.8500
141500|5.8500|5.9600|5.8400|5.9000|11513700|67957240.0000|5.9000
142000|5.9000|5.9500|5.8900|5.9200|6609468|39116821.0000|5.9200
142500|5.9000|5.9100|5.8200|5.8300|2795000|16385668.0000|5.8300
143000|5.8400|5.8500|5.8300|5.8400|652300|3810404.0000|5.8400
143500|5.8400|5.8400|5.8100|5.8200|814300|4744880.0000|5.8200
144000|5.8100|5.8300|5.8100|5.8200|338471|1971174.0000|5.8200
144500|5.8200|5.8300|5.8100|5.8100|626829|3647777.0000|5.8100
145000|5.8200|5.8200|5.8100|5.8200|501300|2916143.0000|5.8200
145500|5.8100|5.8100|5.7800|5.7900|1026900|5953987.0000|5.7900
150000|5.7800|5.7900|5.7600|5.7600|1103700|6365276.0000|5.7600
