093500|7.5800|7.5800|7.5100|7.5200|1367300|10296498.0000|7.5200
094000|7.5200|7.5700|7.5100|7.5400|932200|7024140.0000|7.5400
094500|7.5300|7.5500|7.4800|7.4800|1546400|11615590.0000|7.4800
095000|7.4700|7.5000|7.4700|7.4700|824500|6165056.0000|7.4700
095500|7.4700|7.4700|7.4300|7.4300|835400|6221300.0000|7.4300
100000|7.4300|7.4500|7.4100|7.4100|555700|4127984.0000|7.4100
100500|7.4100|7.4300|7.4000|7.4000|946100|7011888.0000|7.4000
101000|7.4000|7.4100|7.3900|7.4000|804600|5953452.0000|7.4000
101500|7.3900|7.4000|7.3700|7.3800|545100|4023672.0000|7.3800
102000|7.3800|7.3900|7.3700|7.3800|455700|3362928.0000|7.3800
102500|7.3700|7.3900|7.3600|7.3900|509100|3754040.0000|7.3900
103000|7.3900|7.4100|7.3800|7.4100|383900|2839568.0000|7.4100
103500|7.4100|7.4300|7.3900|7.4100|440900|3267136.0000|7.4100
104000|7.4200|7.4200|7.3900|7.3900|281700|2084184.0000|7.3900
104500|7.3900|7.4000|7.3700|7.3900|421100|3110512.0000|7.3900
105000|7.3900|7.3900|7.3600|7.3600|400800|2954920.0000|7.3600
105500|7.3600|7.3700|7.3500|7.3600|400500|2946616.0000|7.3600
110000|7.3600|7.3700|7.3500|7.3600|228700|1681704.0000|7.3600
110500|7.3500|7.3800|7.3500|7.3700|270300|1990888.0000|7.3700
111000|7.3800|7.3900|7.3600|7.3600|303100|2234968.0000|7.3600
111500|7.3700|7.3800|7.3600|7.3600|295100|2174392.0000|7.3600
112000|7.3600|7.3700|7.3500|7.3700|328100|2414936.0000|7.3700
112500|7.3700|7.3700|7.3400|7.3400|316200|2324816.0000|7.3400
113000|7.3400|7.3500|7.3400|7.3500|281300|2066840.0000|7.3500
130500|7.3600|7.3700|7.3400|7.3500|381300|2803968.0000|7.3500
131000|7.3600|7.3600|7.3300|7.3300|290900|2135720.0000|7.3300
131500|7.3400|7.3500|7.3200|7.3300|232500|1704680.0000|7.3300
132000|7.3300|7.3400|7.3300|7.3400|141100|1034528.0000|7.3400
132500|7.3400|7.3600|7.3400|7.3400|212200|1558240.0000|7.3400
133000|7.3400|7.3500|7.3300|7.3400|109400|803184.0000|7.3400
133500|7.3400|7.3400|7.3300|7.3300|272100|1996184.0000|7.3300
134000|7.3400|7.3500|7.3300|7.3400|281700|2066784.0000|7.3400
134500|7.3300|7.3300|7.3100|7.3200|348100|2549128.0000|7.3200
135000|7.3200|7.3500|7.3100|7.3400|347000|2542344.0000|7.3400
135500|7.3500|7.3600|7.3100|7.3200|542300|3971104.0000|7.3200
140000|7.3200|7.3200|7.3000|7.3100|290100|2120896.0000|7.3100
140500|7.3100|7.3200|7.3000|7.3000|327500|2393400.0000|7.3000
141000|7.3000|7.3100|7.2900|7.3000|280800|2049672.0000|7.3000
141500|7.2900|7.3000|7.2900|7.2900|296900|2167104.0000|7.2900
142000|7.2900|7.3000|7.2700|7.2700|562000|4093872.0000|7.2700
142500|7.2800|7.2900|7.2700|7.2800|472300|3436208.0000|7.2800
143000|7.2800|7.2800|7.2700|7.2700|724800|5271504.0000|7.2700
143500|7.2700|7.2700|7.2600|7.2600|462900|3361888.0000|7.2600
144000|7.2600|7.2700|7.2500|7.2600|332000|2410096.0000|7.2600
144500|7.2600|7.2800|7.2500|7.2700|383200|2784224.0000|7.2700
145000|7.2700|7.2700|7.2500|7.2700|526800|3825920.0000|7.2700
145500|7.2700|7.2700|7.2400|7.2500|1422300|10326208.0000|7.2500
150000|7.2500|7.2600|7.2400|7.2400|613700|4445584.0000|7.2400
