093500|6.6000|6.6100|6.5000|6.5300|852000|5576965.0000|6.5300
094000|6.5200|6.5700|6.5200|6.5400|698100|4565838.0000|6.5400
094500|6.5400|6.6000|6.5400|6.5700|464100|3048249.0000|6.5700
095000|6.5800|6.6200|6.5800|6.6100|561500|3707126.0000|6.6100
095500|6.5900|6.6100|6.5600|6.5900|419500|2765438.0000|6.5900
100000|6.5800|6.5800|6.5400|6.5500|352500|2313088.0000|6.5500
100500|6.5400|6.5900|6.5400|6.5700|348700|2287168.0000|6.5700
101000|6.5600|6.6000|6.5600|6.5800|194900|1282820.0000|6.5800
101500|6.5800|6.6200|6.5700|6.6200|410800|2710756.0000|6.6200
102000|6.6200|6.6300|6.6000|6.6200|342400|2265664.0000|6.6200
102500|6.6200|6.6300|6.6000|6.6200|163200|1079448.0000|6.6200
103000|6.6200|6.6300|6.6100|6.6200|206400|1365776.0000|6.6200
103500|6.6200|6.6200|6.5900|6.5900|183000|1208652.0000|6.5900
104000|6.5900|6.5900|6.5700|6.5800|198100|1302840.0000|6.5800
104500|6.5800|6.6100|6.5600|6.5600|89900|592196.0000|6.5600
105000|6.5800|6.5800|6.5600|6.5800|77600|509864.0000|6.5800
105500|6.5800|6.5800|6.5500|6.5500|86500|567392.0000|6.5500
110000|6.5500|6.5600|6.5300|6.5300|198200|1296292.0000|6.5300
110500|6.5300|6.5400|6.5100|6.5200|388800|2535976.0000|6.5200
111000|6.5200|6.5400|6.5100|6.5100|244400|1594048.0000|6.5100
111500|6.5100|6.5300|6.5100|6.5300|158100|1030336.0000|6.5300
112000|6.5300|6.5400|6.5200|6.5200|195700|1278052.0000|6.5200
112500|6.5300|6.5600|6.5200|6.5600|199100|1301008.0000|6.5600
113000|6.5500|6.5600|6.5400|6.5500|29700|194560.0000|6.5500
130500|6.5400|6.5600|6.5300|6.5300|209000|1367436.0000|6.5300
131000|6.5300|6.5700|6.5300|6.5600|178100|1166936.0000|6.5600
131500|6.5600|6.5800|6.5400|6.5500|111900|734396.0000|6.5500
132000|6.5500|6.5700|6.5400|6.5400|121200|794448.0000|6.5400
132500|6.5400|6.5600|6.5300|6.5300|186000|1217740.0000|6.5300
133000|6.5400|6.5400|6.5200|6.5300|177500|1158400.0000|6.5300
133500|6.5300|6.5700|6.5300|6.5500|240600|1577108.0000|6.5500
134000|6.5500|6.5700|6.5400|6.5700|244400|1600608.0000|6.5700
134500|6.5700|6.5900|6.5600|6.5900|234200|1540476.0000|6.5900
135000|6.5900|6.6200|6.5900|6.6200|240300|1586872.0000|6.6200
135500|6.6200|6.6300|6.5900|6.6000|407200|2693280.0000|6.6000
140000|6.6000|6.6200|6.5900|6.6200|328200|2168616.0000|6.6200
140500|6.6100|6.6300|6.6000|6.6300|222100|1469112.0000|6.6300
141000|6.6300|6.6400|6.6200|6.6200|200300|1328448.0000|6.6200
141500|6.6200|6.6400|6.6200|6.6200|254900|1689604.0000|6.6200
142000|6.6200|6.6300|6.6000|6.6000|305800|2023624.0000|6.6000
142500|6.6000|6.6100|6.6000|6.6000|156900|1035712.0000|6.6000
143000|6.6000|6.6000|6.5800|6.5800|176600|1164120.0000|6.5800
143500|6.5800|6.6000|6.5800|6.5900|187500|1235376.0000|6.5900
144000|6.5900|6.6100|6.5800|6.6000|255600|1685328.0000|6.6000
144500|6.6000|6.6000|6.5900|6.5900|186200|1227528.0000|6.5900
145000|6.5900|6.6000|6.5900|6.5900|241900|1595176.0000|6.5900
145500|6.6000|6.6300|6.6000|6.6100|603600|3995864.0000|6.6100
150000|6.6100|6.6300|6.6100|6.6200|683900|4527664.0000|6.6200
