093500|9.15|9.17|9.1|9.1|13508.0|12321244.0|9.15
094000|9.11|9.12|9.08|9.11|11735.0|10674554.0|9.1
094500|9.11|9.16|9.09|9.14|8264.0|7537204.0|9.11
095000|9.14|9.16|9.12|9.12|5562.0|5084718.0|9.14
095500|9.13|9.13|9.11|9.11|3471.0|3163720.0|9.12
100000|9.12|9.12|9.11|9.11|2602.0|2371508.0|9.11
100500|9.11|9.11|9.1|9.1|4682.0|4262685.0|9.11
101000|9.11|9.12|9.1|9.12|3473.0|3162931.0|9.1
101500|9.12|9.13|9.11|9.13|1745.0|1591125.0|9.12
102000|9.13|9.14|9.11|9.12|2442.0|2228050.0|9.13
102500|9.11|9.13|9.11|9.11|3075.0|2802228.0|9.12
103000|9.12|9.13|9.11|9.12|2264.0|2064546.0|9.11
103500|9.12|9.13|9.11|9.12|1093.0|996511.0|9.12
104000|9.12|9.13|9.11|9.13|1659.0|1512731.0|9.12
104500|9.13|9.14|9.12|9.13|2616.0|2387708.0|9.13
105000|9.13|9.14|9.12|9.14|620.0|566150.0|9.13
105500|9.14|9.14|9.13|9.14|1075.0|982361.0|9.14
110000|9.14|9.15|9.13|9.14|1822.0|1664822.0|9.14
110500|9.14|9.14|9.11|9.12|3239.0|2955932.0|9.14
111000|9.12|9.12|9.11|9.11|2304.0|2100294.0|9.12
111500|9.12|9.14|9.11|9.14|3661.0|3340595.0|9.11
112000|9.13|9.16|9.13|9.15|3721.0|3403009.0|9.14
112500|9.14|9.15|9.13|9.13|2008.0|1835957.0|9.15
113000|9.15|9.15|9.13|9.14|1806.0|1651891.0|9.13
130500|9.14|9.18|9.14|9.17|7578.0|6943111.0|9.14
131000|9.17|9.19|9.17|9.18|3445.0|3163383.0|9.17
131500|9.17|9.18|9.17|9.18|1881.0|1725689.0|9.18
132000|9.18|9.18|9.16|9.17|3032.0|2780410.0|9.18
132500|9.16|9.17|9.16|9.17|2251.0|2062541.0|9.17
133000|9.17|9.17|9.16|9.17|3180.0|2915989.0|9.17
133500|9.17|9.18|9.17|9.17|2705.0|2481514.0|9.17
134000|9.17|9.18|9.17|9.17|2269.0|2082183.0|9.17
134500|9.17|9.18|9.16|9.17|2816.0|2583005.0|9.17
135000|9.16|9.17|9.15|9.15|5485.0|5023648.0|9.17
135500|9.16|9.17|9.15|9.17|6397.0|5859959.0|9.15
140000|9.17|9.17|9.14|9.15|2294.0|2099620.0|9.17
140500|9.15|9.18|9.15|9.16|3061.0|2805679.0|9.15
141000|9.17|9.21|9.16|9.19|11699.0|10752380.0|9.16
141500|9.19|9.2|9.18|9.18|3354.0|3083636.0|9.19
142000|9.19|9.21|9.18|9.21|3370.0|3099976.0|9.18
142500|9.2|9.21|9.19|9.19|4079.0|3751803.0|9.21
143000|9.19|9.2|9.19|9.2|4403.0|4047097.0|9.19
143500|9.2|9.21|9.19|9.2|7345.0|6755321.0|9.2
144000|9.21|9.21|9.2|9.21|5505.0|5069804.0|9.2
144500|9.21|9.22|9.2|9.21|4812.0|4431686.0|9.21
145000|9.22|9.22|9.21|9.22|5799.0|5343823.0|9.21
145500|9.22|9.23|9.21|9.23|4834.0|4457033.0|9.22
150000|9.23|9.23|9.22|9.22|4935.0|4551091.0|9.23
