093500|3.8|3.81|3.75|3.77|10921.0|4120775.0|3.79
094000|3.77|3.77|3.69|3.7|23007.0|8552676.0|3.77
094500|3.7|3.71|3.68|3.7|13637.0|5040628.0|3.7
095000|3.7|3.72|3.69|3.71|4065.0|1505819.0|3.7
095500|3.7|3.74|3.7|3.74|3633.0|1350930.0|3.71
100000|3.74|3.76|3.74|3.74|2385.0|893539.0|3.74
100500|3.75|3.78|3.74|3.78|5054.0|1900131.0|3.74
101000|3.78|3.78|3.76|3.77|2990.0|1127361.0|3.78
101500|3.77|3.77|3.76|3.77|2982.0|1122393.0|3.77
102000|3.77|3.79|3.76|3.79|3713.0|1403265.0|3.77
102500|3.79|3.8|3.78|3.79|3308.0|1253873.0|3.79
103000|3.78|3.8|3.78|3.8|539.0|204345.0|3.79
103500|3.8|3.81|3.79|3.8|3727.0|1416175.0|3.8
104000|3.79|3.8|3.78|3.78|1518.0|575172.0|3.8
104500|3.79|3.79|3.77|3.77|1128.0|426102.0|3.78
105000|3.77|3.78|3.77|3.78|79.0|29791.0|3.77
105500|3.78|3.78|3.77|3.77|197.0|74345.0|3.78
110000|3.78|3.79|3.77|3.79|1017.0|385068.0|3.77
110500|3.78|3.8|3.78|3.8|1184.0|448805.0|3.79
111000|3.8|3.8|3.78|3.78|679.0|257449.0|3.8
111500|3.79|3.79|3.77|3.77|875.0|330743.0|3.78
112000|3.77|3.79|3.77|3.78|198.0|74861.0|3.77
112500|3.78|3.78|3.77|3.77|429.0|162146.0|3.78
113000|3.77|3.78|3.77|3.78|374.0|141319.0|3.77
130500|3.78|3.78|3.77|3.77|1175.0|443007.0|3.78
131000|3.77|3.78|3.77|3.78|245.0|92527.0|3.77
131500|3.77|3.78|3.77|3.78|354.0|133678.0|3.78
132000|3.77|3.78|3.76|3.77|881.0|332146.0|3.78
132500|3.77|3.77|3.76|3.76|179.0|67338.0|3.77
133000|3.77|3.77|3.76|3.76|111.0|41761.0|3.76
133500|3.76|3.77|3.76|3.77|560.0|210600.0|3.76
134000|3.76|3.78|3.76|3.77|1094.0|412419.0|3.77
134500|3.78|3.78|3.77|3.77|425.0|160250.0|3.77
135000|3.78|3.78|3.77|3.77|969.0|365415.0|3.77
135500|3.77|3.77|3.76|3.77|1473.0|555033.0|3.77
140000|3.76|3.77|3.76|3.76|521.0|195933.0|3.77
140500|3.76|3.77|3.76|3.77|399.0|150090.0|3.76
141000|3.77|3.77|3.76|3.77|1116.0|420584.0|3.77
141500|3.77|3.77|3.76|3.76|935.0|351756.0|3.77
142000|3.77|3.77|3.76|3.77|170.0|63839.0|3.76
142500|3.77|3.77|3.76|3.77|822.0|309172.0|3.77
143000|3.76|3.77|3.76|3.77|2436.0|916043.0|3.77
143500|3.76|3.77|3.76|3.77|2547.0|957730.0|3.77
144000|3.77|3.77|3.75|3.75|2129.0|799579.0|3.77
144500|3.75|3.76|3.75|3.75|1818.0|682250.0|3.75
145000|3.75|3.76|3.75|3.75|3513.0|1318021.0|3.75
145500|3.75|3.76|3.75|3.75|1635.0|613485.0|3.75
150000|3.75|3.76|3.74|3.74|9182.0|3435443.0|3.75
