093500|3.61|3.66|3.59|3.66|17260.0|6257977.0|3.61
094000|3.66|3.73|3.66|3.73|30985.0|11476134.0|3.66
094500|3.73|3.78|3.71|3.74|54208.0|20306843.0|3.73
095000|3.73|3.74|3.68|3.69|17709.0|6584858.0|3.74
095500|3.69|3.7|3.67|3.69|14468.0|5336201.0|3.69
100000|3.7|3.72|3.7|3.7|4055.0|1503125.0|3.69
100500|3.71|3.73|3.7|3.73|3410.0|1267002.0|3.7
101000|3.73|3.74|3.72|3.72|6593.0|2458465.0|3.73
101500|3.72|3.74|3.72|3.72|5922.0|2206850.0|3.72
102000|3.72|3.73|3.7|3.71|2731.0|1014846.0|3.72
102500|3.7|3.71|3.7|3.7|2575.0|954534.0|3.71
103000|3.7|3.71|3.7|3.7|915.0|338722.0|3.7
103500|3.7|3.7|3.68|3.69|2931.0|1082284.0|3.7
104000|3.69|3.7|3.68|3.7|1718.0|633770.0|3.69
104500|3.7|3.71|3.69|3.7|1879.0|695051.0|3.7
105000|3.71|3.73|3.7|3.73|1530.0|568798.0|3.7
105500|3.73|3.75|3.72|3.74|6519.0|2434844.0|3.73
110000|3.74|3.77|3.74|3.75|15708.0|5897010.0|3.74
110500|3.74|3.75|3.73|3.73|2567.0|960214.0|3.75
111000|3.74|3.74|3.73|3.74|379.0|141640.0|3.73
111500|3.74|3.74|3.71|3.71|2424.0|903078.0|3.74
112000|3.71|3.72|3.71|3.71|1380.0|512693.0|3.71
112500|3.72|3.72|3.71|3.71|433.0|160790.0|3.71
113000|3.71|3.72|3.71|3.71|2404.0|894174.0|3.71
130500|3.72|3.75|3.72|3.74|6637.0|2476400.0|3.71
131000|3.75|3.75|3.73|3.74|2992.0|1119015.0|3.74
131500|3.73|3.75|3.73|3.74|1203.0|449869.0|3.74
132000|3.74|3.74|3.73|3.73|1318.0|491788.0|3.74
132500|3.72|3.74|3.71|3.71|8024.0|2988620.0|3.73
133000|3.71|3.73|3.71|3.71|3081.0|1144070.0|3.71
133500|3.71|3.73|3.71|3.72|4614.0|1714744.0|3.71
134000|3.72|3.73|3.71|3.72|2688.0|1000034.0|3.72
134500|3.72|3.73|3.72|3.72|2033.0|756758.0|3.72
135000|3.72|3.73|3.71|3.71|1685.0|626785.0|3.72
135500|3.72|3.72|3.7|3.7|1423.0|527996.0|3.71
140000|3.7|3.71|3.7|3.71|958.0|354579.0|3.7
140500|3.7|3.71|3.69|3.7|1777.0|657752.0|3.71
141000|3.69|3.7|3.68|3.68|1743.0|643404.0|3.7
141500|3.69|3.69|3.68|3.69|4308.0|1587329.0|3.68
142000|3.69|3.69|3.68|3.68|3252.0|1197759.0|3.69
142500|3.69|3.69|3.68|3.68|4907.0|1806831.0|3.68
143000|3.68|3.7|3.67|3.7|4978.0|1835557.0|3.68
143500|3.69|3.7|3.68|3.68|3607.0|1331330.0|3.7
144000|3.69|3.69|3.67|3.67|6395.0|2350448.0|3.68
144500|3.68|3.68|3.67|3.67|2794.0|1026377.0|3.67
145000|3.67|3.68|3.67|3.68|3197.0|1174755.0|3.67
145500|3.67|3.69|3.67|3.67|9175.0|3375731.0|3.68
150000|3.67|3.68|3.67|3.68|6625.0|2435829.0|3.67
