093500|7.11|7.16|7.09|7.15|8525.0|6078825.0|7.13
094000|7.14|7.16|7.13|7.16|2275.0|1625606.0|7.15
094500|7.16|7.16|7.14|7.14|1123.0|803052.0|7.16
095000|7.15|7.15|7.13|7.13|1722.0|1229940.0|7.14
095500|7.14|7.15|7.12|7.12|2105.0|1501461.0|7.13
100000|7.13|7.16|7.12|7.13|2576.0|1839674.0|7.12
100500|7.14|7.16|7.14|7.16|1351.0|966006.0|7.13
101000|7.16|7.16|7.15|7.16|1330.0|951589.0|7.16
101500|7.16|7.16|7.15|7.16|1208.0|864258.0|7.16
102000|7.15|7.16|7.14|7.15|1837.0|1313382.0|7.16
102500|7.15|7.16|7.14|7.14|983.0|702839.0|7.15
103000|7.14|7.16|7.14|7.15|2010.0|1437011.0|7.14
103500|7.16|7.17|7.15|7.17|3932.0|2814785.0|7.15
104000|7.17|7.17|7.15|7.15|2045.0|1464284.0|7.17
104500|7.15|7.16|7.14|7.14|3528.0|2523039.0|7.15
105000|7.15|7.16|7.14|7.15|1245.0|890073.0|7.14
105500|7.14|7.15|7.14|7.15|1101.0|786564.0|7.15
110000|7.14|7.15|7.14|7.15|1128.0|805565.0|7.15
110500|7.14|7.15|7.14|7.15|1541.0|1101129.0|7.15
111000|7.15|7.15|7.14|7.15|657.0|469386.0|7.15
111500|7.14|7.16|7.14|7.15|4947.0|3536889.0|7.15
112000|7.15|7.16|7.15|7.15|497.0|355389.0|7.15
112500|7.15|7.16|7.15|7.15|475.0|339636.0|7.15
113000|7.15|7.16|7.15|7.15|846.0|604905.0|7.15
130500|7.15|7.18|7.15|7.18|11201.0|8021539.0|7.15
131000|7.17|7.17|7.16|7.16|617.0|442150.0|7.18
131500|7.16|7.17|7.15|7.16|1799.0|1288178.0|7.16
132000|7.15|7.16|7.15|7.16|307.0|219592.0|7.16
132500|7.15|7.17|7.15|7.17|1384.0|990960.0|7.16
133000|7.17|7.17|7.16|7.17|2657.0|1904677.0|7.17
133500|7.16|7.19|7.16|7.19|4844.0|3477619.0|7.17
134000|7.18|7.21|7.18|7.21|6143.0|4420436.0|7.19
134500|7.21|7.22|7.2|7.21|4500.0|3244524.0|7.21
135000|7.21|7.22|7.2|7.2|2425.0|1748386.0|7.21
135500|7.22|7.22|7.2|7.2|1370.0|987342.0|7.2
140000|7.2|7.21|7.2|7.2|574.0|413575.0|7.2
140500|7.2|7.21|7.2|7.21|1185.0|853956.0|7.2
141000|7.21|7.24|7.2|7.24|9878.0|7131198.0|7.21
141500|7.23|7.24|7.22|7.23|1990.0|1438771.0|7.24
142000|7.23|7.23|7.22|7.23|1993.0|1440459.0|7.23
142500|7.23|7.23|7.22|7.23|2144.0|1550010.0|7.23
143000|7.23|7.24|7.22|7.22|2489.0|1799248.0|7.23
143500|7.22|7.24|7.22|7.23|1809.0|1308207.0|7.22
144000|7.22|7.24|7.22|7.23|1024.0|740394.0|7.23
144500|7.23|7.24|7.23|7.24|1552.0|1122270.0|7.23
145000|7.23|7.24|7.22|7.23|2542.0|1837644.0|7.24
145500|7.22|7.23|7.22|7.23|2881.0|2082385.0|7.23
150000|7.23|7.23|7.22|7.22|2103.0|1519182.0|7.23
