09350000|9.4702901700|9.5296650300|9.4504985500|9.4702901700|929300|8918346.0000|9.4702901700
09400000|9.4999776000|9.4999776000|9.4307069300|9.4702901700|869300|8317570.0000|9.4702901700
09450000|9.4603943600|9.4801859800|9.4208111200|9.4406027400|652400|6227260.0000|9.4406027400
09500000|9.4406027400|9.4603943600|9.4208111200|9.4307069300|640200|6105704.0000|9.4307069300
09550000|9.4504985500|9.4801859800|9.4208111200|9.4801859800|391400|3740182.0000|9.4801859800
10000000|9.4801859800|9.5395608400|9.4801859800|9.5197692200|452600|4351646.0000|9.5197692200
10050000|9.5098734100|9.5296650300|9.4999776000|9.5197692200|320400|3081456.0000|9.5197692200
10100000|9.5197692200|9.5296650300|9.4999776000|9.5197692200|183600|1765004.0000|9.5197692200
10150000|9.5197692200|9.5494566500|9.5197692200|9.5395608400|226900|2186396.0000|9.5395608400
10200000|9.5296650300|9.5395608400|9.5197692200|9.5296650300|616400|5931872.0000|9.5296650300
10250000|9.5296650300|9.5395608400|9.5197692200|9.5296650300|243700|2348228.0000|9.5296650300
10300000|9.5296650300|9.5395608400|9.5098734100|9.5296650300|228600|2198480.0000|9.5296650300
10350000|9.5197692200|9.5197692200|9.4999776000|9.4999776000|267600|2572592.0000|9.4999776000
10400000|9.4999776000|9.5098734100|9.4801859800|9.4801859800|125600|1204664.0000|9.4801859800
10450000|9.4801859800|9.4900817900|9.4603943600|9.4801859800|230100|2202864.0000|9.4801859800
10500000|9.4801859800|9.4801859800|9.4603943600|9.4702901700|199800|1912456.0000|9.4702901700
10550000|9.4702901700|9.4900817900|9.4702901700|9.4702901700|162700|1558288.0000|9.4702901700
11000000|9.4702901700|9.4702901700|9.4307069300|9.4504985500|527100|5034368.0000|9.4504985500
11050000|9.4504985500|9.5494566500|9.4504985500|9.5197692200|646000|6205920.0000|9.5197692200
11100000|9.5296650300|9.5296650300|9.4702901700|9.4999776000|220300|2114768.0000|9.4999776000
11150000|9.4999776000|9.4999776000|9.4702901700|9.4702901700|151300|1450200.0000|9.4702901700
11200000|9.4702901700|9.4801859800|9.4603943600|9.4702901700|75300|720752.0000|9.4702901700
11250000|9.4702901700|9.4801859800|9.4406027400|9.4603943600|139800|1336488.0000|9.4603943600
11300000|9.4603943600|9.4702901700|9.4504985500|9.4603943600|88400|845296.0000|9.4603943600
13050000|9.4603943600|9.4702901700|9.4406027400|9.4406027400|279200|2667504.0000|9.4406027400
13100000|9.4406027400|9.4406027400|9.4010195000|9.4010195000|736600|7008472.0000|9.4010195000
13150000|9.3911236900|9.4208111200|9.3713320700|9.4109153100|340700|3234432.0000|9.4109153100
13200000|9.4109153100|9.4109153100|9.3812278800|9.3812278800|258100|2450736.0000|9.3812278800
13250000|9.3911236900|9.4010195000|9.3713320700|9.3911236900|252100|2391472.0000|9.3911236900
13300000|9.4010195000|9.4603943600|9.3911236900|9.4504985500|150800|1436768.0000|9.4504985500
13350000|9.4603943600|9.4999776000|9.4406027400|9.4702901700|290700|2782056.0000|9.4702901700
13400000|9.4702901700|9.4702901700|9.4504985500|9.4603943600|115700|1105360.0000|9.4603943600
13450000|9.4406027400|9.4702901700|9.4406027400|9.4504985500|89200|852160.0000|9.4504985500
13500000|9.4504985500|9.4603943600|9.4307069300|9.4406027400|77900|743568.0000|9.4406027400
13550000|9.4504985500|9.4603943600|9.4109153100|9.4208111200|156900|1495640.0000|9.4208111200
14000000|9.4208111200|9.4307069300|9.4109153100|9.4109153100|85900|817624.0000|9.4109153100
14050000|9.4109153100|9.4208111200|9.4010195000|9.4109153100|111300|1058448.0000|9.4109153100
14100000|9.4109153100|9.4208111200|9.4010195000|9.4010195000|187100|1778784.0000|9.4010195000
14150000|9.4010195000|9.4109153100|9.3911236900|9.4010195000|208300|1978544.0000|9.4010195000
14200000|9.4010195000|9.4109153100|9.3911236900|9.4109153100|114200|1085024.0000|9.4109153100
14250000|9.4010195000|9.4010195000|9.3911236900|9.3911236900|276800|2628064.0000|9.3911236900
14300000|9.3911236900|9.4109153100|9.3812278800|9.4010195000|287500|2729448.0000|9.4010195000
14350000|9.4010195000|9.4109153100|9.3713320700|9.3713320700|320600|3040832.0000|9.3713320700
14400000|9.3812278800|9.4307069300|9.3713320700|9.4307069300|162100|1539680.0000|9.4307069300
14450000|9.4208111200|9.4307069300|9.4010195000|9.4010195000|180300|1714872.0000|9.4010195000
14500000|9.4010195000|9.4208111200|9.3812278800|9.3911236900|122600|1163648.0000|9.3911236900
14550000|9.3911236900|9.4109153100|9.3812278800|9.4010195000|355200|3371976.0000|9.4010195000
15000000|9.4010195000|9.4208111200|9.3713320700|9.3713320700|384700|3653096.0000|9.3713320700
