093500|11.2900|11.2900|11.1100|11.1800|2598700|28969808.0000|11.1800
094000|11.1800|11.2100|11.1500|11.1900|1825000|20402306.0000|11.1900
094500|11.1900|11.2200|11.1400|11.1700|1695300|18947120.0000|11.1700
095000|11.1700|11.2500|11.1500|11.1700|963600|10795120.0000|11.1700
095500|11.1800|11.6800|11.1600|11.6400|6808100|77925632.0000|11.6400
100000|11.6200|11.7300|11.5100|11.6700|8637100|100428080.0000|11.6700
100500|11.6700|11.7600|11.6300|11.6800|6106300|71465488.0000|11.6800
101000|11.6800|11.7200|11.6300|11.7200|3473500|40554880.0000|11.7200
101500|11.7200|11.7300|11.5800|11.6200|2321000|27028640.0000|11.6200
102000|11.6200|11.6400|11.5500|11.6100|1351500|15653216.0000|11.6100
102500|11.6000|11.6500|11.5900|11.6100|920900|10696384.0000|11.6100
103000|11.6100|11.6600|11.5800|11.6000|1555800|18072448.0000|11.6000
103500|11.6000|11.6100|11.5200|11.5600|1446100|16736512.0000|11.5600
104000|11.5600|11.5800|11.5100|11.5100|782000|9028320.0000|11.5100
104500|11.5000|11.5200|11.4700|11.5000|1261700|14505056.0000|11.5000
105000|11.5000|11.5600|11.5000|11.5000|835300|9625504.0000|11.5000
105500|11.5000|11.5500|11.4700|11.4800|933800|10736896.0000|11.4800
110000|11.4800|11.5800|11.4700|11.5600|923300|10645312.0000|11.5600
110500|11.5500|11.6400|11.5300|11.6100|1156100|13406080.0000|11.6100
111000|11.6100|11.8700|11.6100|11.8600|6371300|75004032.0000|11.8600
111500|11.8500|11.8500|11.7000|11.7200|1920800|22623744.0000|11.7200
112000|11.7200|12.0000|11.7200|11.8300|5076800|60528448.0000|11.8300
112500|11.8200|11.8200|11.7300|11.7300|1739100|20478656.0000|11.7300
113000|11.7400|11.7500|11.7000|11.7400|867500|10166720.0000|11.7400
130500|11.7400|11.7600|11.6600|11.6900|2041900|23915388.0000|11.6900
131000|11.6900|11.7400|11.6800|11.7300|755300|8842374.0000|11.7300
131500|11.7200|11.7300|11.6800|11.6800|850500|9958966.0000|11.6800
132000|11.6800|11.7000|11.6500|11.6600|718100|8381774.0000|11.6600
132500|11.6600|11.6600|11.6200|11.6200|740200|8614196.0000|11.6200
133000|11.6200|11.6200|11.5800|11.6100|916800|10637382.0000|11.6100
133500|11.6100|11.6600|11.5800|11.6500|1060400|12322686.0000|11.6500
134000|11.6500|11.7100|11.6400|11.6700|766500|8951044.0000|11.6700
134500|11.6700|11.6700|11.6000|11.6200|696300|8089021.0000|11.6200
135000|11.6100|11.6300|11.5800|11.6200|639700|7419775.0000|11.6200
135500|11.6100|11.6200|11.5900|11.6100|396000|4596606.0000|11.6100
140000|11.6100|11.6100|11.5900|11.5900|469900|5449604.0000|11.5900
140500|11.5900|11.6000|11.5100|11.5300|1099000|12701184.0000|11.5300
141000|11.5200|11.5400|11.5000|11.5000|831000|9571264.0000|11.5000
141500|11.5000|11.5300|11.4800|11.5200|1112900|12797828.0000|11.5200
142000|11.5200|11.5700|11.5000|11.5200|686200|7912569.0000|11.5200
142500|11.5200|11.5600|11.5000|11.5600|683700|7880394.0000|11.5600
143000|11.5600|11.6000|11.5500|11.5800|932300|10795577.0000|11.5800
143500|11.5800|11.5800|11.5100|11.5200|729100|8420736.0000|11.5200
144000|11.5200|11.5300|11.5000|11.5100|791100|9106176.0000|11.5100
144500|11.5000|11.5200|11.4800|11.4900|863600|9931520.0000|11.4900
145000|11.4800|11.5000|11.4600|11.5000|1452400|16675776.0000|11.5000
145500|11.5000|11.5000|11.4700|11.4900|1516900|17425152.0000|11.4900
150000|11.4800|11.5000|11.4800|11.5000|1119300|12868806.0000|11.5000
