09350000|6.6816920600|6.8802564600|6.6519074000|6.8504718000|5708900|39216846.0000|6.8504718000
09400000|6.8504718000|6.8604000200|6.8008307000|6.8107589200|2015400|13860877.0000|6.8107589200
09450000|6.8107589200|6.8504718000|6.7909024800|6.8206871400|2326452|15986327.0000|6.8206871400
09500000|6.8206871400|6.9298975600|6.8206871400|6.9100411200|3157400|21867393.0000|6.9100411200
09550000|6.9199693400|7.0093233200|6.9199693400|6.9894668800|4755800|33331976.0000|6.9894668800
10000000|6.9993951000|7.0887490800|6.9894668800|7.0192515400|4965815|35230928.0000|7.0192515400
10050000|7.0192515400|7.0291797600|6.9894668800|6.9993951000|1781600|12580289.0000|6.9993951000
10100000|6.9894668800|7.0093233200|6.9795386600|6.9993951000|1349700|9510528.0000|6.9993951000
10150000|6.9993951000|7.0391079800|6.9795386600|6.9795386600|1529400|10809464.0000|6.9795386600
10200000|6.9894668800|6.9894668800|6.9398257800|6.9497540000|1352400|9481184.0000|6.9497540000
10250000|6.9398257800|6.9795386600|6.9398257800|6.9497540000|863200|6046893.0000|6.9497540000
10300000|6.9497540000|6.9696104400|6.9398257800|6.9596822200|746675|5231362.0000|6.9596822200
10350000|6.9696104400|6.9696104400|6.9398257800|6.9398257800|693300|4856768.0000|6.9398257800
10400000|6.9398257800|6.9596822200|6.9100411200|6.9497540000|1155025|8068912.0000|6.9497540000
10450000|6.9596822200|6.9596822200|6.9398257800|6.9398257800|425100|2974340.0000|6.9398257800
10500000|6.9398257800|6.9596822200|6.9398257800|6.9497540000|432700|3029274.0000|6.9497540000
10550000|6.9497540000|6.9596822200|6.9398257800|6.9596822200|682200|4777869.0000|6.9596822200
11000000|6.9596822200|6.9596822200|6.9398257800|6.9398257800|340900|2387036.0000|6.9398257800
11050000|6.9596822200|6.9596822200|6.9398257800|6.9596822200|232100|1625800.0000|6.9596822200
11100000|6.9497540000|6.9596822200|6.9497540000|6.9596822200|167800|1175403.0000|6.9596822200
11150000|6.9596822200|6.9596822200|6.9497540000|6.9596822200|409244|2866104.0000|6.9596822200
11200000|6.9596822200|6.9696104400|6.9497540000|6.9696104400|306500|2148539.0000|6.9696104400
11250000|6.9696104400|6.9696104400|6.9497540000|6.9596822200|389900|2733700.0000|6.9596822200
11300000|6.9596822200|6.9596822200|6.9398257800|6.9497540000|330700|2315778.0000|6.9497540000
13050000|6.9497540000|6.9497540000|6.9199693400|6.9398257800|538356|3761781.0000|6.9398257800
13100000|6.9398257800|6.9497540000|6.9298975600|6.9497540000|398635|2788389.0000|6.9497540000
13150000|6.9398257800|6.9497540000|6.9398257800|6.9497540000|120600|843678.0000|6.9497540000
13200000|6.9398257800|6.9596822200|6.9398257800|6.9497540000|418000|2926195.0000|6.9497540000
13250000|6.9497540000|6.9596822200|6.9298975600|6.9497540000|733265|5130989.0000|6.9497540000
13300000|6.9596822200|6.9795386600|6.9497540000|6.9596822200|887000|6220290.0000|6.9596822200
13350000|6.9596822200|6.9696104400|6.9298975600|6.9398257800|798800|5590832.0000|6.9398257800
13400000|6.9298975600|6.9497540000|6.9199693400|6.9298975600|429500|3001136.0000|6.9298975600
13450000|6.9298975600|6.9398257800|6.9199693400|6.9298975600|264700|1847488.0000|6.9298975600
13500000|6.9398257800|6.9398257800|6.9199693400|6.9398257800|509400|3557936.0000|6.9398257800
13550000|6.9298975600|6.9398257800|6.9199693400|6.9398257800|344000|2400864.0000|6.9398257800
14000000|6.9398257800|6.9497540000|6.9298975600|6.9298975600|271000|1894448.0000|6.9298975600
14050000|6.9398257800|6.9497540000|6.9298975600|6.9497540000|183400|1281664.0000|6.9497540000
14100000|6.9298975600|6.9497540000|6.9199693400|6.9199693400|411700|2874656.0000|6.9199693400
14150000|6.9199693400|6.9398257800|6.9199693400|6.9298975600|243000|1695744.0000|6.9298975600
14200000|6.9298975600|6.9398257800|6.9199693400|6.9298975600|242600|1693184.0000|6.9298975600
14250000|6.9199693400|6.9298975600|6.9100411200|6.9199693400|686100|4781136.0000|6.9199693400
14300000|6.9100411200|6.9298975600|6.9100411200|6.9199693400|473200|3296288.0000|6.9199693400
14350000|6.9199693400|6.9199693400|6.9100411200|6.9199693400|266690|1857984.0000|6.9199693400
14400000|6.9199693400|6.9298975600|6.9100411200|6.9199693400|448100|3123664.0000|6.9199693400
14450000|6.9100411200|6.9596822200|6.9001129000|6.9398257800|1924274|13441232.0000|6.9398257800
14500000|6.9497540000|6.9795386600|6.9398257800|6.9696104400|1235300|8662128.0000|6.9696104400
14550000|6.9497540000|6.9696104400|6.9497540000|6.9596822200|824090|5774320.0000|6.9596822200
15000000|6.9596822200|6.9696104400|6.9497540000|6.9596822200|792200|5553424.0000|6.9596822200
