09350000|6.8604000200|6.9298975600|6.8107589200|6.8206871400|3446400|23775167.0000|6.8206871400
09400000|6.8206871400|6.8206871400|6.7114767200|6.7412613800|4513100|30800259.0000|6.7412613800
09450000|6.7313331600|6.7511896000|6.7114767200|6.7114767200|2931000|19874834.0000|6.7114767200
09500000|6.7214049400|6.7313331600|6.7114767200|6.7214049400|1556000|10527861.0000|6.7214049400
09550000|6.7313331600|6.7511896000|6.7214049400|6.7412613800|1672200|11350835.0000|6.7412613800
10000000|6.7412613800|6.7511896000|6.7214049400|6.7214049400|1042800|7067797.0000|6.7214049400
10050000|6.7313331600|6.7511896000|6.7015485000|6.7511896000|2498900|16898023.0000|6.7511896000
10100000|6.7412613800|6.7611178200|6.7313331600|6.7511896000|1553900|10565099.0000|6.7511896000
10150000|6.7511896000|6.7710460400|6.7412613800|6.7511896000|1070300|7285295.0000|6.7511896000
10200000|6.7511896000|6.7710460400|6.7412613800|6.7511896000|1351300|9197665.0000|6.7511896000
10250000|6.7611178200|6.7611178200|6.7511896000|6.7511896000|504600|3433445.0000|6.7511896000
10300000|6.7611178200|6.7611178200|6.7313331600|6.7412613800|1055900|7172525.0000|6.7412613800
10350000|6.7412613800|6.7412613800|6.7114767200|6.7114767200|1091600|7391486.0000|6.7114767200
10400000|6.7214049400|6.7313331600|6.7015485000|6.7114767200|1651400|11166869.0000|6.7114767200
10450000|6.7015485000|6.7214049400|6.7015485000|6.7214049400|858060|5799456.0000|6.7214049400
10500000|6.7214049400|6.7412613800|6.7114767200|6.7313331600|467500|3164626.0000|6.7313331600
10550000|6.7214049400|6.7313331600|6.7114767200|6.7114767200|622900|4214548.0000|6.7114767200
11000000|6.7114767200|6.7511896000|6.7114767200|6.7412613800|529100|3588093.0000|6.7412613800
11050000|6.7412613800|6.7611178200|6.7412613800|6.7611178200|765700|5209404.0000|6.7611178200
11100000|6.7611178200|6.7611178200|6.7412613800|6.7511896000|505400|3435646.0000|6.7511896000
11150000|6.7412613800|6.7511896000|6.7412613800|6.7412613800|322900|2193440.0000|6.7412613800
11200000|6.7511896000|6.7611178200|6.7313331600|6.7611178200|509300|3461806.0000|6.7611178200
11250000|6.7511896000|6.7611178200|6.7412613800|6.7412613800|326024|2216021.9600|6.7412613800
11300000|6.7511896000|6.7511896000|6.7313331600|6.7511896000|464200|3153067.0000|6.7511896000
13050000|6.7511896000|6.7611178200|6.7412613800|6.7511896000|828100|5630074.0000|6.7511896000
13100000|6.7511896000|6.7511896000|6.7313331600|6.7313331600|727800|4940988.0000|6.7313331600
13150000|6.7412613800|6.7412613800|6.7313331600|6.7313331600|341600|2317858.0000|6.7313331600
13200000|6.7313331600|6.7412613800|6.7214049400|6.7313331600|463900|3145909.0000|6.7313331600
13250000|6.7313331600|6.7412613800|6.7214049400|6.7313331600|377400|2560017.0000|6.7313331600
13300000|6.7313331600|6.7511896000|6.7114767200|6.7511896000|1106100|7496602.0900|6.7511896000
13350000|6.7412613800|6.7511896000|6.7313331600|6.7313331600|529800|3599337.0000|6.7313331600
13400000|6.7313331600|6.7412613800|6.7214049400|6.7412613800|325297|2205926.6600|6.7412613800
13450000|6.7313331600|6.7412613800|6.7214049400|6.7214049400|461500|3127761.0000|6.7214049400
13500000|6.7214049400|6.7313331600|6.7214049400|6.7214049400|330800|2241765.0000|6.7214049400
13550000|6.7313331600|6.7511896000|6.7214049400|6.7511896000|633800|4300396.8100|6.7511896000
14000000|6.7511896000|6.7511896000|6.7313331600|6.7412613800|507600|3447838.0000|6.7412613800
14050000|6.7511896000|6.7511896000|6.7313331600|6.7412613800|708900|4815664.0000|6.7412613800
14100000|6.7412613800|6.7511896000|6.7313331600|6.7313331600|266400|1808138.0000|6.7313331600
14150000|6.7313331600|6.7412613800|6.7313331600|6.7313331600|370600|2514163.0000|6.7313331600
14200000|6.7412613800|6.7511896000|6.7214049400|6.7313331600|619000|4202026.0000|6.7313331600
14250000|6.7412613800|6.7611178200|6.7313331600|6.7511896000|1109600|7538789.0000|6.7511896000
14300000|6.7511896000|6.7611178200|6.7313331600|6.7511896000|1064410|7233040.0000|6.7511896000
14350000|6.7412613800|6.7511896000|6.7313331600|6.7412613800|329200|2235722.0000|6.7412613800
14400000|6.7412613800|6.7511896000|6.7313331600|6.7412613800|417300|2832707.0000|6.7412613800
14450000|6.7313331600|6.7511896000|6.7313331600|6.7412613800|399100|2708644.0000|6.7412613800
14500000|6.7412613800|6.7511896000|6.7313331600|6.7511896000|435609|2958990.4200|6.7511896000
14550000|6.7412613800|6.7511896000|6.7313331600|6.7412613800|799600|5432468.0000|6.7412613800
15000000|6.7412613800|6.7511896000|6.7313331600|6.7511896000|1049573|7127967.9700|6.7511896000
