09350000|4.6707336000|4.7106544000|4.6507732000|4.6707336000|1545800|7254956.0000|4.6707336000
09400000|4.6707336000|4.6906940000|4.6607534000|4.6707336000|637000|2985904.0000|4.6707336000
09450000|4.6707336000|4.7106544000|4.6707336000|4.6807138000|1533300|7204636.0000|4.6807138000
09500000|4.6807138000|4.6906940000|4.6607534000|4.6807138000|532700|2496332.0000|4.6807138000
09550000|4.6807138000|4.6807138000|4.6707336000|4.6707336000|362500|1698514.0000|4.6707336000
10000000|4.6807138000|4.6906940000|4.6707336000|4.6707336000|556600|2609052.0000|4.6707336000
10050000|4.6707336000|4.6906940000|4.6707336000|4.6807138000|541200|2538226.0000|4.6807138000
10100000|4.6807138000|4.7006742000|4.6807138000|4.6906940000|883000|4150496.0000|4.6906940000
10150000|4.6906940000|4.6906940000|4.6707336000|4.6707336000|314200|1473054.0000|4.6707336000
10200000|4.6707336000|4.6807138000|4.6707336000|4.6707336000|215200|1008232.0000|4.6707336000
10250000|4.6707336000|4.6707336000|4.6507732000|4.6607534000|1108700|5181358.0000|4.6607534000
10300000|4.6507732000|4.6607534000|4.6407930000|4.6507732000|782800|3645208.0000|4.6507732000
10350000|4.6507732000|4.6507732000|4.6308128000|4.6507732000|1134800|5277024.0000|4.6507732000
10400000|4.6507732000|4.6507732000|4.6407930000|4.6407930000|91900|427724.0000|4.6407930000
10450000|4.6407930000|4.6607534000|4.6407930000|4.6607534000|416200|1939660.0000|4.6607534000
10500000|4.6607534000|4.6607534000|4.6407930000|4.6507732000|479900|2235056.0000|4.6507732000
10550000|4.6407930000|4.6507732000|4.6407930000|4.6507732000|243600|1133904.0000|4.6507732000
11000000|4.6407930000|4.6507732000|4.6308128000|4.6407930000|426500|1982468.0000|4.6407930000
11050000|4.6407930000|4.6507732000|4.6308128000|4.6507732000|569400|2647848.0000|4.6507732000
11100000|4.6507732000|4.6507732000|4.6308128000|4.6407930000|279000|1297984.0000|4.6407930000
11150000|4.6407930000|4.6507732000|4.6308128000|4.6407930000|502200|2333920.0000|4.6407930000
11200000|4.6407930000|4.6507732000|4.6208326000|4.6308128000|521000|2419468.0000|4.6308128000
11250000|4.6308128000|4.6407930000|4.6208326000|4.6407930000|316400|1467940.0000|4.6407930000
11300000|4.6407930000|4.6507732000|4.6308128000|4.6308128000|308800|1435856.0000|4.6308128000
13050000|4.6308128000|4.6507732000|4.6308128000|4.6507732000|269200|1251672.0000|4.6507732000
13100000|4.6507732000|4.6507732000|4.6308128000|4.6407930000|249100|1157984.0000|4.6407930000
13150000|4.6407930000|4.6407930000|4.6108524000|4.6108524000|1130600|5239728.0000|4.6108524000
13200000|4.6108524000|4.6308128000|4.6108524000|4.6308128000|1436700|6651944.0000|4.6308128000
13250000|4.6308128000|4.6308128000|4.6108524000|4.6308128000|234100|1084216.0000|4.6308128000
13300000|4.6308128000|4.6308128000|4.6108524000|4.6208326000|254600|1178936.0000|4.6208326000
13350000|4.6208326000|4.6208326000|4.6008722000|4.6108524000|827400|3822120.0000|4.6108524000
13400000|4.6108524000|4.6108524000|4.5908920000|4.6008722000|1085100|5003136.0000|4.6008722000
13450000|4.6008722000|4.6008722000|4.5908920000|4.6008722000|377500|1738344.0000|4.6008722000
13500000|4.6008722000|4.6108524000|4.5908920000|4.6108524000|500300|2306544.0000|4.6108524000
13550000|4.6108524000|4.6108524000|4.5908920000|4.6008722000|515600|2376816.0000|4.6008722000
14000000|4.6008722000|4.6008722000|4.5908920000|4.6008722000|212400|978264.0000|4.6008722000
14050000|4.5908920000|4.6008722000|4.5908920000|4.6008722000|376100|1731328.0000|4.6008722000
14100000|4.6008722000|4.6008722000|4.5809118000|4.5908920000|1363200|6270920.0000|4.5908920000
14150000|4.5908920000|4.5908920000|4.5809118000|4.5908920000|616000|2829840.0000|4.5908920000
14200000|4.5908920000|4.5908920000|4.5709316000|4.5908920000|444900|2042536.0000|4.5908920000
14250000|4.5908920000|4.5908920000|4.5809118000|4.5809118000|437600|2009312.0000|4.5809118000
14300000|4.5809118000|4.5908920000|4.5609514000|4.5609514000|1502100|6880408.0000|4.5609514000
14350000|4.5609514000|4.5908920000|4.5609514000|4.5809118000|949000|4350608.0000|4.5809118000
14400000|4.5809118000|4.5908920000|4.5709316000|4.5809118000|486400|2232912.0000|4.5809118000
14450000|4.5809118000|4.6108524000|4.5709316000|4.6008722000|1752100|8055160.0000|4.6008722000
14500000|4.6008722000|4.6108524000|4.5809118000|4.6008722000|806400|3713728.0000|4.6008722000
14550000|4.6008722000|4.6008722000|4.5809118000|4.6008722000|1916100|8822464.0000|4.6008722000
15000000|4.6008722000|4.6008722000|4.5709316000|4.5809118000|926500|4254288.0000|4.5809118000
