093500|19.52|19.52|19.39|19.41|2134.0|4167909.0|19.43
094000|19.4|19.41|19.36|19.4|1869.0|3638331.0|19.41
094500|19.4|19.4|19.33|19.34|1773.0|3444968.0|19.4
095000|19.34|19.41|19.34|19.4|832.0|1618711.0|19.34
095500|19.4|19.41|19.38|19.38|1076.0|2095433.0|19.4
100000|19.39|19.44|19.38|19.4|1332.0|2596769.0|19.38
100500|19.41|19.43|19.39|19.4|1113.0|2169639.0|19.4
101000|19.41|19.41|19.36|19.38|916.0|1782101.0|19.4
101500|19.38|19.39|19.33|19.36|1145.0|2225196.0|19.38
102000|19.36|19.36|19.32|19.34|1447.0|2809157.0|19.36
102500|19.32|19.33|19.29|19.3|1017.0|1972029.0|19.34
103000|19.3|19.32|19.27|19.29|1484.0|2874068.0|19.3
103500|19.3|19.33|19.25|19.3|1983.0|3839006.0|19.29
104000|19.31|19.34|19.31|19.33|426.0|826771.0|19.3
104500|19.33|19.33|19.31|19.31|521.0|1010892.0|19.33
105000|19.32|19.32|19.3|19.3|242.0|469127.0|19.31
105500|19.3|19.33|19.3|19.32|659.0|1277869.0|19.3
110000|19.33|19.33|19.32|19.32|268.0|519999.0|19.32
110500|19.32|19.34|19.32|19.34|473.0|918063.0|19.32
111000|19.34|19.34|19.3|19.31|303.0|587757.0|19.34
111500|19.32|19.33|19.31|19.31|184.0|356911.0|19.31
112000|19.31|19.32|19.29|19.3|325.0|630041.0|19.31
112500|19.31|19.31|19.24|19.27|1775.0|3435302.0|19.3
113000|19.25|19.31|19.25|19.28|533.0|1031438.0|19.27
130500|19.29|19.34|19.27|19.29|2118.0|4104041.0|19.28
131000|19.29|19.29|19.24|19.26|1782.0|3445611.0|19.29
131500|19.26|19.29|19.25|19.25|1258.0|2432496.0|19.26
132000|19.25|19.3|19.22|19.29|1667.0|3221725.0|19.25
132500|19.29|19.32|19.28|19.32|488.0|945843.0|19.29
133000|19.31|19.33|19.28|19.3|585.0|1134288.0|19.32
133500|19.3|19.35|19.3|19.32|2135.0|4143527.0|19.3
134000|19.33|19.34|19.31|19.32|559.0|1084783.0|19.32
134500|19.33|19.33|19.3|19.31|2835.0|5497782.0|19.32
135000|19.32|19.32|19.28|19.32|652.0|1263541.0|19.31
135500|19.31|19.35|19.3|19.34|553.0|1073602.0|19.32
140000|19.33|19.38|19.33|19.36|554.0|1076935.0|19.34
140500|19.35|19.4|19.35|19.36|1208.0|2350302.0|19.36
141000|19.36|19.41|19.34|19.41|385.0|749140.0|19.36
141500|19.4|19.42|19.35|19.42|1587.0|3090680.0|19.41
142000|19.42|19.43|19.37|19.4|2155.0|4199456.0|19.42
142500|19.39|19.46|19.39|19.45|1969.0|3841963.0|19.4
143000|19.45|19.47|19.43|19.44|1392.0|2718544.0|19.45
143500|19.44|19.44|19.39|19.43|1389.0|2709203.0|19.44
144000|19.43|19.47|19.42|19.46|1857.0|3625758.0|19.43
144500|19.46|19.46|19.43|19.45|933.0|1821942.0|19.46
145000|19.44|19.47|19.44|19.45|1818.0|3552968.0|19.45
145500|19.45|19.46|19.43|19.45|1576.0|3076475.0|19.45
150000|19.44|19.48|19.44|19.48|2509.0|4905995.0|19.45
