093500|13.4700|13.5000|13.3800|13.4500|1944200|26117346.0000|13.4500
094000|13.4500|13.4700|13.4200|13.4300|761300|10237211.0000|13.4300
094500|13.4300|13.4900|13.4000|13.4700|1099300|14790881.0000|13.4700
095000|13.4700|13.5000|13.4600|13.4900|814638|10987334.0000|13.4900
095500|13.4900|13.5900|13.4900|13.5700|1549800|20980916.0000|13.5700
100000|13.5700|13.5700|13.4800|13.4800|596500|8068712.0000|13.4800
100500|13.4900|13.5000|13.4700|13.4900|488019|6582780.0000|13.4900
101000|13.4900|13.5300|13.4500|13.5200|734195|9893820.0000|13.5200
101500|13.5300|13.5500|13.5000|13.5100|374200|5061631.0000|13.5100
102000|13.5100|13.5200|13.4900|13.4900|260500|3517326.0000|13.4900
102500|13.5000|13.5300|13.4900|13.5100|344400|4652633.0000|13.5100
103000|13.5100|13.5200|13.4800|13.4800|296100|3995460.0000|13.4800
103500|13.4900|13.4900|13.4600|13.4600|364700|4914884.0000|13.4600
104000|13.4600|13.4700|13.4400|13.4600|308907|4156395.0000|13.4600
104500|13.4700|13.5000|13.4500|13.5000|556400|7501155.0000|13.5000
105000|13.4900|13.5000|13.4800|13.4900|234900|3169174.0000|13.4900
105500|13.4900|13.5600|13.4800|13.5400|1214200|16433213.0000|13.5400
110000|13.5400|13.5500|13.5100|13.5200|217000|2934415.0000|13.5200
110500|13.5400|13.5400|13.4800|13.4800|295700|3992816.0000|13.4800
111000|13.4900|13.5100|13.4900|13.5000|214800|2899361.0000|13.5000
111500|13.5000|13.5300|13.4900|13.5200|244700|3306915.0000|13.5200
112000|13.5100|13.5600|13.5100|13.5500|329842|4464092.0000|13.5500
112500|13.5600|13.5800|13.5400|13.5400|611800|8296290.0000|13.5400
113000|13.5400|13.5500|13.5200|13.5300|155200|2100779.0000|13.5300
130500|13.5400|13.5600|13.5300|13.5400|306470|4150107.0000|13.5400
131000|13.5500|13.5500|13.5200|13.5200|293000|3966503.0000|13.5200
131500|13.5200|13.5500|13.5200|13.5300|270900|3667735.0000|13.5300
132000|13.5300|13.5600|13.5300|13.5600|349600|4733944.0000|13.5600
132500|13.5500|13.5700|13.5400|13.5400|420000|5693324.0000|13.5400
133000|13.5400|13.6300|13.5400|13.6200|1446979|19666627.0000|13.6200
133500|13.6200|13.6300|13.5900|13.6300|817000|11118302.0000|13.6300
134000|13.6300|13.6500|13.6000|13.6300|683073|9310617.0000|13.6300
134500|13.6200|13.6600|13.6200|13.6200|703900|9599895.0000|13.6200
135000|13.6200|13.6300|13.6100|13.6300|342400|4663502.0000|13.6300
135500|13.6200|13.6300|13.6100|13.6100|330700|4503729.0000|13.6100
140000|13.6100|13.6200|13.5900|13.6000|323000|4393648.0000|13.6000
140500|13.6100|13.6100|13.5800|13.5800|296700|4033600.0000|13.5800
141000|13.5800|13.5800|13.5300|13.5400|450225|6102848.0000|13.5400
141500|13.5500|13.5700|13.5400|13.5500|385775|5227008.0000|13.5500
142000|13.5500|13.5600|13.5200|13.5300|475100|6427008.0000|13.5300
142500|13.5200|13.5500|13.5200|13.5400|199720|2704352.0000|13.5400
143000|13.5400|13.5700|13.5300|13.5700|235290|3187792.0000|13.5700
143500|13.5700|13.5800|13.5600|13.5700|367800|4989696.0000|13.5700
144000|13.5600|13.5700|13.5500|13.5500|219800|2979808.0000|13.5500
144500|13.5600|13.5600|13.5400|13.5400|310297|4204848.0000|13.5400
145000|13.5500|13.5700|13.5300|13.5600|543700|7366208.0000|13.5600
145500|13.5700|13.5800|13.5600|13.5800|747200|10141952.0000|13.5800
150000|13.5800|13.6100|13.5800|13.6100|841500|11445392.0000|13.6100
