093500|12.1500|12.2000|12.0800|12.1000|1332000|16148912.0000|12.1000
094000|12.1000|12.1200|12.0900|12.1000|470800|5699652.0000|12.1000
094500|12.1000|12.1000|12.0700|12.0900|710400|8584904.0000|12.0900
095000|12.0900|12.0900|12.0600|12.0800|320600|3871824.0000|12.0800
095500|12.0800|12.0900|12.0800|12.0900|148300|1791600.0000|12.0900
100000|12.0900|12.0900|12.0500|12.0700|708600|8552236.0000|12.0700
100500|12.0700|12.0700|12.0300|12.0500|554500|6682860.0000|12.0500
101000|12.0500|12.0800|12.0400|12.0800|220300|2657168.0000|12.0800
101500|12.0800|12.1000|12.0700|12.0900|281600|3403764.0000|12.0900
102000|12.0700|12.0900|12.0700|12.0800|71700|866044.0000|12.0800
102500|12.0800|12.1000|12.0700|12.0800|199400|2408940.0000|12.0800
103000|12.0800|12.0900|12.0700|12.0800|116400|1405808.0000|12.0800
103500|12.0800|12.1000|12.0800|12.1000|207900|2512068.0000|12.1000
104000|12.0900|12.1000|12.0700|12.0900|166300|2009328.0000|12.0900
104500|12.0800|12.1200|12.0800|12.1200|168400|2038324.0000|12.1200
105000|12.1200|12.1200|12.0900|12.0900|240800|2915800.0000|12.0900
105500|12.1000|12.1100|12.0900|12.1000|48800|590384.0000|12.1000
110000|12.0900|12.1000|12.0800|12.0900|156600|1892976.0000|12.0900
110500|12.1000|12.1000|12.0900|12.1000|79800|965152.0000|12.1000
111000|12.1000|12.1100|12.0900|12.0900|141900|1716536.0000|12.0900
111500|12.0900|12.1100|12.0900|12.1000|127600|1543408.0000|12.1000
112000|12.1000|12.1000|12.0800|12.0900|126900|1534528.0000|12.0900
112500|12.1000|12.1000|12.0900|12.1000|81200|982272.0000|12.1000
113000|12.1000|12.1000|12.0900|12.0900|36000|435496.0000|12.0900
130500|12.1000|12.1100|12.0900|12.1000|81200|982368.0000|12.1000
131000|12.1100|12.1200|12.0900|12.1200|347500|4204080.0000|12.1200
131500|12.1100|12.1200|12.0900|12.0900|821400|9940160.0000|12.0900
132000|12.0900|12.1000|12.0900|12.1000|118800|1436624.0000|12.1000
132500|12.1000|12.1000|12.0900|12.0900|167500|2025504.0000|12.0900
133000|12.0900|12.0900|12.0800|12.0800|101900|1231248.0000|12.0800
133500|12.0800|12.1000|12.0800|12.0900|118300|1429760.0000|12.0900
134000|12.0900|12.1000|12.0700|12.0900|367600|4441680.0000|12.0900
134500|12.0900|12.1000|12.0800|12.0900|63700|770168.0000|12.0900
135000|12.1000|12.1100|12.0900|12.1100|76600|926888.0000|12.1100
135500|12.1000|12.1300|12.0900|12.1300|308400|3732624.0000|12.1300
140000|12.1100|12.1400|12.1100|12.1200|167500|2031096.0000|12.1200
140500|12.1100|12.1300|12.1000|12.1200|56100|679784.0000|12.1200
141000|12.1100|12.1200|12.1000|12.1000|87000|1053552.0000|12.1000
141500|12.1000|12.1200|12.1000|12.1100|74800|905760.0000|12.1100
142000|12.1100|12.1100|12.1000|12.1100|115300|1395288.0000|12.1100
142500|12.1100|12.1100|12.1000|12.1100|44400|537552.0000|12.1100
143000|12.1100|12.1100|12.1000|12.1000|97600|1181632.0000|12.1000
143500|12.1000|12.1100|12.1000|12.1100|66000|799016.0000|12.1100
144000|12.1000|12.1100|12.0900|12.1000|152000|1839408.0000|12.1000
144500|12.1000|12.1200|12.1000|12.1000|189400|2293520.0000|12.1000
145000|12.1000|12.1100|12.0900|12.0900|266900|3230464.0000|12.0900
145500|12.0900|12.1100|12.0900|12.1000|317000|3835208.0000|12.1000
150000|12.1000|12.1100|12.1000|12.1100|292400|3540568.0000|12.1100
