09350000|66.7890840000|66.7990525200|66.4700913600|66.7193043600|1693600|113179144.0000|66.7193043600
09400000|66.7193043600|67.0083914400|66.5996821200|66.5996821200|1125800|75499144.0000|66.5996821200
09450000|66.5996821200|66.6395562000|66.5099654400|66.6395562000|1026100|68490320.0000|66.6395562000
09500000|66.6395562000|66.6893988000|66.5398710000|66.6196191600|675200|45112512.0000|66.6196191600
09550000|66.6196191600|66.6495247200|66.5398710000|66.5797450800|585500|39107776.0000|66.5797450800
10000000|66.5697765600|66.7691469600|66.5299024800|66.6395562000|641800|42880256.0000|66.6395562000
10050000|66.6196191600|66.7292728800|66.5498395200|66.6794302800|508700|34003904.0000|66.6794302800
10100000|66.6794302800|66.7193043600|66.5299024800|66.5299024800|424100|28357088.0000|66.5299024800
10150000|66.5299024800|66.5697765600|66.4900284000|66.5199339600|558300|37256160.0000|66.5199339600
10200000|66.5199339600|66.5797450800|66.5099654400|66.5797450800|322400|21521664.0000|66.5797450800
10250000|66.5598080400|66.6495247200|66.4700913600|66.5099654400|485200|32376224.0000|66.5099654400
10300000|66.5099654400|66.6096506400|66.5099654400|66.5797450800|424700|28358023.0000|66.5797450800
10350000|66.6196191600|66.6893988000|66.5598080400|66.5697765600|312200|20873913.0000|66.5697765600
10400000|66.5598080400|66.6295876800|66.5498395200|66.5598080400|213200|14241730.0000|66.5598080400
10450000|66.5498395200|66.5697765600|66.5099654400|66.5598080400|349200|23306879.0000|66.5598080400
10500000|66.5598080400|66.6594932400|66.5398710000|66.5996821200|306000|20448439.0000|66.5996821200
10550000|66.6096506400|66.7492099200|66.6096506400|66.7093358400|491700|32889030.0000|66.7093358400
11000000|66.6993673200|66.7093358400|66.6395562000|66.6395562000|480000|32102076.0000|66.6395562000
11050000|66.6395562000|66.6594932400|66.5797450800|66.6395562000|365900|24452422.0000|66.6395562000
11100000|66.6295876800|66.7492099200|66.5897136000|66.7292728800|370900|24800894.0000|66.7292728800
11150000|66.7392414000|66.7492099200|66.6694617600|66.6694617600|234500|15690182.0000|66.6694617600
11200000|66.6893988000|66.7193043600|66.6495247200|66.6694617600|355200|23759415.0000|66.6694617600
11250000|66.6694617600|66.6794302800|66.6196191600|66.6295876800|276500|18486913.0000|66.6295876800
11300000|66.6295876800|66.6794302800|66.5797450800|66.6794302800|300700|20095498.0000|66.6794302800
13050000|66.6794302800|66.7392414000|66.6794302800|66.6893988000|398200|26641146.0000|66.6893988000
13100000|66.6893988000|66.8389266000|66.6794302800|66.8389266000|529200|35445826.0000|66.8389266000
13150000|66.8289580800|66.8389266000|66.7691469600|66.8289580800|513500|34400826.0000|66.8289580800
13200000|66.8289580800|66.9585488400|66.7392414000|66.7492099200|564400|37860808.0000|66.7492099200
13250000|66.7392414000|66.7392414000|66.6893988000|66.7193043600|388300|25980984.0000|66.7193043600
13300000|66.7193043600|66.8688321600|66.7093358400|66.7990525200|328800|22025468.0000|66.7990525200
13350000|66.8189895600|66.9286432800|66.8090210400|66.9186747600|346600|23264388.0000|66.9186747600
13400000|66.9186747600|66.9286432800|66.8189895600|66.8588636400|393000|26359809.0000|66.8588636400
13450000|66.8488951200|66.9884544000|66.8389266000|66.9884544000|641000|43030917.0000|66.9884544000
13500000|66.9884544000|67.0682025600|66.9286432800|67.0083914400|557100|37438722.0000|67.0083914400
13550000|67.0183599600|67.1080766400|67.0083914400|67.0183599600|693400|46646132.0000|67.0183599600
14000000|67.0083914400|67.0183599600|66.9087062400|66.9585488400|329600|22135822.0000|66.9585488400
14050000|66.9585488400|67.0582340400|66.9585488400|67.0283284800|430400|28933874.0000|67.0283284800
14100000|67.0382970000|67.0582340400|66.9685173600|66.9784858800|358800|24121870.0000|66.9784858800
14150000|66.9784858800|67.0582340400|66.9784858800|67.0382970000|437600|29425406.0000|67.0382970000
14200000|67.0382970000|67.2376674000|67.0382970000|67.2077618400|780100|52556924.0000|67.2077618400
14250000|67.2077618400|67.2177303600|67.0781710800|67.1579192400|439600|29619968.0000|67.1579192400
14300000|67.1579192400|67.1778562800|67.1080766400|67.1379822000|429100|28900864.0000|67.1379822000
14350000|67.1479507200|67.1678877600|67.1180451600|67.1678877600|435300|29321472.0000|67.1678877600
14400000|67.1778562800|67.1977933200|67.1678877600|67.1778562800|518800|34963200.0000|67.1778562800
14450000|67.1778562800|67.1878248000|67.1479507200|67.1778562800|761600|51321728.0000|67.1778562800
14500000|67.1778562800|67.2177303600|67.1678877600|67.2077618400|680100|45838976.0000|67.2077618400
14550000|67.2177303600|67.2376674000|67.2077618400|67.2276988800|1124800|75844224.0000|67.2276988800
15000000|67.2276988800|67.2675729600|67.2177303600|67.2675729600|775400|52313856.0000|67.2675729600
