09350000|45.8872307300|47.1370009000|45.8183457600|46.4973547500|24119487|1141759968.0000|46.4973547500
09400000|46.5662397200|46.5662397200|45.9856378300|46.1922927400|7668362|360834096.0000|46.1922927400
09450000|46.1037263500|46.1135670600|45.5821687200|45.8183457600|5324739|248171440.0000|45.8183457600
09500000|45.7691422100|46.2414962900|45.6608944000|45.9659564100|3442656|160728144.0000|45.9659564100
09550000|45.9364342800|45.9364342800|45.4837616200|45.7199386600|3100939|144067664.0000|45.7199386600
10000000|45.6412129800|45.9364342800|45.4542394900|45.9069121500|2576409|119715072.0000|45.9069121500
10050000|45.8970714400|45.8970714400|45.6215315600|45.7888236300|1667723|77456256.0000|45.7888236300
10100000|45.7593015000|45.8872307300|45.6510536900|45.7199386600|985969|45816032.0000|45.7199386600
10150000|45.7199386600|45.7199386600|45.1688589000|45.2180624500|2582300|119123856.0000|45.2180624500
10200000|45.2180624500|45.2672660000|45.1098146400|45.2672660000|2318595|106470800.0000|45.2672660000
10250000|45.2672660000|45.4837616200|45.1885403200|45.4542394900|1120263|51617392.0000|45.4542394900
10300000|45.4542394900|45.5428058800|45.2279031600|45.2279031600|933300|43062784.0000|45.2279031600
10350000|45.2082217400|45.2869474200|44.9917261200|45.2771067100|1277200|58576080.0000|45.2771067100
10400000|45.2869474200|45.2869474200|45.0507703800|45.1294960600|1001900|45940048.0000|45.1294960600
10450000|45.1196553500|45.1294960600|44.7752305000|44.8637968900|1606706|73403200.0000|44.8637968900
10500000|44.8539561800|45.2180624500|44.8441154700|45.0015668300|838673|38382224.0000|45.0015668300
10550000|45.0212482500|45.0704518000|44.9326818600|44.9523632800|428400|19591504.0000|44.9523632800
11000000|44.9523632800|45.1786996100|44.9523632800|45.0015668300|837300|38368064.0000|45.0015668300
11050000|45.0212482500|45.0212482500|44.8047526300|44.9031597300|835340|38076128.0000|44.9031597300
11100000|44.8933190200|45.1196553500|44.8933190200|44.9622039900|582400|26636640.0000|44.9622039900
11150000|44.9622039900|45.1393367700|44.8539561800|45.0114075400|524254|23956544.0000|45.0114075400
11200000|44.9818854100|44.9917261200|44.7752305000|44.7949119200|738500|33659648.0000|44.7949119200
11250000|44.7752305000|44.7752305000|44.6374605600|44.6669826900|761300|34576240.0000|44.6669826900
11300000|44.6669826900|44.9523632800|44.6669826900|44.9326818600|470900|21456320.0000|44.9326818600
13050000|44.7752305000|44.9326818600|44.7161862400|44.8342747600|652329|29724080.0000|44.8342747600
13100000|44.8244340500|45.1098146400|44.7260269500|45.0015668300|605350|27642096.0000|45.0015668300
13150000|45.0015668300|45.0015668300|44.7850712100|44.7850712100|358400|16356416.0000|44.7850712100
13200000|44.8047526300|44.8047526300|44.4603277800|44.4800092000|978600|44399120.0000|44.4800092000
13250000|44.4603277800|44.4898499100|44.3422392600|44.4111242300|1069700|48294192.0000|44.4111242300
13300000|44.3914428100|44.4504870700|44.3323985500|44.3422392600|891400|40217616.0000|44.3422392600
13350000|44.3323985500|44.4209649400|44.1847879000|44.2536728700|1416954|63771584.0000|44.2536728700
13400000|44.2536728700|44.3914428100|44.2339914500|44.3619206800|808600|36396944.0000|44.3619206800
13450000|44.3520799700|44.6177791400|44.3520799700|44.5980977200|762400|34472928.0000|44.5980977200
13500000|44.5784163000|44.5784163000|44.4308056500|44.4701684900|341600|15443824.0000|44.4701684900
13550000|44.4701684900|44.4800092000|44.2733542900|44.3520799700|425100|19152112.0000|44.3520799700
14000000|44.3422392600|44.6768234000|44.3422392600|44.5292127500|633584|28686960.0000|44.5292127500
14050000|44.5292127500|44.5292127500|44.3914428100|44.5095313300|404000|18251280.0000|44.5095313300
14100000|44.5095313300|44.9720447000|44.5095313300|44.9425225700|1693403|77125840.0000|44.9425225700
14150000|44.8933190200|45.2180624500|44.8145933400|45.1885403200|2258042|103398480.0000|45.1885403200
14200000|45.2180624500|45.7494607900|45.2180624500|45.7297793700|2834062|130977088.0000|45.7297793700
14250000|45.7593015000|45.7593015000|45.3951952300|45.6313722700|2028422|93996976.0000|45.6313722700
14300000|45.6412129800|45.8872307300|45.6313722700|45.6707351100|2077973|96678752.0000|45.6707351100
14350000|45.6608944000|45.6805758200|45.5428058800|45.5920094300|1147676|53198672.0000|45.5920094300
14400000|45.5920094300|45.9069121500|45.5821687200|45.8183457600|1571728|73109024.0000|45.8183457600
14450000|45.8183457600|46.1332484800|45.7789829200|46.0250006700|2412800|112666288.0000|46.0250006700
14500000|46.0151599600|46.3005405500|46.0151599600|46.2414962900|3425880|160742576.0000|46.2414962900
14550000|46.2513370000|46.2906998400|46.1627706100|46.2906998400|2916968|137033216.0000|46.2906998400
15000000|46.2906998400|46.4481512000|46.2808591300|46.4481512000|2925972|137957888.0000|46.4481512000
