093500|20.61|20.64|20.5|20.53|3118.0|6412285.0|20.65
094000|20.5|20.56|20.48|20.48|1667.0|3418630.0|20.53
094500|20.48|20.54|20.47|20.5|1090.0|2234155.0|20.48
095000|20.5|20.52|20.49|20.51|966.0|1980432.0|20.5
095500|20.54|20.55|20.49|20.49|973.0|1995781.0|20.51
100000|20.48|20.5|20.45|20.46|2063.0|4222701.0|20.49
100500|20.46|20.49|20.43|20.44|1185.0|2424078.0|20.46
101000|20.44|20.48|20.42|20.48|908.0|1856304.0|20.44
101500|20.45|20.47|20.36|20.41|2231.0|4552018.0|20.48
102000|20.42|20.42|20.34|20.36|1054.0|2147564.0|20.41
102500|20.36|20.57|20.34|20.57|2174.0|4437575.0|20.36
103000|20.41|20.46|20.39|20.41|957.0|1959103.0|20.57
103500|20.41|20.42|20.41|20.41|403.0|822719.0|20.41
104000|20.41|20.41|20.38|20.41|269.0|548636.0|20.41
104500|20.41|20.41|20.4|20.4|369.0|752920.0|20.41
105000|20.4|20.42|20.39|20.41|381.0|777559.0|20.4
105500|20.42|20.42|20.41|20.41|357.0|728887.0|20.41
110000|20.41|20.43|20.4|20.42|516.0|1052234.0|20.41
110500|20.42|20.45|20.42|20.42|329.0|672079.0|20.42
111000|20.42|20.44|20.42|20.44|74.0|151149.0|20.42
111500|20.43|20.43|20.41|20.42|304.0|622031.0|20.44
112000|20.42|20.42|20.4|20.41|516.0|1052874.0|20.42
112500|20.41|20.42|20.4|20.41|227.0|463202.0|20.41
113000|20.4|20.42|20.4|20.41|236.0|481736.0|20.41
130500|20.41|20.42|20.37|20.37|1053.0|2146490.0|20.41
131000|20.38|20.38|20.36|20.37|482.0|980450.0|20.37
131500|20.37|20.46|20.37|20.43|650.0|1325912.0|20.37
132000|20.44|20.46|20.42|20.44|329.0|672528.0|20.43
132500|20.43|20.46|20.42|20.44|338.0|692272.0|20.44
133000|20.44|20.44|20.4|20.42|944.0|1926666.0|20.44
133500|20.42|20.44|20.41|20.43|346.0|706509.0|20.42
134000|20.42|20.44|20.38|20.38|358.0|730486.0|20.43
134500|20.38|20.39|20.36|20.36|915.0|1863801.0|20.38
135000|20.35|20.36|20.3|20.31|1374.0|2793600.0|20.36
135500|20.31|20.32|20.3|20.31|1354.0|2749406.0|20.31
140000|20.3|20.34|20.3|20.33|908.0|1844972.0|20.31
140500|20.33|20.33|20.31|20.32|403.0|818820.0|20.33
141000|20.33|20.33|20.32|20.32|349.0|709247.0|20.32
141500|20.33|20.35|20.33|20.34|374.0|760459.0|20.32
142000|20.34|20.35|20.31|20.31|439.0|892409.0|20.34
142500|20.32|20.32|20.3|20.31|540.0|1096807.0|20.31
143000|20.31|20.32|20.3|20.3|389.0|790047.0|20.31
143500|20.3|20.31|20.3|20.3|629.0|1277038.0|20.3
144000|20.3|20.3|20.28|20.28|1053.0|2136372.0|20.3
144500|20.28|20.3|20.23|20.29|1421.0|2878624.0|20.28
145000|20.3|20.31|20.28|20.28|678.0|1375779.0|20.29
145500|20.29|20.33|20.29|20.33|1226.0|2489248.0|20.28
150000|20.33|20.33|20.29|20.31|1110.0|2254019.0|20.33
