093500|2.1700|2.1700|2.1500|2.1700|5728200|12382524.0000|2.1700
094000|2.1600|2.1800|2.1600|2.1700|7444200|16151660.0000|2.1700
094500|2.1700|2.1700|2.1600|2.1600|1595000|3449662.0000|2.1600
095000|2.1600|2.1700|2.1600|2.1600|2600900|5634946.0000|2.1600
095500|2.1600|2.1700|2.1500|2.1600|5756300|12428872.0000|2.1600
100000|2.1600|2.1700|2.1500|2.1700|2836700|6132120.0000|2.1700
100500|2.1700|2.1700|2.1600|2.1600|1514700|3273436.0000|2.1600
101000|2.1700|2.1700|2.1600|2.1600|2627200|5675568.0000|2.1600
101500|2.1600|2.1700|2.1500|2.1600|1205100|2604660.0000|2.1600
102000|2.1700|2.1700|2.1600|2.1700|597000|1291912.0000|2.1700
102500|2.1600|2.1800|2.1600|2.1800|8489000|18418544.0000|2.1800
103000|2.1800|2.1800|2.1700|2.1800|1459800|3181112.0000|2.1800
103500|2.1800|2.1800|2.1700|2.1700|695600|1511984.0000|2.1700
104000|2.1700|2.1800|2.1700|2.1800|1214900|2639896.0000|2.1800
104500|2.1800|2.1800|2.1700|2.1800|695000|1513496.0000|2.1800
105000|2.1800|2.1800|2.1700|2.1700|1121700|2437232.0000|2.1700
105500|2.1700|2.1800|2.1700|2.1800|487200|1059296.0000|2.1800
110000|2.1700|2.1800|2.1700|2.1700|1026200|2234488.0000|2.1700
110500|2.1800|2.1800|2.1700|2.1700|197200|429048.0000|2.1700
111000|2.1700|2.1800|2.1700|2.1700|914900|1986744.0000|2.1700
111500|2.1700|2.1800|2.1700|2.1800|985900|2143024.0000|2.1800
112000|2.1800|2.1800|2.1700|2.1700|613300|1331600.0000|2.1700
112500|2.1800|2.1800|2.1700|2.1700|202800|440376.0000|2.1700
113000|2.1700|2.1800|2.1700|2.1800|807800|1756280.0000|2.1800
130500|2.1800|2.1800|2.1600|2.1600|4756500|10322896.0000|2.1600
131000|2.1700|2.1700|2.1600|2.1700|1317300|2854704.0000|2.1700
131500|2.1700|2.1700|2.1600|2.1700|184200|398672.0000|2.1700
132000|2.1700|2.1700|2.1600|2.1600|249900|541048.0000|2.1600
132500|2.1700|2.1700|2.1600|2.1600|382600|828664.0000|2.1600
133000|2.1600|2.1700|2.1600|2.1700|597200|1291424.0000|2.1700
133500|2.1600|2.1700|2.1600|2.1700|1501500|3245456.0000|2.1700
134000|2.1700|2.1700|2.1600|2.1600|2897400|6259248.0000|2.1600
134500|2.1700|2.1700|2.1600|2.1700|4103300|8864864.0000|2.1700
135000|2.1600|2.1700|2.1500|2.1600|3499700|7557600.0000|2.1600
135500|2.1600|2.1700|2.1500|2.1500|5371200|11601072.0000|2.1500
140000|2.1600|2.1600|2.1500|2.1600|1182700|2552656.0000|2.1600
140500|2.1500|2.1700|2.1500|2.1600|1420000|3066752.0000|2.1600
141000|2.1600|2.1700|2.1600|2.1600|1135700|2454016.0000|2.1600
141500|2.1600|2.1700|2.1600|2.1600|1159300|2505264.0000|2.1600
142000|2.1600|2.1700|2.1600|2.1600|1127800|2436256.0000|2.1600
142500|2.1600|2.1700|2.1600|2.1600|2358100|5103424.0000|2.1600
143000|2.1600|2.1700|2.1600|2.1700|265700|575200.0000|2.1700
143500|2.1700|2.1700|2.1600|2.1600|332300|718576.0000|2.1600
144000|2.1600|2.1700|2.1600|2.1600|647600|1400864.0000|2.1600
144500|2.1600|2.1700|2.1600|2.1700|611300|1322880.0000|2.1700
145000|2.1600|2.1700|2.1600|2.1700|769200|1664272.0000|2.1700
145500|2.1600|2.1700|2.1600|2.1700|2895700|6263616.0000|2.1700
150000|2.1600|2.1700|2.1600|2.1700|1521300|3292768.0000|2.1700
