093500|20.7|20.75|20.58|20.58|3411.0|7045514.0|20.5
094000|20.59|20.6|20.56|20.57|1456.0|2995895.0|20.58
094500|20.59|20.63|20.57|20.58|1188.0|2446849.0|20.57
095000|20.57|20.59|20.53|20.54|1417.0|2913102.0|20.58
095500|20.53|20.62|20.52|20.6|1718.0|3534815.0|20.54
100000|20.59|20.59|20.55|20.58|2014.0|4143051.0|20.6
100500|20.56|20.6|20.55|20.58|951.0|1957058.0|20.58
101000|20.58|20.6|20.58|20.59|696.0|1433373.0|20.58
101500|20.59|20.61|20.57|20.6|2299.0|4733394.0|20.59
102000|20.6|20.6|20.57|20.58|1041.0|2143034.0|20.6
102500|20.58|20.58|20.55|20.56|1225.0|2518778.0|20.58
103000|20.56|20.56|20.55|20.55|688.0|1414262.0|20.56
103500|20.55|20.55|20.52|20.53|1225.0|2515872.0|20.55
104000|20.54|20.54|20.48|20.49|2093.0|4292465.0|20.53
104500|20.49|20.53|20.49|20.52|923.0|1893829.0|20.49
105000|20.52|20.55|20.51|20.54|922.0|1892448.0|20.52
105500|20.52|20.53|20.51|20.51|523.0|1073044.0|20.54
110000|20.52|20.52|20.5|20.51|520.0|1066416.0|20.51
110500|20.49|20.51|20.48|20.49|1148.0|2352438.0|20.51
111000|20.48|20.5|20.47|20.49|632.0|1294477.0|20.49
111500|20.5|20.5|20.48|20.5|310.0|635247.0|20.49
112000|20.5|20.53|20.49|20.53|586.0|1202340.0|20.5
112500|20.53|20.56|20.53|20.56|309.0|634768.0|20.53
113000|20.55|20.57|20.55|20.57|624.0|1282769.0|20.56
130500|20.57|20.58|20.51|20.51|870.0|1788063.0|20.57
131000|20.51|20.56|20.5|20.51|649.0|1332237.0|20.51
131500|20.51|20.6|20.51|20.59|674.0|1386787.0|20.51
132000|20.58|20.59|20.52|20.52|407.0|836582.0|20.59
132500|20.53|20.57|20.53|20.56|934.0|1920590.0|20.52
133000|20.56|20.56|20.53|20.54|591.0|1214142.0|20.56
133500|20.55|20.55|20.5|20.5|1332.0|2733030.0|20.54
134000|20.5|20.53|20.5|20.53|767.0|1573577.0|20.5
134500|20.52|20.55|20.52|20.55|479.0|983596.0|20.53
135000|20.54|20.56|20.53|20.54|417.0|856758.0|20.55
135500|20.53|20.55|20.52|20.55|672.0|1379451.0|20.54
140000|20.55|20.56|20.53|20.54|1094.0|2246810.0|20.55
140500|20.54|20.63|20.54|20.6|3532.0|7268980.0|20.54
141000|20.6|20.62|20.59|20.61|839.0|1728725.0|20.6
141500|20.6|20.62|20.6|20.61|941.0|1939294.0|20.61
142000|20.61|20.63|20.61|20.62|862.0|1777570.0|20.61
142500|20.62|20.66|20.62|20.64|1526.0|3150404.0|20.62
143000|20.63|20.64|20.61|20.61|488.0|1006473.0|20.64
143500|20.62|20.65|20.62|20.65|973.0|2007918.0|20.61
144000|20.65|20.69|20.64|20.68|1301.0|2688892.0|20.65
144500|20.69|20.69|20.67|20.69|1358.0|2808380.0|20.68
145000|20.69|20.74|20.69|20.73|2856.0|5918322.0|20.69
145500|20.73|20.79|20.71|20.77|2960.0|6143947.0|20.73
150000|20.77|20.79|20.76|20.79|2458.0|5108329.0|20.77
