093500|16.22|16.23|16.18|16.18|1590.0|2575758.0|16.18
094000|16.18|16.19|16.14|16.17|1543.0|2494912.0|16.18
094500|16.16|16.18|16.16|16.18|911.0|1472560.0|16.17
095000|16.17|16.18|16.16|16.17|1934.0|3126681.0|16.18
095500|16.17|16.18|16.15|16.17|2838.0|4585655.0|16.17
100000|16.17|16.19|16.16|16.17|2225.0|3599601.0|16.17
100500|16.17|16.18|16.14|16.15|2511.0|4056916.0|16.17
101000|16.15|16.18|16.14|16.18|1790.0|2892015.0|16.15
101500|16.18|16.18|16.16|16.18|818.0|1322483.0|16.18
102000|16.18|16.2|16.17|16.2|1386.0|2243365.0|16.18
102500|16.2|16.2|16.19|16.19|1214.0|1965722.0|16.2
103000|16.19|16.2|16.18|16.18|1119.0|1812362.0|16.19
103500|16.18|16.19|16.17|16.19|1474.0|2384695.0|16.18
104000|16.18|16.21|16.18|16.2|1725.0|2793052.0|16.19
104500|16.21|16.24|16.2|16.24|1875.0|3042223.0|16.2
105000|16.24|16.24|16.22|16.23|1191.0|1932735.0|16.24
105500|16.22|16.23|16.21|16.22|1166.0|1890705.0|16.23
110000|16.21|16.22|16.21|16.22|416.0|674392.0|16.22
110500|16.22|16.23|16.21|16.23|1216.0|1972453.0|16.22
111000|16.23|16.23|16.22|16.23|735.0|1192634.0|16.23
111500|16.23|16.25|16.23|16.24|1425.0|2313914.0|16.23
112000|16.25|16.29|16.25|16.29|2420.0|3936331.0|16.24
112500|16.28|16.29|16.27|16.28|1010.0|1644642.0|16.29
113000|16.28|16.28|16.26|16.27|1602.0|2606213.0|16.28
130500|16.28|16.28|16.26|16.28|828.0|1347658.0|16.27
131000|16.27|16.28|16.26|16.27|469.0|763016.0|16.28
131500|16.28|16.28|16.26|16.27|512.0|832826.0|16.27
132000|16.26|16.27|16.26|16.27|309.0|502616.0|16.27
132500|16.27|16.27|16.26|16.26|476.0|773995.0|16.27
133000|16.26|16.27|16.25|16.25|1004.0|1632227.0|16.26
133500|16.26|16.29|16.25|16.29|2500.0|4068488.0|16.25
134000|16.29|16.29|16.25|16.26|656.0|1067162.0|16.29
134500|16.26|16.27|16.25|16.27|1169.0|1900690.0|16.26
135000|16.26|16.26|16.25|16.26|464.0|754406.0|16.27
135500|16.25|16.27|16.25|16.26|374.0|608113.0|16.26
140000|16.26|16.29|16.26|16.28|1440.0|2343260.0|16.26
140500|16.28|16.29|16.28|16.28|1059.0|1724923.0|16.28
141000|16.28|16.3|16.27|16.28|987.0|1606763.0|16.28
141500|16.27|16.28|16.25|16.26|1344.0|2185586.0|16.28
142000|16.26|16.26|16.25|16.25|728.0|1183796.0|16.26
142500|16.25|16.26|16.24|16.25|868.0|1411018.0|16.25
143000|16.26|16.26|16.24|16.24|838.0|1360434.0|16.25
143500|16.25|16.25|16.24|16.25|746.0|1211931.0|16.24
144000|16.25|16.26|16.24|16.26|788.0|1280501.0|16.25
144500|16.26|16.26|16.24|16.25|901.0|1465145.0|16.26
145000|16.25|16.25|16.23|16.23|1939.0|3148394.0|16.25
145500|16.23|16.25|16.23|16.24|1360.0|2208166.0|16.23
150000|16.24|16.24|16.23|16.24|1152.0|1868962.0|16.24
