09350000|24.2972892000|24.3662176800|23.9784949800|23.9957271000|2495859|69940913.0000|23.9957271000
09400000|23.9957271000|24.0474234600|23.9698789200|23.9957271000|1510500|42073385.0000|23.9957271000
09450000|23.9957271000|24.0043431600|23.8923343800|23.9181825600|2222600|61781933.0000|23.9181825600
09500000|23.9181825600|23.9526468000|23.8061737800|23.8664862000|2235226|61923041.0000|23.8664862000
09550000|23.8664862000|23.8837183200|23.8147898400|23.8492540800|1752100|48499816.0000|23.8492540800
10000000|23.8492540800|23.8664862000|23.8320219600|23.8578701400|658541|18226480.0000|23.8578701400
10050000|23.8578701400|23.9181825600|23.8320219600|23.8492540800|642800|17804544.0000|23.8492540800
10100000|23.8492540800|23.9181825600|23.8492540800|23.9181825600|368100|10202208.0000|23.9181825600
10150000|23.9181825600|23.9871110400|23.8923343800|23.9784949800|713200|19811488.0000|23.9784949800
10200000|23.9698789200|24.0646555800|23.9698789200|24.0388074000|628000|17516400.0000|24.0388074000
10250000|24.0388074000|24.0560395200|23.9957271000|24.0301913400|614079|17120880.0000|24.0301913400
10300000|24.0301913400|24.0388074000|23.9181825600|23.9267986200|398000|11079216.0000|23.9267986200
10350000|23.9181825600|23.9957271000|23.9181825600|23.9871110400|398500|11077888.0000|23.9871110400
10400000|23.9784949800|24.0301913400|23.9784949800|24.0301913400|258620|7205008.0000|24.0301913400
10450000|24.0301913400|24.0646555800|23.9957271000|24.0388074000|500100|13951232.0000|24.0388074000
10500000|24.0388074000|24.0388074000|23.9784949800|24.0215752800|278900|7774688.0000|24.0215752800
10550000|24.0301913400|24.0732716400|24.0043431600|24.0129592200|333400|9304816.0000|24.0129592200
11000000|24.0388074000|24.0818877000|24.0043431600|24.0388074000|262300|7320240.0000|24.0388074000
11050000|24.0474234600|24.0732716400|24.0129592200|24.0301913400|376800|10516848.0000|24.0301913400
11100000|24.0301913400|24.0905037600|24.0215752800|24.0646555800|371200|10362896.0000|24.0646555800
11150000|24.0388074000|24.0646555800|23.9698789200|23.9698789200|310380|8650192.0000|23.9698789200
11200000|23.9871110400|24.0043431600|23.9526468000|23.9698789200|275600|7669024.0000|23.9698789200
11250000|23.9612628600|24.0301913400|23.9440307400|24.0043431600|395673|11007008.0000|24.0043431600
11300000|23.9957271000|24.0732716400|23.9957271000|24.0388074000|294300|8208848.0000|24.0388074000
13050000|24.0388074000|24.0474234600|23.9009504400|23.9095665000|540500|15026032.0000|23.9095665000
13100000|23.9181825600|23.9612628600|23.8923343800|23.9612628600|422313|11722864.0000|23.9612628600
13150000|23.9612628600|23.9957271000|23.8923343800|23.9440307400|589200|16362192.0000|23.9440307400
13200000|23.9440307400|23.9871110400|23.9267986200|23.9526468000|321800|8944992.0000|23.9526468000
13250000|23.9526468000|23.9612628600|23.9095665000|23.9612628600|324200|9006944.0000|23.9612628600
13300000|23.9526468000|23.9957271000|23.9354146800|23.9871110400|273000|7593328.0000|23.9871110400
13350000|23.9871110400|24.0474234600|23.9612628600|23.9871110400|311800|8685888.0000|23.9871110400
13400000|24.0043431600|24.0043431600|23.9267986200|23.9354146800|339300|9435744.0000|23.9354146800
13450000|23.9440307400|24.0043431600|23.9354146800|23.9871110400|292000|8121696.0000|23.9871110400
13500000|23.9612628600|23.9784949800|23.9095665000|23.9354146800|481200|13365472.0000|23.9354146800
13550000|23.9354146800|23.9440307400|23.9095665000|23.9181825600|306100|8499760.0000|23.9181825600
14000000|23.9181825600|23.9267986200|23.8751022600|23.8923343800|622800|17271776.0000|23.8923343800
14050000|23.8751022600|23.9267986200|23.8751022600|23.9009504400|312700|8672768.0000|23.9009504400
14100000|23.9009504400|23.9267986200|23.8923343800|23.9095665000|291200|8080336.0000|23.9095665000
14150000|23.9095665000|23.9267986200|23.8751022600|23.8837183200|338900|9399424.0000|23.8837183200
14200000|23.8751022600|23.8923343800|23.8751022600|23.8837183200|438300|12145616.0000|23.8837183200
14250000|23.8837183200|23.9267986200|23.8751022600|23.9095665000|250300|6943728.0000|23.9095665000
14300000|23.9009504400|23.9612628600|23.9009504400|23.9612628600|231700|6435136.0000|23.9612628600
14350000|23.9612628600|23.9784949800|23.9181825600|23.9612628600|220800|6138208.0000|23.9612628600
14400000|23.9612628600|23.9784949800|23.9267986200|23.9354146800|238400|6626272.0000|23.9354146800
14450000|23.9354146800|23.9698789200|23.9181825600|23.9181825600|402150|11169296.0000|23.9181825600
14500000|23.9181825600|23.9698789200|23.8923343800|23.9612628600|628700|17463120.0000|23.9612628600
14550000|23.9612628600|23.9957271000|23.9354146800|23.9698789200|970336|26988112.0000|23.9698789200
15000000|23.9698789200|24.0043431600|23.9698789200|23.9957271000|490042|13645888.0000|23.9957271000
