09350000|38.7727775000|39.3103205000|38.7230050000|39.2804570000|2368800|92925024.0000|39.2804570000
09400000|39.2804570000|39.2804570000|38.8922315000|39.0017310000|1993800|78283392.0000|39.0017310000
09450000|39.0116855000|39.1211850000|38.8026410000|38.8225500000|1555700|60933536.0000|38.8225500000
09500000|38.8225500000|38.9320495000|38.6632780000|38.6931415000|1298800|50547984.0000|38.6931415000
09550000|38.6931415000|38.8225500000|38.6035510000|38.8026410000|1110300|43116288.0000|38.8026410000
10000000|38.8026410000|38.8026410000|38.6135055000|38.6632780000|1123500|43677824.0000|38.6632780000
10050000|38.6632780000|38.8225500000|38.6334145000|38.7528685000|711300|27691904.0000|38.7528685000
10100000|38.7528685000|38.9021860000|38.7329595000|38.7926865000|979500|38214848.0000|38.7926865000
10150000|38.7926865000|38.8623680000|38.6831870000|38.7030960000|894500|34846496.0000|38.7030960000
10200000|38.7030960000|38.7926865000|38.5935965000|38.6334145000|878000|34107424.0000|38.6334145000
10250000|38.6334145000|38.7130505000|38.5637330000|38.6035510000|747900|29015744.0000|38.6035510000
10300000|38.6035510000|38.6334145000|38.4343245000|38.4741425000|997300|38588999.0000|38.4741425000
10350000|38.4741425000|38.4741425000|38.3049160000|38.3148705000|1441100|55532730.0000|38.3148705000
10400000|38.3148705000|38.3945065000|38.2850070000|38.3049160000|890600|34284280.0000|38.3049160000
10450000|38.3049160000|38.3845520000|38.2750525000|38.3646430000|503000|19361728.0000|38.3646430000
10500000|38.3646430000|38.4044610000|38.3049160000|38.3945065000|672500|25904000.0000|38.3945065000
10550000|38.3945065000|38.3945065000|38.2850070000|38.3845520000|540600|20812745.0000|38.3845520000
11000000|38.3845520000|38.5537785000|38.3347795000|38.5438240000|449400|17341814.0000|38.5438240000
11050000|38.5438240000|38.5537785000|38.3447340000|38.3447340000|206600|7978312.0000|38.3447340000
11100000|38.3447340000|38.3447340000|38.0958715000|38.0958715000|998700|38326400.0000|38.0958715000
11150000|38.0958715000|38.1058260000|37.9067360000|37.9067360000|1212600|46311936.0000|37.9067360000
11200000|37.9067360000|37.9764175000|37.8669180000|37.8669180000|1679000|63959040.0000|37.8669180000
11250000|37.8669180000|37.9166905000|37.7773275000|37.8868270000|1214500|46163840.0000|37.8868270000
11300000|37.8868270000|38.0460990000|37.8171455000|38.0062810000|786900|29965568.0000|38.0062810000
13050000|38.0162355000|38.1356895000|37.9565085000|38.1356895000|676700|25842048.0000|38.1356895000
13100000|38.1356895000|38.2352345000|37.9266450000|38.2153255000|713300|27296384.0000|38.2153255000
13150000|38.2153255000|38.3049160000|38.0460990000|38.3049160000|537200|20603262.0000|38.3049160000
13200000|38.3049160000|38.5139605000|38.2153255000|38.5040060000|684600|26392646.0000|38.5040060000
13250000|38.5040060000|38.5239150000|38.3845520000|38.3945065000|957100|36987700.0000|38.3945065000
13300000|38.3945065000|38.6035510000|38.3546885000|38.5338695000|665000|25727492.0000|38.5338695000
13350000|38.5338695000|38.5438240000|38.3745975000|38.4343245000|466000|18018174.0000|38.4343245000
13400000|38.4343245000|38.4940515000|38.3248250000|38.3646430000|445800|17193862.0000|38.3646430000
13450000|38.3646430000|38.3646430000|38.1555985000|38.1854620000|526300|20214149.0000|38.1854620000
13500000|38.1854620000|38.1954165000|38.0062810000|38.0261900000|722000|27612539.0000|38.0261900000
13550000|38.0261900000|38.0859170000|37.9266450000|38.0162355000|751100|28674304.0000|38.0162355000
14000000|38.0162355000|38.0261900000|37.9266450000|37.9565085000|400400|15278720.0000|37.9565085000
14050000|37.9565085000|37.9664630000|37.8171455000|37.8470090000|1017500|38702848.0000|37.8470090000
14100000|37.8470090000|37.8967815000|37.8071910000|37.8071910000|682500|25939456.0000|37.8071910000
14150000|37.8071910000|37.9067360000|37.7574185000|37.9067360000|597500|22684160.0000|37.9067360000
14200000|37.9067360000|37.9365995000|37.7574185000|37.8171455000|544500|20700928.0000|37.8171455000
14250000|37.8171455000|37.8171455000|37.6379645000|37.6379645000|803400|30453888.0000|37.6379645000
14300000|37.6379645000|37.7474640000|37.6280100000|37.6280100000|767100|29024256.0000|37.6280100000
14350000|37.6280100000|37.7375095000|37.4786925000|37.7375095000|1441100|54367104.0000|37.7375095000
14400000|37.7375095000|37.7773275000|37.4488290000|37.5483740000|783700|29620352.0000|37.5483740000
14450000|37.5483740000|37.5782375000|37.4886470000|37.5085560000|877700|33091456.0000|37.5085560000
14500000|37.5085560000|37.5085560000|37.3293750000|37.3293750000|1334400|50125056.0000|37.3293750000
14550000|37.3293750000|37.4388745000|37.3293750000|37.3990565000|1448300|54402048.0000|37.3990565000
15000000|37.3990565000|37.4090110000|37.3492840000|37.3791475000|1155500|43389696.0000|37.3791475000
