09350000|35.4877925000|35.6371100000|35.3583840000|35.3782930000|1843400|65672656.0000|35.3782930000
09400000|35.3782930000|35.4380200000|35.1294305000|35.3982020000|1465400|51885812.0000|35.3982020000
09450000|35.3982020000|35.5276105000|35.0896125000|35.1194760000|930300|33008008.0000|35.1194760000
09500000|35.1194760000|35.1493395000|34.9701585000|34.9801130000|1603400|56403696.0000|34.9801130000
09550000|34.9801130000|35.0099765000|34.6416600000|34.6814780000|1529300|53510480.0000|34.6814780000
10000000|34.6814780000|34.8307955000|34.6018420000|34.7710685000|1637000|57031104.0000|34.7710685000
10050000|34.7710685000|34.9701585000|34.7710685000|34.8905225000|887300|31085664.0000|34.8905225000
10100000|34.8905225000|35.0697035000|34.7611140000|35.0398400000|901600|31593760.0000|35.0398400000
10150000|35.0398400000|35.2289755000|34.9602040000|35.2289755000|1158000|40820864.0000|35.2289755000
10200000|35.2289755000|35.2488845000|35.1194760000|35.1891575000|469000|16580672.0000|35.1891575000
10250000|35.1891575000|35.2986570000|35.1792030000|35.2289755000|604000|21404224.0000|35.2289755000
10300000|35.2289755000|35.3285205000|35.1294305000|35.1891575000|465200|16463968.0000|35.1891575000
10350000|35.1891575000|35.2887025000|35.0597490000|35.2389300000|234400|8275200.0000|35.2389300000
10400000|35.2389300000|35.2687935000|35.1493395000|35.1891575000|362400|12818848.0000|35.1891575000
10450000|35.1891575000|35.2787480000|35.1792030000|35.1891575000|260100|9202208.0000|35.1891575000
10500000|35.1891575000|35.1991120000|35.0697035000|35.0697035000|347300|12262176.0000|35.0697035000
10550000|35.0597490000|35.0796580000|35.0000220000|35.0697035000|355000|12494464.0000|35.0697035000
11000000|35.0697035000|35.0995670000|34.9801130000|35.0298855000|261000|9185248.0000|35.0298855000
11050000|35.0298855000|35.0597490000|34.9004770000|34.9900675000|413900|14545447.0000|34.9900675000
11100000|34.9900675000|35.0398400000|34.9402950000|35.0099765000|348000|12227831.0000|35.0099765000
11150000|35.0099765000|35.0597490000|34.9701585000|35.0398400000|197900|6960382.0000|35.0398400000
11200000|35.0398400000|35.2389300000|35.0199310000|35.1991120000|367200|12977672.0000|35.1991120000
11250000|35.1991120000|35.2389300000|35.1393850000|35.2289755000|192200|6797122.0000|35.2289755000
11300000|35.2289755000|35.2488845000|35.0896125000|35.0995670000|265000|9357756.0000|35.0995670000
13050000|35.0896125000|35.2190210000|35.0697035000|35.1692485000|388700|13717944.0000|35.1692485000
13100000|35.1891575000|35.2588390000|35.1294305000|35.2588390000|248800|8800710.0000|35.2588390000
13150000|35.2588390000|35.3086115000|35.1592940000|35.3086115000|299100|10590336.0000|35.3086115000
13200000|35.3086115000|35.3185660000|35.1692485000|35.1792030000|190300|6738496.0000|35.1792030000
13250000|35.1792030000|35.1891575000|35.0398400000|35.0398400000|266500|9401024.0000|35.0398400000
13300000|35.0398400000|35.0796580000|35.0099765000|35.0398400000|191000|6721280.0000|35.0398400000
13350000|35.0398400000|35.0398400000|34.8507045000|34.8706135000|1404100|49174780.0000|34.8706135000
13400000|34.8706135000|34.8905225000|34.8009320000|34.8009320000|301600|10555144.0000|34.8009320000
13450000|34.8009320000|34.8507045000|34.7810230000|34.7909775000|335600|11734142.0000|34.7909775000
13500000|34.7909775000|34.7909775000|34.6615690000|34.7611140000|718800|25063478.0000|34.7611140000
13550000|34.7611140000|34.8407500000|34.6715235000|34.7710685000|406100|14181384.0000|34.7710685000
14000000|34.7710685000|34.7710685000|34.6317055000|34.6516145000|431900|15046784.0000|34.6516145000
14050000|34.6516145000|34.6516145000|34.5222060000|34.5222060000|853200|29639744.0000|34.5222060000
14100000|34.5222060000|34.6615690000|34.5222060000|34.6615690000|836300|29047296.0000|34.6615690000
14150000|34.6615690000|34.6914325000|34.5620240000|34.5719785000|376700|13100032.0000|34.5719785000
14200000|34.5719785000|34.5918875000|34.5122515000|34.5918875000|480200|16658432.0000|34.5918875000
14250000|34.5918875000|34.8009320000|34.5819330000|34.7710685000|508200|17710598.0000|34.7710685000
14300000|34.7710685000|34.9203860000|34.7412050000|34.7710685000|507100|17753910.0000|34.7710685000
14350000|34.7710685000|34.9203860000|34.7013870000|34.8606590000|429500|15022594.0000|34.8606590000
14400000|34.8606590000|34.9203860000|34.8307955000|34.8805680000|356500|12488258.0000|34.8805680000
14450000|34.8805680000|35.0995670000|34.8805680000|35.0497945000|569400|20026936.0000|35.0497945000
14500000|35.0497945000|35.1891575000|35.0497945000|35.0995670000|577500|20382148.0000|35.0995670000
14550000|35.0995670000|35.1692485000|35.0597490000|35.1592940000|534600|18853003.0000|35.1592940000
15000000|35.1592940000|35.1692485000|35.0896125000|35.1692485000|713300|25186801.0000|35.1692485000
