09350000|47.0000000000|47.0000000000|46.4900000000|46.6600000000|1424600|66402412.0000|46.6600000000
09400000|46.6500000000|46.6500000000|46.4500000000|46.4500000000|963300|44849812.0000|46.4500000000
09450000|46.4400000000|46.5900000000|46.4000000000|46.5900000000|693000|32183344.0000|46.5900000000
09500000|46.6200000000|46.9600000000|46.5700000000|46.6900000000|739400|34527904.0000|46.6900000000
09550000|46.6400000000|46.7800000000|46.6300000000|46.6900000000|447100|20888224.0000|46.6900000000
10000000|46.6900000000|46.7800000000|46.6700000000|46.7100000000|292600|13669808.0000|46.7100000000
10050000|46.6900000000|46.6900000000|46.5600000000|46.6000000000|299600|13965312.0000|46.6000000000
10100000|46.5800000000|46.7100000000|46.5700000000|46.6500000000|269700|12579984.0000|46.6500000000
10150000|46.6600000000|46.7500000000|46.6600000000|46.6700000000|235700|11006608.0000|46.6700000000
10200000|46.6700000000|46.7100000000|46.6000000000|46.6800000000|292900|13662240.0000|46.6800000000
10250000|46.6500000000|46.7300000000|46.6300000000|46.6700000000|231200|10792544.0000|46.6700000000
10300000|46.6700000000|46.7200000000|46.6300000000|46.6400000000|244100|11393664.0000|46.6400000000
10350000|46.6300000000|46.7000000000|46.6300000000|46.6600000000|291100|13580160.0000|46.6600000000
10400000|46.6500000000|46.7100000000|46.5000000000|46.5000000000|446900|20834784.0000|46.5000000000
10450000|46.5100000000|46.5600000000|46.4800000000|46.4900000000|417100|19402720.0000|46.4900000000
10500000|46.4800000000|46.5000000000|46.3900000000|46.4500000000|741600|34428832.0000|46.4500000000
10550000|46.4500000000|46.4500000000|46.4100000000|46.4200000000|216000|10028992.0000|46.4200000000
11000000|46.4100000000|46.4400000000|46.3900000000|46.4100000000|339900|15774208.0000|46.4100000000
11050000|46.4200000000|46.4900000000|46.4000000000|46.4300000000|307800|14292800.0000|46.4300000000
11100000|46.4400000000|46.4400000000|46.3100000000|46.3100000000|607800|28172928.0000|46.3100000000
11150000|46.3100000000|46.3400000000|46.2900000000|46.3000000000|273600|12669920.0000|46.3000000000
11200000|46.3200000000|46.3200000000|46.2100000000|46.2600000000|480900|22247456.0000|46.2600000000
11250000|46.2600000000|46.3600000000|46.2600000000|46.3400000000|230200|10660608.0000|46.3400000000
11300000|46.3300000000|46.4000000000|46.3100000000|46.4000000000|148800|6896128.0000|46.4000000000
13050000|46.4000000000|46.4600000000|46.3600000000|46.4200000000|303000|14064064.0000|46.4200000000
13100000|46.4300000000|46.5100000000|46.4200000000|46.4800000000|380600|17687136.0000|46.4800000000
13150000|46.4900000000|46.5600000000|46.4400000000|46.4900000000|154000|7161568.0000|46.4900000000
13200000|46.4900000000|46.5300000000|46.4500000000|46.4500000000|233600|10860380.0000|46.4500000000
13250000|46.4600000000|46.5000000000|46.4400000000|46.4700000000|232700|10813451.0000|46.4700000000
13300000|46.4800000000|46.5900000000|46.4700000000|46.5200000000|386400|17976054.0000|46.5200000000
13350000|46.5200000000|46.5200000000|46.4500000000|46.4700000000|375400|17450877.0000|46.4700000000
13400000|46.4800000000|46.5200000000|46.4300000000|46.4800000000|407800|18949571.0000|46.4800000000
13450000|46.4800000000|46.5200000000|46.3400000000|46.4200000000|357300|16586693.0000|46.4200000000
13500000|46.4200000000|46.4600000000|46.3500000000|46.3700000000|551100|25565050.0000|46.3700000000
13550000|46.3700000000|46.4600000000|46.3700000000|46.3900000000|448800|20825085.0000|46.3900000000
14000000|46.4300000000|46.4800000000|46.3700000000|46.4800000000|506600|23512841.0000|46.4800000000
14050000|46.4900000000|46.5200000000|46.4600000000|46.5000000000|324000|15065014.0000|46.5000000000
14100000|46.5100000000|46.5500000000|46.4700000000|46.5000000000|349100|16232844.0000|46.5000000000
14150000|46.4900000000|46.5000000000|46.4500000000|46.4700000000|207900|9662388.0000|46.4700000000
14200000|46.4500000000|46.5200000000|46.4400000000|46.5200000000|216300|10053636.0000|46.5200000000
14250000|46.5200000000|46.5200000000|46.4500000000|46.4700000000|242000|11249674.0000|46.4700000000
14300000|46.4800000000|46.5300000000|46.4400000000|46.4500000000|256500|11921344.0000|46.4500000000
14350000|46.4400000000|46.4800000000|46.4000000000|46.4400000000|377300|17514814.0000|46.4400000000
14400000|46.4500000000|46.4600000000|46.3700000000|46.4300000000|281200|13054836.0000|46.4300000000
14450000|46.4200000000|46.4600000000|46.3400000000|46.3600000000|466600|21643139.0000|46.3600000000
14500000|46.3800000000|46.4500000000|46.3600000000|46.4500000000|434900|20180741.0000|46.4500000000
14550000|46.4500000000|46.5000000000|46.4400000000|46.4800000000|444400|20653819.0000|46.4800000000
15000000|46.4800000000|46.4900000000|46.4500000000|46.4600000000|270500|12569792.0000|46.4600000000
