093500|80.1|82.42|79.46|82.02|289577.0|2355659979.0|74.93
094000|82.0|82.42|82.0|82.42|209936.0|1729319737.0|82.02
094500|82.42|82.42|81.76|81.86|91326.0|752108985.0|82.42
095000|81.87|82.42|81.87|82.42|82490.0|679530649.0|81.86
095500|82.42|82.42|82.42|82.42|7417.0|61130914.0|82.42
100000|82.42|82.42|82.42|82.42|4375.0|36056277.0|82.42
100500|82.42|82.42|82.42|82.42|3678.0|30314076.0|82.42
101000|82.42|82.42|82.42|82.42|2071.0|17069182.0|82.42
101500|82.42|82.42|82.42|82.42|2028.0|16711149.0|82.42
102000|82.42|82.42|82.42|82.42|1703.0|14036126.0|82.42
102500|82.42|82.42|82.42|82.42|3095.0|25508990.0|82.42
103000|82.42|82.42|82.42|82.42|1327.0|10937134.0|82.42
103500|82.42|82.42|82.42|82.42|1291.0|10640422.0|82.42
104000|82.42|82.42|82.42|82.42|1165.0|9603413.0|82.42
104500|82.42|82.42|82.42|82.42|1850.0|15247700.0|82.42
105000|82.42|82.42|82.42|82.42|1749.0|14415258.0|82.42
105500|82.42|82.42|82.42|82.42|496.0|4088032.0|82.42
110000|82.42|82.42|82.42|82.42|817.0|6733714.0|82.42
110500|82.42|82.42|82.42|82.42|559.0|4607278.0|82.42
111000|82.42|82.42|82.42|82.42|495.0|4079790.0|82.42
111500|82.42|82.42|82.42|82.42|892.0|7351864.0|82.42
112000|82.42|82.42|82.42|82.42|517.0|4261114.0|82.42
112500|82.42|82.42|82.42|82.42|493.0|4063305.0|82.42
113000|82.42|82.42|82.42|82.42|609.0|5019378.0|82.42
130500|82.42|82.42|82.42|82.42|2133.0|17580268.0|82.42
131000|82.42|82.42|82.42|82.42|872.0|7187024.0|82.42
131500|82.42|82.42|82.42|82.42|1066.0|8785972.0|82.42
132000|82.42|82.42|82.42|82.42|679.0|5596318.0|82.42
132500|82.42|82.42|82.42|82.42|544.0|4483648.0|82.42
133000|82.42|82.42|82.42|82.42|628.0|5175976.0|82.42
133500|82.42|82.42|82.42|82.42|659.0|5431478.0|82.42
134000|82.42|82.42|82.42|82.42|740.0|6096112.0|82.42
134500|82.42|82.42|82.42|82.42|1426.0|11754493.0|82.42
135000|82.42|82.42|82.42|82.42|667.0|5497414.0|82.42
135500|82.42|82.42|82.42|82.42|307.0|2530294.0|82.42
140000|82.42|82.42|82.42|82.42|519.0|4277598.0|82.42
140500|82.42|82.42|82.42|82.42|239.0|1969838.0|82.42
141000|82.42|82.42|82.42|82.42|391.0|3222622.0|82.42
141500|82.42|82.42|82.42|82.42|403.0|3321526.0|82.42
142000|82.42|82.42|82.42|82.42|405.0|3338010.0|82.42
142500|82.42|82.42|82.42|82.42|358.0|2950636.0|82.42
143000|82.42|82.42|82.42|82.42|935.0|7706270.0|82.42
143500|82.42|82.42|82.42|82.42|865.0|7129330.0|82.42
144000|82.42|82.42|82.42|82.42|776.0|6395792.0|82.42
144500|82.42|82.42|82.42|82.42|785.0|6475080.0|82.42
145000|82.42|82.42|82.42|82.42|578.0|4763876.0|82.42
145500|82.42|82.42|82.42|82.42|1674.0|13797108.0|82.42
150000|82.42|82.42|82.42|82.42|2470.0|20357740.0|82.42
