093500|4.7900|4.8400|4.7400|4.7500|1227300|5893687.0000|4.7500
094000|4.7500|4.8100|4.7300|4.7900|919800|4389328.0000|4.7900
094500|4.7900|4.8300|4.7800|4.8200|761700|3663036.0000|4.8200
095000|4.8200|4.8300|4.8000|4.8300|698600|3359888.0000|4.8300
095500|4.8300|4.8300|4.7900|4.8000|412400|1982572.0000|4.8000
100000|4.8000|4.8100|4.7800|4.7900|284400|1363263.0000|4.7900
100500|4.7900|4.7900|4.7500|4.7800|695700|3318427.0000|4.7800
101000|4.7800|4.8000|4.7600|4.7700|438200|2092577.0000|4.7700
101500|4.7700|4.7800|4.7600|4.7700|216100|1031480.0000|4.7700
102000|4.7700|4.7800|4.7600|4.7700|220600|1051909.0000|4.7700
102500|4.7800|4.7800|4.7500|4.7600|393000|1871272.0000|4.7600
103000|4.7600|4.7700|4.7400|4.7500|236700|1125178.0000|4.7500
103500|4.7600|4.7700|4.7500|4.7600|153000|727221.0000|4.7600
104000|4.7600|4.7700|4.7300|4.7300|407350|1930364.0000|4.7300
104500|4.7300|4.7400|4.7000|4.7300|1193300|5626346.0000|4.7300
105000|4.7300|4.7400|4.7200|4.7200|505500|2390066.0000|4.7200
105500|4.7200|4.7300|4.7100|4.7200|259900|1226661.0000|4.7200
110000|4.7200|4.7300|4.7100|4.7100|416300|1964082.0000|4.7100
110500|4.7200|4.7500|4.7200|4.7200|308600|1460263.0000|4.7200
111000|4.7200|4.7300|4.7100|4.7100|240300|1133207.0000|4.7100
111500|4.7100|4.7300|4.6900|4.7100|640500|3013216.0000|4.7100
112000|4.7100|4.7100|4.6600|4.6800|614321|2877408.0000|4.6800
112500|4.6900|4.7100|4.6800|4.6800|207200|972385.0000|4.6800
113000|4.6800|4.6900|4.6600|4.6800|205700|961219.0000|4.6800
130500|4.6700|4.7000|4.6700|4.6800|984900|4599684.0000|4.6800
131000|4.6800|4.6800|4.6500|4.6700|452900|2111157.0000|4.6700
131500|4.6700|4.6900|4.6500|4.6900|417300|1949645.0000|4.6900
132000|4.6900|4.6900|4.6500|4.6600|400800|1869641.0000|4.6600
132500|4.6500|4.6600|4.6200|4.6300|1274053|5912862.0000|4.6300
133000|4.6200|4.6400|4.6100|4.6200|976500|4511735.0000|4.6200
133500|4.6200|4.6300|4.5900|4.6000|1240100|5709568.0000|4.6000
134000|4.6100|4.6200|4.6000|4.6000|559100|2577446.0000|4.6000
134500|4.6000|4.6000|4.5300|4.5300|1172500|5362488.0000|4.5300
135000|4.5300|4.5400|4.4500|4.5200|2766300|12450362.0000|4.5200
135500|4.5200|4.5900|4.5200|4.5600|1034900|4714014.0000|4.5600
140000|4.5600|4.5800|4.5500|4.5700|692800|3162475.0000|4.5700
140500|4.5700|4.5700|4.5200|4.5500|786700|3578907.0000|4.5500
141000|4.5600|4.5800|4.5400|4.5800|393500|1795709.0000|4.5800
141500|4.5800|4.6000|4.5800|4.6000|414500|1902643.0000|4.6000
142000|4.6000|4.6100|4.5900|4.6000|341350|1570483.0000|4.6000
142500|4.6000|4.6100|4.5800|4.6000|447600|2055632.0000|4.6000
143000|4.6000|4.6600|4.6000|4.6600|376900|1746603.0000|4.6600
143500|4.6600|4.7000|4.6500|4.7000|653700|3052245.0000|4.7000
144000|4.7000|4.7200|4.6900|4.7200|795100|3741807.0000|4.7200
144500|4.7200|4.7300|4.7100|4.7200|771500|3642376.0000|4.7200
145000|4.7300|4.7700|4.7200|4.7600|1292600|6144400.0000|4.7600
145500|4.7600|4.7700|4.7400|4.7400|835000|3966673.0000|4.7400
150000|4.7500|4.7500|4.7400|4.7500|363600|1726077.0000|4.7500
