093500|7.5100|7.5600|7.5100|7.5500|3658100|27579632.0000|7.5500
094000|7.5400|7.5500|7.5100|7.5400|1912200|14403304.0000|7.5400
094500|7.5300|7.5500|7.5200|7.5300|1230200|9269900.0000|7.5300
095000|7.5300|7.5700|7.5300|7.5600|1892900|14294192.0000|7.5600
095500|7.5600|7.5700|7.5400|7.5500|1167400|8821124.0000|7.5500
100000|7.5500|7.5600|7.5500|7.5500|394500|2979328.0000|7.5500
100500|7.5500|7.5700|7.5400|7.5400|1146500|8663568.0000|7.5400
101000|7.5500|7.5700|7.5500|7.5600|710300|5367064.0000|7.5600
101500|7.5600|7.5700|7.5500|7.5600|1274100|9637384.0000|7.5600
102000|7.5600|7.5700|7.5600|7.5700|397200|3003816.0000|7.5700
102500|7.5600|7.5700|7.5600|7.5600|441100|3337024.0000|7.5600
103000|7.5700|7.5800|7.5600|7.5800|896200|6783288.0000|7.5800
103500|7.5700|7.5900|7.5700|7.5700|1515800|11491904.0000|7.5700
104000|7.5700|7.5800|7.5500|7.5700|1323400|10008296.0000|7.5700
104500|7.5600|7.5800|7.5600|7.5700|1193100|9027840.0000|7.5700
105000|7.5700|7.5800|7.5700|7.5700|240100|1818400.0000|7.5700
105500|7.5700|7.5800|7.5700|7.5700|259300|1963872.0000|7.5700
110000|7.5800|7.5800|7.5700|7.5800|375700|2846384.0000|7.5800
110500|7.5700|7.6000|7.5700|7.5900|1325000|10052400.0000|7.5900
111000|7.5900|7.6000|7.5800|7.5900|2939400|22311568.0000|7.5900
111500|7.5900|7.6000|7.5800|7.5800|1025600|7784720.0000|7.5800
112000|7.5800|7.6200|7.5800|7.6200|1664900|12655440.0000|7.6200
112500|7.6100|7.6200|7.6000|7.6000|955300|7270720.0000|7.6000
113000|7.6100|7.6100|7.5900|7.6000|621800|4726000.0000|7.6000
130500|7.5900|7.6400|7.5900|7.6200|3868500|29475952.0000|7.6200
131000|7.6200|7.6200|7.5900|7.6000|1065400|8107632.0000|7.6000
131500|7.6000|7.6200|7.6000|7.6100|990900|7540784.0000|7.6100
132000|7.6200|7.6200|7.6100|7.6100|1386900|10555424.0000|7.6100
132500|7.6100|7.6200|7.6000|7.6000|429500|3267904.0000|7.6000
133000|7.6100|7.6100|7.5900|7.5900|585300|4449664.0000|7.5900
133500|7.6000|7.6000|7.5900|7.6000|368000|2795904.0000|7.6000
134000|7.5900|7.6000|7.5900|7.5900|238200|1808896.0000|7.5900
134500|7.5900|7.6000|7.5800|7.5800|674500|5118784.0000|7.5800
135000|7.5800|7.5900|7.5700|7.5700|1130100|8559648.0000|7.5700
135500|7.5700|7.5900|7.5700|7.5900|599100|4541408.0000|7.5900
140000|7.5900|7.5900|7.5800|7.5900|319300|2422080.0000|7.5900
140500|7.5800|7.6000|7.5800|7.5900|1136100|8625280.0000|7.5900
141000|7.5900|7.5900|7.5800|7.5900|301300|2285152.0000|7.5900
141500|7.5800|7.5900|7.5800|7.5800|549900|4172192.0000|7.5800
142000|7.5800|7.5900|7.5700|7.5800|931700|7060480.0000|7.5800
142500|7.5700|7.5900|7.5700|7.5900|796100|6034144.0000|7.5900
143000|7.5800|7.6000|7.5800|7.5900|593200|4500224.0000|7.5900
143500|7.5900|7.6000|7.5900|7.6000|451900|3432352.0000|7.6000
144000|7.6000|7.6000|7.5900|7.5900|612300|4650688.0000|7.5900
144500|7.5900|7.6000|7.5900|7.6000|1600100|12159296.0000|7.6000
145000|7.5900|7.6100|7.5900|7.6000|928600|7057408.0000|7.6000
145500|7.6000|7.6200|7.6000|7.6200|1153600|8777152.0000|7.6200
150000|7.6200|7.6200|7.6000|7.6000|1246200|9480064.0000|7.6000
