09350000|12.7557220000|12.8327376800|12.6883332800|12.7846028800|2393600|31734224.0000|12.7846028800
09400000|12.7846028800|12.7846028800|12.6883332800|12.7172141600|1220400|16125458.0000|12.7172141600
09450000|12.7172141600|12.7460950400|12.6883332800|12.7460950400|837800|11058938.0000|12.7460950400
09500000|12.7364680800|12.7942298400|12.7364680800|12.7846028800|1087759|14433602.0000|12.7846028800
09550000|12.7749759200|12.8134837600|12.7557220000|12.7653489600|969400|12872266.0000|12.7653489600
10000000|12.7846028800|12.7942298400|12.7460950400|12.7460950400|1060600|14069621.0000|12.7460950400
10050000|12.7557220000|12.8327376800|12.7460950400|12.8231107200|1044300|13884012.0000|12.8231107200
10100000|12.8231107200|12.8616185600|12.8231107200|12.8519916000|1066000|14219852.0000|12.8519916000
10150000|12.8519916000|12.8616185600|12.8134837600|12.8231107200|1204200|16056063.0000|12.8231107200
10200000|12.8134837600|12.8231107200|12.8038568000|12.8134837600|624800|8316083.0000|12.8134837600
10250000|12.8134837600|12.8231107200|12.7846028800|12.8231107200|772300|10270569.0000|12.8231107200
10300000|12.8231107200|12.8231107200|12.7653489600|12.7942298400|904400|12019553.0000|12.7942298400
10350000|12.8038568000|12.8808724800|12.8038568000|12.8616185600|1107900|14797075.0000|12.8616185600
10400000|12.8616185600|12.8904994400|12.8519916000|12.8904994400|764064|10218568.0000|12.8904994400
10450000|12.8808724800|12.9001264000|12.8712455200|12.8808724800|563400|7541014.0000|12.8808724800
10500000|12.8808724800|12.8904994400|12.8519916000|12.8616185600|505700|6760572.0000|12.8616185600
10550000|12.8519916000|12.8616185600|12.8423646400|12.8616185600|353366|4717234.0000|12.8616185600
11000000|12.8616185600|12.8616185600|12.8423646400|12.8519916000|253110|3378888.0000|12.8519916000
11050000|12.8519916000|12.8519916000|12.8423646400|12.8519916000|220700|2945055.0000|12.8519916000
11100000|12.8423646400|12.8519916000|12.7942298400|12.8038568000|644560|8581119.0000|12.8038568000
11150000|12.7942298400|12.8038568000|12.7557220000|12.7942298400|934210|12394236.0000|12.7942298400
11200000|12.7846028800|12.7942298400|12.7653489600|12.7846028800|441220|5856716.0000|12.7846028800
11250000|12.7846028800|12.7942298400|12.7653489600|12.7653489600|312900|4153308.0000|12.7653489600
11300000|12.7653489600|12.7846028800|12.7557220000|12.7557220000|349500|4635118.0000|12.7557220000
13050000|12.7653489600|12.7942298400|12.7460950400|12.7460950400|511000|6774780.0000|12.7460950400
13100000|12.7460950400|12.7557220000|12.7460950400|12.7557220000|234900|3110956.0000|12.7557220000
13150000|12.7557220000|12.7557220000|12.7268411200|12.7364680800|420000|5559296.0000|12.7364680800
13200000|12.7364680800|12.7364680800|12.6787063200|12.6883332800|2069400|27309712.0000|12.6883332800
13250000|12.6883332800|12.7075872000|12.6787063200|12.7075872000|536601|7073136.0000|12.7075872000
13300000|12.6979602400|12.7268411200|12.6883332800|12.6979602400|518100|6838000.0000|12.6979602400
13350000|12.6979602400|12.7075872000|12.6979602400|12.6979602400|193100|2547888.0000|12.6979602400
13400000|12.6979602400|12.7075872000|12.6883332800|12.6883332800|444500|5864016.0000|12.6883332800
13450000|12.6979602400|12.7075872000|12.6883332800|12.6979602400|274800|3623200.0000|12.6979602400
13500000|12.6979602400|12.7075872000|12.6787063200|12.6883332800|616600|8129360.0000|12.6883332800
13550000|12.6883332800|12.6979602400|12.6594524000|12.6690793600|647299|8521888.0000|12.6690793600
14000000|12.6594524000|12.6883332800|12.6594524000|12.6883332800|311100|4094624.0000|12.6883332800
14050000|12.6690793600|12.6979602400|12.6690793600|12.6883332800|240500|3168112.0000|12.6883332800
14100000|12.6883332800|12.7172141600|12.6883332800|12.7075872000|468890|6185616.0000|12.7075872000
14150000|12.7075872000|12.7172141600|12.6883332800|12.6883332800|299200|3948256.0000|12.6883332800
14200000|12.6883332800|12.6979602400|12.6787063200|12.6787063200|403000|5309936.0000|12.6787063200
14250000|12.6787063200|12.6787063200|12.6594524000|12.6594524000|453700|5970288.0000|12.6594524000
14300000|12.6594524000|12.6787063200|12.6594524000|12.6787063200|474527|6241664.0000|12.6787063200
14350000|12.6787063200|12.6979602400|12.6690793600|12.6787063200|502200|6614848.0000|12.6787063200
14400000|12.6690793600|12.6883332800|12.6690793600|12.6690793600|358901|4725568.0000|12.6690793600
14450000|12.6787063200|12.6787063200|12.6401984800|12.6401984800|859672|11302928.0000|12.6401984800
14500000|12.6401984800|12.6594524000|12.6401984800|12.6498254400|720500|9463072.0000|12.6498254400
14550000|12.6594524000|12.6594524000|12.6498254400|12.6498254400|828020|10884112.0000|12.6498254400
15000000|12.6498254400|12.6690793600|12.6498254400|12.6498254400|691310|9086448.0000|12.6498254400
