09350000|18.5756263000|18.5756263000|18.4365574400|18.4365574400|1883000|35083028.0000|18.4365574400
09400000|18.4464909300|18.5756263000|18.4365574400|18.5060918700|1176000|21909052.0000|18.5060918700
09450000|18.5060918700|18.5259588500|18.4464909300|18.4663579100|972400|18082608.0000|18.4663579100
09500000|18.4663579100|18.4663579100|18.3769565000|18.3868899900|1635500|30320472.0000|18.3868899900
09550000|18.3868899900|18.4266239500|18.3769565000|18.3769565000|1128600|20896416.0000|18.3769565000
10000000|18.3769565000|18.4266239500|18.3670230100|18.4266239500|797900|14777224.0000|18.4266239500
10050000|18.4266239500|18.4464909300|18.4166904600|18.4266239500|562900|10443936.0000|18.4266239500
10100000|18.4266239500|18.4365574400|18.3868899900|18.3868899900|666900|12354080.0000|18.3868899900
10150000|18.3769565000|18.4067569700|18.3769565000|18.3968234800|491600|9101024.0000|18.3968234800
10200000|18.3968234800|18.4564244200|18.3968234800|18.4564244200|630800|11695808.0000|18.4564244200
10250000|18.4564244200|18.4762914000|18.4266239500|18.4762914000|317700|5899984.0000|18.4762914000
10300000|18.4762914000|18.5160253600|18.4564244200|18.4862248900|829700|15441392.0000|18.4862248900
10350000|18.4862248900|18.5358923400|18.4663579100|18.5160253600|476100|8869536.0000|18.5160253600
10400000|18.5259588500|18.5358923400|18.4365574400|18.4365574400|585800|10897184.0000|18.4365574400
10450000|18.4365574400|18.4365574400|18.3968234800|18.4266239500|324500|6017920.0000|18.4266239500
10500000|18.4266239500|18.4564244200|18.4266239500|18.4464909300|204800|3801648.0000|18.4464909300
10550000|18.4464909300|18.4464909300|18.4166904600|18.4166904600|283300|5254816.0000|18.4166904600
11000000|18.4266239500|18.4266239500|18.3769565000|18.3769565000|560000|10372048.0000|18.3769565000
11050000|18.3868899900|18.3868899900|18.3471560300|18.3471560300|1024100|18933568.0000|18.3471560300
11100000|18.3570895200|18.3968234800|18.3471560300|18.3769565000|390200|7219296.0000|18.3769565000
11150000|18.3868899900|18.3868899900|18.3471560300|18.3471560300|302500|5591616.0000|18.3471560300
11200000|18.3570895200|18.3670230100|18.3471560300|18.3570895200|347000|6410304.0000|18.3570895200
11250000|18.3570895200|18.3769565000|18.3471560300|18.3769565000|203800|3766240.0000|18.3769565000
11300000|18.3769565000|18.3868899900|18.3670230100|18.3769565000|153400|2836864.0000|18.3769565000
13050000|18.3868899900|18.4067569700|18.3769565000|18.3968234800|426100|7888224.0000|18.3968234800
13100000|18.3968234800|18.3968234800|18.3670230100|18.3769565000|311800|5768064.0000|18.3769565000
13150000|18.3769565000|18.4067569700|18.3769565000|18.3968234800|247500|4581632.0000|18.3968234800
13200000|18.3968234800|18.3968234800|18.3570895200|18.3670230100|338700|6264096.0000|18.3670230100
13250000|18.3670230100|18.3769565000|18.3570895200|18.3670230100|264800|4896704.0000|18.3670230100
13300000|18.3769565000|18.3769565000|18.3372225400|18.3372225400|491000|9074208.0000|18.3372225400
13350000|18.3471560300|18.3471560300|18.3074220700|18.3173555600|722900|13337184.0000|18.3173555600
13400000|18.3173555600|18.3272890500|18.3074220700|18.3173555600|456700|8419072.0000|18.3173555600
13450000|18.3173555600|18.3272890500|18.3074220700|18.3272890500|336600|6208384.0000|18.3272890500
13500000|18.3272890500|18.3272890500|18.2974885800|18.3173555600|506900|9344064.0000|18.3173555600
13550000|18.3173555600|18.3173555600|18.3074220700|18.3074220700|227600|4195296.0000|18.3074220700
14000000|18.3173555600|18.3173555600|18.3074220700|18.3074220700|254400|4689152.0000|18.3074220700
14050000|18.3074220700|18.3173555600|18.2875550900|18.2875550900|601300|11080096.0000|18.2875550900
14100000|18.2974885800|18.2974885800|18.2676881100|18.2676881100|799600|14715776.0000|18.2676881100
14150000|18.2776216000|18.2776216000|18.2378876400|18.2676881100|865500|15910784.0000|18.2676881100
14200000|18.2776216000|18.2875550900|18.2577546200|18.2676881100|299700|5512544.0000|18.2676881100
14250000|18.2676881100|18.2776216000|18.2577546200|18.2676881100|340800|6266880.0000|18.2676881100
14300000|18.2676881100|18.2776216000|18.2478211300|18.2577546200|522400|9604576.0000|18.2577546200
14350000|18.2577546200|18.2676881100|18.2478211300|18.2676881100|357100|6565216.0000|18.2676881100
14400000|18.2676881100|18.2776216000|18.2378876400|18.2378876400|741400|13621824.0000|18.2378876400
14450000|18.2378876400|18.2378876400|18.1782867000|18.1981536800|1872600|34304960.0000|18.1981536800
14500000|18.2080871700|18.2080871700|18.1683532100|18.1981536800|881400|16134944.0000|18.1981536800
14550000|18.1981536800|18.2478211300|18.1981536800|18.2279541500|693800|12728768.0000|18.2279541500
15000000|18.2180206600|18.2478211300|18.2080871700|18.2279541500|750000|13756864.0000|18.2279541500
