093500|7.26|7.3|7.22|7.23|77531.0|56232794.0|7.34
094000|7.23|7.31|7.23|7.28|25003.0|18174384.0|7.23
094500|7.29|7.3|7.25|7.27|23241.0|16892199.0|7.28
095000|7.28|7.36|7.28|7.35|21241.0|15566803.0|7.27
095500|7.35|7.35|7.3|7.3|15087.0|11047162.0|7.35
100000|7.31|7.33|7.3|7.31|9535.0|6972966.0|7.3
100500|7.3|7.32|7.3|7.32|13000.0|9496921.0|7.31
101000|7.32|7.33|7.28|7.31|23441.0|17104653.0|7.32
101500|7.3|7.34|7.29|7.33|12282.0|8986032.0|7.31
102000|7.33|7.34|7.31|7.31|9960.0|7289679.0|7.33
102500|7.32|7.32|7.29|7.3|11556.0|8435764.0|7.31
103000|7.29|7.32|7.29|7.31|9180.0|6705290.0|7.3
103500|7.31|7.31|7.29|7.3|7110.0|5190682.0|7.31
104000|7.3|7.3|7.27|7.29|19249.0|14016624.0|7.3
104500|7.28|7.29|7.26|7.26|11966.0|8702225.0|7.29
105000|7.27|7.27|7.25|7.26|23850.0|17311853.0|7.26
105500|7.27|7.29|7.26|7.28|6556.0|4772433.0|7.26
110000|7.28|7.29|7.27|7.29|4608.0|3354106.0|7.28
110500|7.29|7.31|7.28|7.3|8720.0|6359858.0|7.29
111000|7.29|7.3|7.29|7.29|4683.0|3414732.0|7.3
111500|7.3|7.3|7.29|7.29|3537.0|2579218.0|7.29
112000|7.29|7.3|7.29|7.29|5254.0|3833139.0|7.29
112500|7.3|7.31|7.29|7.3|6192.0|4518581.0|7.29
113000|7.3|7.31|7.29|7.31|7254.0|5295054.0|7.3
130500|7.31|7.32|7.29|7.31|11774.0|8600259.0|7.31
131000|7.31|7.31|7.29|7.3|6622.0|4834362.0|7.31
131500|7.3|7.3|7.28|7.29|7915.0|5768799.0|7.3
132000|7.29|7.3|7.28|7.29|5646.0|4116956.0|7.29
132500|7.29|7.29|7.28|7.28|8113.0|5908984.0|7.29
133000|7.29|7.29|7.28|7.28|4573.0|3330762.0|7.28
133500|7.29|7.29|7.26|7.26|12244.0|8903496.0|7.28
134000|7.27|7.28|7.26|7.27|6415.0|4663151.0|7.26
134500|7.27|7.27|7.26|7.27|6453.0|4689498.0|7.27
135000|7.27|7.28|7.26|7.28|3433.0|2497311.0|7.27
135500|7.28|7.28|7.27|7.27|4414.0|3211332.0|7.28
140000|7.28|7.28|7.26|7.27|8307.0|6039723.0|7.27
140500|7.27|7.29|7.26|7.27|14026.0|10201200.0|7.27
141000|7.27|7.27|7.25|7.25|17538.0|12734897.0|7.27
141500|7.25|7.26|7.24|7.25|23349.0|16919135.0|7.25
142000|7.26|7.26|7.24|7.25|7280.0|5274285.0|7.25
142500|7.24|7.25|7.24|7.25|4211.0|3049649.0|7.25
143000|7.24|7.25|7.24|7.24|6691.0|4847743.0|7.25
143500|7.25|7.25|7.24|7.24|8207.0|5944598.0|7.24
144000|7.24|7.26|7.24|7.26|13634.0|9887119.0|7.24
144500|7.26|7.26|7.25|7.26|10797.0|7830311.0|7.26
145000|7.25|7.27|7.25|7.27|16660.0|12093635.0|7.26
145500|7.27|7.28|7.26|7.27|16600.0|12064598.0|7.27
150000|7.26|7.29|7.26|7.29|13290.0|9677543.0|7.27
