09350000|11.9773829500|12.0594823000|11.9682608000|12.0138715500|2466118|32492215.0000|12.0138715500
09400000|12.0229937000|12.0321158500|11.9956272500|12.0229937000|1110200|14627723.0000|12.0229937000
09450000|12.0138715500|12.0412380000|12.0047494000|12.0229937000|1429400|18844136.0000|12.0229937000
09500000|12.0138715500|12.0412380000|12.0138715500|12.0138715500|1063600|14018260.0000|12.0138715500
09550000|12.0138715500|12.0321158500|11.9956272500|12.0047494000|701200|9231130.0000|12.0047494000
10000000|12.0047494000|12.0321158500|11.9956272500|12.0229937000|1189000|15662969.0000|12.0229937000
10050000|12.0229937000|12.0412380000|12.0229937000|12.0229937000|1035100|13651844.0000|12.0229937000
10100000|12.0321158500|12.0321158500|12.0138715500|12.0321158500|890500|11737840.0000|12.0321158500
10150000|12.0321158500|12.0503601500|12.0138715500|12.0138715500|887861|11717659.0000|12.0138715500
10200000|12.0138715500|12.0321158500|12.0047494000|12.0047494000|400400|5273610.0000|12.0047494000
10250000|12.0047494000|12.0138715500|11.9956272500|11.9956272500|401700|5285063.0000|11.9956272500
10300000|11.9956272500|12.0047494000|11.9865051000|12.0047494000|458000|6023510.0000|12.0047494000
10350000|12.0047494000|12.0047494000|11.9956272500|12.0047494000|471900|6208749.0000|12.0047494000
10400000|12.0047494000|12.0138715500|11.9773829500|11.9865051000|477500|6278416.0000|11.9865051000
10450000|11.9773829500|12.0047494000|11.9773829500|11.9956272500|343400|4514619.0000|11.9956272500
10500000|12.0047494000|12.0047494000|11.9773829500|11.9956272500|477000|6267881.0000|11.9956272500
10550000|11.9865051000|11.9956272500|11.9591386500|11.9591386500|650000|8533021.0000|11.9591386500
11000000|11.9591386500|11.9865051000|11.9591386500|11.9773829500|402400|5280500.0000|11.9773829500
11050000|11.9773829500|11.9865051000|11.9591386500|11.9591386500|725500|9516583.0000|11.9591386500
11100000|11.9591386500|12.0047494000|11.9500165000|12.0047494000|454400|5965641.0000|12.0047494000
11150000|11.9956272500|12.0229937000|11.9773829500|12.0047494000|725300|9538204.0000|12.0047494000
11200000|12.0047494000|12.0047494000|11.9682608000|11.9773829500|384100|5048226.0000|11.9773829500
11250000|11.9773829500|11.9865051000|11.9591386500|11.9773829500|348000|4566322.0000|11.9773829500
11300000|11.9773829500|11.9773829500|11.9591386500|11.9591386500|351500|4609639.0000|11.9591386500
13050000|11.9591386500|11.9682608000|11.9500165000|11.9591386500|490100|6424593.0000|11.9591386500
13100000|11.9591386500|11.9591386500|11.9500165000|11.9500165000|244700|3206511.0000|11.9500165000
13150000|11.9500165000|11.9773829500|11.9500165000|11.9682608000|632100|8291988.0000|11.9682608000
13200000|11.9682608000|11.9865051000|11.9682608000|11.9865051000|346000|4543017.0000|11.9865051000
13250000|11.9865051000|11.9956272500|11.9773829500|11.9773829500|290800|3820748.0000|11.9773829500
13300000|11.9773829500|11.9865051000|11.9591386500|11.9591386500|259600|3406693.0000|11.9591386500
13350000|11.9591386500|11.9682608000|11.9500165000|11.9591386500|492900|6462562.0000|11.9591386500
13400000|11.9591386500|11.9591386500|11.9135279000|11.9226500500|1698400|22221872.0000|11.9226500500
13450000|11.9226500500|11.9317722000|11.9135279000|11.9317722000|840500|10982528.0000|11.9317722000
13500000|11.9317722000|11.9317722000|11.9044057500|11.9226500500|736847|9629216.0000|11.9226500500
13550000|11.9226500500|11.9317722000|11.9044057500|11.9226500500|640100|8362800.0000|11.9226500500
14000000|11.9135279000|11.9226500500|11.9044057500|11.9135279000|841700|10991360.0000|11.9135279000
14050000|11.9135279000|11.9226500500|11.8861614500|11.8952836000|852800|11130464.0000|11.8952836000
14100000|11.8952836000|11.9044057500|11.8679171500|11.8861614500|993600|12945296.0000|11.8861614500
14150000|11.8861614500|11.9135279000|11.8770393000|11.9135279000|848600|11068368.0000|11.9135279000
14200000|11.9135279000|11.9408943500|11.9044057500|11.9317722000|581400|7600928.0000|11.9317722000
14250000|11.9317722000|11.9500165000|11.9226500500|11.9317722000|1211000|15839712.0000|11.9317722000
14300000|11.9317722000|11.9500165000|11.9044057500|11.9500165000|748400|9786032.0000|11.9500165000
14350000|11.9500165000|11.9591386500|11.9135279000|11.9226500500|694500|9089264.0000|11.9226500500
14400000|11.9226500500|11.9317722000|11.9226500500|11.9226500500|410800|5370048.0000|11.9226500500
14450000|11.9226500500|11.9408943500|11.9226500500|11.9317722000|511040|6684496.0000|11.9317722000
14500000|11.9317722000|11.9591386500|11.9317722000|11.9408943500|760600|9963552.0000|11.9408943500
14550000|11.9408943500|11.9591386500|11.9317722000|11.9408943500|971259|12719488.0000|11.9408943500
15000000|11.9408943500|11.9500165000|11.9317722000|11.9317722000|686409|8980096.0000|11.9317722000
