09350000|11.5577640500|11.5668862000|11.5303976000|11.5577640500|2518900|31886129.0000|11.5577640500
09400000|11.5577640500|11.5577640500|11.5212754500|11.5303976000|1556002|19674805.0000|11.5303976000
09450000|11.5303976000|11.5760083500|11.5303976000|11.5577640500|958364|12141711.0000|11.5577640500
09500000|11.5577640500|11.5577640500|11.5303976000|11.5486419000|1176700|14889203.0000|11.5486419000
09550000|11.5395197500|11.5486419000|11.5303976000|11.5395197500|675100|8541298.0000|11.5395197500
10000000|11.5395197500|11.5486419000|11.5303976000|11.5303976000|584000|7386602.0000|11.5303976000
10050000|11.5303976000|11.5486419000|11.5212754500|11.5486419000|845100|10679363.0000|11.5486419000
10100000|11.5395197500|11.5577640500|11.5303976000|11.5486419000|437000|5530688.0000|11.5486419000
10150000|11.5395197500|11.5760083500|11.5395197500|11.5760083500|746400|9464256.0000|11.5760083500
10200000|11.5760083500|11.5760083500|11.5486419000|11.5577640500|843100|10689643.0000|11.5577640500
10250000|11.5486419000|11.5942526500|11.5486419000|11.5760083500|1193100|15127770.0000|11.5760083500
10300000|11.5851305000|11.5942526500|11.5668862000|11.5851305000|410200|5209073.0000|11.5851305000
10350000|11.5851305000|11.5851305000|11.5577640500|11.5668862000|585200|7423033.0000|11.5668862000
10400000|11.5760083500|11.5851305000|11.5668862000|11.5851305000|506300|6421556.0000|11.5851305000
10450000|11.5851305000|11.5942526500|11.5577640500|11.5760083500|326100|4138242.0000|11.5760083500
10500000|11.5760083500|11.5851305000|11.5668862000|11.5851305000|219400|2784404.0000|11.5851305000
10550000|11.5760083500|11.5942526500|11.5760083500|11.5760083500|189300|2403922.0000|11.5760083500
11000000|11.5760083500|11.5851305000|11.5668862000|11.5760083500|247000|3133585.0000|11.5760083500
11050000|11.5668862000|11.5760083500|11.5486419000|11.5486419000|334500|4237810.0000|11.5486419000
11100000|11.5486419000|11.5851305000|11.5486419000|11.5760083500|530900|6733892.0000|11.5760083500
11150000|11.5760083500|11.5851305000|11.5668862000|11.5668862000|152200|1931403.0000|11.5668862000
11200000|11.5760083500|11.5851305000|11.5668862000|11.5668862000|174500|2214419.0000|11.5668862000
11250000|11.5668862000|11.5760083500|11.5486419000|11.5486419000|145400|1842960.0000|11.5486419000
11300000|11.5577640500|11.5668862000|11.5486419000|11.5486419000|173318|2195475.0000|11.5486419000
13050000|11.5486419000|11.5760083500|11.5486419000|11.5760083500|284700|3607511.0000|11.5760083500
13100000|11.5668862000|11.5760083500|11.5577640500|11.5577640500|77900|987499.0000|11.5577640500
13150000|11.5668862000|11.5668862000|11.5486419000|11.5486419000|227000|2874750.0000|11.5486419000
13200000|11.5577640500|11.5577640500|11.5395197500|11.5486419000|191300|2421839.0000|11.5486419000
13250000|11.5486419000|11.5577640500|11.5486419000|11.5486419000|100300|1270109.0000|11.5486419000
13300000|11.5486419000|11.5668862000|11.5486419000|11.5668862000|224300|2841094.0000|11.5668862000
13350000|11.5577640500|11.5668862000|11.5486419000|11.5486419000|171000|2166783.0000|11.5486419000
13400000|11.5486419000|11.5668862000|11.5486419000|11.5486419000|291900|3699088.0000|11.5486419000
13450000|11.5577640500|11.5577640500|11.5486419000|11.5486419000|122300|1548607.0000|11.5486419000
13500000|11.5486419000|11.5577640500|11.5395197500|11.5486419000|319900|4049935.0000|11.5486419000
13550000|11.5577640500|11.5577640500|11.5395197500|11.5395197500|214100|2709768.0000|11.5395197500
14000000|11.5395197500|11.5486419000|11.5303976000|11.5303976000|488077|6172919.0000|11.5303976000
14050000|11.5303976000|11.5395197500|11.5303976000|11.5303976000|169500|2143174.0000|11.5303976000
14100000|11.5395197500|11.5395197500|11.5303976000|11.5395197500|308118|3896233.0000|11.5395197500
14150000|11.5395197500|11.5395197500|11.5303976000|11.5303976000|301000|3806016.0000|11.5303976000
14200000|11.5303976000|11.5395197500|11.5303976000|11.5303976000|276000|3489745.0000|11.5303976000
14250000|11.5395197500|11.5486419000|11.5303976000|11.5395197500|313100|3960300.0000|11.5395197500
14300000|11.5395197500|11.5395197500|11.5303976000|11.5303976000|379210|4795248.0000|11.5303976000
14350000|11.5395197500|11.5760083500|11.5303976000|11.5760083500|1069700|13544977.0000|11.5760083500
14400000|11.5668862000|11.5851305000|11.5668862000|11.5760083500|712000|9036827.0000|11.5760083500
14450000|11.5851305000|11.5851305000|11.5760083500|11.5851305000|400800|5088016.0000|11.5851305000
14500000|11.5760083500|11.5942526500|11.5668862000|11.5942526500|748700|9507488.0000|11.5942526500
14550000|11.5760083500|11.5942526500|11.5668862000|11.5851305000|651123|8268032.0000|11.5851305000
15000000|11.5851305000|11.5942526500|11.5760083500|11.5942526500|544237|6916032.0000|11.5942526500
