09350000|11.6470838000|11.6470838000|11.3988672600|11.4370544200|1311400|15757903.0000|11.4370544200
09400000|11.4561480000|11.5802562700|11.4466012100|11.5707094800|465300|5599601.0000|11.5707094800
09450000|11.5707094800|11.5993498500|11.5420691100|11.5707094800|390100|4726964.0000|11.5707094800
09500000|11.5707094800|11.6757241700|11.5707094800|11.6184434300|454800|5541942.0000|11.6184434300
09550000|11.6184434300|11.6757241700|11.6184434300|11.6566305900|299200|3653290.0000|11.6566305900
10000000|11.6661773800|11.7234581200|11.6661773800|11.7139113300|308200|3776284.0000|11.7139113300
10050000|11.7139113300|11.7425517000|11.6948177500|11.7330049100|417100|5118484.0000|11.7330049100
10100000|11.7330049100|11.7711920700|11.7234581200|11.7425517000|251600|3098260.0000|11.7425517000
10150000|11.7425517000|11.7711920700|11.7330049100|11.7425517000|162900|2004120.0000|11.7425517000
10200000|11.7425517000|11.7711920700|11.7330049100|11.7520984900|165800|2042060.0000|11.7520984900
10250000|11.7520984900|11.7616452800|11.7234581200|11.7520984900|203000|2497408.0000|11.7520984900
10300000|11.7520984900|11.7520984900|11.7139113300|11.7425517000|213300|2622780.0000|11.7425517000
10350000|11.7425517000|11.7711920700|11.7425517000|11.7711920700|163300|2012360.0000|11.7711920700
10400000|11.7616452800|11.7711920700|11.7520984900|11.7711920700|87800|1081244.0000|11.7711920700
10450000|11.7711920700|11.7807388600|11.7520984900|11.7616452800|128600|1585064.0000|11.7616452800
10500000|11.7520984900|11.7616452800|11.7330049100|11.7520984900|73000|898500.0000|11.7520984900
10550000|11.7520984900|11.7711920700|11.7520984900|11.7711920700|128400|1582184.0000|11.7711920700
11000000|11.7711920700|11.7711920700|11.7139113300|11.7425517000|182800|2248732.0000|11.7425517000
11050000|11.7425517000|11.7425517000|11.7043645400|11.7330049100|153300|1883700.0000|11.7330049100
11100000|11.7234581200|11.7330049100|11.6948177500|11.7043645400|196100|2405160.0000|11.7043645400
11150000|11.7043645400|11.7043645400|11.6757241700|11.6948177500|64800|793584.0000|11.6948177500
11200000|11.6948177500|11.7234581200|11.6852709600|11.7234581200|76800|941648.0000|11.7234581200
11250000|11.7234581200|11.7616452800|11.7234581200|11.7616452800|98900|1216464.0000|11.7616452800
11300000|11.7520984900|11.7711920700|11.7425517000|11.7711920700|112500|1386376.0000|11.7711920700
13050000|11.7807388600|11.8189260200|11.7520984900|11.7902856500|282400|3487632.0000|11.7902856500
13100000|11.7902856500|11.7902856500|11.7616452800|11.7807388600|100400|1238976.0000|11.7807388600
13150000|11.7711920700|11.7807388600|11.7616452800|11.7807388600|99100|1222144.0000|11.7807388600
13200000|11.7807388600|11.8093792300|11.7711920700|11.7807388600|135800|1677480.0000|11.7807388600
13250000|11.7807388600|11.7902856500|11.7520984900|11.7711920700|75300|929168.0000|11.7711920700
13300000|11.7616452800|11.7616452800|11.7425517000|11.7425517000|76500|941664.0000|11.7425517000
13350000|11.7425517000|11.8093792300|11.7234581200|11.7807388600|224500|2767736.0000|11.7807388600
13400000|11.7807388600|11.7902856500|11.7711920700|11.7807388600|65200|804560.0000|11.7807388600
13450000|11.7807388600|11.7902856500|11.7807388600|11.7807388600|80400|992480.0000|11.7807388600
13500000|11.7807388600|11.8093792300|11.7711920700|11.8093792300|239400|2957888.0000|11.8093792300
13550000|11.7998324400|11.8189260200|11.7902856500|11.7998324400|160600|1985592.0000|11.7998324400
14000000|11.7998324400|11.8093792300|11.7902856500|11.7902856500|111200|1374528.0000|11.7902856500
14050000|11.7998324400|11.8666599700|11.7902856500|11.8475663900|423300|5247736.0000|11.8475663900
14100000|11.8475663900|11.8571131800|11.8380196000|11.8380196000|114800|1424816.0000|11.8380196000
14150000|11.8380196000|11.8475663900|11.7807388600|11.7998324400|190100|2352848.0000|11.7998324400
14200000|11.7998324400|11.8189260200|11.7998324400|11.7998324400|103900|1284528.0000|11.7998324400
14250000|11.7998324400|11.8093792300|11.7807388600|11.7902856500|151400|1871000.0000|11.7902856500
14300000|11.7998324400|11.8093792300|11.7902856500|11.7998324400|157200|1942904.0000|11.7998324400
14350000|11.7998324400|11.8093792300|11.7807388600|11.7902856500|201900|2493848.0000|11.7902856500
14400000|11.7902856500|11.7902856500|11.7616452800|11.7711920700|72700|896704.0000|11.7711920700
14450000|11.7711920700|11.7902856500|11.7520984900|11.7807388600|201000|2477392.0000|11.7807388600
14500000|11.7807388600|11.8189260200|11.7807388600|11.7902856500|204100|2522400.0000|11.7902856500
14550000|11.7902856500|11.7998324400|11.7711920700|11.7711920700|242500|2993608.0000|11.7711920700
15000000|11.7711920700|11.7807388600|11.7616452800|11.7807388600|247800|3056184.0000|11.7807388600
