09350000|16.1684201700|16.2249813600|16.1441796600|16.1765003400|92100|1843736.0000|16.1765003400
09400000|16.1765003400|16.2007408500|16.0795383000|16.1199391500|62400|1247271.0000|16.1199391500
09450000|16.1199391500|16.1280193200|16.0876184700|16.1118589800|26300|524363.0000|16.1118589800
09500000|16.1118589800|16.1603400000|16.1037788100|16.1360994900|43200|862927.0000|16.1360994900
09550000|16.1441796600|16.1926606800|16.1199391500|16.1522598300|77300|1545930.0000|16.1522598300
10000000|16.1522598300|16.1765003400|16.1441796600|16.1522598300|28500|569992.0000|16.1522598300
10050000|16.1522598300|16.1684201700|16.1037788100|16.1037788100|38900|776665.0000|16.1037788100
10100000|16.1037788100|16.1522598300|16.0956986400|16.1441796600|16700|333251.0000|16.1441796600
10150000|16.1441796600|16.1603400000|16.1280193200|16.1441796600|17800|355623.0000|16.1441796600
10200000|16.1441796600|16.1765003400|16.1360994900|16.1522598300|33500|669755.0000|16.1522598300
10250000|16.1522598300|16.1765003400|16.1522598300|16.1603400000|25300|505940.0000|16.1603400000
10300000|16.1522598300|16.1684201700|16.1441796600|16.1522598300|15200|303948.0000|16.1522598300
10350000|16.1522598300|16.1603400000|16.1441796600|16.1522598300|7700|153943.0000|16.1522598300
10400000|16.1522598300|16.1603400000|16.1441796600|16.1522598300|14500|289840.0000|16.1522598300
10450000|16.1441796600|16.1522598300|16.1280193200|16.1360994900|14300|285668.0000|16.1360994900
10500000|16.1280193200|16.1360994900|16.1037788100|16.1037788100|10500|209490.0000|16.1037788100
10550000|16.1037788100|16.1360994900|16.1037788100|16.1037788100|16200|323183.0000|16.1037788100
11000000|16.1037788100|16.1118589800|16.0956986400|16.1118589800|14400|286965.0000|16.1118589800
11050000|16.1118589800|16.1280193200|16.0956986400|16.1280193200|9100|181455.0000|16.1280193200
11100000|16.1037788100|16.1441796600|16.0876184700|16.1118589800|67600|1347395.0000|16.1118589800
11150000|16.1118589800|16.1441796600|16.0956986400|16.1441796600|18400|367305.0000|16.1441796600
11200000|16.1441796600|16.1522598300|16.1118589800|16.1118589800|20900|417488.0000|16.1118589800
11250000|16.1118589800|16.1603400000|16.1037788100|16.1360994900|31100|621507.0000|16.1360994900
11300000|16.1360994900|16.1360994900|16.1037788100|16.1037788100|6300|125693.0000|16.1037788100
13050000|16.1037788100|16.1522598300|16.1037788100|16.1118589800|45700|911655.0000|16.1118589800
13100000|16.1118589800|16.1280193200|16.0956986400|16.0956986400|9700|193333.0000|16.0956986400
13150000|16.0956986400|16.1603400000|16.0956986400|16.1603400000|19800|395489.0000|16.1603400000
13200000|16.1603400000|16.1926606800|16.1280193200|16.1845805100|63500|1270788.0000|16.1845805100
13250000|16.1765003400|16.1765003400|16.1280193200|16.1280193200|8500|169952.0000|16.1280193200
13300000|16.1280193200|16.1441796600|16.1280193200|16.1280193200|7000|139762.0000|16.1280193200
13350000|16.1280193200|16.1360994900|16.1118589800|16.1280193200|10800|215491.0000|16.1280193200
13400000|16.1280193200|16.1603400000|16.1199391500|16.1360994900|12500|249676.0000|16.1360994900
13450000|16.1360994900|16.1360994900|16.1199391500|16.1360994900|10500|209599.0000|16.1360994900
13500000|16.1360994900|16.1603400000|16.1280193200|16.1603400000|16800|335609.0000|16.1603400000
13550000|16.1603400000|16.1845805100|16.1441796600|16.1845805100|41197|824422.0000|16.1845805100
14000000|16.1845805100|16.1845805100|16.1360994900|16.1765003400|24900|498226.0000|16.1765003400
14050000|16.1765003400|16.1845805100|16.1522598300|16.1765003400|23500|470398.0000|16.1765003400
14100000|16.1765003400|16.1845805100|16.1360994900|16.1603400000|52500|1050291.0000|16.1603400000
14150000|16.1522598300|16.1603400000|16.1441796600|16.1603400000|18100|361878.0000|16.1603400000
14200000|16.1603400000|16.1684201700|16.1441796600|16.1522598300|21200|423873.0000|16.1522598300
14250000|16.1522598300|16.1845805100|16.1441796600|16.1845805100|41800|836562.0000|16.1845805100
14300000|16.1765003400|16.1845805100|16.1603400000|16.1603400000|32800|656748.0000|16.1603400000
14350000|16.1765003400|16.1845805100|16.1441796600|16.1603400000|72600|1452341.0000|16.1603400000
14400000|16.1603400000|16.1603400000|16.1441796600|16.1603400000|55700|1113827.0000|16.1603400000
14450000|16.1603400000|16.1926606800|16.1360994900|16.1684201700|64700|1294104.0000|16.1684201700
14500000|16.1684201700|16.1926606800|16.1522598300|16.1765003400|71300|1426975.0000|16.1765003400
14550000|16.1765003400|16.1765003400|16.1441796600|16.1765003400|83000|1660834.0000|16.1765003400
15000000|16.1765003400|16.2007408500|16.1603400000|16.1926606800|89400|1791239.0000|16.1926606800
