093500|4.0600|4.0700|4.0300|4.0400|6779525|27478606.0000|4.0400
094000|4.0500|4.0500|4.0300|4.0300|2168400|8762434.0000|4.0300
094500|4.0400|4.0400|4.0100|4.0200|3334793|13425058.0000|4.0200
095000|4.0200|4.0300|4.0100|4.0100|4031100|16195049.0000|4.0100
095500|4.0100|4.0400|4.0100|4.0300|2590300|10430237.0000|4.0300
100000|4.0400|4.0500|4.0300|4.0500|1692300|6831896.0000|4.0500
100500|4.0400|4.0500|4.0300|4.0400|1316600|5316690.0000|4.0400
101000|4.0400|4.0400|4.0300|4.0400|1261968|5090729.0000|4.0400
101500|4.0400|4.0400|4.0300|4.0400|1304300|5266214.0000|4.0400
102000|4.0400|4.0400|4.0200|4.0300|1665332|6710343.0000|4.0300
102500|4.0200|4.0300|4.0200|4.0200|667734|2684968.0000|4.0200
103000|4.0200|4.0300|4.0100|4.0100|2490800|10008745.0000|4.0100
103500|4.0100|4.0200|4.0100|4.0200|1052355|4225209.0000|4.0200
104000|4.0200|4.0200|4.0000|4.0100|2036051|8161688.0000|4.0100
104500|4.0100|4.0200|4.0000|4.0100|1619685|6493759.0000|4.0100
105000|4.0200|4.0200|4.0100|4.0200|916380|3678590.0000|4.0200
105500|4.0200|4.0300|4.0200|4.0200|803800|3233134.0000|4.0200
110000|4.0200|4.0300|4.0100|4.0200|888700|3571221.0000|4.0200
110500|4.0200|4.0300|4.0100|4.0200|1051500|4226452.0000|4.0200
111000|4.0200|4.0300|4.0100|4.0200|875700|3521017.0000|4.0200
111500|4.0300|4.0300|4.0200|4.0200|425175|1710425.0000|4.0200
112000|4.0200|4.0300|4.0200|4.0300|402900|1620401.0000|4.0300
112500|4.0200|4.0300|4.0100|4.0200|1327700|5336873.0000|4.0200
113000|4.0200|4.0400|4.0200|4.0300|1088800|4384455.0000|4.0300
130500|4.0300|4.0400|4.0200|4.0300|1806868|7272731.0000|4.0300
131000|4.0200|4.0300|4.0100|4.0100|1656197|6666627.0000|4.0100
131500|4.0100|4.0300|4.0100|4.0300|878700|3530928.0000|4.0300
132000|4.0200|4.0300|4.0100|4.0200|726000|2917813.0000|4.0200
132500|4.0100|4.0200|4.0100|4.0200|440800|1769965.0000|4.0200
133000|4.0100|4.0300|4.0100|4.0200|812100|3263621.0000|4.0200
133500|4.0300|4.0300|4.0200|4.0300|585200|2354332.0000|4.0300
134000|4.0300|4.0300|4.0200|4.0200|1205735|4848514.0000|4.0200
134500|4.0200|4.0300|4.0100|4.0300|1025615|4123444.0000|4.0300
135000|4.0300|4.0300|4.0100|4.0100|906150|3641590.0000|4.0100
135500|4.0200|4.0200|4.0100|4.0200|639525|2568247.0000|4.0200
140000|4.0200|4.0200|4.0100|4.0100|1469805|5905478.0000|4.0100
140500|4.0200|4.0200|4.0100|4.0200|1322800|5313207.0000|4.0200
141000|4.0200|4.0200|4.0100|4.0200|394500|1583113.0000|4.0200
141500|4.0200|4.0200|4.0100|4.0100|441800|1774660.0000|4.0100
142000|4.0100|4.0200|4.0100|4.0200|794200|3187863.0000|4.0200
142500|4.0100|4.0200|4.0100|4.0200|594300|2387150.0000|4.0200
143000|4.0200|4.0200|4.0100|4.0200|493290|1980462.0000|4.0200
143500|4.0100|4.0200|4.0100|4.0100|1812485|7270891.0000|4.0100
144000|4.0100|4.0100|4.0000|4.0000|2592120|10387946.0000|4.0000
144500|4.0100|4.0100|4.0000|4.0100|2388600|9575144.0000|4.0100
145000|4.0100|4.0200|4.0100|4.0100|1069290|4292800.0000|4.0100
145500|4.0200|4.0300|4.0100|4.0200|1622466|6521505.0000|4.0200
150000|4.0200|4.0300|4.0200|4.0300|1673707|6738000.0000|4.0300
