093500|3.9400|3.9500|3.9400|3.9500|882295|3479532.0000|3.9500
094000|3.9400|3.9600|3.9400|3.9600|531100|2099519.0000|3.9600
094500|3.9600|3.9600|3.9400|3.9500|1162400|4592096.0000|3.9500
095000|3.9400|3.9500|3.9400|3.9500|625870|2466564.0000|3.9500
095500|3.9400|3.9500|3.9300|3.9300|1100235|4334537.0000|3.9300
100000|3.9300|3.9400|3.9300|3.9300|230535|906477.0000|3.9300
100500|3.9300|3.9400|3.9300|3.9300|283200|1114022.0000|3.9300
101000|3.9300|3.9400|3.9300|3.9300|268500|1056468.0000|3.9300
101500|3.9300|3.9400|3.9300|3.9400|804600|3162405.0000|3.9400
102000|3.9400|3.9400|3.9200|3.9400|702500|2761101.0000|3.9400
102500|3.9400|3.9400|3.9300|3.9400|219300|862410.0000|3.9400
103000|3.9400|3.9400|3.9300|3.9400|211290|831554.0000|3.9400
103500|3.9400|3.9400|3.9300|3.9300|496000|1954025.0000|3.9300
104000|3.9400|3.9400|3.9300|3.9300|70800|278602.0000|3.9300
104500|3.9300|3.9400|3.9300|3.9300|174853|687932.0000|3.9300
105000|3.9300|3.9500|3.9300|3.9400|538180|2120623.0000|3.9400
105500|3.9400|3.9500|3.9400|3.9500|95100|375229.0000|3.9500
110000|3.9400|3.9500|3.9400|3.9500|74700|294541.0000|3.9500
110500|3.9500|3.9500|3.9400|3.9400|253540|999160.0000|3.9400
111000|3.9400|3.9500|3.9300|3.9300|411380|1620884.0000|3.9300
111500|3.9300|3.9400|3.9300|3.9400|99000|389624.0000|3.9400
112000|3.9300|3.9400|3.9300|3.9300|79200|311555.0000|3.9300
112500|3.9300|3.9400|3.9300|3.9400|175900|692277.0000|3.9400
113000|3.9400|3.9400|3.9300|3.9300|156398|615215.0000|3.9300
130500|3.9400|3.9500|3.9300|3.9400|946361|3728301.0000|3.9400
131000|3.9400|3.9500|3.9400|3.9400|248600|979855.0000|3.9400
131500|3.9400|3.9500|3.9300|3.9300|268100|1056013.0000|3.9300
132000|3.9300|3.9400|3.9300|3.9300|187400|736881.0000|3.9300
132500|3.9300|3.9400|3.9300|3.9300|110729|435527.0000|3.9300
133000|3.9300|3.9400|3.9300|3.9400|377800|1485123.0000|3.9400
133500|3.9400|3.9400|3.9300|3.9300|1145230|4500921.0000|3.9300
134000|3.9200|3.9300|3.9200|3.9300|471035|1848266.0000|3.9300
134500|3.9300|3.9400|3.9200|3.9400|858400|3371128.0000|3.9400
135000|3.9400|3.9400|3.9200|3.9300|891500|3503820.0000|3.9300
135500|3.9300|3.9400|3.9200|3.9300|374700|1472022.0000|3.9300
140000|3.9400|3.9400|3.9200|3.9300|442800|1740414.0000|3.9300
140500|3.9300|3.9300|3.9200|3.9300|324100|1270982.0000|3.9300
141000|3.9200|3.9300|3.9200|3.9200|229600|901213.0000|3.9200
141500|3.9300|3.9300|3.9200|3.9300|285900|1122105.0000|3.9300
142000|3.9300|3.9300|3.9200|3.9200|308400|1210075.0000|3.9200
142500|3.9200|3.9300|3.9200|3.9200|472800|1853742.0000|3.9200
143000|3.9300|3.9300|3.9200|3.9200|1271900|4986029.0000|3.9200
143500|3.9200|3.9200|3.9100|3.9200|613400|2403272.0000|3.9200
144000|3.9200|3.9200|3.9100|3.9200|267100|1044938.0000|3.9200
144500|3.9100|3.9200|3.9100|3.9200|393400|1540206.0000|3.9200
145000|3.9100|3.9200|3.9100|3.9100|575687|2254921.0000|3.9100
145500|3.9100|3.9200|3.9100|3.9200|866398|3392982.0000|3.9200
150000|3.9100|3.9200|3.9100|3.9200|697100|2730862.0000|3.9200
