09350000|26.3652661700|26.3652661700|26.0230751500|26.0341135700|176400|8340560.0000|26.0341135700
09400000|26.0341135700|26.0948248800|25.9899598900|26.0175559400|148500|7003902.0000|26.0175559400
09450000|26.0175559400|26.0506712000|25.9347677900|25.9568446300|140200|6601292.0000|25.9568446300
09500000|25.9568446300|26.1334593500|25.9182101600|26.1169017200|119700|5637330.0000|26.1169017200
09550000|26.1169017200|26.1996898700|26.0065175200|26.0672288300|108000|5110006.0000|26.0672288300
10000000|26.0672288300|26.1555361900|26.0617096200|26.0948248800|186100|8805008.0000|26.0948248800
10050000|26.0948248800|26.1776130300|26.0285943600|26.1555361900|120800|5719024.0000|26.1555361900
10100000|26.1555361900|26.1610554000|26.0175559400|26.0175559400|82000|3877232.0000|26.0175559400
10150000|26.0175559400|26.0782672500|26.0120367300|26.0506712000|64800|3057000.0000|26.0506712000
10200000|26.0451519900|26.1058633000|26.0065175200|26.0672288300|36900|1741392.0000|26.0672288300
10250000|26.0672288300|26.1610554000|26.0672288300|26.1113825100|52000|2462276.0000|26.1113825100
10300000|26.1113825100|26.1389785600|26.0617096200|26.0617096200|31800|1504276.0000|26.0617096200
10350000|26.0837864600|26.1169017200|25.9954791000|25.9954791000|45100|2128760.0000|25.9954791000
10400000|25.9954791000|26.0120367300|25.9402870000|25.9458062100|68400|3217888.0000|25.9458062100
10450000|25.9458062100|25.9899598900|25.8906141100|25.9126909500|103800|4878696.0000|25.9126909500
10500000|25.9126909500|25.9237293700|25.8795756900|25.8795756900|71800|3369640.0000|25.8795756900
10550000|25.8795756900|25.9182101600|25.8685372700|25.8795756900|97400|4565360.0000|25.8795756900
11000000|25.8795756900|25.9016525300|25.8740564800|25.8961333200|43900|2062056.0000|25.8961333200
11050000|25.8961333200|25.9016525300|25.8574988500|25.8574988500|49700|2332016.0000|25.8574988500
11100000|25.8574988500|25.8850949000|25.8574988500|25.8795756900|106100|4972136.0000|25.8795756900
11150000|25.8795756900|25.8850949000|25.8243835900|25.8243835900|101500|4752760.0000|25.8243835900
11200000|25.8243835900|25.9071717400|25.8243835900|25.8961333200|102000|4779888.0000|25.8961333200
11250000|25.8961333200|25.9402870000|25.8685372700|25.9126909500|38400|1804584.0000|25.9126909500
11300000|25.9126909500|25.9292485800|25.8630180600|25.8685372700|40800|1912096.0000|25.8685372700
13050000|25.8685372700|25.8795756900|25.8133451700|25.8354220100|118700|5560008.0000|25.8354220100
13100000|25.8464604300|25.8795756900|25.8133451700|25.8299028000|53100|2486656.0000|25.8299028000
13150000|25.8299028000|25.8630180600|25.8078259600|25.8574988500|59200|2770408.0000|25.8574988500
13200000|25.8630180600|25.8795756900|25.8409412200|25.8740564800|47900|2243584.0000|25.8740564800
13250000|25.8630180600|25.8630180600|25.7747107000|25.7747107000|85100|3981304.0000|25.7747107000
13300000|25.7747107000|25.8299028000|25.7747107000|25.8133451700|41800|1953392.0000|25.8133451700
13350000|25.8133451700|25.8354220100|25.7802299100|25.8023067500|35300|1650440.0000|25.8023067500
13400000|25.8023067500|25.8243835900|25.8023067500|25.8188643800|44300|2071744.0000|25.8188643800
13450000|25.8188643800|25.8464604300|25.8078259600|25.8133451700|48400|2264328.0000|25.8133451700
13500000|25.8133451700|25.8740564800|25.8023067500|25.8740564800|52000|2435024.0000|25.8740564800
13550000|25.8740564800|25.9182101600|25.8464604300|25.9182101600|40500|1898656.0000|25.9182101600
14000000|25.9182101600|25.9402870000|25.9016525300|25.9347677900|54700|2568824.0000|25.9347677900
14050000|25.9402870000|25.9402870000|25.8188643800|25.8409412200|36500|1711424.0000|25.8409412200
14100000|25.8409412200|25.8409412200|25.8133451700|25.8243835900|32200|1506704.0000|25.8243835900
14150000|25.8243835900|25.8409412200|25.7857491200|25.8299028000|60000|2805872.0000|25.8299028000
14200000|25.8243835900|25.8243835900|25.7636722800|25.7747107000|69700|3259040.0000|25.7747107000
14250000|25.7747107000|25.8133451700|25.7581530700|25.7691914900|95700|4468656.0000|25.7691914900
14300000|25.7691914900|25.7691914900|25.6698457100|25.6974417600|144500|6730672.0000|25.6974417600
14350000|25.6974417600|25.7305570200|25.6256920300|25.6367304500|173100|8047808.0000|25.6367304500
14400000|25.6367304500|25.6643265000|25.5539423000|25.6256920300|251800|11688240.0000|25.6256920300
14450000|25.6256920300|25.7360762300|25.5980959800|25.7360762300|163900|7614960.0000|25.7360762300
14500000|25.7360762300|25.7691914900|25.6919225500|25.7636722800|218200|10173024.0000|25.7636722800
14550000|25.7636722800|25.7636722800|25.6422496600|25.6477688700|186800|8699712.0000|25.6477688700
15000000|25.6477688700|25.6643265000|25.5980959800|25.5980959800|127900|5936272.0000|25.5980959800
