093500|6.41|6.41|6.38|6.39|42286.0|27165654.0|6.41
094000|6.39|6.39|6.38|6.38|26258.0|16846125.0|6.39
094500|6.38|6.39|6.38|6.38|24680.0|15822758.0|6.38
095000|6.38|6.39|6.38|6.39|17681.0|11336370.0|6.38
095500|6.38|6.39|6.37|6.37|34108.0|21858755.0|6.39
100000|6.37|6.38|6.37|6.37|28909.0|18505550.0|6.37
100500|6.37|6.38|6.37|6.38|20975.0|13425942.0|6.37
101000|6.37|6.38|6.37|6.37|8579.0|5492518.0|6.38
101500|6.37|6.38|6.37|6.37|13993.0|8956774.0|6.37
102000|6.37|6.38|6.37|6.38|7914.0|5066053.0|6.37
102500|6.37|6.38|6.37|6.37|7234.0|4633066.0|6.38
103000|6.37|6.38|6.37|6.37|8727.0|5588698.0|6.37
103500|6.38|6.39|6.37|6.38|30127.0|19314270.0|6.37
104000|6.39|6.39|6.37|6.38|13861.0|8884659.0|6.38
104500|6.38|6.39|6.37|6.38|9630.0|6173424.0|6.38
105000|6.38|6.39|6.38|6.39|4203.0|2694850.0|6.38
105500|6.39|6.39|6.38|6.38|8548.0|5481721.0|6.39
110000|6.39|6.39|6.38|6.38|5243.0|3362283.0|6.38
110500|6.38|6.39|6.38|6.38|10823.0|6942423.0|6.38
111000|6.38|6.39|6.38|6.38|4879.0|3129560.0|6.38
111500|6.39|6.39|6.38|6.38|3680.0|2360443.0|6.38
112000|6.39|6.39|6.38|6.38|8669.0|5558720.0|6.38
112500|6.39|6.4|6.38|6.39|30489.0|19578864.0|6.38
113000|6.4|6.4|6.39|6.4|3661.0|2352274.0|6.39
130500|6.4|6.4|6.39|6.4|7182.0|4614824.0|6.4
131000|6.4|6.4|6.39|6.39|3619.0|2324921.0|6.4
131500|6.4|6.4|6.39|6.4|13346.0|8570011.0|6.39
132000|6.39|6.4|6.39|6.39|5412.0|3475684.0|6.4
132500|6.4|6.4|6.39|6.39|9163.0|5885397.0|6.39
133000|6.39|6.4|6.39|6.4|6553.0|4208307.0|6.39
133500|6.39|6.4|6.39|6.39|5071.0|3257625.0|6.4
134000|6.39|6.4|6.39|6.39|7032.0|4515891.0|6.39
134500|6.39|6.4|6.39|6.4|6777.0|4352320.0|6.39
135000|6.39|6.4|6.39|6.39|4548.0|2921063.0|6.4
135500|6.4|6.4|6.39|6.39|4340.0|2787982.0|6.39
140000|6.39|6.4|6.38|6.39|54542.0|34995873.0|6.39
140500|6.38|6.4|6.38|6.4|11990.0|7697022.0|6.39
141000|6.39|6.4|6.39|6.39|15448.0|9919806.0|6.4
141500|6.4|6.4|6.39|6.39|7766.0|4988433.0|6.39
142000|6.4|6.4|6.39|6.4|3356.0|2156122.0|6.39
142500|6.39|6.4|6.39|6.4|4959.0|3184945.0|6.4
143000|6.4|6.4|6.39|6.39|6856.0|4405464.0|6.4
143500|6.39|6.4|6.39|6.4|20686.0|13296097.0|6.39
144000|6.39|6.4|6.39|6.4|14826.0|9528079.0|6.4
144500|6.4|6.41|6.39|6.4|39003.0|25076803.0|6.4
145000|6.41|6.41|6.4|6.4|9507.0|6119496.0|6.4
145500|6.4|6.41|6.4|6.4|18976.0|12214505.0|6.4
150000|6.41|6.41|6.4|6.41|42814.0|27569049.0|6.4
