09350000|12.2372850600|12.3513856200|12.1897431600|12.2182683000|467400|6034977.0000|12.2182683000
09400000|12.1992515400|12.2277766800|12.1517096400|12.1517096400|306200|3925215.0000|12.1517096400
09450000|12.1612180200|12.2467934400|12.1612180200|12.2087599200|191100|2451166.0000|12.2087599200
09500000|12.2087599200|12.2277766800|12.1897431600|12.2087599200|155000|1991032.0000|12.2087599200
09550000|12.2087599200|12.2087599200|12.1802347800|12.1897431600|146500|1878912.0000|12.1897431600
10000000|12.1802347800|12.2087599200|12.1707264000|12.1897431600|180117|2308773.0000|12.1897431600
10050000|12.1897431600|12.1897431600|12.1612180200|12.1802347800|194400|2488598.0000|12.1802347800
10100000|12.1897431600|12.2182683000|12.1897431600|12.1992515400|105900|1359236.0000|12.1992515400
10150000|12.1897431600|12.2087599200|12.1707264000|12.2087599200|149900|1921088.0000|12.2087599200
10200000|12.2087599200|12.2087599200|12.1231845000|12.1992515400|821863|10507582.0000|12.1992515400
10250000|12.1897431600|12.1897431600|12.1041677400|12.1231845000|585378|7465820.0000|12.1231845000
10300000|12.1422012600|12.1612180200|12.0756426000|12.1231845000|351501|4478025.0000|12.1231845000
10350000|12.1326928800|12.1422012600|12.0851509800|12.1041677400|374200|4765060.0000|12.1041677400
10400000|12.1041677400|12.1136761200|12.0661342200|12.0756426000|316981|4028415.0000|12.0756426000
10450000|12.0756426000|12.1041677400|12.0756426000|12.0946593600|297483|3779351.0000|12.0946593600
10500000|12.0946593600|12.1041677400|12.0661342200|12.0851509800|360889|4585458.0000|12.0851509800
10550000|12.0756426000|12.0851509800|12.0566258400|12.0756426000|234357|2975007.0000|12.0756426000
11000000|12.0756426000|12.0756426000|12.0566258400|12.0756426000|223543|2836892.0000|12.0756426000
11050000|12.0851509800|12.0851509800|12.0090839400|12.0376090800|455200|5766943.0000|12.0376090800
11100000|12.0376090800|12.0376090800|11.9995755600|12.0090839400|357220|4512310.0000|12.0090839400
11150000|11.9995755600|12.0471174600|11.9995755600|12.0281007000|248000|3132134.0000|12.0281007000
11200000|12.0281007000|12.0471174600|11.9900671800|12.0185923200|220200|2785031.0000|12.0185923200
11250000|12.0185923200|12.0566258400|12.0185923200|12.0185923200|260636|3298867.0000|12.0185923200
11300000|12.0281007000|12.0566258400|11.9900671800|12.0566258400|245000|3097306.0000|12.0566258400
13050000|12.0376090800|12.1231845000|12.0376090800|12.0851509800|501269|6372520.0000|12.0851509800
13100000|12.0851509800|12.1326928800|12.0756426000|12.1041677400|313940|3996018.0000|12.1041677400
13150000|12.1136761200|12.1136761200|12.0756426000|12.0851509800|386100|4910209.0000|12.0851509800
13200000|12.0851509800|12.0851509800|12.0376090800|12.0376090800|188100|2386896.0000|12.0376090800
13250000|12.0471174600|12.0946593600|12.0376090800|12.0946593600|221901|2815355.0000|12.0946593600
13300000|12.0946593600|12.1041677400|12.0756426000|12.1041677400|169299|2151957.0000|12.1041677400
13350000|12.1041677400|12.1231845000|12.0946593600|12.1041677400|167300|2129970.0000|12.1041677400
13400000|12.1041677400|12.1231845000|12.0851509800|12.0851509800|190179|2421664.0000|12.0851509800
13450000|12.0946593600|12.0946593600|12.0566258400|12.0756426000|167300|2124445.0000|12.0756426000
13500000|12.0851509800|12.0946593600|12.0756426000|12.0946593600|56900|723213.0000|12.0946593600
13550000|12.0946593600|12.1136761200|12.0661342200|12.0756426000|323200|4109985.0000|12.0756426000
14000000|12.0756426000|12.0851509800|12.0661342200|12.0661342200|185300|2354442.0000|12.0661342200
14050000|12.0756426000|12.0756426000|12.0566258400|12.0661342200|263200|3339404.0000|12.0661342200
14100000|12.0661342200|12.0756426000|12.0566258400|12.0756426000|105560|1339905.0000|12.0756426000
14150000|12.0661342200|12.0756426000|12.0566258400|12.0566258400|81940|1039838.0000|12.0566258400
14200000|12.0566258400|12.0661342200|12.0471174600|12.0471174600|153540|1946107.0000|12.0471174600
14250000|12.0471174600|12.0661342200|12.0090839400|12.0185923200|1341567|16975105.0000|12.0185923200
14300000|12.0185923200|12.0376090800|12.0090839400|12.0185923200|338196|4274663.0000|12.0185923200
14350000|12.0281007000|12.0471174600|12.0090839400|12.0376090800|405862|5135838.0000|12.0376090800
14400000|12.0376090800|12.0471174600|11.9995755600|12.0281007000|379958|4802898.0000|12.0281007000
14450000|12.0185923200|12.0566258400|12.0090839400|12.0376090800|577634|7304731.0000|12.0376090800
14500000|12.0376090800|12.0661342200|12.0376090800|12.0566258400|174980|2217534.0000|12.0566258400
14550000|12.0566258400|12.0566258400|12.0090839400|12.0281007000|470609|5950610.0000|12.0281007000
15000000|12.0185923200|12.0376090800|11.9995755600|12.0376090800|268300|3392622.0000|12.0376090800
