093500|22.4800|22.5000|22.3000|22.3400|191100|4283590.0000|22.3400
094000|22.3300|22.4800|22.3200|22.4000|152400|3410112.0000|22.4000
094500|22.4000|22.4300|22.3200|22.4200|96600|2161493.0000|22.4200
095000|22.4000|22.4300|22.3500|22.3800|59900|1340881.0000|22.3800
095500|22.3800|22.4200|22.3100|22.3400|146200|3266706.0000|22.3400
100000|22.3400|22.3600|22.2500|22.2900|65000|1449969.0000|22.2900
100500|22.2900|22.4700|22.2900|22.4300|118400|2648371.0000|22.4300
101000|22.4300|22.6300|22.3400|22.5500|223000|5008159.0000|22.5500
101500|22.5500|22.5900|22.4300|22.5000|105200|2370506.0000|22.5000
102000|22.5000|22.5000|22.4300|22.4700|87300|1962061.0000|22.4700
102500|22.4300|22.4800|22.3800|22.4800|65000|1456495.0000|22.4800
103000|22.4800|22.5000|22.4200|22.4300|48200|1081405.0000|22.4300
103500|22.4200|22.4600|22.4000|22.4100|25700|576333.0000|22.4100
104000|22.4100|22.4300|22.3400|22.3400|54100|1210499.0000|22.3400
104500|22.3400|22.3400|22.2300|22.2900|71500|1593601.0000|22.2900
105000|22.2900|22.3400|22.2700|22.3300|42100|939104.0000|22.3300
105500|22.3200|22.4100|22.3100|22.3900|37816|844991.0000|22.3900
110000|22.3900|22.3900|22.3000|22.3100|41600|929015.0000|22.3100
110500|22.3100|22.3500|22.3000|22.3000|48800|1088585.0000|22.3000
111000|22.3000|22.3200|22.2700|22.2700|43500|969500.0000|22.2700
111500|22.2700|22.3400|22.2700|22.3400|19600|437025.0000|22.3400
112000|22.3500|22.4900|22.3500|22.3800|77800|1743200.0000|22.3800
112500|22.3800|22.4000|22.3500|22.4000|22675|507338.0000|22.4000
113000|22.4000|22.4900|22.3800|22.4600|36500|819296.0000|22.4600
130500|22.5000|22.9500|22.5000|22.8800|510475|11602179.0000|22.8800
131000|22.8900|23.0200|22.8100|23.0000|258600|5926116.0000|23.0000
131500|23.0000|23.1000|22.8300|22.9400|294600|6763753.0000|22.9400
132000|22.9400|22.9900|22.7400|22.8000|175800|4009482.0000|22.8000
132500|22.8300|22.8600|22.7600|22.7800|103200|2351836.0000|22.7800
133000|22.7800|22.8200|22.7700|22.7800|87700|1999024.0000|22.7800
133500|22.7800|22.8200|22.7000|22.7700|243865|5552125.0000|22.7700
134000|22.7900|22.9700|22.7500|22.9500|165400|3776160.0000|22.9500
134500|22.9400|22.9800|22.9200|22.9800|181500|4164568.0000|22.9800
135000|22.9800|22.9900|22.9600|22.9700|104100|2391385.0000|22.9700
135500|22.9700|22.9900|22.9600|22.9700|152100|3494699.0000|22.9700
140000|22.9700|23.0000|22.9100|22.9300|334400|7673315.0000|22.9300
140500|22.9200|22.9300|22.9000|22.9100|103200|2364609.0000|22.9100
141000|22.9100|22.9500|22.8900|22.9400|43900|1006337.0000|22.9400
141500|22.9400|22.9500|22.8400|22.8900|102200|2338217.0000|22.8900
142000|22.8500|22.9400|22.8500|22.9300|58300|1335664.0000|22.9300
142500|22.9400|22.9400|22.8900|22.9100|75200|1722822.0000|22.9100
143000|22.9100|22.9100|22.8300|22.8800|66196|1514050.0000|22.8800
143500|22.8700|22.8800|22.8100|22.8700|98769|2254901.0000|22.8700
144000|22.8700|22.9500|22.8400|22.8900|62200|1423878.0000|22.8900
144500|22.8900|22.9100|22.8300|22.8600|127504|2915491.0000|22.8600
145000|22.8600|22.8800|22.8400|22.8500|85700|1959045.0000|22.8500
145500|22.8400|22.9500|22.8200|22.9500|180400|4128143.0000|22.9500
150000|22.9400|23.0000|22.9100|22.9600|249309|5725576.0000|22.9600
