093500|57.79|58.1|57.42|57.61|1220.0|7045645.0|57.79
094000|57.6|57.85|57.43|57.5|821.0|4727460.0|57.61
094500|57.53|57.78|57.52|57.53|1161.0|6693365.0|57.5
095000|57.58|57.7|57.43|57.48|844.0|4855087.0|57.53
095500|57.48|57.57|57.26|57.57|566.0|3248196.0|57.48
100000|57.6|57.63|57.3|57.31|530.0|3042004.0|57.57
100500|57.31|57.37|57.24|57.28|548.0|3139600.0|57.31
101000|57.28|57.53|57.25|57.5|377.0|2164211.0|57.28
101500|57.43|57.5|57.27|57.29|395.0|2264959.0|57.5
102000|57.29|57.3|57.1|57.13|845.0|4831624.0|57.29
102500|57.12|57.41|57.11|57.29|418.0|2393458.0|57.13
103000|57.27|57.66|57.27|57.58|426.0|2449136.0|57.29
103500|57.62|57.66|57.5|57.61|382.0|2199888.0|57.58
104000|57.61|57.7|57.5|57.66|358.0|2063335.0|57.61
104500|57.68|57.79|57.61|57.7|614.0|3543305.0|57.66
105000|57.77|57.8|57.7|57.78|384.0|2218352.0|57.7
105500|57.78|57.89|57.7|57.7|512.0|2958506.0|57.78
110000|57.7|57.78|57.34|57.38|600.0|3454467.0|57.7
110500|57.35|57.8|57.34|57.8|504.0|2901974.0|57.38
111000|57.8|57.86|57.72|57.79|241.0|1392821.0|57.8
111500|57.78|58.25|57.78|58.12|1836.0|10655662.0|57.79
112000|58.15|58.28|58.0|58.27|1002.0|5826966.0|58.12
112500|58.27|58.27|57.89|57.89|637.0|3699364.0|58.27
113000|57.92|58.18|57.82|57.82|964.0|5589800.0|57.89
130500|57.87|58.05|57.64|57.94|606.0|3504876.0|57.82
131000|58.0|58.17|57.94|58.17|412.0|2392896.0|57.94
131500|58.13|58.22|58.07|58.21|393.0|2286176.0|58.17
132000|58.2|58.28|58.05|58.17|543.0|3159491.0|58.21
132500|58.18|58.29|58.08|58.28|459.0|2670165.0|58.17
133000|58.28|58.37|58.23|58.33|584.0|3403945.0|58.28
133500|58.32|58.32|58.18|58.18|346.0|2016426.0|58.33
134000|58.19|58.45|58.18|58.4|777.0|4534643.0|58.18
134500|58.36|58.46|58.34|58.46|485.0|2833647.0|58.4
135000|58.45|58.6|58.45|58.6|899.0|5261208.0|58.46
135500|58.57|58.6|58.43|58.43|319.0|1866213.0|58.6
140000|58.45|58.6|58.37|58.55|630.0|3686598.0|58.43
140500|58.55|58.8|58.51|58.68|872.0|5115902.0|58.55
141000|58.67|58.75|58.64|58.64|447.0|2623152.0|58.68
141500|58.66|58.77|58.61|58.61|386.0|2266679.0|58.64
142000|58.61|58.66|58.44|58.51|298.0|1745202.0|58.61
142500|58.5|58.56|58.35|58.35|304.0|1776801.0|58.51
143000|58.35|58.5|58.3|58.42|282.0|1646293.0|58.35
143500|58.49|58.51|58.39|58.39|257.0|1501995.0|58.42
144000|58.39|58.49|58.37|58.38|264.0|1541638.0|58.39
144500|58.38|58.38|58.13|58.13|1013.0|5900440.0|58.38
145000|58.18|58.2|58.1|58.11|501.0|2913083.0|58.13
145500|58.11|58.17|58.08|58.16|601.0|3493976.0|58.11
150000|58.13|58.17|58.09|58.09|356.0|2069090.0|58.16
