093500|7.89|7.92|7.68|7.69|60286.0|46883903.0|7.9
094000|7.7|7.71|7.65|7.65|42295.0|32514936.0|7.69
094500|7.66|7.69|7.63|7.65|39223.0|30028650.0|7.65
095000|7.64|7.67|7.62|7.66|31141.0|23777655.0|7.65
095500|7.66|7.69|7.65|7.68|16087.0|12337800.0|7.66
100000|7.67|7.68|7.66|7.67|12842.0|9849395.0|7.68
100500|7.67|7.68|7.65|7.67|7956.0|6098837.0|7.67
101000|7.67|7.67|7.63|7.65|17884.0|13672791.0|7.67
101500|7.65|7.66|7.63|7.65|9796.0|7488436.0|7.65
102000|7.65|7.66|7.64|7.64|7676.0|5869273.0|7.65
102500|7.65|7.66|7.64|7.64|7485.0|5721984.0|7.64
103000|7.64|7.65|7.62|7.63|9212.0|7032555.0|7.64
103500|7.62|7.62|7.6|7.62|12567.0|9566901.0|7.63
104000|7.62|7.63|7.6|7.62|10000.0|7612454.0|7.62
104500|7.62|7.63|7.62|7.63|5437.0|4145159.0|7.62
105000|7.63|7.65|7.62|7.65|3222.0|2460995.0|7.63
105500|7.65|7.69|7.65|7.69|8324.0|6384397.0|7.65
110000|7.69|7.69|7.67|7.68|3093.0|2376053.0|7.69
110500|7.69|7.69|7.67|7.69|4965.0|3813596.0|7.68
111000|7.69|7.69|7.67|7.67|4382.0|3363744.0|7.69
111500|7.67|7.67|7.65|7.66|3856.0|2953653.0|7.67
112000|7.66|7.67|7.64|7.64|4431.0|3388737.0|7.66
112500|7.65|7.65|7.63|7.64|2397.0|1831813.0|7.64
113000|7.64|7.65|7.63|7.63|3689.0|2819584.0|7.64
130500|7.64|7.65|7.62|7.63|7885.0|6017828.0|7.63
131000|7.64|7.66|7.63|7.66|4321.0|3303566.0|7.63
131500|7.66|7.67|7.65|7.66|3384.0|2592051.0|7.66
132000|7.67|7.67|7.65|7.65|5413.0|4150130.0|7.66
132500|7.66|7.66|7.64|7.66|4831.0|3695602.0|7.65
133000|7.65|7.66|7.64|7.65|3804.0|2910257.0|7.66
133500|7.65|7.68|7.65|7.67|5499.0|4213242.0|7.65
134000|7.68|7.68|7.67|7.68|4828.0|3707036.0|7.67
134500|7.67|7.71|7.67|7.71|8012.0|6166061.0|7.68
135000|7.7|7.71|7.69|7.69|5164.0|3976159.0|7.71
135500|7.69|7.7|7.68|7.69|3329.0|2559896.0|7.69
140000|7.69|7.7|7.68|7.7|6652.0|5116619.0|7.69
140500|7.7|7.71|7.69|7.71|4059.0|3125974.0|7.7
141000|7.71|7.71|7.69|7.69|4382.0|3375221.0|7.71
141500|7.7|7.7|7.69|7.69|2605.0|2004704.0|7.69
142000|7.69|7.7|7.68|7.7|6457.0|4964540.0|7.69
142500|7.7|7.7|7.68|7.69|2882.0|2215423.0|7.7
143000|7.69|7.69|7.67|7.68|6700.0|5145595.0|7.69
143500|7.68|7.68|7.67|7.68|13139.0|10081500.0|7.68
144000|7.68|7.69|7.67|7.69|5972.0|4589757.0|7.68
144500|7.69|7.69|7.67|7.67|8385.0|6439635.0|7.69
145000|7.68|7.68|7.67|7.68|5221.0|4009294.0|7.67
145500|7.67|7.69|7.67|7.69|9960.0|7649404.0|7.68
150000|7.69|7.7|7.68|7.68|9308.0|7153190.0|7.69
