09350000|10.6500000000|10.6500000000|10.4800000000|10.5200000000|2022800|21341810.0000|10.5200000000
09400000|10.5300000000|10.5900000000|10.5100000000|10.5600000000|785900|8287156.0000|10.5600000000
09450000|10.5700000000|10.6100000000|10.5700000000|10.5900000000|792700|8397082.0000|10.5900000000
09500000|10.5800000000|10.6000000000|10.5600000000|10.6000000000|606200|6417832.0000|10.6000000000
09550000|10.6000000000|10.6100000000|10.5700000000|10.5800000000|487800|5167212.0000|10.5800000000
10000000|10.5800000000|10.5900000000|10.5600000000|10.5700000000|375700|3971540.0000|10.5700000000
10050000|10.5700000000|10.5900000000|10.5500000000|10.5700000000|761400|8051340.0000|10.5700000000
10100000|10.5600000000|10.5700000000|10.5300000000|10.5400000000|606500|6397132.0000|10.5400000000
10150000|10.5500000000|10.5600000000|10.5200000000|10.5400000000|347600|3663800.0000|10.5400000000
10200000|10.5300000000|10.5700000000|10.5300000000|10.5700000000|415200|4382232.0000|10.5700000000
10250000|10.5700000000|10.6000000000|10.5600000000|10.6000000000|822500|8706432.0000|10.6000000000
10300000|10.5900000000|10.6000000000|10.5700000000|10.5800000000|335400|3551936.0000|10.5800000000
10350000|10.5700000000|10.5800000000|10.5400000000|10.5400000000|295000|3114680.0000|10.5400000000
10400000|10.5500000000|10.5600000000|10.5300000000|10.5400000000|180700|1905384.0000|10.5400000000
10450000|10.5300000000|10.5800000000|10.5300000000|10.5600000000|493800|5215440.0000|10.5600000000
10500000|10.5600000000|10.5700000000|10.5400000000|10.5500000000|276100|2913480.0000|10.5500000000
10550000|10.5500000000|10.5600000000|10.5400000000|10.5500000000|154200|1627016.0000|10.5500000000
11000000|10.5500000000|10.5600000000|10.5400000000|10.5400000000|226300|2387192.0000|10.5400000000
11050000|10.5400000000|10.5500000000|10.5300000000|10.5400000000|210300|2215416.0000|10.5400000000
11100000|10.5300000000|10.5400000000|10.5200000000|10.5400000000|227400|2394608.0000|10.5400000000
11150000|10.5500000000|10.5500000000|10.5300000000|10.5300000000|198800|2095688.0000|10.5300000000
11200000|10.5300000000|10.5500000000|10.5300000000|10.5500000000|235100|2477176.0000|10.5500000000
11250000|10.5400000000|10.5500000000|10.5300000000|10.5400000000|176400|1859112.0000|10.5400000000
11300000|10.5400000000|10.5600000000|10.5400000000|10.5600000000|77900|822144.0000|10.5600000000
13050000|10.5600000000|10.5800000000|10.5400000000|10.5400000000|421400|4451376.0000|10.5400000000
13100000|10.5400000000|10.5500000000|10.5300000000|10.5400000000|147500|1554152.0000|10.5400000000
13150000|10.5300000000|10.5300000000|10.4800000000|10.4900000000|516300|5424432.0000|10.4900000000
13200000|10.4900000000|10.5200000000|10.4900000000|10.4900000000|425700|4468464.0000|10.4900000000
13250000|10.4900000000|10.5100000000|10.4900000000|10.5100000000|340800|3578384.0000|10.5100000000
13300000|10.5000000000|10.5200000000|10.5000000000|10.5200000000|266900|2804784.0000|10.5200000000
13350000|10.5200000000|10.5200000000|10.4900000000|10.5000000000|326000|3423904.0000|10.5000000000
13400000|10.5000000000|10.5000000000|10.4800000000|10.4800000000|313600|3288608.0000|10.4800000000
13450000|10.4700000000|10.4800000000|10.4600000000|10.4800000000|417600|4373344.0000|10.4800000000
13500000|10.4700000000|10.5000000000|10.4700000000|10.4700000000|319200|3345104.0000|10.4700000000
13550000|10.4700000000|10.4900000000|10.4700000000|10.4800000000|266500|2791424.0000|10.4800000000
14000000|10.4700000000|10.4800000000|10.4600000000|10.4600000000|199600|2089632.0000|10.4600000000
14050000|10.4800000000|10.4900000000|10.4600000000|10.4800000000|429600|4500384.0000|10.4800000000
14100000|10.4900000000|10.5000000000|10.4800000000|10.4800000000|237200|2488208.0000|10.4800000000
14150000|10.4800000000|10.4900000000|10.4800000000|10.4900000000|168000|1761936.0000|10.4900000000
14200000|10.4900000000|10.4900000000|10.4800000000|10.4800000000|186900|1959184.0000|10.4800000000
14250000|10.4800000000|10.5000000000|10.4800000000|10.4900000000|386300|4051152.0000|10.4900000000
14300000|10.4900000000|10.5000000000|10.4800000000|10.5000000000|304600|3193536.0000|10.5000000000
14350000|10.5000000000|10.5100000000|10.4800000000|10.4800000000|607100|6369184.0000|10.4800000000
14400000|10.4900000000|10.5000000000|10.4800000000|10.4800000000|274300|2877552.0000|10.4800000000
14450000|10.4800000000|10.4900000000|10.4700000000|10.4800000000|457200|4790400.0000|10.4800000000
14500000|10.4800000000|10.5000000000|10.4800000000|10.4800000000|396900|4162288.0000|10.4800000000
14550000|10.4900000000|10.4900000000|10.4700000000|10.4800000000|1049300|10996944.0000|10.4800000000
15000000|10.4800000000|10.4900000000|10.4700000000|10.4900000000|238400|2498112.0000|10.4900000000
