09350000|25.4097391500|25.7125740300|25.2772488900|25.7031104400|634100|17065493.0000|25.7031104400
09400000|25.7031104400|25.7125740300|25.5233022300|25.5895473600|235600|6377800.0000|25.5895473600
09450000|25.5895473600|25.6463289000|25.5611565900|25.6463289000|295500|7996505.0000|25.6463289000
09500000|25.6463289000|25.7693555700|25.5990109500|25.7693555700|463600|12582053.0000|25.7693555700
09550000|25.7788191600|25.7788191600|25.6936468500|25.7031104400|217400|5912473.0000|25.7031104400
10000000|25.7031104400|25.7315012100|25.6557924900|25.6557924900|111400|3025526.0000|25.6557924900
10050000|25.6747196700|25.7315012100|25.6557924900|25.7220376200|140100|3805924.0000|25.7220376200
10100000|25.7220376200|25.7409648000|25.7031104400|25.7315012100|109500|2976201.0000|25.7315012100
10150000|25.7315012100|25.7409648000|25.7125740300|25.7220376200|66900|1818498.0000|25.7220376200
10200000|25.7220376200|25.7220376200|25.6557924900|25.7220376200|144500|3924603.0000|25.7220376200
10250000|25.7220376200|25.7220376200|25.6652560800|25.7031104400|68300|1855216.0000|25.7031104400
10300000|25.6936468500|25.8072099300|25.6936468500|25.8072099300|298700|8128735.0000|25.8072099300
10350000|25.8072099300|25.8639914700|25.7693555700|25.8072099300|376500|10273361.0000|25.8072099300
10400000|25.8166735200|25.8829186500|25.8072099300|25.8356007000|384400|10497811.0000|25.8356007000
10450000|25.8450642900|25.9113094200|25.8450642900|25.9018458300|429863|11754213.1600|25.9018458300
10500000|25.8923822400|25.9302366000|25.8356007000|25.8734550600|295093|8076153.4800|25.8734550600
10550000|25.8639914700|25.9113094200|25.8545278800|25.8829186500|145600|3982042.0000|25.8829186500
11000000|25.8829186500|25.9302366000|25.8545278800|25.9207730100|325047|8896544.3300|25.9207730100
11050000|25.9207730100|25.9680909600|25.9207730100|25.9302366000|368500|10101111.0000|25.9302366000
11100000|25.9302366000|25.9680909600|25.8639914700|25.9018458300|360453|9873378.6700|25.9018458300
11150000|25.9680909600|25.9775545500|25.8734550600|25.8923822400|268200|7345972.0000|25.8923822400
11200000|25.9018458300|25.9775545500|25.8829186500|25.9018458300|260000|7127052.0000|25.9018458300
11250000|25.9018458300|25.9775545500|25.8923822400|25.9302366000|187200|5131564.0000|25.9302366000
11300000|25.9302366000|25.9491637800|25.9018458300|25.9397001900|155300|4254243.0000|25.9397001900
13050000|25.9302366000|25.9680909600|25.9113094200|25.9302366000|185300|5078885.0000|25.9302366000
13100000|25.9397001900|25.9397001900|25.8923822400|25.8923822400|129500|3546154.0000|25.8923822400
13150000|25.9018458300|25.9113094200|25.8734550600|25.8734550600|148300|4057917.0000|25.8734550600
13200000|25.8734550600|25.8734550600|25.8261371100|25.8356007000|155100|4235839.0000|25.8356007000
13250000|25.8450642900|25.8545278800|25.8356007000|25.8450642900|73700|2012521.0000|25.8450642900
13300000|25.8450642900|25.8923822400|25.8166735200|25.8450642900|222300|6073604.0000|25.8450642900
13350000|25.8450642900|25.8829186500|25.8166735200|25.8261371100|173800|4748220.0000|25.8261371100
13400000|25.8356007000|25.8545278800|25.8261371100|25.8356007000|88700|2421881.0000|25.8356007000
13450000|25.8356007000|25.8829186500|25.8356007000|25.8545278800|91300|2494203.0000|25.8545278800
13500000|25.8450642900|25.8545278800|25.8356007000|25.8450642900|29100|794740.0000|25.8450642900
13550000|25.8450642900|25.8450642900|25.8166735200|25.8261371100|135600|3701074.0000|25.8261371100
14000000|25.8166735200|25.8261371100|25.7598919800|25.7977463400|156200|4257205.0000|25.7977463400
14050000|25.7977463400|25.8829186500|25.7504283900|25.7977463400|460900|12564110.0000|25.7977463400
14100000|25.7977463400|25.8829186500|25.7788191600|25.8356007000|279300|7625456.0000|25.8356007000
14150000|25.8450642900|25.8639914700|25.8072099300|25.8450642900|154300|4211695.0000|25.8450642900
14200000|25.8450642900|25.8545278800|25.7977463400|25.8356007000|123100|3360849.0000|25.8356007000
14250000|25.8072099300|25.8450642900|25.7977463400|25.8356007000|76500|2087594.0000|25.8356007000
14300000|25.8450642900|25.8450642900|25.7977463400|25.8072099300|97300|2654489.0000|25.8072099300
14350000|25.8166735200|25.8166735200|25.7693555700|25.7882827500|137300|3741951.0000|25.7882827500
14400000|25.7882827500|25.8261371100|25.7788191600|25.7977463400|152300|4151858.0000|25.7977463400
14450000|25.7977463400|25.8072099300|25.7788191600|25.7788191600|157500|4292786.0000|25.7788191600
14500000|25.7882827500|25.7977463400|25.7315012100|25.7693555700|293125|7979230.0000|25.7693555700
14550000|25.7788191600|25.7977463400|25.7598919800|25.7882827500|190400|5188127.0000|25.7882827500
15000000|25.7882827500|25.8072099300|25.7788191600|25.7977463400|238721|6507700.4600|25.7977463400
