09350000|6.6600793600|6.6600793600|6.4708725600|6.5749363000|3234000|22387592.0000|6.5749363000
09400000|6.5843966400|6.6222380000|6.5654759600|6.6127776600|979300|6826982.0000|6.6127776600
09450000|6.6127776600|6.6884603800|6.6033173200|6.6600793600|797100|5600826.0000|6.6600793600
09500000|6.6600793600|6.6600793600|6.5560156200|6.5843966400|1474400|10285536.0000|6.5843966400
09550000|6.5843966400|6.6600793600|6.5749363000|6.6033173200|885800|6204260.0000|6.6033173200
10000000|6.6127776600|6.6222380000|6.5843966400|6.5938569800|293600|2050464.0000|6.5938569800
10050000|6.5843966400|6.6033173200|6.5749363000|6.6033173200|646800|4502164.0000|6.6033173200
10100000|6.6033173200|6.6506190200|6.6033173200|6.6506190200|462700|3238976.0000|6.6506190200
10150000|6.6411586800|6.6695397000|6.6316983400|6.6411586800|815200|5735904.0000|6.6411586800
10200000|6.6506190200|6.6506190200|6.6033173200|6.6222380000|491200|3438760.0000|6.6222380000
10250000|6.6222380000|6.6506190200|6.6222380000|6.6316983400|547900|3842288.0000|6.6316983400
10300000|6.6316983400|6.6411586800|6.6222380000|6.6222380000|165300|1159448.0000|6.6222380000
10350000|6.6222380000|6.6506190200|6.6127776600|6.6506190200|398100|2791072.0000|6.6506190200
10400000|6.6411586800|6.6600793600|6.6316983400|6.6506190200|328800|2311104.0000|6.6506190200
10450000|6.6506190200|6.6506190200|6.6127776600|6.6222380000|402100|2818400.0000|6.6222380000
10500000|6.6127776600|6.6411586800|6.6033173200|6.6316983400|320200|2240672.0000|6.6316983400
10550000|6.6411586800|6.6790000400|6.6316983400|6.6695397000|486700|3422992.0000|6.6695397000
11000000|6.6790000400|6.6884603800|6.6600793600|6.6790000400|393400|2774840.0000|6.6790000400
11050000|6.6790000400|6.6790000400|6.6600793600|6.6695397000|209500|1476968.0000|6.6695397000
11100000|6.6600793600|6.6695397000|6.6411586800|6.6506190200|229300|1614464.0000|6.6506190200
11150000|6.6411586800|6.6506190200|6.6222380000|6.6316983400|321100|2251648.0000|6.6316983400
11200000|6.6222380000|6.6411586800|6.6127776600|6.6411586800|318800|2232504.0000|6.6411586800
11250000|6.6411586800|6.6411586800|6.6316983400|6.6411586800|155000|1087312.0000|6.6411586800
11300000|6.6506190200|6.6600793600|6.6127776600|6.6316983400|140200|983896.0000|6.6316983400
13050000|6.6316983400|6.6411586800|6.5938569800|6.6411586800|490100|3428648.0000|6.6411586800
13100000|6.6316983400|6.6411586800|6.6222380000|6.6222380000|247800|1736456.0000|6.6222380000
13150000|6.6222380000|6.6411586800|6.6127776600|6.6411586800|184200|1291296.0000|6.6411586800
13200000|6.6411586800|6.6506190200|6.6222380000|6.6316983400|341800|2396888.0000|6.6316983400
13250000|6.6316983400|6.6506190200|6.6316983400|6.6506190200|158700|1114168.0000|6.6506190200
13300000|6.6506190200|6.6695397000|6.6411586800|6.6600793600|263900|1857304.0000|6.6600793600
13350000|6.6600793600|6.6695397000|6.6506190200|6.6695397000|363500|2560032.0000|6.6695397000
13400000|6.6790000400|6.6979207200|6.6790000400|6.6884603800|440600|3114224.0000|6.6884603800
13450000|6.6884603800|6.6884603800|6.6411586800|6.6411586800|338900|2389736.0000|6.6411586800
13500000|6.6506190200|6.6884603800|6.6506190200|6.6884603800|637600|4495152.0000|6.6884603800
13550000|6.6884603800|6.6979207200|6.6884603800|6.6979207200|325100|2299352.0000|6.6979207200
14000000|6.6884603800|6.7168414000|6.6790000400|6.7073810600|752100|5321144.0000|6.7073810600
14050000|6.7073810600|6.7073810600|6.6695397000|6.6695397000|277900|1966424.0000|6.6695397000
14100000|6.6790000400|6.6790000400|6.6506190200|6.6695397000|292800|2063184.0000|6.6695397000
14150000|6.6695397000|6.7073810600|6.6506190200|6.6884603800|542100|3826192.0000|6.6884603800
14200000|6.7073810600|6.7168414000|6.6884603800|6.7168414000|561000|3975424.0000|6.7168414000
14250000|6.7168414000|6.7357620800|6.6979207200|6.7263017400|550100|3906384.0000|6.7263017400
14300000|6.7263017400|6.7263017400|6.6979207200|6.7168414000|434600|3084944.0000|6.7168414000
14350000|6.7263017400|6.7263017400|6.6884603800|6.6979207200|730700|5181328.0000|6.6979207200
14400000|6.6979207200|6.7073810600|6.6790000400|6.6884603800|503300|3560128.0000|6.6884603800
14450000|6.6884603800|6.6979207200|6.6600793600|6.6695397000|913100|6446368.0000|6.6695397000
14500000|6.6695397000|6.6884603800|6.6695397000|6.6695397000|788100|5560896.0000|6.6695397000
14550000|6.6695397000|6.6979207200|6.6695397000|6.6884603800|801900|5668800.0000|6.6884603800
15000000|6.6979207200|6.6979207200|6.6790000400|6.6979207200|406200|2873984.0000|6.6979207200
