093500|10.29|10.46|10.23|10.42|16710.0|17269550.0|10.44
094000|10.43|10.56|10.43|10.52|11896.0|12485486.0|10.42
094500|10.53|10.69|10.52|10.67|22915.0|24315933.0|10.52
095000|10.67|10.7|10.61|10.62|20863.0|22252051.0|10.67
095500|10.61|10.73|10.61|10.72|22950.0|24505842.0|10.62
100000|10.72|10.74|10.69|10.71|11765.0|12605959.0|10.72
100500|10.7|10.74|10.69|10.69|13157.0|14088607.0|10.71
101000|10.69|10.72|10.64|10.66|7597.0|8109989.0|10.69
101500|10.68|10.68|10.63|10.65|5142.0|5476297.0|10.66
102000|10.65|10.67|10.64|10.66|3481.0|3706720.0|10.65
102500|10.67|10.67|10.64|10.65|1609.0|1714790.0|10.66
103000|10.67|10.68|10.66|10.68|3437.0|3665769.0|10.65
103500|10.68|10.69|10.66|10.66|2490.0|2657060.0|10.68
104000|10.66|10.68|10.66|10.68|680.0|725359.0|10.66
104500|10.68|10.68|10.66|10.67|2040.0|2175816.0|10.68
105000|10.66|10.68|10.66|10.67|1602.0|1709734.0|10.67
105500|10.68|10.68|10.65|10.65|1597.0|1703408.0|10.67
110000|10.65|10.66|10.63|10.63|3068.0|3265971.0|10.65
110500|10.63|10.66|10.62|10.66|2006.0|2133188.0|10.63
111000|10.65|10.66|10.64|10.64|1053.0|1121155.0|10.66
111500|10.64|10.67|10.64|10.66|1607.0|1712329.0|10.64
112000|10.66|10.68|10.66|10.67|2034.0|2170273.0|10.66
112500|10.67|10.68|10.65|10.66|2977.0|3173029.0|10.67
113000|10.66|10.67|10.64|10.64|4659.0|4961018.0|10.66
130500|10.64|10.64|10.62|10.62|3418.0|3632554.0|10.64
131000|10.62|10.62|10.57|10.58|4625.0|4900577.0|10.62
131500|10.57|10.58|10.57|10.58|1662.0|1758027.0|10.58
132000|10.58|10.58|10.56|10.56|4058.0|4291839.0|10.58
132500|10.56|10.58|10.56|10.57|2576.0|2723349.0|10.56
133000|10.58|10.59|10.57|10.59|1079.0|1141853.0|10.57
133500|10.58|10.59|10.58|10.58|1847.0|1954416.0|10.59
134000|10.58|10.63|10.58|10.62|1460.0|1547682.0|10.58
134500|10.62|10.63|10.61|10.62|1667.0|1769999.0|10.62
135000|10.62|10.65|10.6|10.61|2166.0|2301785.0|10.62
135500|10.6|10.62|10.6|10.61|1141.0|1210259.0|10.61
140000|10.63|10.63|10.6|10.62|1830.0|1943572.0|10.61
140500|10.63|10.67|10.62|10.64|2407.0|2562630.0|10.62
141000|10.65|10.67|10.63|10.66|1994.0|2123809.0|10.64
141500|10.66|10.69|10.66|10.68|5280.0|5639858.0|10.66
142000|10.69|10.69|10.66|10.67|1845.0|1969768.0|10.68
142500|10.67|10.69|10.67|10.68|2565.0|2739139.0|10.67
143000|10.68|10.68|10.67|10.67|1183.0|1263088.0|10.68
143500|10.67|10.69|10.67|10.67|3137.0|3349020.0|10.67
144000|10.67|10.68|10.67|10.67|2077.0|2217424.0|10.67
144500|10.67|10.68|10.67|10.67|2226.0|2375927.0|10.67
145000|10.68|10.68|10.67|10.68|3063.0|3269534.0|10.67
145500|10.68|10.69|10.67|10.69|4775.0|5098869.0|10.68
150000|10.68|10.69|10.67|10.68|5989.0|6396834.0|10.69
