09350000|11.1932290800|11.3145179400|11.1932290800|11.2452100200|2225900|28892756.0000|11.2452100200
09400000|11.2712004900|11.3231814300|11.2452100200|11.2971909600|1873700|24410072.0000|11.2971909600
09450000|11.3058544500|11.3491719000|11.2625370000|11.2885274700|2136200|27904932.0000|11.2885274700
09500000|11.2885274700|11.3751623700|11.2885274700|11.2885274700|1576200|20621240.0000|11.2885274700
09550000|11.2885274700|11.2885274700|11.1845655900|11.1845655900|1030800|13366456.0000|11.1845655900
10000000|11.2018925700|11.2192195500|11.1672386100|11.1759021000|1339300|17301056.0000|11.1759021000
10050000|11.1845655900|11.1845655900|11.1239211600|11.1499116300|936400|12056880.0000|11.1499116300
10100000|11.1499116300|11.2105560600|11.1499116300|11.1759021000|590700|7625376.0000|11.1759021000
10150000|11.1759021000|11.1759021000|11.0979306900|11.1065941800|972100|12496496.0000|11.1065941800
10200000|11.1065941800|11.1499116300|11.0979306900|11.1152576700|937100|12022144.0000|11.1152576700
10250000|11.1239211600|11.1932290800|11.1239211600|11.1932290800|816600|10517152.0000|11.1932290800
10300000|11.1932290800|11.2278830400|11.1759021000|11.2105560600|619800|8013808.0000|11.2105560600
10350000|11.2105560600|11.2278830400|11.1845655900|11.1932290800|577300|7469984.0000|11.1932290800
10400000|11.1932290800|11.2192195500|11.1759021000|11.2105560600|713200|9217312.0000|11.2105560600
10450000|11.2105560600|11.2365465300|11.1845655900|11.1845655900|689200|8923168.0000|11.1845655900
10500000|11.1845655900|11.2018925700|11.1672386100|11.1845655900|480500|6202992.0000|11.1845655900
10550000|11.1932290800|11.2278830400|11.1759021000|11.2018925700|547800|7076496.0000|11.2018925700
11000000|11.2105560600|11.2105560600|11.1585751200|11.1585751200|444100|5734304.0000|11.1585751200
11050000|11.1672386100|11.1845655900|11.1585751200|11.1845655900|411700|5312688.0000|11.1845655900
11100000|11.1845655900|11.2192195500|11.1412481400|11.1412481400|596100|7684016.0000|11.1412481400
11150000|11.1499116300|11.1759021000|11.1239211600|11.1672386100|656000|8440000.0000|11.1672386100
11200000|11.1672386100|11.2192195500|11.1672386100|11.1932290800|579300|7479488.0000|11.1932290800
11250000|11.1845655900|11.2365465300|11.1845655900|11.2192195500|478900|6195520.0000|11.2192195500
11300000|11.2105560600|11.2365465300|11.2105560600|11.2278830400|433400|5614400.0000|11.2278830400
13050000|11.2452100200|11.2625370000|11.2278830400|11.2538735100|797100|10345440.0000|11.2538735100
13100000|11.2538735100|11.2885274700|11.2365465300|11.2538735100|811400|10540320.0000|11.2538735100
13150000|11.2538735100|11.2712004900|11.2365465300|11.2625370000|750900|9758912.0000|11.2625370000
13200000|11.2625370000|11.2712004900|11.2018925700|11.2018925700|804600|10435552.0000|11.2018925700
13250000|11.2018925700|11.2018925700|11.1325846500|11.1412481400|691600|8911360.0000|11.1412481400
13300000|11.1325846500|11.1759021000|11.1325846500|11.1672386100|556800|7168832.0000|11.1672386100
13350000|11.1585751200|11.1759021000|11.1499116300|11.1585751200|693200|8938336.0000|11.1585751200
13400000|11.1672386100|11.2278830400|11.1585751200|11.2105560600|651000|8409440.0000|11.2105560600
13450000|11.2018925700|11.2192195500|11.1759021000|11.2105560600|354700|4586016.0000|11.2105560600
13500000|11.2018925700|11.2192195500|11.1932290800|11.2192195500|385100|4978560.0000|11.2192195500
13550000|11.2192195500|11.2971909600|11.2192195500|11.2712004900|909500|11826464.0000|11.2712004900
14000000|11.2712004900|11.2798639800|11.2538735100|11.2538735100|478400|6221792.0000|11.2538735100
14050000|11.2538735100|11.3058544500|11.2538735100|11.2885274700|843800|10990752.0000|11.2885274700
14100000|11.2885274700|11.3145179400|11.2625370000|11.2971909600|741200|9657472.0000|11.2971909600
14150000|11.2971909600|11.3058544500|11.2625370000|11.2712004900|848800|11049824.0000|11.2712004900
14200000|11.2712004900|11.2885274700|11.2712004900|11.2712004900|456900|5949152.0000|11.2712004900
14250000|11.2712004900|11.3058544500|11.2712004900|11.2885274700|686600|8942688.0000|11.2885274700
14300000|11.2885274700|11.3145179400|11.2798639800|11.2971909600|988700|12902048.0000|11.2971909600
14350000|11.2971909600|11.3058544500|11.2798639800|11.2971909600|659900|8602848.0000|11.2971909600
14400000|11.2971909600|11.3145179400|11.2885274700|11.2971909600|778100|10151616.0000|11.2971909600
14450000|11.2885274700|11.2885274700|11.2712004900|11.2798639800|676600|8810208.0000|11.2798639800
14500000|11.2798639800|11.2798639800|11.2538735100|11.2538735100|989800|12874688.0000|11.2538735100
14550000|11.2538735100|11.3058544500|11.2538735100|11.3058544500|1112100|14477280.0000|11.3058544500
15000000|11.3058544500|11.3145179400|11.2712004900|11.3145179400|778400|10150752.0000|11.3145179400
