09350000|11.9582780600|11.9955893800|11.8556719300|11.8836554200|1627500|20784890.0000|11.8836554200
09400000|11.8836554200|11.9209667400|11.8556719300|11.8836554200|1110600|14145616.0000|11.8836554200
09450000|11.8836554200|11.9209667400|11.8370162700|11.8370162700|1187900|15124364.0000|11.8370162700
09500000|11.8556719300|11.9209667400|11.8370162700|11.8556719300|1081500|13768592.0000|11.8556719300
09550000|11.8463441000|11.8649997600|11.8183606100|11.8463441000|821500|10427264.0000|11.8463441000
10000000|11.8463441000|11.9023110800|11.8370162700|11.8556719300|496300|6312528.0000|11.8556719300
10050000|11.8556719300|11.8929832500|11.7903771200|11.7903771200|1456800|18496248.0000|11.7903771200
10100000|11.7903771200|11.8090327800|11.7530658000|11.7717214600|1552800|19595392.0000|11.7717214600
10150000|11.7810492900|11.7997049500|11.7623936300|11.7997049500|550000|6946328.0000|11.7997049500
10200000|11.7903771200|11.8183606100|11.7250823100|11.7250823100|898200|11325096.0000|11.7250823100
10250000|11.7250823100|11.7623936300|11.7250823100|11.7530658000|489400|6163056.0000|11.7530658000
10300000|11.7530658000|11.7530658000|11.7250823100|11.7250823100|407900|5131632.0000|11.7250823100
10350000|11.7250823100|11.7344101400|11.6970988200|11.6970988200|765000|9611936.0000|11.6970988200
10400000|11.6970988200|11.7344101400|11.6970988200|11.7064266500|509600|6399584.0000|11.7064266500
10450000|11.7064266500|11.7064266500|11.6784431600|11.6970988200|548100|6873312.0000|11.6970988200
10500000|11.6970988200|11.7064266500|11.6411318400|11.6411318400|989500|12382032.0000|11.6411318400
10550000|11.6504596700|11.6597875000|11.6224761800|11.6318040100|753400|9402688.0000|11.6318040100
11000000|11.6318040100|11.6691153300|11.6318040100|11.6411318400|435000|5434640.0000|11.6411318400
11050000|11.6411318400|11.6504596700|11.6131483500|11.6224761800|581200|7245472.0000|11.6224761800
11100000|11.6318040100|11.6970988200|11.6224761800|11.6877709900|480800|6008272.0000|11.6877709900
11150000|11.6877709900|11.6970988200|11.6411318400|11.6504596700|481300|6022912.0000|11.6504596700
11200000|11.6504596700|11.6784431600|11.6224761800|11.6318040100|470100|5868784.0000|11.6318040100
11250000|11.6224761800|11.6411318400|11.6038205200|11.6038205200|747500|9316320.0000|11.6038205200
11300000|11.6038205200|11.6131483500|11.5758370300|11.5944926900|676100|8408960.0000|11.5944926900
13050000|11.5944926900|11.6038205200|11.5291978800|11.5385257100|987300|12243920.0000|11.5385257100
13100000|11.5385257100|11.5851648600|11.5198700500|11.5851648600|1606200|19878064.0000|11.5851648600
13150000|11.5758370300|11.5944926900|11.5665092000|11.5758370300|578900|7187840.0000|11.5758370300
13200000|11.5758370300|11.6318040100|11.5758370300|11.6038205200|655400|8153120.0000|11.6038205200
13250000|11.6038205200|11.6224761800|11.6038205200|11.6131483500|227100|2827584.0000|11.6131483500
13300000|11.6131483500|11.6411318400|11.6131483500|11.6131483500|340200|4241184.0000|11.6131483500
13350000|11.6131483500|11.6224761800|11.5851648600|11.5851648600|282600|3514336.0000|11.5851648600
13400000|11.5851648600|11.6038205200|11.5758370300|11.5944926900|411800|5115520.0000|11.5944926900
13450000|11.5944926900|11.6504596700|11.5851648600|11.6411318400|838800|10442592.0000|11.6411318400
13500000|11.6411318400|11.6784431600|11.6318040100|11.6411318400|507400|6342624.0000|11.6411318400
13550000|11.6411318400|11.6877709900|11.6411318400|11.6691153300|348900|4361728.0000|11.6691153300
14000000|11.6691153300|11.6970988200|11.6691153300|11.6691153300|358700|4492896.0000|11.6691153300
14050000|11.6784431600|11.6877709900|11.6411318400|11.6784431600|369900|4625376.0000|11.6784431600
14100000|11.6877709900|11.6877709900|11.6504596700|11.6504596700|256300|3204704.0000|11.6504596700
14150000|11.6504596700|11.6597875000|11.6224761800|11.6411318400|273500|3412928.0000|11.6411318400
14200000|11.6411318400|11.6597875000|11.6318040100|11.6504596700|347900|4345760.0000|11.6504596700
14250000|11.6504596700|11.6597875000|11.6224761800|11.6504596700|355100|4434208.0000|11.6504596700
14300000|11.6504596700|11.6691153300|11.6504596700|11.6691153300|341900|4273536.0000|11.6691153300
14350000|11.6691153300|11.6691153300|11.6504596700|11.6504596700|293000|3661696.0000|11.6504596700
14400000|11.6504596700|11.6784431600|11.6504596700|11.6597875000|365100|4567264.0000|11.6597875000
14450000|11.6597875000|11.6691153300|11.6504596700|11.6691153300|403100|5039616.0000|11.6691153300
14500000|11.6691153300|11.6970988200|11.6597875000|11.6784431600|595300|7449408.0000|11.6784431600
14550000|11.6784431600|11.6877709900|11.6691153300|11.6691153300|441800|5531936.0000|11.6691153300
15000000|11.6784431600|11.6877709900|11.6691153300|11.6877709900|341500|4275904.0000|11.6877709900
