093500|14.4500|14.5700|14.3000|14.5000|11227800|162536432.0000|14.5000
094000|14.5000|14.5700|14.4700|14.5000|4698100|68171776.0000|14.5000
094500|14.5000|14.5600|14.4300|14.4300|3603900|52224720.0000|14.4300
095000|14.4300|14.6100|14.4300|14.5700|4013700|58344992.0000|14.5700
095500|14.5700|14.6100|14.5200|14.5800|2556200|37241824.0000|14.5800
100000|14.5800|14.6300|14.5500|14.5700|2971100|43378048.0000|14.5700
100500|14.5700|14.5700|14.4900|14.4900|2345200|34068544.0000|14.4900
101000|14.4900|14.5200|14.4600|14.5200|3062200|44337440.0000|14.5200
101500|14.5200|14.5300|14.4700|14.5100|1704300|24711552.0000|14.5100
102000|14.5100|14.5100|14.4300|14.4300|1078500|15608160.0000|14.4300
102500|14.4300|14.4400|14.3900|14.4100|1708500|24626683.0000|14.4100
103000|14.4100|14.5000|14.4100|14.4500|1357400|19619588.0000|14.4500
103500|14.4500|14.4700|14.4000|14.4600|904100|13051321.0000|14.4600
104000|14.4600|14.4600|14.3800|14.4200|1526200|21986440.0000|14.4200
104500|14.4200|14.4600|14.4000|14.4400|919600|13273604.0000|14.4400
105000|14.4400|14.5000|14.4100|14.4200|1049800|15176056.0000|14.4200
105500|14.4200|14.4500|14.4100|14.4300|919900|13264190.0000|14.4300
110000|14.4300|14.4700|14.4000|14.4600|2085200|30063882.0000|14.4600
110500|14.4600|14.5400|14.4600|14.5200|1224500|17775737.0000|14.5200
111000|14.5200|14.5400|14.4800|14.5100|651200|9443843.0000|14.5100
111500|14.5100|14.5400|14.4900|14.5000|744900|10809978.0000|14.5000
112000|14.5000|14.5100|14.4500|14.4800|452800|6555720.0000|14.4800
112500|14.4800|14.4800|14.4300|14.4500|498800|7210426.0000|14.4500
113000|14.4500|14.5100|14.4400|14.4900|720600|10436298.0000|14.4900
130500|14.4800|14.4800|14.3800|14.4100|1861900|26846323.0000|14.4100
131000|14.4100|14.4600|14.4000|14.4000|800300|11541381.0000|14.4000
131500|14.4000|14.4000|14.3400|14.3500|1721900|24749374.0000|14.3500
132000|14.3500|14.3600|14.3000|14.3400|2643200|37881732.0000|14.3400
132500|14.3400|14.3600|14.3300|14.3300|1035600|14851265.0000|14.3300
133000|14.3300|14.3400|14.2800|14.3100|1972600|28236735.0000|14.3100
133500|14.3100|14.3500|14.3000|14.3100|1315000|18828224.0000|14.3100
134000|14.3100|14.3400|14.3000|14.3200|1133900|16231232.0000|14.3200
134500|14.3200|14.3300|14.2600|14.2700|1717600|24537152.0000|14.2700
135000|14.2700|14.2800|14.2400|14.2600|1423300|20292736.0000|14.2600
135500|14.2600|14.2700|14.2300|14.2400|1604500|22859456.0000|14.2400
140000|14.2400|14.2400|14.1800|14.2300|2760600|39219200.0000|14.2300
140500|14.2300|14.2400|14.2100|14.2200|1083000|15405120.0000|14.2200
141000|14.2200|14.2600|14.2000|14.2200|1534400|21841856.0000|14.2200
141500|14.2200|14.2500|14.2000|14.2300|1344700|19109504.0000|14.2300
142000|14.2300|14.2900|14.2300|14.2900|555300|7921920.0000|14.2900
142500|14.2900|14.3000|14.2100|14.2100|848300|12088832.0000|14.2100
143000|14.2100|14.2200|14.1700|14.1800|1225300|17388032.0000|14.1800
143500|14.1800|14.1900|14.1700|14.1700|1411300|20009344.0000|14.1700
144000|14.1700|14.1800|14.1500|14.1600|1642400|23259008.0000|14.1600
144500|14.1700|14.1700|14.1300|14.1300|1372900|19416448.0000|14.1300
145000|14.1300|14.1500|14.1100|14.1300|2142800|30270080.0000|14.1300
145500|14.1300|14.1600|14.1200|14.1400|1931600|27309952.0000|14.1400
150000|14.1400|14.1600|14.1300|14.1600|1931400|27332224.0000|14.1600
