093500|5.7000|5.8600|5.6900|5.8300|75485577|437190496.0000|5.8300
094000|5.8200|5.9600|5.8200|5.9500|63719478|376667344.0000|5.9500
094500|5.9500|6.0300|5.9500|5.9700|55695680|333550928.0000|5.9700
095000|5.9700|5.9800|5.9400|5.9400|20784388|123921168.0000|5.9400
095500|5.9400|5.9700|5.9200|5.9300|17727100|105379056.0000|5.9300
100000|5.9200|5.9200|5.8700|5.8700|12257600|72269536.0000|5.8700
100500|5.8800|5.8800|5.8500|5.8600|12062500|70730384.0000|5.8600
101000|5.8600|5.9000|5.8500|5.8900|9505084|55840624.0000|5.8900
101500|5.9000|5.9000|5.8600|5.8600|7884193|46324656.0000|5.8600
102000|5.8700|5.8800|5.8600|5.8700|5058400|29693136.0000|5.8700
102500|5.8800|5.9000|5.8500|5.9000|5541936|32567600.0000|5.9000
103000|5.8900|5.9000|5.8800|5.8800|5220416|30726512.0000|5.8800
103500|5.8800|5.8800|5.8500|5.8500|5935056|34828816.0000|5.8500
104000|5.8500|5.8600|5.8400|5.8400|3755696|21961600.0000|5.8400
104500|5.8400|5.8600|5.8400|5.8500|3736480|21844096.0000|5.8500
105000|5.8500|5.8600|5.8400|5.8500|2643408|15456768.0000|5.8500
105500|5.8400|5.8700|5.8400|5.8700|4676048|27356832.0000|5.8700
110000|5.8700|5.8700|5.8400|5.8500|3191488|18679968.0000|5.8500
110500|5.8400|5.8500|5.8400|5.8400|3550080|20740656.0000|5.8400
111000|5.8400|5.8600|5.8400|5.8600|2845920|16645856.0000|5.8600
111500|5.8600|5.8600|5.8400|5.8500|2391584|13987344.0000|5.8500
112000|5.8500|5.8800|5.8400|5.8700|4145952|24316240.0000|5.8700
112500|5.8800|5.8800|5.8600|5.8700|2834192|16633632.0000|5.8700
113000|5.8600|5.8800|5.8600|5.8700|2819200|16549824.0000|5.8700
130500|5.8600|5.9000|5.8500|5.9000|8606544|50556576.0000|5.9000
131000|5.9000|5.9100|5.8900|5.9100|8267104|48793888.0000|5.9100
131500|5.9000|5.9300|5.9000|5.9200|7541392|44652688.0000|5.9200
132000|5.9100|5.9500|5.9100|5.9400|8703168|51625520.0000|5.9400
132500|5.9400|5.9800|5.9400|5.9700|16418384|97859824.0000|5.9700
133000|5.9700|5.9900|5.9700|5.9700|14160192|84683600.0000|5.9700
133500|5.9800|5.9800|5.9700|5.9700|10018800|59883552.0000|5.9700
134000|5.9700|5.9700|5.9500|5.9600|6083024|36265440.0000|5.9600
134500|5.9700|5.9800|5.9600|5.9700|7514496|44864448.0000|5.9700
135000|5.9600|6.0000|5.9600|5.9800|20490304|122658976.0000|5.9800
135500|5.9900|6.0000|5.9800|5.9900|13359056|80043520.0000|5.9900
140000|5.9900|6.0100|5.9900|6.0000|19839936|119077984.0000|6.0000
140500|5.9900|6.0000|5.9800|5.9900|8182000|49033504.0000|5.9900
141000|5.9900|6.0100|5.9900|6.0100|11182800|67124832.0000|6.0100
141500|6.0000|6.0200|5.9900|6.0200|13840384|83097888.0000|6.0200
142000|6.0100|6.0200|6.0000|6.0000|10218224|61448160.0000|6.0000
142500|6.0000|6.0100|5.9800|5.9900|6149600|36875776.0000|5.9900
143000|6.0000|6.0000|5.9800|5.9800|4151600|24873392.0000|5.9800
143500|5.9800|5.9900|5.9700|5.9800|4290000|25663872.0000|5.9800
144000|5.9800|6.0000|5.9800|6.0000|5293104|31702320.0000|6.0000
144500|5.9900|6.0000|5.9800|6.0000|9435856|56517568.0000|6.0000
145000|5.9900|6.0000|5.9800|6.0000|7640512|45780304.0000|6.0000
145500|5.9900|6.0000|5.9800|6.0000|8189392|49071088.0000|6.0000
150000|6.0000|6.0000|5.9900|6.0000|11197616|67172112.0000|6.0000
