093500|8.8900|8.9600|8.8900|8.9400|12750900|113732648.0000|8.9400
094000|8.9500|8.9700|8.9300|8.9600|6739100|60333016.0000|8.9600
094500|8.9600|8.9600|8.9000|8.9000|3453100|30802752.0000|8.9000
095000|8.9100|8.9100|8.8900|8.8900|3927700|34939936.0000|8.8900
095500|8.9000|8.9100|8.8700|8.8700|3736400|33216704.0000|8.8700
100000|8.8800|8.8800|8.8600|8.8700|3129800|27752256.0000|8.8700
100500|8.8700|8.8800|8.8500|8.8600|4023400|35652832.0000|8.8600
101000|8.8600|8.8700|8.8500|8.8500|2276300|20159360.0000|8.8500
101500|8.8500|8.8700|8.8500|8.8600|2139700|18955872.0000|8.8600
102000|8.8500|8.8500|8.8400|8.8400|4039100|35720800.0000|8.8400
102500|8.8400|8.8700|8.8400|8.8700|2064400|18287232.0000|8.8700
103000|8.8700|8.8800|8.8600|8.8700|1147900|10183360.0000|8.8700
103500|8.8700|8.8800|8.8600|8.8700|1223000|10840384.0000|8.8700
104000|8.8700|8.8800|8.8600|8.8600|937200|8310464.0000|8.8600
104500|8.8700|8.8700|8.8500|8.8700|1049900|9303072.0000|8.8700
105000|8.8700|8.8700|8.8500|8.8700|1114300|9869376.0000|8.8700
105500|8.8700|8.8700|8.8500|8.8500|576000|5101760.0000|8.8500
110000|8.8600|8.8600|8.8500|8.8600|1154600|10220384.0000|8.8600
110500|8.8500|8.8600|8.8400|8.8500|1437500|12722720.0000|8.8500
111000|8.8600|8.8600|8.8400|8.8500|1740900|15397888.0000|8.8500
111500|8.8400|8.8500|8.8300|8.8400|2955100|26109536.0000|8.8400
112000|8.8300|8.8400|8.8300|8.8400|1929800|17042948.0000|8.8400
112500|8.8400|8.8400|8.8300|8.8400|1472400|13009408.0000|8.8400
113000|8.8400|8.8400|8.8200|8.8200|2021200|17839668.0000|8.8200
130500|8.8300|8.8300|8.8000|8.8100|6942700|61184134.0000|8.8100
131000|8.8100|8.8200|8.7900|8.8000|4953300|43597826.0000|8.8000
131500|8.8000|8.8100|8.7900|8.8000|1193900|10507008.0000|8.8000
132000|8.8100|8.8100|8.7900|8.8000|1871800|16468608.0000|8.8000
132500|8.8000|8.8000|8.7800|8.7900|2819900|24789060.0000|8.7900
133000|8.7900|8.8000|8.7800|8.7800|2527000|22194812.0000|8.7800
133500|8.7800|8.7900|8.7700|8.7800|2933400|25752888.0000|8.7800
134000|8.7800|8.7800|8.7600|8.7800|3537500|31026767.0000|8.7800
134500|8.7800|8.7800|8.7600|8.7800|1900000|16669171.0000|8.7800
135000|8.7700|8.7800|8.7600|8.7800|2934400|25739974.0000|8.7800
135500|8.7800|8.8000|8.7800|8.8000|1426600|12544896.0000|8.8000
140000|8.7900|8.8000|8.7900|8.7900|1797400|15808768.0000|8.7900
140500|8.8000|8.8100|8.7800|8.8100|2546500|22396801.0000|8.8100
141000|8.8100|8.8100|8.7900|8.8000|1406900|12381887.0000|8.8000
141500|8.8000|8.8100|8.7900|8.7900|1821200|16027904.0000|8.7900
142000|8.8000|8.8100|8.7900|8.7900|3883600|34162119.0000|8.7900
142500|8.8000|8.8000|8.7800|8.7800|1486000|13058674.0000|8.7800
143000|8.7900|8.8000|8.7800|8.7900|2228400|19587273.0000|8.7900
143500|8.8000|8.8000|8.7800|8.8000|1247200|10963127.0000|8.8000
144000|8.8000|8.8100|8.7900|8.7900|1888400|16617287.0000|8.7900
144500|8.8000|8.8000|8.7900|8.8000|1603400|14105340.0000|8.8000
145000|8.7900|8.8000|8.7800|8.8000|3541400|31135816.0000|8.8000
145500|8.8000|8.8000|8.7900|8.7900|2487400|21876343.0000|8.7900
150000|8.7900|8.8000|8.7900|8.7900|2704800|23780993.0000|8.7900
