09350000|3.0238950000|3.0238950000|3.0141405000|3.0141405000|828100|2563143.0000|3.0141405000
09400000|3.0141405000|3.0238950000|3.0043860000|3.0141405000|1002100|3096400.0000|3.0141405000
09450000|3.0141405000|3.0141405000|3.0043860000|3.0141405000|759700|2346264.0000|3.0141405000
09500000|3.0141405000|3.0141405000|3.0043860000|3.0043860000|268200|828423.0000|3.0043860000
09550000|3.0043860000|3.0141405000|3.0043860000|3.0141405000|748300|2312054.0000|3.0141405000
10000000|3.0141405000|3.0238950000|3.0141405000|3.0141405000|316200|978668.0000|3.0141405000
10050000|3.0141405000|3.0336495000|3.0141405000|3.0336495000|1540900|4777602.0000|3.0336495000
10100000|3.0238950000|3.0336495000|3.0238950000|3.0238950000|259800|805554.0000|3.0238950000
10150000|3.0238950000|3.0336495000|3.0238950000|3.0238950000|300200|932052.0000|3.0238950000
10200000|3.0238950000|3.0336495000|3.0238950000|3.0336495000|156300|485346.0000|3.0336495000
10250000|3.0238950000|3.0336495000|3.0238950000|3.0238950000|215100|667134.0000|3.0238950000
10300000|3.0238950000|3.0336495000|3.0238950000|3.0238950000|465800|1445664.0000|3.0238950000
10350000|3.0336495000|3.0434040000|3.0336495000|3.0434040000|2043400|6357052.0000|3.0434040000
10400000|3.0336495000|3.0434040000|3.0336495000|3.0434040000|176500|549986.0000|3.0434040000
10450000|3.0434040000|3.0434040000|3.0336495000|3.0336495000|397000|1235230.0000|3.0336495000
10500000|3.0336495000|3.0434040000|3.0336495000|3.0336495000|254700|793664.0000|3.0336495000
10550000|3.0336495000|3.0434040000|3.0336495000|3.0336495000|234400|730630.0000|3.0336495000
11000000|3.0434040000|3.0434040000|3.0336495000|3.0336495000|741400|2312582.0000|3.0336495000
11050000|3.0336495000|3.0434040000|3.0238950000|3.0238950000|1109700|3451910.0000|3.0238950000
11100000|3.0336495000|3.0336495000|3.0238950000|3.0336495000|143800|446612.0000|3.0336495000
11150000|3.0336495000|3.0336495000|3.0238950000|3.0238950000|153100|475748.0000|3.0238950000
11200000|3.0336495000|3.0336495000|3.0238950000|3.0238950000|162300|503508.0000|3.0238950000
11250000|3.0238950000|3.0336495000|3.0141405000|3.0238950000|729700|2262012.0000|3.0238950000
11300000|3.0238950000|3.0238950000|3.0141405000|3.0238950000|260700|806724.0000|3.0238950000
13050000|3.0238950000|3.0238950000|3.0141405000|3.0238950000|815100|2522788.0000|3.0238950000
13100000|3.0238950000|3.0336495000|3.0141405000|3.0336495000|452700|1403172.0000|3.0336495000
13150000|3.0238950000|3.0336495000|3.0141405000|3.0336495000|421100|1305548.0000|3.0336495000
13200000|3.0238950000|3.0336495000|3.0238950000|3.0238950000|57500|178452.0000|3.0238950000
13250000|3.0336495000|3.0336495000|3.0141405000|3.0141405000|313200|971160.0000|3.0141405000
13300000|3.0238950000|3.0238950000|3.0141405000|3.0141405000|328500|1017612.0000|3.0141405000
13350000|3.0238950000|3.0336495000|3.0141405000|3.0238950000|227600|705720.0000|3.0238950000
13400000|3.0238950000|3.0336495000|3.0238950000|3.0238950000|85400|264844.0000|3.0238950000
13450000|3.0238950000|3.0336495000|3.0141405000|3.0238950000|173300|537252.0000|3.0238950000
13500000|3.0141405000|3.0238950000|3.0141405000|3.0141405000|271400|841084.0000|3.0141405000
13550000|3.0141405000|3.0238950000|3.0141405000|3.0238950000|16600|51356.0000|3.0238950000
14000000|3.0238950000|3.0238950000|3.0141405000|3.0141405000|313800|972476.0000|3.0141405000
14050000|3.0141405000|3.0238950000|3.0141405000|3.0238950000|308300|952800.0000|3.0238950000
14100000|3.0238950000|3.0238950000|3.0141405000|3.0238950000|102200|315908.0000|3.0238950000
14150000|3.0238950000|3.0238950000|3.0141405000|3.0238950000|39000|120732.0000|3.0238950000
14200000|3.0238950000|3.0238950000|3.0141405000|3.0141405000|91800|284324.0000|3.0141405000
14250000|3.0141405000|3.0238950000|3.0141405000|3.0141405000|286300|885444.0000|3.0141405000
14300000|3.0141405000|3.0238950000|3.0141405000|3.0141405000|368400|1138772.0000|3.0141405000
14350000|3.0141405000|3.0238950000|3.0141405000|3.0141405000|170100|526108.0000|3.0141405000
14400000|3.0141405000|3.0238950000|3.0141405000|3.0141405000|207800|642152.0000|3.0141405000
14450000|3.0141405000|3.0238950000|3.0141405000|3.0238950000|197400|610200.0000|3.0238950000
14500000|3.0238950000|3.0238950000|3.0043860000|3.0141405000|1117300|3452108.0000|3.0141405000
14550000|3.0141405000|3.0238950000|3.0043860000|3.0141405000|644100|1990320.0000|3.0141405000
15000000|3.0141405000|3.0238950000|3.0043860000|3.0043860000|305800|943564.0000|3.0043860000
