093500|12.34|12.75|12.34|12.58|153387.0|192418029.0|13.31
094000|12.58|12.72|12.58|12.59|57304.0|72434040.0|12.58
094500|12.58|12.59|12.45|12.45|49806.0|62352258.0|12.59
095000|12.45|12.6|12.44|12.59|31618.0|39460700.0|12.45
095500|12.58|12.63|12.55|12.59|20370.0|25634046.0|12.59
100000|12.58|12.62|12.57|12.59|12664.0|15948208.0|12.59
100500|12.59|12.65|12.56|12.64|13306.0|16788288.0|12.59
101000|12.64|12.67|12.63|12.63|10355.0|13098153.0|12.64
101500|12.63|12.69|12.63|12.68|10808.0|13686457.0|12.63
102000|12.68|12.69|12.67|12.68|6054.0|7678207.0|12.68
102500|12.68|12.69|12.63|12.69|14774.0|18698225.0|12.68
103000|12.69|12.7|12.67|12.69|7863.0|9977757.0|12.69
103500|12.7|12.7|12.61|12.61|8893.0|11247338.0|12.69
104000|12.62|12.63|12.58|12.58|6873.0|8661413.0|12.61
104500|12.58|12.62|12.57|12.61|7104.0|8945225.0|12.58
105000|12.6|12.6|12.56|12.58|8287.0|10423339.0|12.61
105500|12.58|12.59|12.56|12.56|8714.0|10953301.0|12.58
110000|12.57|12.59|12.55|12.59|5578.0|7012486.0|12.56
110500|12.59|12.64|12.59|12.63|4702.0|5928885.0|12.59
111000|12.63|12.67|12.59|12.64|4766.0|6021405.0|12.63
111500|12.63|12.65|12.62|12.64|3829.0|4839264.0|12.64
112000|12.64|12.64|12.62|12.63|2461.0|3108871.0|12.64
112500|12.63|12.64|12.62|12.63|2664.0|3363221.0|12.63
113000|12.62|12.64|12.61|12.61|2747.0|3468060.0|12.63
130500|12.62|12.87|12.61|12.72|29386.0|37478845.0|12.61
131000|12.72|12.79|12.68|12.75|6296.0|8023874.0|12.72
131500|12.76|12.8|12.73|12.77|6001.0|7657548.0|12.75
132000|12.77|12.78|12.75|12.78|5386.0|6876527.0|12.77
132500|12.78|12.8|12.77|12.79|6274.0|8020134.0|12.78
133000|12.79|12.8|12.75|12.79|4749.0|6068096.0|12.79
133500|12.79|12.82|12.78|12.82|6192.0|7923180.0|12.79
134000|12.82|12.83|12.78|12.81|8375.0|10722356.0|12.82
134500|12.8|12.82|12.75|12.75|6393.0|8178051.0|12.81
135000|12.75|12.76|12.72|12.74|3372.0|4295177.0|12.75
135500|12.74|12.76|12.73|12.75|2960.0|3772946.0|12.74
140000|12.74|12.76|12.72|12.72|3368.0|4291880.0|12.75
140500|12.72|12.72|12.68|12.69|6264.0|7955695.0|12.72
141000|12.68|12.73|12.67|12.71|3880.0|4929407.0|12.69
141500|12.72|12.74|12.7|12.72|5350.0|6803022.0|12.71
142000|12.71|12.73|12.7|12.7|2549.0|3240940.0|12.72
142500|12.71|12.73|12.68|12.71|6842.0|8690342.0|12.7
143000|12.71|12.72|12.7|12.72|3846.0|4887083.0|12.71
143500|12.72|12.74|12.69|12.72|8144.0|10355711.0|12.72
144000|12.71|12.72|12.7|12.71|3513.0|4464445.0|12.72
144500|12.7|12.71|12.66|12.68|10070.0|12768521.0|12.71
145000|12.68|12.72|12.67|12.72|9183.0|11657027.0|12.68
145500|12.71|12.73|12.7|12.72|15288.0|19440383.0|12.72
150000|12.72|12.73|12.71|12.73|13958.0|17760778.0|12.72
