093500|4.53|4.53|4.51|4.52|3299.0|1491683.0|4.52
094000|4.52|4.53|4.5|4.51|5537.0|2502061.0|4.52
094500|4.51|4.53|4.5|4.52|5141.0|2321070.0|4.51
095000|4.53|4.53|4.52|4.52|1538.0|696036.0|4.52
095500|4.53|4.53|4.52|4.52|1978.0|895166.0|4.52
100000|4.53|4.53|4.52|4.53|1649.0|746024.0|4.52
100500|4.52|4.53|4.51|4.52|1950.0|881454.0|4.53
101000|4.52|4.52|4.51|4.51|2708.0|1223262.0|4.52
101500|4.52|4.52|4.51|4.52|1678.0|757936.0|4.51
102000|4.52|4.53|4.51|4.51|2150.0|971574.0|4.52
102500|4.51|4.52|4.51|4.51|2058.0|928436.0|4.51
103000|4.51|4.52|4.51|4.52|3150.0|1421143.0|4.51
103500|4.51|4.52|4.5|4.51|2260.0|1019055.0|4.52
104000|4.51|4.51|4.5|4.51|1221.0|549841.0|4.51
104500|4.51|4.51|4.49|4.49|4681.0|2106236.0|4.51
105000|4.49|4.51|4.49|4.51|1326.0|596693.0|4.49
105500|4.51|4.51|4.5|4.5|401.0|180849.0|4.51
110000|4.51|4.51|4.5|4.51|958.0|431271.0|4.5
110500|4.5|4.51|4.5|4.5|458.0|206230.0|4.51
111000|4.51|4.51|4.5|4.51|1560.0|703438.0|4.5
111500|4.51|4.51|4.5|4.51|824.0|371576.0|4.51
112000|4.51|4.51|4.5|4.51|514.0|231535.0|4.51
112500|4.51|4.52|4.5|4.51|1020.0|459913.0|4.51
113000|4.5|4.51|4.5|4.51|565.0|254646.0|4.51
130500|4.51|4.51|4.5|4.5|1428.0|643199.0|4.51
131000|4.51|4.51|4.5|4.51|866.0|390562.0|4.5
131500|4.51|4.52|4.5|4.5|654.0|294937.0|4.51
132000|4.51|4.51|4.5|4.51|672.0|302607.0|4.5
132500|4.5|4.51|4.5|4.5|583.0|262432.0|4.51
133000|4.5|4.52|4.5|4.51|5545.0|2504608.0|4.5
133500|4.52|4.52|4.51|4.51|1385.0|624875.0|4.51
134000|4.51|4.52|4.51|4.52|2871.0|1297391.0|4.51
134500|4.52|4.52|4.51|4.51|1306.0|589716.0|4.52
135000|4.51|4.52|4.51|4.51|1617.0|729269.0|4.51
135500|4.51|4.52|4.51|4.51|513.0|231452.0|4.51
140000|4.52|4.52|4.51|4.51|1441.0|649949.0|4.51
140500|4.51|4.53|4.51|4.53|2824.0|1276848.0|4.51
141000|4.53|4.54|4.53|4.53|6742.0|3056700.0|4.53
141500|4.54|4.54|4.53|4.53|1791.0|811938.0|4.53
142000|4.54|4.54|4.53|4.54|2423.0|1099739.0|4.53
142500|4.53|4.55|4.53|4.53|3275.0|1486546.0|4.54
143000|4.54|4.54|4.53|4.54|661.0|299985.0|4.53
143500|4.54|4.54|4.53|4.53|1438.0|652575.0|4.54
144000|4.53|4.54|4.53|4.54|623.0|282529.0|4.53
144500|4.53|4.54|4.53|4.54|1785.0|809709.0|4.54
145000|4.54|4.54|4.53|4.54|1941.0|880618.0|4.54
145500|4.54|4.54|4.53|4.54|3859.0|1751654.0|4.54
150000|4.53|4.55|4.53|4.54|2263.0|1028084.0|4.54
