093500|14.56|14.7|14.36|14.42|2350.0|3401162.0|14.6
094000|14.42|14.45|14.31|14.36|6020.0|8680665.0|14.42
094500|14.36|14.38|14.21|14.22|4833.0|6900016.0|14.36
095000|14.22|14.27|14.13|14.13|6556.0|9307260.0|14.22
095500|14.13|14.13|13.91|14.03|8768.0|12293259.0|14.13
100000|14.02|14.11|13.97|14.03|3030.0|4245267.0|14.03
100500|14.03|14.06|13.99|13.99|2220.0|3113513.0|14.03
101000|13.98|13.99|13.81|13.9|10026.0|13930379.0|13.99
101500|13.91|14.03|13.91|14.02|2536.0|3543905.0|13.9
102000|14.03|14.03|13.98|14.01|1918.0|2686778.0|14.02
102500|14.02|14.02|13.95|13.96|2019.0|2826552.0|14.01
103000|13.96|13.97|13.94|13.94|1500.0|2092662.0|13.96
103500|13.95|14.0|13.93|13.96|2703.0|3777081.0|13.94
104000|13.96|13.96|13.91|13.91|1255.0|1748616.0|13.96
104500|13.91|13.95|13.83|13.85|5396.0|7490923.0|13.91
105000|13.86|13.89|13.84|13.87|1576.0|2183890.0|13.85
105500|13.87|13.87|13.74|13.77|6776.0|9353175.0|13.87
110000|13.77|13.79|13.75|13.77|3239.0|4459790.0|13.77
110500|13.76|13.79|13.75|13.76|2079.0|2862130.0|13.77
111000|13.76|13.78|13.72|13.73|4206.0|5784168.0|13.76
111500|13.74|13.82|13.74|13.76|2271.0|3126990.0|13.73
112000|13.76|13.8|13.74|13.78|2628.0|3619715.0|13.76
112500|13.77|13.8|13.7|13.7|5019.0|6893287.0|13.78
113000|13.71|13.76|13.63|13.74|4299.0|5885989.0|13.7
130500|13.75|13.75|13.64|13.66|6174.0|8451519.0|13.74
131000|13.65|13.69|13.63|13.66|2314.0|3159825.0|13.66
131500|13.69|13.76|13.69|13.75|2148.0|2947138.0|13.66
132000|13.75|13.79|13.72|13.77|1062.0|1460286.0|13.75
132500|13.77|13.8|13.75|13.76|1419.0|1954174.0|13.77
133000|13.76|13.77|13.74|13.77|889.0|1222621.0|13.76
133500|13.77|13.8|13.76|13.8|1304.0|1796689.0|13.77
134000|13.79|13.82|13.77|13.81|1349.0|1862156.0|13.8
134500|13.8|13.82|13.8|13.82|580.0|801266.0|13.81
135000|13.82|13.82|13.8|13.8|795.0|1098045.0|13.82
135500|13.81|13.83|13.8|13.83|949.0|1311436.0|13.8
140000|13.83|13.86|13.81|13.81|1324.0|1832009.0|13.83
140500|13.82|13.84|13.81|13.82|840.0|1161241.0|13.81
141000|13.83|13.87|13.83|13.86|1613.0|2233804.0|13.82
141500|13.87|13.87|13.83|13.85|1733.0|2400366.0|13.86
142000|13.85|13.87|13.84|13.86|1182.0|1637347.0|13.85
142500|13.85|13.86|13.84|13.85|925.0|1281422.0|13.86
143000|13.85|13.86|13.82|13.82|2147.0|2972161.0|13.85
143500|13.82|13.86|13.82|13.85|2483.0|3437876.0|13.82
144000|13.86|13.87|13.85|13.87|1085.0|1503907.0|13.85
144500|13.86|13.88|13.85|13.86|1224.0|1697220.0|13.87
145000|13.86|13.91|13.86|13.91|1645.0|2285053.0|13.86
145500|13.91|13.93|13.88|13.92|2202.0|3061408.0|13.91
150000|13.92|13.95|13.9|13.9|2863.0|3982146.0|13.92
