093500|14.25|14.56|14.22|14.51|11034.0|15931500.0|13.9
094000|14.53|14.59|14.32|14.34|8097.0|11688476.0|14.51
094500|14.35|14.38|14.25|14.34|4495.0|6428977.0|14.34
095000|14.36|14.46|14.34|14.35|5716.0|8237131.0|14.34
095500|14.34|14.37|14.29|14.32|5132.0|7349371.0|14.35
100000|14.31|14.34|14.25|14.34|3868.0|5524837.0|14.32
100500|14.35|14.46|14.34|14.4|4168.0|6000601.0|14.34
101000|14.39|14.49|14.37|14.45|3329.0|4802628.0|14.4
101500|14.46|14.46|14.36|14.41|1755.0|2527038.0|14.45
102000|14.41|14.48|14.35|14.4|2569.0|3703319.0|14.41
102500|14.4|14.47|14.37|14.42|2506.0|3613471.0|14.4
103000|14.42|14.48|14.39|14.48|1579.0|2277729.0|14.42
103500|14.47|14.6|14.43|14.55|4549.0|6609432.0|14.48
104000|14.57|14.6|14.52|14.55|3509.0|5105260.0|14.55
104500|14.56|14.7|14.55|14.67|6090.0|8906750.0|14.55
105000|14.67|14.7|14.62|14.67|4472.0|6553826.0|14.67
105500|14.66|14.8|14.64|14.79|6232.0|9177550.0|14.67
110000|14.79|14.84|14.7|14.79|7679.0|11338256.0|14.79
110500|14.79|14.82|14.73|14.79|5654.0|8347434.0|14.79
111000|14.79|14.8|14.73|14.74|2958.0|4366982.0|14.79
111500|14.73|14.78|14.72|14.74|2577.0|3799155.0|14.74
112000|14.74|14.78|14.7|14.71|1252.0|1845068.0|14.74
112500|14.73|14.76|14.68|14.7|1812.0|2666874.0|14.71
113000|14.74|14.8|14.64|14.77|4093.0|6031253.0|14.7
130500|14.71|14.74|14.63|14.68|4238.0|6218213.0|14.77
131000|14.68|14.72|14.57|14.57|3586.0|5250288.0|14.68
131500|14.6|14.61|14.57|14.59|2123.0|3096952.0|14.57
132000|14.59|14.6|14.57|14.58|1207.0|1759943.0|14.59
132500|14.57|14.58|14.51|14.51|2048.0|2981016.0|14.58
133000|14.52|14.52|14.46|14.49|1867.0|2705285.0|14.51
133500|14.52|14.6|14.49|14.58|1724.0|2508815.0|14.49
134000|14.56|14.62|14.56|14.59|1549.0|2260168.0|14.58
134500|14.59|14.59|14.5|14.53|1708.0|2487747.0|14.59
135000|14.54|14.58|14.51|14.55|1756.0|2552582.0|14.53
135500|14.55|14.57|14.52|14.57|1479.0|2152467.0|14.55
140000|14.57|14.57|14.52|14.54|1358.0|1975603.0|14.57
140500|14.55|14.58|14.54|14.56|1459.0|2124130.0|14.54
141000|14.56|14.61|14.54|14.61|1818.0|2648554.0|14.56
141500|14.61|14.61|14.56|14.6|1407.0|2051647.0|14.61
142000|14.6|14.68|14.6|14.64|2314.0|3384763.0|14.6
142500|14.64|14.68|14.62|14.67|1251.0|1834214.0|14.64
143000|14.66|14.66|14.59|14.62|1464.0|2141099.0|14.67
143500|14.61|14.67|14.61|14.63|2926.0|4284282.0|14.62
144000|14.63|14.64|14.6|14.63|2005.0|2931528.0|14.63
144500|14.62|14.65|14.62|14.64|1689.0|2472346.0|14.63
145000|14.63|14.65|14.62|14.63|2255.0|3299906.0|14.64
145500|14.62|14.63|14.6|14.61|3398.0|4965667.0|14.63
150000|14.62|14.7|14.59|14.7|2826.0|4138515.0|14.61
