09350000|2.4941339600|2.5034404300|2.4941339600|2.5034404300|2396200|6437586.0000|2.5034404300
09400000|2.5034404300|2.5034404300|2.4941339600|2.5034404300|822600|2209666.0000|2.5034404300
09450000|2.5034404300|2.5034404300|2.4941339600|2.5034404300|598200|1607717.0000|2.5034404300
09500000|2.5034404300|2.5034404300|2.4941339600|2.4941339600|354400|951149.0000|2.4941339600
09550000|2.4941339600|2.5034404300|2.4941339600|2.4941339600|639300|1717919.0000|2.4941339600
10000000|2.5034404300|2.5034404300|2.4941339600|2.5034404300|713000|1914470.0000|2.5034404300
10050000|2.4941339600|2.5034404300|2.4941339600|2.4941339600|862500|2317597.0000|2.4941339600
10100000|2.5034404300|2.5034404300|2.4941339600|2.4941339600|791600|2127729.0000|2.4941339600
10150000|2.5034404300|2.5034404300|2.4941339600|2.5034404300|613900|1649787.0000|2.5034404300
10200000|2.5034404300|2.5034404300|2.4941339600|2.4941339600|1082900|2907960.0000|2.4941339600
10250000|2.5034404300|2.5034404300|2.4941339600|2.4941339600|588800|1580222.0000|2.4941339600
10300000|2.4941339600|2.5034404300|2.4941339600|2.5034404300|932700|2506694.0000|2.5034404300
10350000|2.5034404300|2.5034404300|2.4941339600|2.4941339600|354700|952883.0000|2.4941339600
10400000|2.5034404300|2.5034404300|2.4941339600|2.4941339600|266200|714701.0000|2.4941339600
10450000|2.4941339600|2.5034404300|2.4941339600|2.4941339600|590300|1584568.0000|2.4941339600
10500000|2.5034404300|2.5034404300|2.4941339600|2.4941339600|396715|1065099.0000|2.4941339600
10550000|2.4941339600|2.5034404300|2.4941339600|2.5034404300|439100|1180036.0000|2.5034404300
11000000|2.5034404300|2.5034404300|2.4941339600|2.4941339600|361300|970977.0000|2.4941339600
11050000|2.4941339600|2.5034404300|2.4941339600|2.4941339600|155700|418223.0000|2.4941339600
11100000|2.4941339600|2.5034404300|2.4941339600|2.5034404300|320200|859105.0000|2.5034404300
11150000|2.5034404300|2.5034404300|2.4941339600|2.5034404300|229600|616846.0000|2.5034404300
11200000|2.5034404300|2.5034404300|2.4941339600|2.5034404300|248800|668367.0000|2.5034404300
11250000|2.4941339600|2.5034404300|2.4941339600|2.4941339600|454500|1220197.0000|2.4941339600
11300000|2.4941339600|2.5034404300|2.4941339600|2.5034404300|388700|1044242.0000|2.5034404300
13050000|2.5034404300|2.5034404300|2.4941339600|2.5034404300|1664200|4474085.0000|2.5034404300
13100000|2.4941339600|2.5034404300|2.4941339600|2.4941339600|1006200|2701272.0000|2.4941339600
13150000|2.4941339600|2.5034404300|2.4941339600|2.5034404300|594500|1595043.0000|2.5034404300
13200000|2.5034404300|2.5034404300|2.4941339600|2.4941339600|455500|1222093.0000|2.4941339600
13250000|2.5034404300|2.5034404300|2.4941339600|2.4941339600|347000|930798.0000|2.4941339600
13300000|2.4941339600|2.5034404300|2.4941339600|2.5034404300|945400|2534141.0000|2.5034404300
13350000|2.5034404300|2.5034404300|2.4941339600|2.4941339600|400000|1073150.0000|2.4941339600
13400000|2.4941339600|2.5034404300|2.4941339600|2.4941339600|375800|1008109.0000|2.4941339600
13450000|2.5034404300|2.5034404300|2.4941339600|2.4941339600|405600|1088816.0000|2.4941339600
13500000|2.4941339600|2.5034404300|2.4941339600|2.5034404300|477700|1282469.0000|2.5034404300
13550000|2.4941339600|2.5034404300|2.4941339600|2.4941339600|382500|1026750.0000|2.4941339600
14000000|2.5034404300|2.5034404300|2.4941339600|2.5034404300|1315100|3533728.0000|2.5034404300
14050000|2.5034404300|2.5127469000|2.5034404300|2.5127469000|2860700|7701339.0000|2.5127469000
14100000|2.5127469000|2.5127469000|2.5034404300|2.5127469000|983400|2653679.0000|2.5127469000
14150000|2.5127469000|2.5127469000|2.5034404300|2.5034404300|736100|1984895.0000|2.5034404300
14200000|2.5127469000|2.5127469000|2.5034404300|2.5127469000|1793000|4839222.0000|2.5127469000
14250000|2.5127469000|2.5127469000|2.5034404300|2.5127469000|586300|1579870.0000|2.5127469000
14300000|2.5127469000|2.5127469000|2.5034404300|2.5034404300|447800|1206285.0000|2.5034404300
14350000|2.5034404300|2.5127469000|2.5034404300|2.5034404300|652100|1757205.0000|2.5034404300
14400000|2.5127469000|2.5127469000|2.5034404300|2.5127469000|782200|2109629.0000|2.5127469000
14450000|2.5127469000|2.5127469000|2.5034404300|2.5127469000|620700|1673644.0000|2.5127469000
14500000|2.5127469000|2.5127469000|2.5034404300|2.5127469000|1983100|5341509.0000|2.5127469000
14550000|2.5127469000|2.5127469000|2.5034404300|2.5034404300|2119342|5714972.0000|2.5034404300
15000000|2.5127469000|2.5127469000|2.5034404300|2.5127469000|2563160|6918356.0000|2.5127469000
