09350000|2.9873768700|3.0059898100|2.9594574600|2.9687639300|11583659|37144048.0000|2.9687639300
09400000|2.9594574600|2.9780704000|2.9594574600|2.9594574600|4652900|14825479.0000|2.9594574600
09450000|2.9687639300|2.9873768700|2.9594574600|2.9780704000|4070000|13015699.0000|2.9780704000
09500000|2.9873768700|2.9873768700|2.9501509900|2.9501509900|6963800|22179439.0000|2.9501509900
09550000|2.9501509900|2.9594574600|2.9315380500|2.9315380500|9762500|30845396.0000|2.9315380500
10000000|2.9315380500|2.9501509900|2.9315380500|2.9501509900|5577000|17629195.0000|2.9501509900
10050000|2.9408445200|2.9501509900|2.9222315800|2.9315380500|7595300|23956643.0000|2.9315380500
10100000|2.9315380500|2.9315380500|2.9222315800|2.9222315800|5262300|16532242.0000|2.9222315800
10150000|2.9222315800|2.9501509900|2.9222315800|2.9408445200|5793560|18267529.0000|2.9408445200
10200000|2.9501509900|2.9501509900|2.9315380500|2.9315380500|1736540|5481691.0000|2.9315380500
10250000|2.9408445200|2.9408445200|2.9222315800|2.9315380500|2491900|7843782.0000|2.9315380500
10300000|2.9222315800|2.9408445200|2.9222315800|2.9315380500|2276700|7160502.0000|2.9315380500
10350000|2.9222315800|2.9408445200|2.9222315800|2.9315380500|3537200|11134991.0000|2.9315380500
10400000|2.9315380500|2.9408445200|2.9222315800|2.9222315800|2093800|6593148.0000|2.9222315800
10450000|2.9222315800|2.9315380500|2.9222315800|2.9315380500|1133400|3563228.0000|2.9315380500
10500000|2.9315380500|2.9315380500|2.9222315800|2.9315380500|2218400|6970228.0000|2.9315380500
10550000|2.9315380500|2.9315380500|2.9129251100|2.9129251100|5275000|16532669.0000|2.9129251100
11000000|2.9129251100|2.9222315800|2.9036186400|2.9129251100|6129500|19150539.0000|2.9129251100
11050000|2.9036186400|2.9222315800|2.8943121700|2.9129251100|8136422|25430704.0000|2.9129251100
11100000|2.9129251100|2.9222315800|2.9036186400|2.9129251100|3954100|12355616.0000|2.9129251100
11150000|2.9036186400|2.9129251100|2.8850057000|2.8943121700|14352900|44678480.0000|2.8943121700
11200000|2.8943121700|2.9036186400|2.8850057000|2.8850057000|12690100|39450992.0000|2.8850057000
11250000|2.8943121700|2.9036186400|2.8850057000|2.8943121700|4754600|14772384.0000|2.8943121700
11300000|2.8850057000|2.8943121700|2.8663927600|2.8756992300|12547818|38841232.0000|2.8756992300
13050000|2.8756992300|2.8943121700|2.8756992300|2.8850057000|9274760|28704128.0000|2.8850057000
13100000|2.8850057000|2.9036186400|2.8850057000|2.8850057000|6030600|18736832.0000|2.8850057000
13150000|2.8850057000|2.9129251100|2.8850057000|2.9036186400|5258300|16387424.0000|2.9036186400
13200000|2.9036186400|2.9222315800|2.9036186400|2.9222315800|5518400|17294272.0000|2.9222315800
13250000|2.9222315800|2.9408445200|2.9222315800|2.9408445200|5652000|17790544.0000|2.9408445200
13300000|2.9408445200|2.9501509900|2.9315380500|2.9501509900|3425993|10814288.0000|2.9501509900
13350000|2.9408445200|2.9501509900|2.9315380500|2.9501509900|1529300|4829648.0000|2.9501509900
13400000|2.9408445200|2.9501509900|2.9408445200|2.9408445200|1442200|4564096.0000|2.9408445200
13450000|2.9501509900|2.9501509900|2.9408445200|2.9408445200|1523700|4822160.0000|2.9408445200
13500000|2.9408445200|2.9501509900|2.9315380500|2.9408445200|1947400|6159856.0000|2.9408445200
13550000|2.9408445200|2.9408445200|2.9315380500|2.9408445200|1156600|3646160.0000|2.9408445200
14000000|2.9408445200|2.9408445200|2.9315380500|2.9408445200|1532300|4835152.0000|2.9408445200
14050000|2.9408445200|2.9594574600|2.9408445200|2.9594574600|3436700|10888944.0000|2.9594574600
14100000|2.9594574600|2.9594574600|2.9408445200|2.9408445200|2845600|9017728.0000|2.9408445200
14150000|2.9501509900|2.9594574600|2.9408445200|2.9594574600|2933600|9302688.0000|2.9594574600
14200000|2.9501509900|2.9594574600|2.9501509900|2.9501509900|1846300|5860160.0000|2.9501509900
14250000|2.9501509900|2.9594574600|2.9501509900|2.9501509900|2163500|6861008.0000|2.9501509900
14300000|2.9594574600|2.9594574600|2.9501509900|2.9594574600|1053400|3344912.0000|2.9594574600
14350000|2.9501509900|2.9594574600|2.9501509900|2.9594574600|1185900|3768736.0000|2.9594574600
14400000|2.9501509900|2.9594574600|2.9501509900|2.9594574600|2642428|8399344.0000|2.9594574600
14450000|2.9594574600|2.9687639300|2.9501509900|2.9594574600|1550600|4926736.0000|2.9594574600
14500000|2.9594574600|2.9594574600|2.9501509900|2.9501509900|1092800|3471104.0000|2.9501509900
14550000|2.9501509900|2.9594574600|2.9501509900|2.9594574600|2776400|8812080.0000|2.9594574600
15000000|2.9594574600|2.9594574600|2.9501509900|2.9594574600|2427200|7712496.0000|2.9594574600
