093500|9.77|9.8|9.7|9.76|8845.0|8614334.0|9.76
094000|9.77|9.85|9.76|9.82|19718.0|19346063.0|9.76
094500|9.82|9.84|9.8|9.82|7486.0|7349923.0|9.82
095000|9.81|9.81|9.78|9.79|7344.0|7190923.0|9.82
095500|9.81|9.83|9.76|9.79|8756.0|8578109.0|9.79
100000|9.79|9.81|9.74|9.74|5030.0|4919929.0|9.79
100500|9.74|9.75|9.72|9.73|5790.0|5637227.0|9.74
101000|9.73|9.82|9.73|9.81|7819.0|7643231.0|9.73
101500|9.81|9.82|9.78|9.78|5760.0|5648533.0|9.81
102000|9.77|9.79|9.75|9.77|3571.0|3489710.0|9.78
102500|9.77|9.8|9.77|9.8|4708.0|4611399.0|9.77
103000|9.8|9.84|9.8|9.82|4770.0|4683136.0|9.8
103500|9.83|9.84|9.8|9.81|5031.0|4942118.0|9.82
104000|9.81|9.81|9.78|9.78|3997.0|3913417.0|9.81
104500|9.79|9.79|9.75|9.75|2582.0|2520661.0|9.78
105000|9.75|9.77|9.74|9.74|1898.0|1851077.0|9.75
105500|9.74|9.77|9.74|9.75|2052.0|2001813.0|9.74
110000|9.75|9.75|9.72|9.73|3188.0|3102777.0|9.75
110500|9.73|9.75|9.72|9.75|4723.0|4596191.0|9.73
111000|9.75|9.76|9.73|9.74|1796.0|1750299.0|9.75
111500|9.73|9.74|9.72|9.73|1767.0|1720192.0|9.74
112000|9.73|9.74|9.71|9.72|2693.0|2617545.0|9.73
112500|9.73|9.78|9.73|9.77|2915.0|2845693.0|9.72
113000|9.76|9.78|9.76|9.78|2179.0|2129525.0|9.77
130500|9.77|9.81|9.73|9.79|9219.0|9005865.0|9.78
131000|9.8|9.82|9.79|9.79|3561.0|3492131.0|9.79
131500|9.8|9.8|9.75|9.76|2033.0|1987823.0|9.79
132000|9.76|9.76|9.72|9.73|3529.0|3435999.0|9.76
132500|9.73|9.74|9.72|9.72|1702.0|1654962.0|9.73
133000|9.73|9.73|9.71|9.73|1723.0|1675627.0|9.72
133500|9.72|9.77|9.72|9.77|2598.0|2533603.0|9.73
134000|9.77|9.78|9.76|9.77|2111.0|2062748.0|9.77
134500|9.77|9.79|9.77|9.77|2919.0|2854503.0|9.77
135000|9.77|9.79|9.76|9.77|2694.0|2632921.0|9.77
135500|9.77|9.77|9.76|9.77|1499.0|1464349.0|9.77
140000|9.77|9.79|9.77|9.77|5226.0|5110349.0|9.77
140500|9.77|9.8|9.76|9.78|3555.0|3478143.0|9.77
141000|9.78|9.8|9.76|9.78|1890.0|1848567.0|9.78
141500|9.78|9.79|9.78|9.79|682.0|667398.0|9.78
142000|9.78|9.78|9.77|9.77|4778.0|4672077.0|9.79
142500|9.78|9.79|9.77|9.78|2993.0|2927751.0|9.77
143000|9.77|9.78|9.77|9.78|2372.0|2319433.0|9.78
143500|9.78|9.8|9.77|9.78|3579.0|3503057.0|9.78
144000|9.79|9.8|9.78|9.79|3529.0|3456586.0|9.78
144500|9.79|9.8|9.77|9.78|5430.0|5312486.0|9.79
145000|9.78|9.79|9.77|9.78|4264.0|4170030.0|9.78
145500|9.78|9.8|9.78|9.78|7590.0|7426756.0|9.78
150000|9.79|9.8|9.78|9.8|5423.0|5311653.0|9.78
