093500|39.5500|39.5800|39.3300|39.4300|123100|4853828.0000|39.4300
094000|39.4400|39.4800|39.3000|39.3200|130700|5145682.0000|39.3200
094500|39.3200|39.3700|39.1800|39.1900|232500|9133507.0000|39.1900
095000|39.1900|39.3800|39.1700|39.3600|107300|4215273.0000|39.3600
095500|39.3600|39.5000|39.2600|39.4900|78600|3093594.0000|39.4900
100000|39.4900|39.5100|39.3600|39.3700|73500|2898263.0000|39.3700
100500|39.3700|39.4000|39.3100|39.3600|54200|2133494.0000|39.3600
101000|39.3500|39.4200|39.3100|39.3100|62600|2463464.0000|39.3100
101500|39.3500|39.3900|39.3200|39.3200|26000|1022991.0000|39.3200
102000|39.3200|39.4100|39.3200|39.3700|38600|1519510.0000|39.3700
102500|39.3700|39.4600|39.2800|39.4000|75300|2961021.0000|39.4000
103000|39.3900|39.5000|39.3800|39.4500|29000|1144057.0000|39.4500
103500|39.4400|39.4500|39.3100|39.3100|26700|1051741.0000|39.3100
104000|39.3100|39.3500|39.3000|39.3000|55700|2190131.0000|39.3000
104500|39.3100|39.3300|39.2400|39.2400|65700|2579898.0000|39.2400
105000|39.2500|39.3500|39.2300|39.3200|29400|1154777.0000|39.3200
105500|39.3200|39.3400|39.2800|39.3100|35800|1406896.0000|39.3100
110000|39.3100|39.4000|39.3100|39.3400|16500|649167.0000|39.3400
110500|39.3400|39.3900|39.3400|39.3800|14800|582586.0000|39.3800
111000|39.3900|39.3900|39.3000|39.3500|38300|1507243.0000|39.3500
111500|39.3500|39.4500|39.3300|39.3800|37000|1457784.0000|39.3800
112000|39.3800|39.4800|39.3700|39.4400|50800|2001883.0000|39.4400
112500|39.4400|39.4800|39.3900|39.4300|33395|1317022.2200|39.4300
113000|39.4600|39.4900|39.4200|39.4200|30900|1219295.0000|39.4200
130500|39.4300|39.4800|39.3900|39.4200|36989|1458336.3800|39.4200
131000|39.4200|39.5500|39.3800|39.5500|61700|2434553.0000|39.5500
131500|39.5300|39.6500|39.4700|39.6400|99700|3947718.0000|39.6400
132000|39.6100|39.6100|39.5500|39.5800|28900|1143669.0000|39.5800
132500|39.5700|39.6500|39.5600|39.5900|49900|1975934.0000|39.5900
133000|39.5900|39.6400|39.5600|39.5900|97200|3849019.0000|39.5900
133500|39.5900|39.6000|39.5600|39.5800|44600|1765249.0000|39.5800
134000|39.5900|39.6000|39.5400|39.5400|28520|1128581.8000|39.5400
134500|39.5500|39.5900|39.5000|39.5300|94100|3719502.2000|39.5300
135000|39.5200|39.5200|39.4000|39.4800|45000|1775751.0000|39.4800
135500|39.4800|39.4900|39.4300|39.4400|48400|1909779.0000|39.4400
140000|39.4400|39.4600|39.4100|39.4400|66400|2618019.0000|39.4400
140500|39.4400|39.4400|39.3000|39.3400|62400|2456519.0000|39.3400
141000|39.3400|39.3600|39.3100|39.3400|40200|1581174.0000|39.3400
141500|39.3500|39.3700|39.2900|39.3500|80600|3168595.0000|39.3500
142000|39.3300|39.3900|39.3100|39.3200|57200|2251044.0000|39.3200
142500|39.3100|39.3400|39.3000|39.3400|35500|1395679.0000|39.3400
143000|39.3400|39.3500|39.3100|39.3400|31300|1230875.0000|39.3400
143500|39.3300|39.3400|39.2200|39.2700|78600|3087317.0000|39.2700
144000|39.2600|39.3100|39.2300|39.2900|91600|3597892.0000|39.2900
144500|39.3000|39.3000|39.2400|39.2700|75100|2949297.0000|39.2700
145000|39.2600|39.3200|39.2600|39.2800|77900|3060653.0000|39.2800
145500|39.2800|39.3000|39.2500|39.2900|66400|2608047.0000|39.2900
150000|39.2900|39.3300|39.2800|39.3100|57200|2248397.0000|39.3100
