09350000|38.5406333400|39.0850320000|38.5266744000|38.9663810100|351660|19552580.0000|38.9663810100
09400000|38.9384631300|39.0850320000|38.8477300200|38.8686684300|248240|13873558.0000|38.8686684300
09450000|38.8686684300|38.9942988900|38.8616889600|38.9384631300|175733|9807244.0000|38.9384631300
09500000|38.9314836600|39.0640935900|38.8477300200|38.8477300200|159668|8915804.0000|38.8477300200
09550000|38.8407505500|39.0501346500|38.8198121400|39.0291962400|134612|7507514.0000|39.0291962400
10000000|39.0361757100|39.0361757100|38.9175247200|38.9245041900|92600|5172923.0000|38.9245041900
10050000|38.9594015400|38.9594015400|38.7081406200|38.8337710800|143220|7964048.0000|38.8337710800
10100000|38.8337710800|38.8337710800|38.7220995600|38.7220995600|79700|4428665.0000|38.7220995600
10150000|38.7220995600|38.7430379700|38.6104280400|38.6662638000|102051|5652351.0000|38.6662638000
10200000|38.6662638000|38.7639763800|38.6662638000|38.6732432700|69400|3847863.0000|38.6732432700
10250000|38.6662638000|38.7500174400|38.6523048600|38.6872022100|64000|3547233.0000|38.6872022100
10300000|38.6941816800|38.8128326700|38.6872022100|38.7709558500|73100|4058038.0000|38.7709558500
10350000|38.7569969100|38.7709558500|38.5825101600|38.5894896300|89620|4965504.0000|38.5894896300
10400000|38.5894896300|38.6383459200|38.5755306900|38.6104280400|52100|2881808.0000|38.6104280400
10450000|38.6034485700|38.6313664500|38.5615717500|38.5685512200|56200|3107851.0000|38.5685512200
10500000|38.5685512200|38.5755306900|38.4289618200|38.4917770500|101500|5603812.0000|38.4917770500
10550000|38.4917770500|38.5825101600|38.4917770500|38.5755306900|33100|1827554.0000|38.5755306900
11000000|38.5755306900|38.5755306900|38.4219823500|38.4219823500|86100|4746742.0000|38.4219823500
11050000|38.4359412900|38.4708386400|38.3870850000|38.4289618200|77370|4258369.0000|38.4289618200
11100000|38.4429207600|38.4568797000|38.3870850000|38.4150028800|40120|2208046.0000|38.4150028800
11150000|38.4150028800|38.4917770500|38.4150028800|38.4847975800|35700|1967225.0000|38.4847975800
11200000|38.4847975800|38.5266744000|38.4359412900|38.5057359900|37000|2039888.0000|38.5057359900
11250000|38.4987565200|38.5196949300|38.4359412900|38.4429207600|32100|1769261.0000|38.4429207600
11300000|38.4499002300|38.4847975800|38.4429207600|38.4708386400|21640|1192320.0000|38.4708386400
13050000|38.4638591700|38.4917770500|38.3033313600|38.3382287100|112860|6210091.0000|38.3382287100
13100000|38.3382287100|38.3452081800|38.2474956000|38.3033313600|65000|3566449.0000|38.3033313600
13150000|38.2963518900|38.3312492400|38.2544750700|38.2614545400|64200|3522661.0000|38.2614545400
13200000|38.2614545400|38.2684340100|38.2056187800|38.2474956000|66484|3642876.0000|38.2474956000
13250000|38.2335366600|38.2474956000|38.1777009000|38.1777009000|70600|3865843.0000|38.1777009000
13300000|38.1986393100|38.1986393100|38.1148856700|38.1358240800|58900|3220416.0000|38.1358240800
13350000|38.1079062000|38.1637419600|38.0939472600|38.1637419600|107160|5852486.0000|38.1637419600
13400000|38.1637419600|38.1777009000|38.1148856700|38.1288446100|50700|2769832.0000|38.1288446100
13450000|38.1428035500|38.1497830200|38.0939472600|38.1497830200|72140|3939448.0000|38.1497830200
13500000|38.1288446100|38.1637419600|38.1009267300|38.1079062000|111500|6092191.0000|38.1079062000
13550000|38.1079062000|38.1428035500|38.0939472600|38.0939472600|47000|2566120.0000|38.0939472600
14000000|38.1009267300|38.1846803700|38.0939472600|38.1497830200|43460|2375882.0000|38.1497830200
14050000|38.1637419600|38.1637419600|38.0660293800|38.0660293800|79760|4355649.0000|38.0660293800
14100000|38.0660293800|38.0799883200|37.9962346800|37.9962346800|107400|5853571.0000|37.9962346800
14150000|37.9962346800|38.0660293800|37.9683168000|38.0032141500|89600|4877659.0000|38.0032141500
14200000|38.0730088500|38.0799883200|37.9892552100|37.9962346800|68000|3704849.0000|37.9962346800
14250000|37.9822757400|38.0381115000|37.9752962700|38.0101936200|48800|2657247.0000|38.0101936200
14300000|38.0241525600|38.0241525600|37.9403989200|37.9543578600|104500|5686546.0000|37.9543578600
14350000|37.9403989200|37.9892552100|37.9264399800|37.9264399800|82700|4497259.0000|37.9264399800
14400000|37.9124810400|38.0381115000|37.9055015700|38.0241525600|69280|3770183.0000|38.0241525600
14450000|38.0241525600|38.0311320300|37.9613373300|37.9683168000|65800|3582220.0000|37.9683168000
14500000|37.9613373300|37.9962346800|37.9334194500|37.9683168000|87696|4769273.0000|37.9683168000
14550000|37.9683168000|37.9752962700|37.9055015700|37.9194605100|114684|6234568.0000|37.9194605100
15000000|37.9334194500|37.9403989200|37.9055015700|37.9264399800|136250|7403784.0000|37.9264399800
