093500|37.81|37.83|37.17|37.36|14583.0|54521583.0|37.72
094000|37.4|37.53|36.82|36.9|17813.0|66090951.0|37.36
094500|36.88|37.3|36.85|37.3|11497.0|42664767.0|36.9
095000|37.29|37.58|37.21|37.58|6782.0|25331891.0|37.3
095500|37.59|37.64|37.27|37.38|9485.0|35525417.0|37.58
100000|37.36|37.71|37.3|37.32|11062.0|41563692.0|37.38
100500|37.31|37.33|37.14|37.3|6510.0|24236505.0|37.32
101000|37.27|37.41|37.2|37.37|5527.0|20612353.0|37.3
101500|37.37|37.43|37.15|37.21|2450.0|9118617.0|37.37
102000|37.21|37.28|37.16|37.21|3102.0|11537455.0|37.21
102500|37.19|37.21|37.12|37.14|3773.0|14024067.0|37.21
103000|37.12|37.21|37.04|37.15|4052.0|15035252.0|37.14
103500|37.11|37.14|37.05|37.06|2632.0|9760168.0|37.15
104000|37.05|37.11|37.01|37.11|3321.0|12305069.0|37.06
104500|37.13|37.22|37.08|37.13|2972.0|11048040.0|37.11
105000|37.13|37.15|37.03|37.14|3108.0|11519907.0|37.13
105500|37.14|37.25|37.08|37.12|1538.0|5713760.0|37.14
110000|37.12|37.25|37.12|37.2|1281.0|4765475.0|37.12
110500|37.2|37.2|37.09|37.1|1321.0|4904738.0|37.2
111000|37.1|37.1|37.03|37.07|2065.0|7653575.0|37.1
111500|37.07|37.13|37.01|37.06|4822.0|17869708.0|37.07
112000|37.04|37.04|36.9|36.92|4257.0|15744182.0|37.06
112500|36.92|36.93|36.83|36.83|3457.0|12747737.0|36.92
113000|36.85|36.87|36.8|36.81|2518.0|9274375.0|36.83
130500|36.81|37.1|36.77|37.05|8908.0|32857547.0|36.81
131000|37.03|37.05|36.86|36.88|2116.0|7808913.0|37.05
131500|36.87|37.03|36.83|36.95|1592.0|5881588.0|36.88
132000|36.95|36.95|36.9|36.95|1113.0|4109777.0|36.95
132500|36.95|36.95|36.86|36.9|1248.0|4605580.0|36.95
133000|36.89|36.95|36.85|36.95|1361.0|5020058.0|36.9
133500|36.96|37.02|36.92|36.96|952.0|3518906.0|36.95
134000|36.95|37.02|36.93|36.93|1359.0|5027162.0|36.96
134500|36.93|37.03|36.89|37.03|1811.0|6694813.0|36.93
135000|37.03|37.17|37.03|37.17|4002.0|14852873.0|37.03
135500|37.24|37.34|37.14|37.17|2906.0|10822054.0|37.17
140000|37.17|37.8|37.17|37.75|9718.0|36494703.0|37.17
140500|37.77|37.89|37.37|37.37|10113.0|38113812.0|37.75
141000|37.36|37.36|37.18|37.18|2769.0|10315199.0|37.37
141500|37.17|37.23|37.13|37.23|3129.0|11630048.0|37.18
142000|37.22|37.26|37.15|37.15|3119.0|11603356.0|37.23
142500|37.14|37.14|37.07|37.1|2218.0|8231441.0|37.15
143000|37.1|37.14|37.07|37.07|2561.0|9499058.0|37.1
143500|37.07|37.19|37.06|37.16|1631.0|6053191.0|37.07
144000|37.18|37.22|37.14|37.18|1406.0|5227523.0|37.16
144500|37.18|37.22|37.16|37.21|1877.0|6981951.0|37.18
145000|37.21|37.29|37.19|37.19|2379.0|8858204.0|37.21
145500|37.19|37.37|37.19|37.29|5577.0|20795076.0|37.19
150000|37.28|37.34|37.28|37.3|3618.0|13498305.0|37.29
