093500|27.9200|27.9500|27.7800|27.8500|1125400|31370986.0000|27.8500
094000|27.8400|27.9200|27.7200|27.7500|670000|18640159.0000|27.7500
094500|27.7400|27.7500|27.6100|27.6300|712500|19727106.0000|27.6300
095000|27.6200|27.7200|27.6200|27.6800|514900|14251762.0000|27.6800
095500|27.6900|27.8300|27.6800|27.8000|374500|10395972.0000|27.8000
100000|27.8000|27.9300|27.7900|27.8100|801100|22322483.0000|27.8100
100500|27.8200|27.8700|27.7400|27.7400|318300|8853326.0000|27.7400
101000|27.7400|27.8100|27.7200|27.7500|317028|8798843.0000|27.7500
101500|27.7500|27.7600|27.7000|27.7100|560972|15549626.0000|27.7100
102000|27.7000|27.7000|27.6100|27.6300|760281|21014040.0000|27.6300
102500|27.6300|27.6500|27.5600|27.6000|1050300|28987732.0000|27.6000
103000|27.5800|27.6000|27.5500|27.5600|669900|18472321.0000|27.5600
103500|27.5600|27.5600|27.5300|27.5600|573782|15803529.0000|27.5600
104000|27.5600|27.5600|27.5000|27.5200|730000|20085747.0000|27.5200
104500|27.5200|27.6000|27.5200|27.5900|251028|6918312.0000|27.5900
105000|27.5900|27.7000|27.5700|27.7000|185140|5116053.0000|27.7000
105500|27.6900|27.7600|27.6500|27.6500|254100|7039011.0000|27.6500
110000|27.6600|27.6700|27.6000|27.6200|153900|4253984.0000|27.6200
110500|27.6200|27.6600|27.6000|27.6300|172314|4760480.0000|27.6300
111000|27.6200|27.6300|27.6000|27.6200|99000|2734176.0000|27.6200
111500|27.6200|27.6300|27.6000|27.6200|141100|3896064.0000|27.6200
112000|27.6200|27.7000|27.6000|27.6900|187900|5195280.0000|27.6900
112500|27.7000|27.7000|27.6100|27.6100|153399|4240976.0000|27.6100
113000|27.6100|27.6300|27.5800|27.5800|274000|7564240.0000|27.5800
130500|27.5800|27.6400|27.5600|27.6400|439367|12123872.0000|27.6400
131000|27.6400|27.6400|27.5800|27.5800|238400|6580816.0000|27.5800
131500|27.5900|27.6700|27.5800|27.6500|267200|7377824.0000|27.6500
132000|27.6500|27.6600|27.6000|27.6200|209756|5796576.0000|27.6200
132500|27.6100|27.6300|27.5600|27.5600|407340|11238448.0000|27.5600
133000|27.5600|27.6000|27.5600|27.6000|240800|6641984.0000|27.6000
133500|27.5900|27.6000|27.5700|27.5700|191000|5267712.0000|27.5700
134000|27.5800|27.5800|27.5300|27.5300|384300|10591120.0000|27.5300
134500|27.5300|27.5500|27.5100|27.5100|414300|11403264.0000|27.5100
135000|27.5100|27.5100|27.4800|27.5000|730750|20094224.0000|27.5000
135500|27.4900|27.4900|27.4700|27.4800|399150|10969840.0000|27.4800
140000|27.4800|27.5100|27.4800|27.5000|244400|6718960.0000|27.5000
140500|27.5000|27.5200|27.5000|27.5200|313400|8621424.0000|27.5200
141000|27.5200|27.5200|27.5000|27.5200|387700|10666256.0000|27.5200
141500|27.5100|27.5100|27.4800|27.4800|337800|9289872.0000|27.4800
142000|27.4800|27.4900|27.4800|27.4800|318911|8765008.0000|27.4800
142500|27.4800|27.4900|27.4600|27.4600|431989|11867472.0000|27.4600
143000|27.4600|27.4600|27.4200|27.4400|655900|17998144.0000|27.4400
143500|27.4400|27.5500|27.4400|27.5400|481315|13229600.0000|27.5400
144000|27.5500|27.5800|27.5400|27.5600|485666|13387648.0000|27.5600
144500|27.5500|27.6100|27.5500|27.5900|619234|17080080.0000|27.5900
145000|27.5900|27.5900|27.5100|27.5100|336034|9259120.0000|27.5100
145500|27.5100|27.5900|27.5000|27.5600|550766|15170688.0000|27.5600
150000|27.5500|27.5700|27.5500|27.5500|364870|10053168.0000|27.5500
