093500|32.58|32.88|32.41|32.62|20498.0|66944803.0|32.63
094000|32.65|32.82|32.62|32.7|12113.0|39640617.0|32.62
094500|32.71|32.98|32.7|32.85|13554.0|44510457.0|32.7
095000|32.85|33.04|32.75|32.96|12149.0|39996403.0|32.85
095500|32.97|33.14|32.94|33.01|9624.0|31782134.0|32.96
100000|33.0|33.0|32.86|32.86|8011.0|26375309.0|33.01
100500|32.86|32.89|32.78|32.81|7983.0|26208411.0|32.86
101000|32.82|32.82|32.6|32.63|8745.0|28601517.0|32.81
101500|32.62|32.77|32.5|32.77|9359.0|30501550.0|32.63
102000|32.76|32.76|32.63|32.64|5007.0|16370469.0|32.77
102500|32.63|32.69|32.46|32.46|7060.0|22983218.0|32.64
103000|32.47|32.47|32.38|32.4|7912.0|25648304.0|32.46
103500|32.41|32.56|32.4|32.49|3898.0|12658407.0|32.4
104000|32.49|32.49|32.28|32.39|8135.0|26319976.0|32.49
104500|32.34|32.65|32.34|32.65|4329.0|14071190.0|32.39
105000|32.63|32.67|32.33|32.36|5852.0|19009553.0|32.65
105500|32.36|32.4|32.29|32.35|7354.0|23769861.0|32.36
110000|32.35|32.5|32.32|32.41|3532.0|11437904.0|32.35
110500|32.42|32.54|32.39|32.52|4079.0|13240854.0|32.41
111000|32.53|33.5|32.53|33.39|37791.0|125164724.0|32.52
111500|33.36|33.41|33.15|33.28|27022.0|89950531.0|33.39
112000|33.31|33.55|33.24|33.24|21040.0|70350596.0|33.28
112500|33.24|33.33|33.15|33.2|6761.0|22487613.0|33.24
113000|33.19|33.42|33.19|33.39|7260.0|24195734.0|33.2
130500|33.42|34.13|33.4|34.0|39887.0|134723562.0|33.39
131000|34.0|34.01|33.6|33.69|9269.0|31340673.0|34.0
131500|33.7|33.7|33.57|33.65|6262.0|21063907.0|33.69
132000|33.65|33.65|33.52|33.56|4916.0|16503618.0|33.65
132500|33.56|33.78|33.55|33.73|7405.0|24939620.0|33.56
133000|33.72|33.83|33.68|33.83|7218.0|24363064.0|33.73
133500|33.81|33.83|33.65|33.68|4579.0|15447121.0|33.83
134000|33.68|33.69|33.59|33.66|3495.0|11758341.0|33.68
134500|33.67|33.7|33.59|33.59|3794.0|12759624.0|33.66
135000|33.58|33.58|33.45|33.47|4874.0|16337247.0|33.59
135500|33.47|33.57|33.4|33.54|6945.0|23222875.0|33.47
140000|33.6|33.63|33.54|33.6|3627.0|12187106.0|33.54
140500|33.58|33.83|33.58|33.67|12619.0|42600480.0|33.6
141000|33.65|33.68|33.56|33.59|4214.0|14163172.0|33.67
141500|33.59|33.72|33.57|33.63|5129.0|17255527.0|33.59
142000|33.62|33.63|33.54|33.55|4432.0|14881018.0|33.63
142500|33.55|33.6|33.5|33.6|3279.0|10996644.0|33.55
143000|33.6|33.66|33.57|33.65|3630.0|12199462.0|33.6
143500|33.63|33.64|33.54|33.62|5422.0|18213161.0|33.65
144000|33.61|33.62|33.51|33.58|4842.0|16247571.0|33.62
144500|33.58|33.66|33.53|33.63|7929.0|26645621.0|33.58
145000|33.63|33.7|33.62|33.69|10306.0|34699853.0|33.63
145500|33.69|33.8|33.67|33.79|13093.0|44151895.0|33.69
150000|33.79|33.82|33.79|33.82|13874.0|46900212.0|33.79
