093500|5.71|5.73|5.66|5.67|25873.0|15383901.0|5.69
094000|5.66|5.68|5.66|5.67|11236.0|6656513.0|5.67
094500|5.68|5.69|5.65|5.66|15464.0|9164959.0|5.67
095000|5.66|5.66|5.64|5.64|15944.0|9422949.0|5.66
095500|5.65|5.66|5.64|5.66|10017.0|5920515.0|5.64
100000|5.65|5.68|5.65|5.68|11400.0|6749228.0|5.66
100500|5.68|5.68|5.64|5.65|18071.0|10690074.0|5.68
101000|5.65|5.67|5.65|5.65|13448.0|7954922.0|5.65
101500|5.65|5.66|5.64|5.64|15090.0|8923536.0|5.65
102000|5.65|5.66|5.63|5.65|28352.0|16731062.0|5.64
102500|5.64|5.67|5.64|5.67|7867.0|4656262.0|5.65
103000|5.66|5.68|5.66|5.67|13867.0|8220367.0|5.67
103500|5.67|5.68|5.66|5.68|9104.0|5398010.0|5.67
104000|5.67|5.68|5.63|5.65|21777.0|12871847.0|5.68
104500|5.64|5.66|5.64|5.64|8877.0|5242739.0|5.65
105000|5.64|5.65|5.63|5.64|13285.0|7839822.0|5.64
105500|5.64|5.65|5.62|5.64|26102.0|15379516.0|5.64
110000|5.64|5.64|5.63|5.63|8182.0|4822388.0|5.64
110500|5.63|5.64|5.63|5.63|10356.0|6102979.0|5.63
111000|5.63|5.64|5.62|5.63|12778.0|7524928.0|5.63
111500|5.63|5.64|5.63|5.63|5308.0|3129012.0|5.63
112000|5.63|5.64|5.63|5.63|8975.0|5290913.0|5.63
112500|5.63|5.65|5.63|5.64|6352.0|3747049.0|5.63
113000|5.63|5.65|5.63|5.64|1956.0|1154419.0|5.64
130500|5.64|5.65|5.64|5.64|4928.0|2910006.0|5.64
131000|5.64|5.65|5.63|5.64|13844.0|8158643.0|5.64
131500|5.63|5.63|5.62|5.63|14238.0|8382579.0|5.64
132000|5.62|5.64|5.62|5.63|8423.0|4960780.0|5.63
132500|5.63|5.64|5.62|5.63|15413.0|9074203.0|5.63
133000|5.63|5.64|5.62|5.63|10784.0|6351814.0|5.63
133500|5.63|5.64|5.63|5.63|6584.0|3879042.0|5.63
134000|5.63|5.64|5.62|5.63|16695.0|9828521.0|5.63
134500|5.63|5.64|5.62|5.62|16143.0|9504855.0|5.63
135000|5.62|5.63|5.62|5.62|9411.0|5537973.0|5.62
135500|5.62|5.63|5.62|5.63|8531.0|5018250.0|5.62
140000|5.62|5.63|5.62|5.62|8965.0|5273975.0|5.63
140500|5.62|5.63|5.62|5.63|9349.0|5502603.0|5.62
141000|5.62|5.63|5.61|5.62|25446.0|14958787.0|5.63
141500|5.61|5.63|5.61|5.62|9411.0|5530348.0|5.62
142000|5.61|5.63|5.61|5.62|10770.0|6331844.0|5.62
142500|5.62|5.63|5.62|5.62|5056.0|2975853.0|5.62
143000|5.62|5.64|5.62|5.64|5989.0|3525957.0|5.62
143500|5.63|5.64|5.62|5.63|9195.0|5415657.0|5.64
144000|5.62|5.64|5.62|5.64|1483.0|874441.0|5.63
144500|5.64|5.64|5.63|5.63|7658.0|4516941.0|5.64
145000|5.63|5.66|5.63|5.66|11527.0|6803768.0|5.63
145500|5.65|5.66|5.64|5.65|8964.0|5299243.0|5.66
150000|5.65|5.66|5.65|5.65|8095.0|4785083.0|5.65
