09350000|24.5922122500|24.6603886800|24.4655988800|24.6019517400|1624600|40939132.0000|24.6019517400
09400000|24.6019517400|25.0889262400|24.5922122500|25.0791867500|4255100|108745696.0000|25.0791867500
09450000|25.0791867500|25.1473631800|24.9233549100|25.1278842000|3470400|89302768.0000|25.1278842000
09500000|25.1278842000|25.1473631800|25.0110103200|25.0110103200|2661500|68573280.0000|25.0110103200
09550000|25.0110103200|25.2642370600|25.0110103200|25.1960606300|2735500|70680128.0000|25.1960606300
10000000|25.1960606300|25.2350185900|25.0110103200|25.0110103200|1391900|35935072.0000|25.0110103200
10050000|25.0110103200|25.0207498100|24.8941364400|24.9233549100|1613100|41316704.0000|24.9233549100
10100000|24.9233549100|25.1084052200|24.8356995000|24.8356995000|863800|22121600.0000|24.8356995000
10150000|24.8356995000|24.8454389900|24.7480440900|24.7870020500|1246300|31727104.0000|24.7870020500
10200000|24.7870020500|24.8941364400|24.7383046000|24.8746574600|1147400|29226336.0000|24.8746574600
10250000|24.8746574600|24.9038759300|24.8259600100|24.8454389900|1551100|39576608.0000|24.8454389900
10300000|24.8454389900|24.8454389900|24.7285651100|24.7967415400|1303400|33146308.0000|24.7967415400
10350000|24.7967415400|24.8551784800|24.7870020500|24.8551784800|600900|15311476.0000|24.8551784800
10400000|24.8551784800|24.8551784800|24.7480440900|24.7675230700|459000|11690375.0000|24.7675230700
10450000|24.7675230700|24.7870020500|24.6311702100|24.7188256200|854000|21666757.0000|24.7188256200
10500000|24.7188256200|24.8551784800|24.6993466400|24.8551784800|449100|11437313.0000|24.8551784800
10550000|24.8551784800|24.8941364400|24.7675230700|24.8454389900|474100|12094329.0000|24.8454389900
11000000|24.8454389900|24.8843969500|24.8356995000|24.8454389900|492100|12558018.0000|24.8454389900
11050000|24.8454389900|25.0110103200|24.8259600100|24.9915313400|788600|20150589.0000|24.9915313400
11100000|24.9915313400|25.1668421600|24.9915313400|25.1473631800|1619200|41723971.0000|25.1473631800
11150000|25.1473631800|25.3811109400|25.1376236900|25.2837160400|5848700|151821184.0000|25.2837160400
11200000|25.2837160400|25.3324134900|25.1765816500|25.1765816500|2031300|52738240.0000|25.1765816500
11250000|25.1765816500|25.2155396100|25.0597077700|25.0791867500|575600|14845443.0000|25.0791867500
11300000|25.0791867500|25.1571026700|25.0597077700|25.1376236900|495000|12761911.0000|25.1376236900
13050000|25.1376236900|25.1668421600|25.0402287900|25.0597077700|647100|16682818.0000|25.0597077700
13100000|25.0597077700|25.0694472600|25.0110103200|25.0304893000|564800|14516617.0000|25.0304893000
13150000|25.0304893000|25.0402287900|24.8454389900|24.8941364400|1078800|27603317.0000|24.8941364400
13200000|24.8941364400|24.9136154200|24.8551784800|24.8843969500|1238500|31637638.0000|24.8843969500
13250000|24.8843969500|24.9525733800|24.8843969500|24.9330944000|581200|14867516.0000|24.9330944000
13300000|24.9330944000|24.9525733800|24.8454389900|24.8454389900|561800|14357258.0000|24.8454389900
13350000|24.8454389900|24.8746574600|24.8162205200|24.8454389900|731200|18647806.0000|24.8454389900
13400000|24.8454389900|24.8649179700|24.8162205200|24.8259600100|400000|10204532.0000|24.8259600100
13450000|24.8259600100|24.8746574600|24.7967415400|24.8356995000|764500|19479432.0000|24.8356995000
13500000|24.8356995000|24.9330944000|24.8356995000|24.8551784800|362600|9258502.0000|24.8551784800
13550000|24.8551784800|24.8746574600|24.8356995000|24.8551784800|319800|8160882.0000|24.8551784800
14000000|24.8551784800|24.9136154200|24.8454389900|24.9136154200|325200|8306571.0000|24.9136154200
14050000|24.9136154200|24.9330944000|24.8551784800|24.8941364400|575400|14709624.0000|24.8941364400
14100000|24.8941364400|24.9233549100|24.8649179700|24.8649179700|448700|11465728.0000|24.8649179700
14150000|24.8649179700|24.8941364400|24.8356995000|24.8454389900|563600|14378507.0000|24.8454389900
14200000|24.8454389900|24.8551784800|24.7675230700|24.7772625600|700500|17849850.0000|24.7772625600
14250000|24.7772625600|24.8356995000|24.7383046000|24.7870020500|748000|19041664.0000|24.7870020500
14300000|24.7870020500|24.8259600100|24.7870020500|24.7967415400|396900|10108928.0000|24.7967415400
14350000|24.7967415400|24.9038759300|24.7870020500|24.9038759300|418700|10669952.0000|24.9038759300
14400000|24.9038759300|25.0012708300|24.8746574600|24.9915313400|578900|14832129.0000|24.9915313400
14450000|24.9915313400|25.0012708300|24.8746574600|24.8746574600|552800|14155771.0000|24.8746574600
14500000|24.8746574600|24.9330944000|24.8551784800|24.9233549100|410100|10479868.0000|24.9233549100
14550000|24.9233549100|24.9330944000|24.8356995000|24.8454389900|574700|14679424.0000|24.8454389900
15000000|24.8454389900|24.8746574600|24.8356995000|24.8454389900|677300|17280904.0000|24.8454389900
