093500|5.9900|6.2900|5.9500|6.2600|8944140|54578730.0000|6.2600
094000|6.3000|6.4100|6.2700|6.3500|10035947|63578885.0000|6.3500
094500|6.3300|6.5300|6.3300|6.5200|11095469|71412772.0000|6.5200
095000|6.5100|6.6200|6.4800|6.5500|23495100|154633421.0000|6.5500
095500|6.5800|6.5800|6.4500|6.4500|5043300|32794880.0000|6.4500
100000|6.4500|6.6000|6.4500|6.5400|3967725|25866912.0000|6.5400
100500|6.5400|6.5600|6.4500|6.4800|2726300|17712928.0000|6.4800
101000|6.4800|6.4900|6.4200|6.4200|2174100|14027568.0000|6.4200
101500|6.4200|6.4800|6.4200|6.4600|2473500|15972192.0000|6.4600
102000|6.4600|6.4600|6.4300|6.4400|1194300|7703216.0000|6.4400
102500|6.4400|6.5400|6.3800|6.5200|4536400|29291968.0000|6.5200
103000|6.5100|6.5400|6.4900|6.5000|1726400|11243328.0000|6.5000
103500|6.5000|6.5100|6.4800|6.5000|2359700|15334192.0000|6.5000
104000|6.5000|6.5300|6.5000|6.5300|1547700|10078336.0000|6.5300
104500|6.5200|6.5300|6.5100|6.5100|965000|6290416.0000|6.5100
105000|6.5100|6.5600|6.5000|6.5400|2134400|13951312.0000|6.5400
105500|6.5400|6.5500|6.5200|6.5300|987400|6459408.0000|6.5300
110000|6.5300|6.5300|6.5000|6.5100|733600|4778480.0000|6.5100
110500|6.5100|6.5200|6.5000|6.5100|1052300|6849344.0000|6.5100
111000|6.5200|6.5200|6.5100|6.5100|424800|2766000.0000|6.5100
111500|6.5100|6.5600|6.5100|6.5600|1367600|8945680.0000|6.5600
112000|6.5500|6.5700|6.5500|6.5500|737007|4832064.0000|6.5500
112500|6.5500|6.5600|6.5500|6.5600|1145600|7508240.0000|6.5600
113000|6.5600|6.6100|6.5600|6.6000|4141600|27300240.0000|6.6000
130500|6.5900|6.6100|6.5700|6.6000|3579300|23621632.0000|6.6000
131000|6.6000|6.6100|6.5700|6.5700|1790800|11814032.0000|6.5700
131500|6.5700|6.5800|6.5500|6.5700|907200|5957904.0000|6.5700
132000|6.5700|6.5800|6.5500|6.5800|1099200|7215808.0000|6.5800
132500|6.5800|6.6100|6.5800|6.6100|1377100|9081472.0000|6.6100
133000|6.6100|6.6100|6.5900|6.5900|1230700|8126896.0000|6.5900
133500|6.6000|6.6100|6.5800|6.5800|1110340|7330416.0000|6.5800
134000|6.5700|6.5900|6.5600|6.5700|534300|3511568.0000|6.5700
134500|6.5700|6.5800|6.5400|6.5800|644375|4224832.0000|6.5800
135000|6.5800|6.5800|6.5400|6.5700|1441000|9448032.0000|6.5700
135500|6.5800|6.5800|6.5700|6.5800|299500|1968240.0000|6.5800
140000|6.5700|6.5800|6.5600|6.5600|727100|4770464.0000|6.5600
140500|6.5600|6.5700|6.5600|6.5600|449300|2949888.0000|6.5600
141000|6.5700|6.5700|6.5500|6.5600|543200|3564160.0000|6.5600
141500|6.5600|6.5700|6.5500|6.5700|603586|3961152.0000|6.5700
142000|6.5700|6.6200|6.5600|6.6200|5294400|34990480.0000|6.6200
142500|6.6200|6.6200|6.6100|6.6200|5968776|39508784.0000|6.6200
143000|6.6200|6.6200|6.6200|6.6200|1236170|8183440.0000|6.6200
143500|6.6200|6.6200|6.6200|6.6200|774433|5126752.0000|6.6200
144000|6.6200|6.6200|6.6200|6.6200|410100|2714864.0000|6.6200
144500|6.6200|6.6200|6.6200|6.6200|506600|3353680.0000|6.6200
145000|6.6200|6.6200|6.6200|6.6200|435380|2882224.0000|6.6200
145500|6.6200|6.6200|6.6200|6.6200|276600|1831088.0000|6.6200
150000|6.6200|6.6200|6.6200|6.6200|188601|1248544.0000|6.6200
