093500|4.6500|4.6800|4.5500|4.5700|2160300|9979303.0000|4.5700
094000|4.5600|4.5900|4.5500|4.5900|673250|3075616.0000|4.5900
094500|4.5900|4.6100|4.5600|4.5800|773700|3545942.0000|4.5800
095000|4.5800|4.6100|4.5800|4.5900|687400|3163801.0000|4.5900
095500|4.5900|4.6100|4.5800|4.6000|788800|3625344.0000|4.6000
100000|4.6100|4.6100|4.5800|4.5800|427900|1965939.0000|4.5800
100500|4.5800|4.6100|4.5800|4.6000|566500|2601899.0000|4.6000
101000|4.6000|4.6200|4.5900|4.5900|430700|1981435.0000|4.5900
101500|4.5900|4.6000|4.5700|4.5700|491500|2252437.0000|4.5700
102000|4.5700|4.5900|4.5700|4.5900|282200|1292724.0000|4.5900
102500|4.5900|4.6000|4.5900|4.5900|169600|779624.0000|4.5900
103000|4.5900|4.6100|4.5900|4.6000|558200|2568225.0000|4.6000
103500|4.6000|4.6100|4.5900|4.6000|255100|1173937.0000|4.6000
104000|4.6000|4.6000|4.5900|4.5900|66000|303366.0000|4.5900
104500|4.6000|4.6100|4.5900|4.6000|323500|1488398.0000|4.6000
105000|4.6000|4.6100|4.5900|4.6000|286500|1318162.0000|4.6000
105500|4.5900|4.6000|4.5800|4.5800|334900|1537002.0000|4.5800
110000|4.5800|4.5900|4.5800|4.5800|196100|899787.0000|4.5800
110500|4.5800|4.6000|4.5800|4.6000|339100|1556193.0000|4.6000
111000|4.6000|4.6000|4.5900|4.5900|98200|451099.0000|4.5900
111500|4.5900|4.6000|4.5900|4.5900|202600|930739.0000|4.5900
112000|4.5900|4.6000|4.5900|4.5900|159000|731076.0000|4.5900
112500|4.5900|4.6000|4.5900|4.5900|96300|442315.0000|4.5900
113000|4.5900|4.6000|4.5800|4.5800|553500|2538141.0000|4.5800
130500|4.5800|4.5800|4.5600|4.5600|612400|2799035.0000|4.5600
131000|4.5600|4.5600|4.5400|4.5600|506600|2304737.0000|4.5600
131500|4.5500|4.5600|4.5400|4.5400|229600|1044798.0000|4.5400
132000|4.5400|4.5500|4.5400|4.5400|163900|744961.0000|4.5400
132500|4.5500|4.5500|4.5400|4.5400|179600|816540.0000|4.5400
133000|4.5400|4.5500|4.5400|4.5400|405200|1840962.0000|4.5400
133500|4.5400|4.5500|4.5300|4.5300|432800|1965036.0000|4.5300
134000|4.5300|4.5400|4.5200|4.5200|329700|1493237.0000|4.5200
134500|4.5200|4.5400|4.5200|4.5400|215500|975239.0000|4.5400
135000|4.5300|4.5400|4.5300|4.5400|112700|511198.0000|4.5400
135500|4.5300|4.5500|4.5300|4.5400|254300|1155049.0000|4.5400
140000|4.5400|4.5500|4.5200|4.5200|591800|2679603.0000|4.5200
140500|4.5200|4.5500|4.5200|4.5300|153500|696437.0000|4.5300
141000|4.5300|4.5400|4.5300|4.5400|75900|343964.0000|4.5400
141500|4.5400|4.5500|4.5300|4.5400|171700|779457.0000|4.5400
142000|4.5500|4.5500|4.5300|4.5300|544500|2471915.0000|4.5300
142500|4.5300|4.5400|4.5200|4.5300|207700|940786.0000|4.5300
143000|4.5300|4.5400|4.5200|4.5200|343300|1556798.0000|4.5200
143500|4.5400|4.5400|4.4900|4.5000|1108400|4998570.0000|4.5000
144000|4.5000|4.5100|4.5000|4.5000|429400|1934084.0000|4.5000
144500|4.5000|4.5100|4.5000|4.5100|216100|973800.0000|4.5100
145000|4.5100|4.5100|4.5000|4.5000|444900|2004506.0000|4.5000
145500|4.5000|4.5100|4.5000|4.5100|551300|2482298.0000|4.5100
150000|4.5100|4.5100|4.5000|4.5000|469800|2115153.0000|4.5000
