093500|2.9500|2.9600|2.9400|2.9500|3671400|10832223.0000|2.9500
094000|2.9500|2.9600|2.9400|2.9400|1667600|4917752.0000|2.9400
094500|2.9500|2.9600|2.9400|2.9500|3376800|9955517.0000|2.9500
095000|2.9500|2.9600|2.9500|2.9600|769600|2274889.0000|2.9600
095500|2.9500|2.9600|2.9500|2.9500|808800|2391146.0000|2.9500
100000|2.9500|2.9600|2.9500|2.9500|1749750|5163797.0000|2.9500
100500|2.9600|2.9600|2.9500|2.9500|770500|2277548.0000|2.9500
101000|2.9500|2.9600|2.9500|2.9500|1055600|3116664.0000|2.9500
101500|2.9600|2.9600|2.9500|2.9600|944300|2789473.0000|2.9600
102000|2.9600|2.9600|2.9500|2.9600|414300|1224161.0000|2.9600
102500|2.9600|2.9600|2.9400|2.9500|3039350|8958891.0000|2.9500
103000|2.9400|2.9500|2.9400|2.9400|605700|1782640.0000|2.9400
103500|2.9400|2.9500|2.9300|2.9400|3215300|9453869.0000|2.9400
104000|2.9400|2.9500|2.9300|2.9400|702800|2065615.0000|2.9400
104500|2.9300|2.9500|2.9300|2.9500|452500|1330651.0000|2.9500
105000|2.9500|2.9500|2.9400|2.9400|259400|762995.0000|2.9400
105500|2.9400|2.9500|2.9300|2.9300|1330200|3910089.0000|2.9300
110000|2.9400|2.9400|2.9300|2.9400|275800|810243.0000|2.9400
110500|2.9400|2.9500|2.9300|2.9500|231840|682172.0000|2.9500
111000|2.9400|2.9500|2.9400|2.9500|106100|312151.0000|2.9500
111500|2.9500|2.9500|2.9400|2.9400|74600|219566.0000|2.9400
112000|2.9400|2.9500|2.9400|2.9400|279100|820732.0000|2.9400
112500|2.9400|2.9500|2.9400|2.9400|76000|223601.0000|2.9400
113000|2.9500|2.9500|2.9400|2.9400|617700|1816254.0000|2.9400
130500|2.9400|2.9400|2.9300|2.9400|1149360|3376603.0000|2.9400
131000|2.9400|2.9400|2.9300|2.9300|201100|589668.0000|2.9300
131500|2.9400|2.9400|2.9300|2.9300|145200|425742.0000|2.9300
132000|2.9300|2.9400|2.9300|2.9300|568348|1667279.0000|2.9300
132500|2.9300|2.9400|2.9300|2.9400|212000|622042.0000|2.9400
133000|2.9400|2.9500|2.9300|2.9500|2430822|7145945.0000|2.9500
133500|2.9400|2.9400|2.9300|2.9400|658678|1934304.0000|2.9400
134000|2.9400|2.9400|2.9300|2.9400|239500|703513.0000|2.9400
134500|2.9400|2.9400|2.9300|2.9300|168700|494780.0000|2.9300
135000|2.9300|2.9400|2.9300|2.9400|459700|1349492.0000|2.9400
135500|2.9300|2.9400|2.9300|2.9300|429000|1257706.0000|2.9300
140000|2.9300|2.9400|2.9300|2.9400|522340|1531083.0000|2.9400
140500|2.9300|2.9400|2.9300|2.9300|1340230|3927845.0000|2.9300
141000|2.9300|2.9400|2.9200|2.9200|2952382|8647680.0000|2.9200
141500|2.9300|2.9300|2.9200|2.9200|685700|2007356.0000|2.9200
142000|2.9200|2.9300|2.9200|2.9300|760400|2222917.0000|2.9300
142500|2.9200|2.9300|2.9200|2.9300|891720|2608381.0000|2.9300
143000|2.9300|2.9300|2.9200|2.9200|640600|1872022.0000|2.9200
143500|2.9200|2.9300|2.9200|2.9200|1389700|4060837.0000|2.9200
144000|2.9200|2.9300|2.9200|2.9200|485900|1420252.0000|2.9200
144500|2.9200|2.9300|2.9200|2.9300|1271900|3718260.0000|2.9300
145000|2.9300|2.9300|2.9100|2.9200|3083280|9004869.0000|2.9200
145500|2.9200|2.9300|2.9100|2.9200|1551766|4531122.0000|2.9200
150000|2.9200|2.9300|2.9200|2.9200|808400|2361031.0000|2.9200
