093500|5.62|5.62|5.57|5.59|329876.0|184323843.0|5.63
094000|5.59|5.6|5.57|5.6|223749.0|124840191.0|5.59
094500|5.6|5.6|5.58|5.58|169976.0|95038061.0|5.6
095000|5.58|5.59|5.55|5.55|228219.0|127111871.0|5.58
095500|5.56|5.57|5.55|5.55|182549.0|101409194.0|5.55
100000|5.55|5.57|5.55|5.56|111205.0|61816340.0|5.55
100500|5.56|5.58|5.56|5.57|86285.0|48026235.0|5.56
101000|5.57|5.59|5.57|5.59|79755.0|44478351.0|5.57
101500|5.59|5.59|5.57|5.58|68347.0|38161690.0|5.59
102000|5.58|5.59|5.57|5.57|62733.0|34982346.0|5.58
102500|5.58|5.6|5.58|5.6|83029.0|46419433.0|5.57
103000|5.6|5.6|5.59|5.59|46162.0|25822877.0|5.6
103500|5.59|5.6|5.57|5.58|63618.0|35527681.0|5.59
104000|5.58|5.6|5.58|5.58|79164.0|44260135.0|5.58
104500|5.58|5.59|5.58|5.58|36427.0|20335553.0|5.58
105000|5.58|5.58|5.57|5.57|40759.0|22714292.0|5.58
105500|5.57|5.58|5.56|5.56|61033.0|33971115.0|5.57
110000|5.56|5.57|5.55|5.55|50889.0|28293210.0|5.56
110500|5.55|5.56|5.54|5.56|158329.0|87825164.0|5.55
111000|5.55|5.57|5.55|5.56|56718.0|31519165.0|5.56
111500|5.56|5.57|5.56|5.56|19892.0|11065408.0|5.56
112000|5.57|5.57|5.56|5.56|24249.0|13488320.0|5.56
112500|5.57|5.57|5.56|5.56|21478.0|11947419.0|5.56
113000|5.57|5.57|5.56|5.56|26819.0|14918041.0|5.56
130500|5.56|5.57|5.56|5.57|49775.0|27687007.0|5.56
131000|5.56|5.57|5.56|5.57|34847.0|19388876.0|5.57
131500|5.57|5.57|5.56|5.56|67275.0|37441440.0|5.57
132000|5.57|5.57|5.55|5.56|36926.0|20534540.0|5.56
132500|5.56|5.57|5.55|5.55|53980.0|29988971.0|5.56
133000|5.55|5.57|5.55|5.57|51760.0|28776520.0|5.55
133500|5.57|5.57|5.55|5.55|36972.0|20554390.0|5.57
134000|5.55|5.57|5.55|5.56|35742.0|19862814.0|5.55
134500|5.56|5.57|5.55|5.56|39423.0|21923372.0|5.56
135000|5.56|5.57|5.55|5.55|41154.0|22871992.0|5.56
135500|5.55|5.57|5.55|5.56|24107.0|13409800.0|5.55
140000|5.56|5.57|5.55|5.55|48807.0|27138563.0|5.56
140500|5.56|5.56|5.55|5.55|57891.0|32144174.0|5.55
141000|5.55|5.56|5.54|5.55|137912.0|76539177.0|5.55
141500|5.55|5.56|5.54|5.56|41818.0|23214160.0|5.55
142000|5.55|5.56|5.55|5.55|37303.0|20712835.0|5.56
142500|5.55|5.56|5.54|5.55|75718.0|42018943.0|5.55
143000|5.55|5.56|5.54|5.55|37184.0|20634727.0|5.55
143500|5.54|5.55|5.54|5.55|46128.0|25586617.0|5.55
144000|5.55|5.55|5.54|5.54|51647.0|28632235.0|5.55
144500|5.55|5.55|5.54|5.54|46178.0|25607945.0|5.54
145000|5.54|5.55|5.54|5.55|71544.0|39662383.0|5.54
145500|5.55|5.55|5.54|5.55|95487.0|52962457.0|5.55
150000|5.54|5.55|5.54|5.54|109900.0|60922483.0|5.55
