09350000|10.0485734400|10.0681995600|9.9798820200|10.0681995600|694000|7096072.0000|10.0681995600
09400000|10.0583865000|10.0976387400|10.0583865000|10.0681995600|525800|5398155.0000|10.0681995600
09450000|10.0780126200|10.0878256800|9.9896950800|9.9896950800|663700|6779567.0000|9.9896950800
09500000|9.9896950800|9.9995081400|9.9504428400|9.9602559000|865100|8791474.0000|9.9602559000
09550000|9.9504428400|9.9798820200|9.9406297800|9.9700689600|357500|3626821.0000|9.9700689600
10000000|9.9798820200|10.0191342600|9.9700689600|10.0191342600|291100|2964450.0000|10.0191342600
10050000|10.0093212000|10.0387603800|9.9896950800|10.0191342600|397700|4056175.0000|10.0191342600
10100000|10.0191342600|10.0289473200|10.0093212000|10.0191342600|161600|1649878.0000|10.0191342600
10150000|10.0289473200|10.0681995600|10.0191342600|10.0485734400|295400|3024690.0000|10.0485734400
10200000|10.0583865000|10.0976387400|10.0485734400|10.0681995600|517700|5315123.0000|10.0681995600
10250000|10.0583865000|10.0878256800|10.0485734400|10.0780126200|226800|2327093.0000|10.0780126200
10300000|10.0780126200|10.0976387400|10.0485734400|10.0485734400|239300|2456860.0000|10.0485734400
10350000|10.0485734400|10.0681995600|10.0289473200|10.0289473200|216500|2216610.0000|10.0289473200
10400000|10.0387603800|10.0780126200|10.0387603800|10.0681995600|111900|1146577.0000|10.0681995600
10450000|10.0583865000|10.0780126200|10.0583865000|10.0681995600|125800|1290711.0000|10.0681995600
10500000|10.0583865000|10.0681995600|10.0289473200|10.0387603800|119800|1226821.0000|10.0387603800
10550000|10.0289473200|10.0681995600|10.0289473200|10.0387603800|109700|1123019.0000|10.0387603800
11000000|10.0485734400|10.0583865000|10.0289473200|10.0387603800|79100|809440.0000|10.0387603800
11050000|10.0387603800|10.0485734400|10.0289473200|10.0289473200|60200|615827.0000|10.0289473200
11100000|10.0289473200|10.0387603800|10.0191342600|10.0191342600|142700|1457837.0000|10.0191342600
11150000|10.0191342600|10.0289473200|9.9896950800|9.9995081400|364800|3723726.0000|9.9995081400
11200000|9.9995081400|10.0093212000|9.9896950800|9.9896950800|75200|765908.0000|9.9896950800
11250000|9.9896950800|10.0191342600|9.9896950800|9.9995081400|149500|1523787.0000|9.9995081400
11300000|9.9995081400|10.0289473200|9.9896950800|9.9896950800|99400|1013455.0000|9.9896950800
13050000|9.9995081400|10.0093212000|9.9896950800|9.9995081400|238600|2431758.0000|9.9995081400
13100000|10.0093212000|10.0289473200|9.9896950800|10.0093212000|173400|1768374.0000|10.0093212000
13150000|9.9995081400|10.0289473200|9.9896950800|10.0093212000|124600|1271185.0000|10.0093212000
13200000|10.0289473200|10.0289473200|9.9995081400|10.0093212000|217400|2217975.0000|10.0093212000
13250000|10.0093212000|10.0191342600|9.9995081400|10.0093212000|177000|1805352.0000|10.0093212000
13300000|10.0093212000|10.0093212000|9.9995081400|10.0093212000|46800|477248.0000|10.0093212000
13350000|9.9995081400|10.0093212000|9.9896950800|10.0093212000|328200|3345138.0000|10.0093212000
13400000|10.0093212000|10.0191342600|9.9995081400|10.0191342600|95400|972873.0000|10.0191342600
13450000|10.0191342600|10.0191342600|10.0093212000|10.0093212000|86500|882454.0000|10.0093212000
13500000|9.9995081400|10.0093212000|9.9896950800|10.0093212000|202800|2066558.0000|10.0093212000
13550000|10.0093212000|10.0093212000|9.9896950800|10.0093212000|131900|1344017.0000|10.0093212000
14000000|9.9995081400|10.0093212000|9.9896950800|9.9995081400|316700|3227004.0000|9.9995081400
14050000|9.9995081400|10.0093212000|9.9896950800|9.9896950800|239500|2439497.0000|9.9896950800
14100000|9.9896950800|10.0093212000|9.9798820200|9.9995081400|335200|3413720.0000|9.9995081400
14150000|9.9896950800|9.9995081400|9.9896950800|9.9995081400|188500|1919020.0000|9.9995081400
14200000|9.9995081400|9.9995081400|9.9798820200|9.9798820200|255800|2604324.0000|9.9798820200
14250000|9.9798820200|9.9995081400|9.9798820200|9.9896950800|272600|2775181.0000|9.9896950800
14300000|9.9896950800|9.9995081400|9.9798820200|9.9798820200|231200|2352622.0000|9.9798820200
14350000|9.9798820200|9.9995081400|9.9700689600|9.9896950800|652998|6642230.6800|9.9896950800
14400000|9.9798820200|9.9896950800|9.9798820200|9.9798820200|164800|1676516.0000|9.9798820200
14450000|9.9896950800|9.9995081400|9.9700689600|9.9798820200|307100|3124178.0000|9.9798820200
14500000|9.9700689600|9.9896950800|9.9602559000|9.9602559000|542600|5511032.0000|9.9602559000
14550000|9.9602559000|9.9995081400|9.9602559000|9.9896950800|694300|7057848.0000|9.9896950800
15000000|9.9896950800|10.0191342600|9.9798820200|9.9798820200|456500|4649636.0000|9.9798820200
