09350000|17.2000000000|17.2500000000|17.1500000000|17.2400000000|1967908|33861407.0000|17.2400000000
09400000|17.2400000000|17.2800000000|17.2300000000|17.2300000000|1079200|18618591.0000|17.2300000000
09450000|17.2300000000|17.2600000000|17.2000000000|17.2400000000|1411800|24332200.0000|17.2400000000
09500000|17.2400000000|17.3100000000|17.2400000000|17.3000000000|1091900|18880523.0000|17.3000000000
09550000|17.2900000000|17.3000000000|17.2700000000|17.2800000000|386800|6685868.0000|17.2800000000
10000000|17.2700000000|17.2700000000|17.2400000000|17.2500000000|322500|5565136.0000|17.2500000000
10050000|17.2500000000|17.2800000000|17.2500000000|17.2700000000|417132|7203241.0000|17.2700000000
10100000|17.2700000000|17.3000000000|17.2600000000|17.3000000000|1034500|17879444.0000|17.3000000000
10150000|17.3000000000|17.3000000000|17.2200000000|17.2500000000|659900|11382276.0000|17.2500000000
10200000|17.2500000000|17.2500000000|17.2300000000|17.2500000000|168800|2909654.0000|17.2500000000
10250000|17.2500000000|17.2500000000|17.2300000000|17.2400000000|198100|3415572.0000|17.2400000000
10300000|17.2400000000|17.2400000000|17.2000000000|17.2100000000|570200|9813460.0000|17.2100000000
10350000|17.2100000000|17.2200000000|17.2000000000|17.2100000000|183600|3159875.0000|17.2100000000
10400000|17.2100000000|17.2400000000|17.2000000000|17.2200000000|401100|6910072.0000|17.2200000000
10450000|17.2200000000|17.2300000000|17.2200000000|17.2200000000|75352|1297676.0000|17.2200000000
10500000|17.2200000000|17.2300000000|17.1900000000|17.1900000000|297600|5121378.0000|17.1900000000
10550000|17.1900000000|17.2000000000|17.1800000000|17.1900000000|273600|4702281.0000|17.1900000000
11000000|17.1900000000|17.1900000000|17.1700000000|17.1900000000|195200|3353478.0000|17.1900000000
11050000|17.1900000000|17.1900000000|17.1700000000|17.1700000000|160600|2758651.0000|17.1700000000
11100000|17.1700000000|17.1800000000|17.1600000000|17.1700000000|113300|1945591.0000|17.1700000000
11150000|17.1700000000|17.1900000000|17.1600000000|17.1800000000|78100|1341266.0000|17.1800000000
11200000|17.1800000000|17.2000000000|17.1700000000|17.1800000000|175700|3019702.0000|17.1800000000
11250000|17.1800000000|17.1900000000|17.1800000000|17.1900000000|94300|1620589.0000|17.1900000000
11300000|17.1800000000|17.2000000000|17.1800000000|17.2000000000|116276|1998794.0000|17.2000000000
13050000|17.1900000000|17.2400000000|17.1700000000|17.1800000000|654780|11264855.0000|17.1800000000
13100000|17.1800000000|17.1900000000|17.1600000000|17.1700000000|222400|3818719.0000|17.1700000000
13150000|17.1700000000|17.2000000000|17.1600000000|17.1600000000|678500|11656894.0000|17.1600000000
13200000|17.1600000000|17.1800000000|17.1600000000|17.1800000000|240500|4127843.0000|17.1800000000
13250000|17.1800000000|17.1900000000|17.1700000000|17.1700000000|155500|2671260.0000|17.1700000000
13300000|17.1800000000|17.1900000000|17.1700000000|17.1800000000|216700|3721899.0000|17.1800000000
13350000|17.1900000000|17.1900000000|17.1700000000|17.1700000000|367500|6312223.0000|17.1700000000
13400000|17.1700000000|17.1800000000|17.1600000000|17.1700000000|291800|5010171.0000|17.1700000000
13450000|17.1700000000|17.2000000000|17.1700000000|17.1800000000|235500|4046776.0000|17.1800000000
13500000|17.1800000000|17.1900000000|17.1800000000|17.1800000000|156200|2683681.0000|17.1800000000
13550000|17.1800000000|17.1900000000|17.1700000000|17.1900000000|159800|2745695.0000|17.1900000000
14000000|17.1900000000|17.2200000000|17.1900000000|17.2000000000|252688|4347188.0000|17.2000000000
14050000|17.2000000000|17.2100000000|17.2000000000|17.2100000000|102600|1765021.0000|17.2100000000
14100000|17.2100000000|17.2400000000|17.2000000000|17.2300000000|391300|6740237.0000|17.2300000000
14150000|17.2300000000|17.2400000000|17.2200000000|17.2400000000|156000|2688033.0000|17.2400000000
14200000|17.2400000000|17.2900000000|17.2300000000|17.2700000000|1083976|18720739.0000|17.2700000000
14250000|17.2700000000|17.2700000000|17.2400000000|17.2500000000|2959200|51026448.0000|17.2500000000
14300000|17.2500000000|17.2600000000|17.2300000000|17.2300000000|380337|6558471.0000|17.2300000000
14350000|17.2400000000|17.2400000000|17.2300000000|17.2300000000|163063|2810290.0000|17.2300000000
14400000|17.2300000000|17.2400000000|17.2200000000|17.2300000000|281300|4845873.0000|17.2300000000
14450000|17.2300000000|17.2300000000|17.2200000000|17.2300000000|335400|5778074.0000|17.2300000000
14500000|17.2200000000|17.2400000000|17.2200000000|17.2400000000|447600|7712672.0000|17.2400000000
14550000|17.2300000000|17.2500000000|17.2300000000|17.2500000000|901700|15542704.0000|17.2500000000
15000000|17.2400000000|17.2800000000|17.2400000000|17.2800000000|459161|7927553.0000|17.2800000000
