09350000|48.1914975000|48.3339767100|47.5042448400|47.7221542200|1895900|108200849.0000|47.7221542200
09400000|47.6886297000|47.7556787400|47.5712938800|47.5880561400|915300|52038371.0000|47.5880561400
09450000|47.5796750100|47.6048184000|47.4455769300|47.5042448400|783900|44447362.0000|47.5042448400
09500000|47.5293882300|47.5461504900|47.3617656300|47.3952901500|859300|48620417.0000|47.3952901500
09550000|47.4036712800|47.4204335400|47.2779543300|47.3366222400|942565|53237913.0000|47.3366222400
10000000|47.3366222400|47.4958637100|47.2695732000|47.4874825800|430524|24309856.0000|47.4874825800
10050000|47.4958637100|47.4958637100|47.3450033700|47.3701467600|488100|27604576.0000|47.3701467600
10100000|47.3701467600|47.3701467600|47.1941430300|47.2360486800|863542|48711936.0000|47.2360486800
10150000|47.2444298100|47.2779543300|47.0265204300|47.0349015600|1056093|59432992.0000|47.0349015600
10200000|47.0349015600|47.1354751200|46.9510902600|47.1019506000|865330|48540000.0000|47.1019506000
10250000|47.1019506000|47.1522373800|47.0013770400|47.1438562500|484300|27187552.0000|47.1438562500
10300000|47.1857619000|47.2528109400|47.1354751200|47.1522373800|376600|21196912.0000|47.1522373800
10350000|47.1606185100|47.1606185100|46.9594713900|46.9929959100|819100|45963616.0000|46.9929959100
10400000|46.9929959100|47.0935694700|46.9594713900|47.0181393000|359200|20151888.0000|47.0181393000
10450000|47.0265204300|47.0684260800|47.0181393000|47.0600449500|267300|15000240.0000|47.0600449500
10500000|47.0600449500|47.0768072100|46.9846147800|47.0349015600|513000|28788128.0000|47.0349015600
10550000|47.0349015600|47.0349015600|46.9762336500|47.0349015600|529300|29689616.0000|47.0349015600
11000000|47.0349015600|47.0349015600|46.9594713900|46.9678525200|558100|31282064.0000|46.9678525200
11050000|46.9510902600|47.1019506000|46.8672789600|47.1019506000|1142970|64027904.0000|47.1019506000
11100000|47.1019506000|47.1187128600|47.0516638200|47.1103317300|300200|16862272.0000|47.1103317300
11150000|47.1187128600|47.3030977200|47.1103317300|47.2779543300|316260|17808656.0000|47.2779543300
11200000|47.2779543300|47.3030977200|47.1606185100|47.1689996400|217800|12275824.0000|47.1689996400
11250000|47.1689996400|47.2695732000|47.1522373800|47.2611920700|197800|11141520.0000|47.2611920700
11300000|47.2444298100|47.3952901500|47.2360486800|47.3785278900|221602|12501872.0000|47.3785278900
13050000|47.3785278900|47.4539580600|47.2192864200|47.2611920700|449500|25377280.0000|47.2611920700
13100000|47.2528109400|47.4874825800|47.2528109400|47.4707203200|236500|13379536.0000|47.4707203200
13150000|47.4707203200|47.5880561400|47.4623391900|47.5712938800|292000|16551808.0000|47.5712938800
13200000|47.5629127500|47.5712938800|47.4791014500|47.5042448400|238000|13497792.0000|47.5042448400
13250000|47.4874825800|47.5796750100|47.4874825800|47.5796750100|173578|9841888.0000|47.5796750100
13300000|47.5629127500|47.5796750100|47.5042448400|47.5629127500|221800|12581696.0000|47.5629127500
13350000|47.5629127500|47.6718674400|47.5629127500|47.6551051800|249900|14190928.0000|47.6551051800
13400000|47.6634863100|47.7053919600|47.6551051800|47.6886297000|240500|13683520.0000|47.6886297000
13450000|47.6886297000|47.6970108300|47.6551051800|47.6634863100|200600|11409632.0000|47.6634863100
13500000|47.6634863100|47.7053919600|47.6634863100|47.6970108300|206600|11755296.0000|47.6970108300
13550000|47.6970108300|47.6970108300|47.6718674400|47.6970108300|268700|15287472.0000|47.6970108300
14000000|47.6802485700|47.8059655200|47.6802485700|47.7053919600|449000|25581984.0000|47.7053919600
14050000|47.7053919600|47.8311089100|47.7053919600|47.8227277800|263600|15022608.0000|47.8227277800
14100000|47.8311089100|47.8311089100|47.6467240500|47.6886297000|346900|19768544.0000|47.6886297000
14150000|47.7556787400|47.7640598700|47.6551051800|47.7221542200|217172|12366032.0000|47.7221542200
14200000|47.7137730900|47.7389164800|47.5210071000|47.5461504900|280200|15933376.0000|47.5461504900
14250000|47.5461504900|47.6467240500|47.5377693600|47.5964372700|273000|15504096.0000|47.5964372700
14300000|47.5964372700|47.6048184000|47.5545316200|47.5629127500|269500|15300944.0000|47.5629127500
14350000|47.5629127500|47.6048184000|47.5629127500|47.5796750100|296300|16826416.0000|47.5796750100
14400000|47.5796750100|47.5796750100|47.4455769300|47.4791014500|321250|18207712.0000|47.4791014500
14450000|47.4791014500|47.5042448400|47.4791014500|47.4958637100|240800|13646144.0000|47.4958637100
14500000|47.4874825800|47.5629127500|47.4371958000|47.4455769300|352950|20005648.0000|47.4455769300
14550000|47.4455769300|47.4455769300|47.4036712800|47.4288146700|411800|23300256.0000|47.4288146700
15000000|47.4288146700|47.4874825800|47.4288146700|47.4623391900|365513|20695760.0000|47.4623391900
