093500|12.45|12.51|12.45|12.48|12374.0|15477452.0|12.5
094000|12.49|12.53|12.48|12.48|11410.0|14297887.0|12.48
094500|12.48|12.53|12.48|12.5|5553.0|6966640.0|12.48
095000|12.51|12.52|12.49|12.49|4022.0|5040972.0|12.5
095500|12.5|12.5|12.47|12.48|4989.0|6239535.0|12.49
100000|12.47|12.48|12.46|12.47|2284.0|2854936.0|12.48
100500|12.47|12.49|12.46|12.48|5945.0|7430423.0|12.47
101000|12.48|12.52|12.48|12.51|3852.0|4824390.0|12.48
101500|12.51|12.53|12.48|12.49|4913.0|6158722.0|12.51
102000|12.49|12.49|12.48|12.49|2765.0|3460378.0|12.49
102500|12.49|12.52|12.48|12.52|4841.0|6065899.0|12.49
103000|12.52|12.52|12.49|12.51|2785.0|3491171.0|12.52
103500|12.51|12.52|12.5|12.52|2318.0|2907593.0|12.51
104000|12.51|12.52|12.5|12.52|2961.0|3713744.0|12.52
104500|12.52|12.52|12.51|12.51|1826.0|2290830.0|12.52
105000|12.51|12.52|12.5|12.51|1633.0|2047615.0|12.51
105500|12.5|12.51|12.48|12.48|4446.0|5567466.0|12.51
110000|12.48|12.51|12.48|12.49|2264.0|2835764.0|12.48
110500|12.49|12.5|12.48|12.49|1139.0|1426105.0|12.49
111000|12.49|12.49|12.47|12.48|2459.0|3077496.0|12.49
111500|12.49|12.49|12.47|12.48|1875.0|2345435.0|12.48
112000|12.49|12.5|12.48|12.5|924.0|1156652.0|12.48
112500|12.49|12.5|12.48|12.48|1182.0|1480007.0|12.5
113000|12.48|12.5|12.48|12.49|1097.0|1373501.0|12.48
130500|12.49|12.53|12.48|12.53|7430.0|9315356.0|12.49
131000|12.53|12.55|12.52|12.54|3890.0|4887229.0|12.53
131500|12.54|12.54|12.52|12.53|2448.0|3076103.0|12.54
132000|12.53|12.53|12.51|12.51|2294.0|2879469.0|12.53
132500|12.51|12.52|12.5|12.52|1951.0|2447336.0|12.51
133000|12.52|12.53|12.51|12.53|1539.0|1932162.0|12.52
133500|12.52|12.54|12.52|12.53|2303.0|2892666.0|12.53
134000|12.54|12.55|12.53|12.54|3151.0|3961647.0|12.53
134500|12.53|12.54|12.53|12.54|2129.0|2675630.0|12.54
135000|12.54|12.54|12.53|12.54|2315.0|2908562.0|12.54
135500|12.54|12.54|12.5|12.51|4196.0|5264322.0|12.54
140000|12.51|12.52|12.49|12.49|1605.0|2011842.0|12.51
140500|12.49|12.5|12.48|12.49|2102.0|2631837.0|12.49
141000|12.49|12.5|12.48|12.5|1738.0|2176812.0|12.49
141500|12.5|12.51|12.5|12.51|1840.0|2306781.0|12.5
142000|12.51|12.52|12.5|12.52|1956.0|2452287.0|12.51
142500|12.52|12.52|12.51|12.51|1566.0|1963549.0|12.52
143000|12.52|12.52|12.5|12.5|1069.0|1341553.0|12.51
143500|12.51|12.51|12.5|12.51|1546.0|1938318.0|12.5
144000|12.51|12.51|12.5|12.5|1879.0|2355706.0|12.51
144500|12.5|12.51|12.5|12.5|3104.0|3890069.0|12.5
145000|12.5|12.5|12.49|12.49|2288.0|2865614.0|12.5
145500|12.5|12.5|12.49|12.49|3307.0|4141252.0|12.49
150000|12.49|12.5|12.48|12.48|5534.0|6927465.0|12.49
