09350000|60.4116238600|60.7256234800|60.3830784400|60.7256234800|1173700|74657424.0000|60.7256234800
09400000|60.7065932000|60.8873808600|60.5448358200|60.5828963800|810600|51766214.0000|60.5828963800
09450000|60.5448358200|60.7065932000|60.3069573200|60.4496844200|498920|31718299.0000|60.4496844200
09500000|60.4496844200|60.6209569400|60.3925935800|60.4401692800|244680|15557613.0000|60.4401692800
09550000|60.4687147000|60.4972601200|60.3545330200|60.3735633000|261000|16572085.0000|60.3735633000
10000000|60.3830784400|60.4496844200|60.2688967600|60.4021087200|487798|30937870.0000|60.4021087200
10050000|60.4116238600|60.4211390000|60.2403513400|60.2593816200|260720|16530563.0000|60.2593816200
10100000|60.2498664800|60.3259876000|60.1737453600|60.3164724600|248260|15718192.0000|60.3164724600
10150000|60.3164724600|60.3450178800|60.2403513400|60.2498664800|108640|6886895.0000|60.2498664800
10200000|60.2403513400|60.2688967600|60.2308362000|60.2593816200|99160|6278251.0000|60.2593816200
10250000|60.2593816200|60.2879270400|60.2498664800|60.2688967600|103130|6531698.0000|60.2688967600
10300000|60.2688967600|60.2688967600|60.2118059200|60.2593816200|120820|7649008.0000|60.2593816200
10350000|60.2593816200|60.4972601200|60.2308362000|60.4687147000|205740|13053920.0000|60.4687147000
10400000|60.4877449800|60.5067752600|60.3545330200|60.3640481600|106300|6754352.0000|60.3640481600
10450000|60.3640481600|60.3640481600|60.2879270400|60.2879270400|82160|5209904.0000|60.2879270400
10500000|60.2879270400|60.3069573200|60.1356848000|60.2308362000|259600|16423792.0000|60.2308362000
10550000|60.2213210600|60.2308362000|60.0119879800|60.1356848000|352800|22276320.0000|60.1356848000
11000000|60.1356848000|60.1356848000|60.0310182600|60.0785939600|173180|10932240.0000|60.0785939600
11050000|60.0500485400|60.0690788200|59.8978063000|60.0405334000|347137|21877664.0000|60.0405334000
11100000|60.0215031200|60.0405334000|59.8502306000|60.0405334000|357483|22524800.0000|60.0405334000
11150000|60.0405334000|60.1642302200|60.0405334000|60.1547150800|76160|4810448.0000|60.1547150800
11200000|60.1642302200|60.1642302200|60.1166545200|60.1261696600|70289|4442272.0000|60.1261696600
11250000|60.1261696600|60.1547150800|60.0881091000|60.1547150800|73000|4612032.0000|60.1547150800
11300000|60.1547150800|60.1547150800|60.1166545200|60.1547150800|47140|2979408.0000|60.1547150800
13050000|60.1547150800|60.4782298400|60.1547150800|60.4211390000|250756|15896768.0000|60.4211390000
13100000|60.4306541400|60.4687147000|60.3164724600|60.3735633000|194079|12325776.0000|60.3735633000
13150000|60.3164724600|60.4877449800|60.2879270400|60.4021087200|166585|10578272.0000|60.4021087200
13200000|60.3925935800|60.4021087200|60.1356848000|60.1547150800|96400|6103648.0000|60.1547150800
13250000|60.1451999400|60.2784119000|60.1166545200|60.2593816200|81160|5132032.0000|60.2593816200
13300000|60.2498664800|60.2593816200|60.1832605000|60.1832605000|78800|4985808.0000|60.1832605000
13350000|60.1832605000|60.1927756400|60.1166545200|60.1356848000|91760|5801792.0000|60.1356848000
13400000|60.1356848000|60.1832605000|60.1356848000|60.1547150800|54200|3427216.0000|60.1547150800
13450000|60.1547150800|60.1832605000|60.1071393800|60.1071393800|80760|5104256.0000|60.1071393800
13500000|60.1071393800|60.1166545200|60.0119879800|60.0215031200|156500|9878368.0000|60.0215031200
13550000|60.0215031200|60.0690788200|60.0024728400|60.0310182600|125120|7894240.0000|60.0310182600
14000000|60.0215031200|60.0215031200|59.9548971400|60.0215031200|139000|8762848.0000|60.0215031200
14050000|60.0215031200|60.0881091000|60.0215031200|60.0405334000|90524|5712656.0000|60.0405334000
14100000|60.0500485400|60.0500485400|60.0215031200|60.0405334000|84560|5334928.0000|60.0405334000
14150000|60.0405334000|60.1642302200|60.0405334000|60.1071393800|121000|7641520.0000|60.1071393800
14200000|60.0881091000|60.0881091000|60.0500485400|60.0785939600|80680|5093072.0000|60.0785939600
14250000|60.0881091000|60.1832605000|60.0881091000|60.1642302200|167728|10604080.0000|60.1642302200
14300000|60.1547150800|60.1547150800|60.1166545200|60.1451999400|121300|7667488.0000|60.1451999400
14350000|60.1451999400|60.2118059200|60.1166545200|60.1927756400|146460|9261728.0000|60.1927756400
14400000|60.1832605000|60.2022907800|60.1451999400|60.1547150800|125440|7933072.0000|60.1547150800
14450000|60.1547150800|60.1737453600|60.1356848000|60.1547150800|140400|8875264.0000|60.1547150800
14500000|60.1451999400|60.1832605000|60.1356848000|60.1737453600|179820|11368384.0000|60.1737453600
14550000|60.1547150800|60.1737453600|60.1547150800|60.1737453600|250247|15822240.0000|60.1737453600
15000000|60.1737453600|60.2118059200|60.1451999400|60.1451999400|332157|21002192.0000|60.1451999400
