09350000|32.7546807000|33.0832230900|32.7546807000|32.7845481900|3274700|108206176.0000|32.7845481900
09400000|32.7845481900|33.0035764500|32.7646365300|32.8841064900|2052500|67762688.0000|32.8841064900
09450000|32.8841064900|32.9239298100|32.6849898900|32.7347690400|1898200|62598032.0000|32.7347690400
09500000|32.7347690400|33.4515888000|32.7148573800|33.4217213100|3298800|109859616.0000|33.4217213100
09550000|33.4217213100|33.6407495700|33.3122071800|33.5013679500|2439300|81960256.0000|33.5013679500
10000000|33.5013679500|33.5411912700|33.2325605400|33.3520305000|1112700|37307584.0000|33.3520305000
10050000|33.3520305000|33.7303520400|33.3221630100|33.5710587600|1757900|59384288.0000|33.5710587600
10100000|33.5710587600|33.6905287200|33.5113237800|33.5312354400|1241800|41913476.0000|33.5312354400
10150000|33.5312354400|33.5312354400|33.3520305000|33.3619863300|791800|26579381.0000|33.3619863300
10200000|33.3619863300|33.3619863300|33.2226047100|33.3022513500|896900|30005958.0000|33.3022513500
10250000|33.3022513500|33.4715004600|33.2624280300|33.4515888000|560600|18789368.0000|33.4515888000
10300000|33.4515888000|33.5511471000|33.4018096500|33.4217213100|561400|18872066.0000|33.4217213100
10350000|33.4217213100|33.5810145900|33.4117654800|33.5411912700|534600|17999034.0000|33.5411912700
10400000|33.5411912700|33.6108820800|33.5013679500|33.6009262500|800100|26986245.0000|33.6009262500
10450000|33.6009262500|33.7004845500|33.5113237800|33.5611029300|980300|33121348.0000|33.5611029300
10500000|33.5611029300|33.6805728900|33.4914121200|33.6208379100|650600|21946303.0000|33.6208379100
10550000|33.6208379100|33.7403078700|33.6009262500|33.6507054000|1031000|34896960.0000|33.6507054000
11000000|33.6507054000|33.6805728900|33.5710587600|33.6507054000|484000|16346560.0000|33.6507054000
11050000|33.6507054000|33.8796894900|33.6208379100|33.8796894900|1996000|67740544.0000|33.8796894900
11100000|33.8796894900|33.9095569800|33.7602195300|33.8199545100|664900|22611520.0000|33.8199545100
11150000|33.8199545100|33.8697336600|33.6507054000|33.8498220000|679600|23067264.0000|33.8498220000
11200000|33.8498220000|33.8498220000|33.7403078700|33.7403078700|430400|14619008.0000|33.7403078700
11250000|33.7403078700|33.7403078700|33.5611029300|33.5909704200|517800|17495040.0000|33.5909704200
11300000|33.5909704200|33.6009262500|33.4814562900|33.5511471000|526500|17743811.0000|33.5511471000
13050000|33.5511471000|33.5909704200|33.4117654800|33.4217213100|649900|21872758.0000|33.4217213100
13100000|33.4217213100|33.4515888000|33.3619863300|33.3918538200|484000|16237383.0000|33.3918538200
13150000|33.3918538200|33.4018096500|33.2325605400|33.2325605400|787300|26350776.0000|33.2325605400
13200000|33.2325605400|33.3520305000|33.2126488800|33.2126488800|640000|21374728.0000|33.2126488800
13250000|33.2126488800|33.3321188400|33.1927372200|33.2624280300|471400|15749056.0000|33.2624280300
13300000|33.2624280300|33.3520305000|33.2524722000|33.2624280300|281600|9418691.0000|33.2624280300
13350000|33.2624280300|33.3221630100|33.2425163700|33.2823396900|288400|9636992.0000|33.2823396900
13400000|33.2823396900|33.3619863300|33.2723838600|33.3420746700|375800|12580601.0000|33.3420746700
13450000|33.3420746700|33.4515888000|33.3122071800|33.4316771400|441700|14824446.0000|33.4316771400
13500000|33.4217213100|33.4217213100|33.1827813900|33.1827813900|453900|15176329.0000|33.1827813900
13550000|33.1827813900|33.3818979900|33.1728255600|33.3818979900|322500|10780672.0000|33.3818979900
14000000|33.3818979900|33.6208379100|33.3420746700|33.5611029300|890300|29983752.0000|33.5611029300
14050000|33.5611029300|33.7004845500|33.5611029300|33.7004845500|822200|27758585.0000|33.7004845500
14100000|33.7004845500|33.7801311900|33.6108820800|33.7602195300|759600|25705600.0000|33.7602195300
14150000|33.7602195300|33.8498220000|33.7403078700|33.8199545100|1167400|39641216.0000|33.8199545100
14200000|33.8199545100|33.8398661700|33.6905287200|33.7403078700|958500|32510464.0000|33.7403078700
14250000|33.7403078700|33.7900870200|33.7303520400|33.7801311900|519800|17629440.0000|33.7801311900
14300000|33.7801311900|33.8000428500|33.7502637000|33.7801311900|610800|20721664.0000|33.7801311900
14350000|33.7801311900|33.7801311900|33.6507054000|33.6606612300|652400|22092032.0000|33.6606612300
14400000|33.6606612300|33.7801311900|33.6507054000|33.7602195300|754200|25554944.0000|33.7602195300
14450000|33.7602195300|33.7602195300|33.5810145900|33.5810145900|829700|28034694.0000|33.5810145900
14500000|33.5810145900|33.6706170600|33.5710587600|33.6108820800|804900|27178362.0000|33.6108820800
14550000|33.6108820800|33.6905287200|33.6108820800|33.6805728900|801700|27107072.0000|33.6805728900
15000000|33.6805728900|33.8299103400|33.6805728900|33.8299103400|3317100|112644864.0000|33.8299103400
