093500|30.87|31.49|30.77|31.28|25446.0|79933601.0|30.99
094000|31.27|31.35|31.25|31.33|11165.0|35106320.0|31.28
094500|31.33|31.46|31.32|31.42|13550.0|42709132.0|31.33
095000|31.42|31.42|31.21|31.26|7960.0|25061096.0|31.42
095500|31.27|31.27|31.11|31.11|5579.0|17481986.0|31.26
100000|31.11|31.15|31.02|31.03|5809.0|18137441.0|31.11
100500|31.04|31.12|30.99|31.11|4868.0|15166555.0|31.03
101000|31.07|31.14|31.04|31.04|1802.0|5630081.0|31.11
101500|31.04|31.04|30.97|30.98|5086.0|15826004.0|31.04
102000|30.97|30.98|30.87|30.92|6044.0|18766799.0|30.98
102500|30.94|30.97|30.88|30.97|3282.0|10185598.0|30.92
103000|30.98|31.02|30.98|30.99|1791.0|5576782.0|30.97
103500|30.99|31.1|30.99|31.06|2429.0|7576228.0|30.99
104000|31.06|31.07|31.01|31.01|1201.0|3744301.0|31.06
104500|31.01|31.06|31.01|31.03|1126.0|3510354.0|31.01
105000|31.02|31.03|30.97|30.97|900.0|2802912.0|31.03
105500|30.97|31.01|30.94|30.94|1198.0|3726152.0|30.97
110000|30.95|30.97|30.92|30.93|1328.0|4126417.0|30.94
110500|30.93|30.95|30.91|30.91|1908.0|5925724.0|30.93
111000|30.91|30.92|30.82|30.85|4900.0|15185564.0|30.91
111500|30.85|30.88|30.85|30.86|1385.0|4292778.0|30.85
112000|30.86|30.89|30.83|30.85|1507.0|4669953.0|30.86
112500|30.84|30.85|30.79|30.8|2330.0|7209458.0|30.85
113000|30.81|30.82|30.74|30.82|4502.0|13911626.0|30.8
130500|30.83|30.83|30.7|30.72|3859.0|11921511.0|30.82
131000|30.73|30.77|30.72|30.75|2962.0|9142225.0|30.72
131500|30.75|30.79|30.73|30.74|2337.0|7217800.0|30.75
132000|30.74|30.77|30.73|30.76|2022.0|6243514.0|30.74
132500|30.77|30.77|30.71|30.71|3002.0|9264739.0|30.76
133000|30.7|30.71|30.67|30.67|2994.0|9226286.0|30.71
133500|30.67|30.7|30.67|30.68|3808.0|11733101.0|30.67
134000|30.69|30.69|30.68|30.69|962.0|2964143.0|30.68
134500|30.69|30.7|30.67|30.7|1557.0|4797802.0|30.69
135000|30.69|30.69|30.67|30.67|1464.0|4510748.0|30.7
135500|30.67|30.67|30.58|30.64|5836.0|17953411.0|30.67
140000|30.63|30.65|30.61|30.61|1618.0|4977013.0|30.64
140500|30.61|30.62|30.58|30.59|1963.0|6032886.0|30.61
141000|30.59|30.59|30.53|30.55|3465.0|10638248.0|30.59
141500|30.54|30.59|30.51|30.59|3802.0|11658770.0|30.55
142000|30.59|30.59|30.54|30.59|1942.0|5958244.0|30.59
142500|30.59|30.61|30.57|30.59|2243.0|6892358.0|30.59
143000|30.58|30.59|30.54|30.54|1602.0|4917380.0|30.59
143500|30.55|30.57|30.53|30.54|1785.0|5475672.0|30.54
144000|30.54|30.56|30.52|30.55|1858.0|5698214.0|30.54
144500|30.54|30.55|30.51|30.51|3333.0|10216996.0|30.55
145000|30.51|30.53|30.5|30.51|3048.0|9339636.0|30.51
145500|30.5|30.51|30.48|30.51|5164.0|15817547.0|30.51
150000|30.51|30.52|30.47|30.47|7241.0|22163838.0|30.51
