09350000|77.8200000000|79.0800000000|77.5100000000|79.0700000000|8706208|681090595.3600|79.0700000000
09400000|79.1300000000|79.4700000000|78.7300000000|79.3500000000|4051492|320206310.9800|79.3500000000
09450000|79.3100000000|79.4000000000|78.6700000000|78.6700000000|2930988|231783698.1600|78.6700000000
09500000|78.8200000000|78.9300000000|78.5600000000|78.8400000000|2752196|216641345.6800|78.8400000000
09550000|78.8100000000|78.9600000000|78.1000000000|78.2500000000|2342919|183913849.1200|78.2500000000
10000000|78.2400000000|78.6200000000|78.2400000000|78.5800000000|1373740|107740372.9000|78.5800000000
10050000|78.6200000000|78.7700000000|78.3500000000|78.5700000000|920628|72342264.8800|78.5700000000
10100000|78.5800000000|78.7600000000|78.3800000000|78.7300000000|916300|71979750.7500|78.7300000000
10150000|78.7100000000|79.1700000000|78.6600000000|79.0100000000|1658527|130982783.0500|79.0100000000
10200000|79.0100000000|79.0100000000|78.6800000000|78.6800000000|870652|68647139.6800|78.6800000000
10250000|78.6700000000|78.8000000000|78.5700000000|78.7600000000|707760|55649503.6400|78.7600000000
10300000|78.7500000000|78.8900000000|78.6700000000|78.7600000000|674900|53157820.1000|78.7600000000
10350000|78.7300000000|78.9800000000|78.7300000000|78.9600000000|687845|54267652.4000|78.9600000000
10400000|78.9500000000|78.9500000000|78.5300000000|78.5300000000|877960|69094168.6000|78.5300000000
10450000|78.5400000000|78.9400000000|78.5300000000|78.8600000000|780214|61412967.6400|78.8600000000
10500000|78.9000000000|79.0000000000|78.7600000000|78.9800000000|716252|56513575.4800|78.9800000000
10550000|78.9700000000|79.1300000000|78.7800000000|79.0000000000|1005039|79352636.2200|79.0000000000
11000000|79.0300000000|79.0500000000|78.9200000000|79.0300000000|1149480|90797777.0000|79.0300000000
11050000|79.0200000000|79.0200000000|78.8400000000|78.9100000000|600400|47373368.0000|78.9100000000
11100000|78.8900000000|79.0000000000|78.7900000000|78.9700000000|663600|52338686.0000|78.9700000000
11150000|78.9700000000|79.4300000000|78.9400000000|79.4300000000|1455870|115292149.9000|79.4300000000
11200000|79.4400000000|79.4500000000|79.1600000000|79.2700000000|1208100|95807268.6000|79.2700000000
11250000|79.2000000000|79.3500000000|79.1300000000|79.3500000000|634108|50233427.9400|79.3500000000
11300000|79.3500000000|79.3700000000|79.0300000000|79.2400000000|596032|47214800.9200|79.2400000000
13050000|79.5000000000|80.8600000000|79.5000000000|80.7800000000|5166968|414483213.4000|80.7800000000
13100000|80.8000000000|80.9000000000|80.1200000000|80.1300000000|2343817|188746320.6700|80.1300000000
13150000|80.1000000000|80.4600000000|80.0800000000|80.2000000000|1016020|81532846.8000|80.2000000000
13200000|80.1900000000|80.5500000000|80.1200000000|80.4700000000|1373145|110273197.3000|80.4700000000
13250000|80.5200000000|81.9000000000|80.4300000000|81.7200000000|4966191|403977675.4600|81.7200000000
13300000|81.7000000000|81.7400000000|81.0800000000|81.2400000000|1833980|149329339.4000|81.2400000000
13350000|81.2300000000|82.7000000000|81.2300000000|82.2200000000|4582197|376521279.0500|82.2200000000
13400000|82.1700000000|82.4000000000|82.0400000000|82.1000000000|1908440|156815590.1300|82.1000000000
13450000|82.0500000000|82.4000000000|81.9400000000|82.1300000000|1574006|129449057.2800|82.1300000000
13500000|82.1400000000|82.2800000000|81.9300000000|82.1600000000|1323008|108606001.8000|82.1600000000
13550000|82.1600000000|82.3600000000|82.0700000000|82.1000000000|1320897|108557462.7500|82.1000000000
14000000|82.0600000000|82.4000000000|82.0500000000|82.1800000000|1238400|101851431.0000|82.1800000000
14050000|82.1800000000|82.3500000000|81.8300000000|81.9000000000|1322940|108641154.9000|81.9000000000
14100000|81.9200000000|81.9500000000|81.6800000000|81.7600000000|974404|79706973.7100|81.7600000000
14150000|81.7300000000|82.0000000000|81.7300000000|81.8800000000|804520|65850818.0000|81.8800000000
14200000|81.8700000000|81.9500000000|81.6500000000|81.6500000000|772395|63192849.2000|81.6500000000
14250000|81.6700000000|81.9500000000|81.5400000000|81.9000000000|1037140|84786051.6000|81.9000000000
14300000|81.9200000000|81.9500000000|81.7800000000|81.7800000000|607000|49682503.8000|81.7800000000
14350000|81.7800000000|82.0000000000|81.7700000000|81.9900000000|989241|81015594.8400|81.9900000000
14400000|82.0000000000|82.0400000000|81.9000000000|81.9800000000|870360|71346920.2000|81.9800000000
14450000|81.9400000000|81.9800000000|81.8500000000|81.9700000000|1069640|87650866.2000|81.9700000000
14500000|81.9900000000|81.9900000000|81.7600000000|81.7800000000|1717830|140578448.6200|81.7800000000
14550000|81.7900000000|82.0000000000|81.7400000000|82.0000000000|2113810|173222982.4200|82.0000000000
15000000|82.0000000000|82.0100000000|81.9500000000|82.0100000000|1947428|159671748.6800|82.0100000000
