093500|17.96|18.0|17.82|17.83|39378.0|70452004.0|18.14
094000|17.82|17.87|17.78|17.83|26132.0|46553942.0|17.83
094500|17.84|17.92|17.83|17.89|14672.0|26223099.0|17.83
095000|17.88|17.89|17.84|17.85|12933.0|23103897.0|17.89
095500|17.85|17.92|17.84|17.92|10405.0|18590062.0|17.85
100000|17.92|17.93|17.88|17.89|8765.0|15692645.0|17.92
100500|17.89|17.9|17.88|17.88|7270.0|13004845.0|17.89
101000|17.89|17.89|17.82|17.82|9174.0|16380596.0|17.88
101500|17.82|17.84|17.81|17.84|9254.0|16489865.0|17.82
102000|17.84|17.84|17.78|17.78|21154.0|37661638.0|17.84
102500|17.77|17.8|17.75|17.79|13788.0|24494619.0|17.78
103000|17.8|17.83|17.78|17.79|5160.0|9185569.0|17.79
103500|17.79|17.81|17.78|17.79|6029.0|10728610.0|17.79
104000|17.79|17.79|17.77|17.79|5381.0|9569336.0|17.79
104500|17.78|17.78|17.76|17.76|8104.0|14397523.0|17.79
105000|17.75|17.78|17.75|17.78|4916.0|8730543.0|17.76
105500|17.77|17.8|17.77|17.79|2714.0|4828849.0|17.78
110000|17.8|17.8|17.78|17.79|4164.0|7406454.0|17.79
110500|17.78|17.79|17.77|17.78|5599.0|9951934.0|17.79
111000|17.78|17.79|17.77|17.77|4099.0|7286499.0|17.78
111500|17.78|17.84|17.77|17.83|4419.0|7867568.0|17.77
112000|17.83|17.84|17.81|17.82|3494.0|6228650.0|17.83
112500|17.81|17.84|17.81|17.84|4067.0|7249254.0|17.82
113000|17.83|17.84|17.8|17.8|3785.0|6740853.0|17.84
130500|17.8|17.81|17.78|17.78|3954.0|7035488.0|17.8
131000|17.79|17.79|17.78|17.78|4464.0|7938937.0|17.78
131500|17.78|17.79|17.77|17.78|4156.0|7389957.0|17.78
132000|17.78|17.78|17.76|17.77|5927.0|10528967.0|17.78
132500|17.76|17.77|17.75|17.76|5506.0|9777133.0|17.77
133000|17.76|17.77|17.75|17.77|3820.0|6785834.0|17.76
133500|17.76|17.78|17.76|17.76|5117.0|9089974.0|17.77
134000|17.76|17.78|17.76|17.77|3693.0|6562848.0|17.76
134500|17.77|17.78|17.76|17.76|3003.0|5335902.0|17.77
135000|17.76|17.77|17.75|17.76|5967.0|10598550.0|17.76
135500|17.76|17.77|17.75|17.75|6097.0|10824311.0|17.76
140000|17.75|17.75|17.71|17.71|12586.0|22317945.0|17.75
140500|17.71|17.73|17.7|17.73|7800.0|13820676.0|17.71
141000|17.72|17.73|17.71|17.72|5711.0|10117815.0|17.73
141500|17.72|17.72|17.7|17.71|7202.0|12753487.0|17.72
142000|17.7|17.72|17.7|17.72|3200.0|5667934.0|17.71
142500|17.71|17.72|17.71|17.71|4238.0|7506996.0|17.72
143000|17.71|17.72|17.7|17.71|5559.0|9842680.0|17.71
143500|17.71|17.71|17.69|17.69|16883.0|29880803.0|17.71
144000|17.69|17.7|17.6|17.61|18421.0|32508117.0|17.69
144500|17.62|17.65|17.61|17.65|6739.0|11881028.0|17.61
145000|17.65|17.7|17.64|17.7|7711.0|13629515.0|17.65
145500|17.7|17.72|17.69|17.72|8031.0|14215807.0|17.7
150000|17.71|17.73|17.7|17.73|12548.0|22239811.0|17.72
