093500|4.94|4.96|4.91|4.95|19345.0|9546795.0|4.94
094000|4.95|5.01|4.95|5.0|26853.0|13388206.0|4.95
094500|5.0|5.0|4.97|4.98|15982.0|7963326.0|5.0
095000|4.98|4.99|4.93|4.94|19626.0|9727415.0|4.98
095500|4.93|4.94|4.92|4.92|10227.0|5041851.0|4.94
100000|4.92|4.95|4.92|4.93|12153.0|5994079.0|4.92
100500|4.93|4.94|4.91|4.91|16814.0|8273890.0|4.93
101000|4.91|4.94|4.91|4.93|9347.0|4604257.0|4.91
101500|4.93|4.93|4.91|4.92|11910.0|5863587.0|4.93
102000|4.93|4.93|4.91|4.92|4398.0|2164302.0|4.92
102500|4.91|4.92|4.9|4.9|13236.0|6503510.0|4.92
103000|4.91|4.91|4.89|4.89|15915.0|7793206.0|4.9
103500|4.89|4.9|4.88|4.89|6353.0|3106752.0|4.89
104000|4.89|4.89|4.88|4.89|5642.0|2756116.0|4.89
104500|4.88|4.89|4.87|4.87|15155.0|7394597.0|4.89
105000|4.87|4.88|4.87|4.88|3354.0|1635645.0|4.87
105500|4.88|4.89|4.87|4.89|3021.0|1474817.0|4.88
110000|4.88|4.89|4.87|4.87|5005.0|2441984.0|4.89
110500|4.87|4.88|4.86|4.86|8522.0|4150453.0|4.87
111000|4.86|4.87|4.85|4.85|12284.0|5966144.0|4.86
111500|4.85|4.86|4.84|4.85|13305.0|6453367.0|4.85
112000|4.85|4.86|4.85|4.86|3765.0|1828014.0|4.85
112500|4.86|4.87|4.85|4.86|3549.0|1725609.0|4.86
113000|4.87|4.87|4.85|4.85|13492.0|6550892.0|4.86
130500|4.86|4.86|4.85|4.86|3131.0|1519385.0|4.85
131000|4.86|4.86|4.85|4.85|9555.0|4634580.0|4.86
131500|4.86|4.86|4.85|4.86|2766.0|1342733.0|4.85
132000|4.85|4.86|4.84|4.86|8438.0|4092536.0|4.86
132500|4.85|4.86|4.85|4.86|1329.0|644846.0|4.86
133000|4.85|4.86|4.85|4.86|1996.0|968550.0|4.86
133500|4.85|4.86|4.85|4.85|3189.0|1548041.0|4.86
134000|4.85|4.86|4.84|4.85|16621.0|8049814.0|4.85
134500|4.84|4.85|4.84|4.84|844.0|408670.0|4.85
135000|4.85|4.85|4.84|4.85|1153.0|558814.0|4.84
135500|4.84|4.85|4.84|4.84|3278.0|1587632.0|4.85
140000|4.84|4.86|4.84|4.86|6624.0|3212210.0|4.84
140500|4.85|4.86|4.85|4.86|1080.0|524536.0|4.86
141000|4.85|4.86|4.85|4.86|2790.0|1354991.0|4.86
141500|4.85|4.86|4.84|4.85|15704.0|7614705.0|4.86
142000|4.85|4.85|4.84|4.85|2743.0|1329326.0|4.85
142500|4.84|4.85|4.84|4.84|3893.0|1887093.0|4.85
143000|4.84|4.86|4.84|4.85|4890.0|2371672.0|4.84
143500|4.84|4.85|4.84|4.85|2127.0|1030979.0|4.85
144000|4.84|4.85|4.84|4.85|5850.0|2834514.0|4.85
144500|4.85|4.85|4.84|4.85|5046.0|2444888.0|4.85
145000|4.85|4.86|4.84|4.85|5997.0|2908699.0|4.85
145500|4.85|4.86|4.85|4.85|4545.0|2206456.0|4.85
150000|4.85|4.87|4.85|4.86|12097.0|5875540.0|4.85
