09350000|3.4386285600|3.4480237200|3.4198382400|3.4386285600|665600|2434653.0000|3.4386285600
09400000|3.4386285600|3.4574188800|3.4386285600|3.4574188800|615200|2260307.0000|3.4574188800
09450000|3.4574188800|3.4762092000|3.4480237200|3.4762092000|1052066|3879493.0000|3.4762092000
09500000|3.4668140400|3.4762092000|3.4668140400|3.4668140400|502300|1857234.0000|3.4668140400
09550000|3.4762092000|3.4856043600|3.4668140400|3.4762092000|504200|1866021.0000|3.4762092000
10000000|3.4762092000|3.4856043600|3.4668140400|3.4668140400|763300|2823527.0000|3.4668140400
10050000|3.4668140400|3.4856043600|3.4668140400|3.4668140400|1033100|3819437.0000|3.4668140400
10100000|3.4668140400|3.4762092000|3.4480237200|3.4668140400|3002600|11051929.0000|3.4668140400
10150000|3.4668140400|3.4856043600|3.4574188800|3.4856043600|1160700|4281602.0000|3.4856043600
10200000|3.4856043600|3.4856043600|3.4668140400|3.4762092000|523600|1936224.0000|3.4762092000
10250000|3.4762092000|3.4762092000|3.4668140400|3.4762092000|139400|515262.0000|3.4762092000
10300000|3.4668140400|3.4762092000|3.4668140400|3.4762092000|209200|772451.0000|3.4762092000
10350000|3.4762092000|3.4762092000|3.4574188800|3.4668140400|189100|697780.0000|3.4668140400
10400000|3.4668140400|3.4762092000|3.4574188800|3.4762092000|183900|678729.0000|3.4762092000
10450000|3.4762092000|3.4762092000|3.4668140400|3.4762092000|258200|953484.0000|3.4762092000
10500000|3.4668140400|3.4762092000|3.4668140400|3.4762092000|325200|1200923.0000|3.4762092000
10550000|3.4762092000|3.4856043600|3.4668140400|3.4762092000|966700|3577881.0000|3.4762092000
11000000|3.4762092000|3.4856043600|3.4668140400|3.4762092000|262100|969146.0000|3.4762092000
11050000|3.4762092000|3.4762092000|3.4574188800|3.4668140400|300400|1108082.0000|3.4668140400
11100000|3.4668140400|3.4668140400|3.4574188800|3.4668140400|121600|448378.0000|3.4668140400
11150000|3.4668140400|3.4668140400|3.4574188800|3.4668140400|157700|581586.0000|3.4668140400
11200000|3.4668140400|3.4668140400|3.4480237200|3.4574188800|368500|1355839.0000|3.4574188800
11250000|3.4574188800|3.4574188800|3.4480237200|3.4480237200|108200|398135.0000|3.4480237200
11300000|3.4480237200|3.4668140400|3.4480237200|3.4574188800|1039500|3817027.0000|3.4574188800
13050000|3.4480237200|3.4574188800|3.4480237200|3.4574188800|104800|385345.0000|3.4574188800
13100000|3.4574188800|3.4668140400|3.4480237200|3.4574188800|223200|821186.0000|3.4574188800
13150000|3.4574188800|3.4574188800|3.4480237200|3.4480237200|187600|688747.0000|3.4480237200
13200000|3.4574188800|3.4574188800|3.4480237200|3.4574188800|110200|404671.0000|3.4574188800
13250000|3.4574188800|3.4574188800|3.4480237200|3.4480237200|88900|326344.0000|3.4480237200
13300000|3.4574188800|3.4574188800|3.4386285600|3.4386285600|264700|970500.0000|3.4386285600
13350000|3.4386285600|3.4480237200|3.4386285600|3.4386285600|134000|490541.0000|3.4386285600
13400000|3.4480237200|3.4480237200|3.4386285600|3.4386285600|106700|391031.0000|3.4386285600
13450000|3.4386285600|3.4480237200|3.4386285600|3.4386285600|97300|356463.0000|3.4386285600
13500000|3.4386285600|3.4480237200|3.4386285600|3.4386285600|145600|533107.0000|3.4386285600
13550000|3.4386285600|3.4480237200|3.4292334000|3.4386285600|471500|1725571.0000|3.4386285600
14000000|3.4386285600|3.4386285600|3.4292334000|3.4292334000|132900|485601.0000|3.4292334000
14050000|3.4386285600|3.4386285600|3.4292334000|3.4292334000|145400|530977.0000|3.4292334000
14100000|3.4386285600|3.4386285600|3.4292334000|3.4386285600|285716|1045402.0000|3.4386285600
14150000|3.4386285600|3.4480237200|3.4292334000|3.4386285600|506100|1852166.0000|3.4386285600
14200000|3.4386285600|3.4480237200|3.4386285600|3.4480237200|149700|548372.0000|3.4480237200
14250000|3.4480237200|3.4480237200|3.4386285600|3.4480237200|74300|272472.0000|3.4480237200
14300000|3.4386285600|3.4480237200|3.4386285600|3.4386285600|361500|1323359.0000|3.4386285600
14350000|3.4386285600|3.4480237200|3.4292334000|3.4386285600|415000|1518842.0000|3.4386285600
14400000|3.4386285600|3.4386285600|3.4292334000|3.4292334000|355400|1299104.0000|3.4292334000
14450000|3.4292334000|3.4386285600|3.4292334000|3.4292334000|369100|1347574.0000|3.4292334000
14500000|3.4292334000|3.4386285600|3.4292334000|3.4292334000|324200|1183847.0000|3.4292334000
14550000|3.4386285600|3.4386285600|3.4292334000|3.4292334000|404300|1476510.0000|3.4292334000
15000000|3.4292334000|3.4386285600|3.4292334000|3.4292334000|671584|2452080.0000|3.4292334000
