093500|31.7000|32.4000|31.7000|32.2900|1390700|44604392.0000|32.2900
094000|32.2900|32.3900|32.1500|32.1800|675600|21766232.0000|32.1800
094500|32.1700|32.3100|32.0300|32.2400|558500|17984024.0000|32.2400
095000|32.2600|32.4300|32.2400|32.3900|741300|23973296.0000|32.3900
095500|32.3900|32.5800|32.3900|32.4900|616700|20032880.0000|32.4900
100000|32.4000|32.4900|32.3600|32.4600|364000|11804808.0000|32.4600
100500|32.4600|32.6000|32.4200|32.4300|551800|17945136.0000|32.4300
101000|32.4300|32.5400|32.3300|32.4000|258200|8365696.0000|32.4000
101500|32.3900|32.5200|32.3700|32.4000|276500|8972880.0000|32.4000
102000|32.4200|32.4700|32.3000|32.3700|221900|7183248.0000|32.3700
102500|32.3300|32.3800|32.2300|32.2500|262200|8467008.0000|32.2500
103000|32.2500|32.3200|32.2200|32.3000|205200|6622400.0000|32.3000
103500|32.2900|32.3800|32.2600|32.3800|331000|10692128.0000|32.3800
104000|32.3700|32.3800|32.2600|32.3100|442500|14296496.0000|32.3100
104500|32.3000|32.4500|32.2800|32.3700|316400|10236496.0000|32.3700
105000|32.3700|32.5100|32.3200|32.4700|468900|15214224.0000|32.4700
105500|32.4700|32.5100|32.4100|32.4900|475800|15444848.0000|32.4900
110000|32.4800|32.4900|32.3400|32.3500|289600|9380336.0000|32.3500
110500|32.3500|32.4500|32.3400|32.3800|218100|7062912.0000|32.3800
111000|32.3800|32.4100|32.3200|32.4000|259600|8400032.0000|32.4000
111500|32.4000|32.4000|32.2600|32.3100|287300|9285184.0000|32.3100
112000|32.2900|32.3600|32.2800|32.3500|137900|4456704.0000|32.3500
112500|32.3500|32.3800|32.2800|32.2800|164400|5312416.0000|32.2800
113000|32.3100|32.3200|32.2800|32.3000|119000|3843552.0000|32.3000
130500|32.3100|32.4000|32.3100|32.3700|308600|9988512.0000|32.3700
131000|32.3700|32.4400|32.3300|32.4300|308500|9986912.0000|32.4300
131500|32.4400|32.4800|32.3500|32.3500|430300|13947264.0000|32.3500
132000|32.3500|32.4100|32.3300|32.3500|241800|7826304.0000|32.3500
132500|32.3500|32.3500|32.0400|32.0400|514400|16576352.0000|32.0400
133000|32.0400|32.1500|32.0100|32.1300|635200|20369184.0000|32.1300
133500|32.1300|32.2400|32.1100|32.1900|314800|10127456.0000|32.1900
134000|32.2000|32.2600|32.1800|32.2600|385200|12410944.0000|32.2600
134500|32.2600|32.3100|32.2000|32.2200|288400|9303168.0000|32.2200
135000|32.2400|32.3400|32.2100|32.3400|219100|7066912.0000|32.3400
135500|32.3400|32.3800|32.2800|32.3000|365400|11813152.0000|32.3000
140000|32.2900|32.3100|32.2500|32.3000|137200|4428704.0000|32.3000
140500|32.3100|32.3100|32.1700|32.2400|303300|9774496.0000|32.2400
141000|32.2400|32.2500|32.1900|32.2000|318200|10251904.0000|32.2000
141500|32.2000|32.2400|32.1700|32.1700|261500|8416352.0000|32.1700
142000|32.1700|32.2000|32.1500|32.1900|184600|5940480.0000|32.1900
142500|32.1900|32.2100|32.1700|32.1900|440100|14168480.0000|32.1900
143000|32.1800|32.3200|32.1800|32.3200|471200|15195040.0000|32.3200
143500|32.3200|32.3900|32.3100|32.3200|655200|21200384.0000|32.3200
144000|32.3200|32.3800|32.3000|32.3000|473600|15318240.0000|32.3000
144500|32.2900|32.3500|32.2800|32.3200|357800|11559940.0000|32.3200
145000|32.3200|32.3200|32.2700|32.3000|426900|13790266.0000|32.3000
145500|32.3000|32.3100|32.2600|32.3000|491200|15859006.0000|32.3000
150000|32.3000|32.3000|32.2600|32.2600|588600|18995071.0000|32.2600
