093500|27.99|28.22|27.99|28.12|11030.0|31343351.0|27.95
094000|28.13|28.16|28.09|28.12|4053.0|11515684.0|28.12
094500|28.13|28.13|28.05|28.07|4020.0|11414455.0|28.12
095000|28.06|28.07|27.96|28.0|3440.0|9743332.0|28.07
095500|28.0|28.0|27.95|27.99|1828.0|5169266.0|28.0
100000|27.98|28.02|27.98|27.99|3864.0|10932298.0|27.99
100500|27.99|27.99|27.94|27.96|5231.0|14786833.0|27.99
101000|27.96|27.99|27.92|27.92|3089.0|8728372.0|27.96
101500|27.92|27.94|27.91|27.92|2689.0|7590519.0|27.92
102000|27.91|27.95|27.89|27.93|3163.0|8926110.0|27.92
102500|27.92|27.97|27.89|27.96|1892.0|5339236.0|27.93
103000|27.96|28.03|27.95|28.0|2042.0|5779412.0|27.96
103500|28.0|28.02|27.91|27.92|3457.0|9774065.0|28.0
104000|27.92|27.92|27.82|27.83|5231.0|14732976.0|27.92
104500|27.82|27.84|27.8|27.82|4802.0|13502470.0|27.83
105000|27.82|27.87|27.75|27.78|5236.0|14721306.0|27.82
105500|27.78|27.84|27.77|27.8|3221.0|9053155.0|27.78
110000|27.8|27.82|27.8|27.8|2283.0|6417398.0|27.8
110500|27.8|27.82|27.78|27.79|4163.0|11697339.0|27.8
111000|27.8|27.87|27.79|27.84|2780.0|7817910.0|27.79
111500|27.84|27.89|27.82|27.88|3428.0|9654304.0|27.84
112000|27.87|27.9|27.84|27.86|2634.0|7420246.0|27.88
112500|27.87|27.88|27.83|27.85|2662.0|7495981.0|27.86
113000|27.85|27.85|27.82|27.84|1907.0|5367156.0|27.85
130500|27.85|27.86|27.76|27.79|5117.0|14381275.0|27.84
131000|27.79|27.79|27.72|27.73|3395.0|9520156.0|27.79
131500|27.73|27.79|27.73|27.76|1909.0|5355018.0|27.73
132000|27.76|27.8|27.75|27.77|1691.0|4747661.0|27.76
132500|27.79|27.8|27.74|27.76|2885.0|8098377.0|27.77
133000|27.75|27.8|27.75|27.77|2134.0|5991054.0|27.76
133500|27.76|27.78|27.74|27.75|2201.0|6175735.0|27.77
134000|27.77|27.79|27.75|27.77|1954.0|5483694.0|27.75
134500|27.76|27.81|27.75|27.77|2502.0|7024689.0|27.77
135000|27.78|27.81|27.75|27.78|3455.0|9700619.0|27.77
135500|27.78|27.78|27.74|27.75|3369.0|9452653.0|27.78
140000|27.74|27.82|27.74|27.78|3808.0|10691926.0|27.75
140500|27.77|27.79|27.74|27.74|3790.0|10638463.0|27.78
141000|27.75|27.77|27.73|27.75|2630.0|7376209.0|27.74
141500|27.75|27.75|27.7|27.71|7018.0|19661383.0|27.75
142000|27.72|27.72|27.67|27.69|3814.0|10678285.0|27.71
142500|27.69|27.83|27.68|27.82|4542.0|12743846.0|27.69
143000|27.8|27.84|27.77|27.8|2516.0|7072151.0|27.82
143500|27.8|27.91|27.8|27.89|7249.0|20410063.0|27.8
144000|27.9|27.96|27.89|27.91|9650.0|27236761.0|27.89
144500|27.92|27.93|27.87|27.87|6527.0|18401213.0|27.91
145000|27.88|27.89|27.83|27.89|6899.0|19433062.0|27.87
145500|27.88|27.93|27.85|27.92|7205.0|20303911.0|27.89
150000|27.92|27.95|27.87|27.95|4873.0|13753489.0|27.92
