093500|14.7500|14.9900|14.7000|14.9000|11474253|170813199.0000|14.9000
094000|14.8600|15.0000|14.8000|14.8500|8232943|122792913.0000|14.8500
094500|14.8600|14.9000|14.7300|14.7700|4968100|73545296.0000|14.7700
095000|14.7900|14.8700|14.7300|14.7600|3275166|48468448.0000|14.7600
095500|14.7600|14.9300|14.7600|14.8700|3164322|47073088.0000|14.8700
100000|14.8700|14.9600|14.8300|14.8900|2989287|44563184.0000|14.8900
100500|14.8900|14.9000|14.7600|14.8100|3209223|47554048.0000|14.8100
101000|14.8200|14.8200|14.7700|14.7800|2862100|42335808.0000|14.7800
101500|14.7800|14.7900|14.7600|14.7800|1717800|25382176.0000|14.7800
102000|14.7800|14.8900|14.7700|14.8600|1532400|22747760.0000|14.8600
102500|14.8600|14.9200|14.8600|14.8900|2346000|34927696.0000|14.8900
103000|14.9000|15.0000|14.8700|14.9600|6110862|91373888.0000|14.9600
103500|14.9500|15.0900|14.9500|15.0000|6584965|98875920.0000|15.0000
104000|14.9900|15.0000|14.8700|14.8800|2695193|40246112.0000|14.8800
104500|14.8800|14.8900|14.8000|14.8000|2817500|41812272.0000|14.8000
105000|14.8000|14.8200|14.7900|14.8000|2459700|36399888.0000|14.8000
105500|14.8000|14.8000|14.7500|14.7900|2330300|34437376.0000|14.7900
110000|14.7900|14.7900|14.7100|14.7200|3436600|50662432.0000|14.7200
110500|14.7200|14.7200|14.6400|14.7100|2472700|36322800.0000|14.7100
111000|14.7100|14.7500|14.7000|14.7500|923300|13581744.0000|14.7500
111500|14.7300|14.7500|14.6900|14.7500|908300|13358048.0000|14.7500
112000|14.7400|14.7400|14.6200|14.6300|1454800|21344320.0000|14.6300
112500|14.6300|14.6600|14.5500|14.5700|2348400|34300752.0000|14.5700
113000|14.5900|14.6600|14.5900|14.6500|1098283|16061856.0000|14.6500
130500|14.6600|14.7500|14.6300|14.7200|1306800|19181328.0000|14.7200
131000|14.7200|14.7800|14.6800|14.7800|896300|13191712.0000|14.7800
131500|14.7700|14.7800|14.7200|14.7800|1082488|15970256.0000|14.7800
132000|14.7800|14.7800|14.7000|14.7000|972800|14334608.0000|14.7000
132500|14.7100|14.7200|14.6600|14.6800|810900|11905584.0000|14.6800
133000|14.6900|14.7300|14.6800|14.7200|1103700|16237760.0000|14.7200
133500|14.7200|14.8300|14.7200|14.7900|2051300|30353504.0000|14.7900
134000|14.8000|14.8000|14.7000|14.7400|1078500|15901136.0000|14.7400
134500|14.7400|14.7400|14.6600|14.6600|943600|13857456.0000|14.6600
135000|14.6700|14.7000|14.6500|14.6700|990600|14537968.0000|14.6700
135500|14.6600|14.6900|14.6500|14.6700|1132900|16606688.0000|14.6700
140000|14.6600|14.7000|14.6600|14.7000|350600|5146096.0000|14.7000
140500|14.6900|14.6900|14.6000|14.6000|1199100|17544048.0000|14.6000
141000|14.6000|14.6100|14.5500|14.5900|2037899|29715392.0000|14.5900
141500|14.5900|14.6200|14.5700|14.5700|1185900|17293680.0000|14.5700
142000|14.5700|14.6100|14.5500|14.6000|1349191|19663344.0000|14.6000
142500|14.6000|14.6800|14.6000|14.6500|675300|9888640.0000|14.6500
143000|14.6500|14.6700|14.6000|14.6200|828500|12125584.0000|14.6200
143500|14.6800|14.7400|14.6300|14.7200|1734847|25480128.0000|14.7200
144000|14.7200|14.7300|14.6600|14.6800|689753|10129376.0000|14.6800
144500|14.7000|14.7000|14.6500|14.6500|1069700|15692304.0000|14.6500
145000|14.6600|14.6700|14.6400|14.6600|1612706|23633728.0000|14.6600
145500|14.6700|14.6800|14.6600|14.6600|1851121|27155504.0000|14.6600
150000|14.6600|14.7000|14.6500|14.6700|2081794|30548352.0000|14.6700
