093500|18.2000|18.2000|17.9500|18.1200|9963100|180299008.0000|18.1200
094000|18.1200|18.1600|18.0000|18.0800|4870600|88011600.0000|18.0800
094500|18.0800|18.1100|18.0300|18.1100|2851600|51527184.0000|18.1100
095000|18.1200|18.1200|17.9500|18.0100|4468700|80526048.0000|18.0100
095500|18.0100|18.1500|17.9800|18.1500|3907700|70658464.0000|18.1500
100000|18.1300|18.1400|18.0700|18.0800|3617000|65505952.0000|18.0800
100500|18.0500|18.1000|18.0400|18.0900|1815500|32803015.0000|18.0900
101000|18.0900|18.1900|18.0900|18.1600|4427300|80322737.0000|18.1600
101500|18.1600|18.2400|18.1300|18.1600|6375100|115954632.0000|18.1600
102000|18.1500|18.2200|18.1400|18.1600|2339700|42518976.0000|18.1600
102500|18.1500|18.1600|18.1000|18.1500|1854200|33618168.0000|18.1500
103000|18.1500|18.1700|18.1100|18.1700|1505100|27299840.0000|18.1700
103500|18.1700|18.2300|18.1700|18.2000|2744700|49975244.0000|18.2000
104000|18.2000|18.2000|18.1300|18.1300|1314800|23876542.0000|18.1300
104500|18.1300|18.1600|18.1200|18.1400|1176400|21339386.0000|18.1400
105000|18.1400|18.2000|18.1400|18.2000|1324400|24068226.0000|18.2000
105500|18.2000|18.4500|18.2000|18.4300|8229100|150958338.0000|18.4300
110000|18.4300|18.5500|18.2700|18.3400|13031400|239996410.0000|18.3400
110500|18.3200|18.3200|18.2500|18.2800|4623000|84476811.0000|18.2800
111000|18.2800|18.3500|18.2300|18.3100|3252000|59512571.0000|18.3100
111500|18.3100|18.3100|18.2600|18.2800|1516800|27732480.0000|18.2800
112000|18.2800|18.2800|18.2400|18.2600|1546900|28231680.0000|18.2600
112500|18.2500|18.2500|18.2100|18.2400|1302800|23744888.0000|18.2400
113000|18.2400|18.3400|18.2300|18.3300|1496300|27358984.0000|18.3300
130500|18.3300|18.3500|18.2500|18.2600|2630200|48162426.0000|18.2600
131000|18.2600|18.3500|18.2500|18.2800|1787800|32719750.0000|18.2800
131500|18.2800|18.3600|18.2400|18.2500|2783600|50970882.0000|18.2500
132000|18.2500|18.2600|18.2300|18.2300|1757900|32060293.0000|18.2300
132500|18.2300|18.2400|18.1900|18.2200|2416700|44000895.0000|18.2200
133000|18.2200|18.2200|18.1800|18.1800|1518800|27629174.0000|18.1800
133500|18.1900|18.2200|18.1800|18.2000|965600|17572866.0000|18.2000
134000|18.1900|18.2000|18.1500|18.1900|1774800|32265860.0000|18.1900
134500|18.1900|18.2000|18.1700|18.1900|809100|14712566.0000|18.1900
135000|18.1900|18.1900|18.1600|18.1800|965600|17551106.0000|18.1800
135500|18.1700|18.2100|18.1700|18.1900|856900|15585676.0000|18.1900
140000|18.2000|18.2000|18.1600|18.1800|1282100|23309428.0000|18.1800
140500|18.1700|18.1800|18.1100|18.1300|2317000|42014854.0000|18.1300
141000|18.1300|18.1900|18.1100|18.1700|1813400|32921728.0000|18.1700
141500|18.1700|18.2000|18.1700|18.1900|747300|13591162.0000|18.1900
142000|18.2000|18.2000|18.1800|18.1900|950000|17282055.0000|18.1900
142500|18.1900|18.2100|18.1800|18.1900|991900|18048767.0000|18.1900
143000|18.2000|18.2600|18.1900|18.2600|1353300|24664444.0000|18.2600
143500|18.2600|18.3100|18.2000|18.2700|4436200|80972418.0000|18.2700
144000|18.2800|18.3100|18.2500|18.3100|2993200|54734338.0000|18.3100
144500|18.3000|18.3500|18.3000|18.3100|3755100|68808704.0000|18.3100
145000|18.3200|18.3200|18.2800|18.3100|3163100|57876480.0000|18.3100
145500|18.3100|18.3200|18.2700|18.3000|3977500|72761856.0000|18.3000
150000|18.2900|18.3000|18.2700|18.2900|4302000|78670848.0000|18.2900
