093500|11.8600|11.9000|11.7300|11.8300|6967329|82404925.0000|11.8300
094000|11.8300|11.9600|11.8300|11.9600|3723900|44417886.0000|11.9600
094500|11.9600|12.1900|11.9400|12.1700|7574836|91337030.0000|12.1700
095000|12.1600|12.1600|12.0400|12.0700|4310000|52243503.0000|12.0700
095500|12.0700|12.0700|11.9700|12.0000|2692700|32358464.0000|12.0000
100000|12.0100|12.0400|11.9700|12.0300|1831400|21978464.0000|12.0300
100500|12.0300|12.0600|12.0000|12.0000|1770300|21300224.0000|12.0000
101000|11.9900|12.0800|11.9900|12.0200|1210800|14562928.0000|12.0200
101500|12.0200|12.0200|11.9300|12.0000|1920300|22995872.0000|12.0000
102000|12.0100|12.0100|11.9600|11.9900|803000|9619216.0000|11.9900
102500|11.9900|12.0200|11.9700|12.0000|772000|9257808.0000|12.0000
103000|12.0000|12.0100|11.9700|11.9900|820300|9834864.0000|11.9900
103500|12.0000|12.0400|11.9900|12.0300|844234|10144960.0000|12.0300
104000|12.0400|12.0400|11.9700|11.9800|829400|9951008.0000|11.9800
104500|11.9800|11.9800|11.9400|11.9700|874000|10453552.0000|11.9700
105000|11.9600|11.9700|11.9200|11.9300|1207609|14408976.0000|11.9300
105500|11.9200|11.9600|11.9200|11.9500|639300|7628704.0000|11.9500
110000|11.9600|11.9600|11.9000|11.9200|673143|8028192.0000|11.9200
110500|11.9300|11.9300|11.8800|11.9100|933300|11106256.0000|11.9100
111000|11.9100|11.9300|11.8800|11.9200|612500|7291680.0000|11.9200
111500|11.9100|11.9300|11.9000|11.9100|508200|6057936.0000|11.9100
112000|11.9000|11.9200|11.8900|11.9000|452600|5385200.0000|11.9000
112500|11.9000|11.9200|11.9000|11.9100|313500|3732000.0000|11.9100
113000|11.9100|11.9200|11.9000|11.9100|204900|2440176.0000|11.9100
130500|11.9200|11.9300|11.8900|11.9200|630928|7513744.0000|11.9200
131000|11.9300|12.0000|11.9300|11.9900|955000|11428144.0000|11.9900
131500|11.9900|12.0100|11.9800|11.9800|969400|11628112.0000|11.9800
132000|11.9800|12.0200|11.9800|12.0000|624300|7492624.0000|12.0000
132500|12.0000|12.0000|11.9500|11.9600|644200|7714416.0000|11.9600
133000|11.9700|11.9700|11.9500|11.9500|270600|3236320.0000|11.9500
133500|11.9500|11.9600|11.9400|11.9600|273800|3272624.0000|11.9600
134000|11.9600|11.9700|11.9400|11.9500|529200|6325360.0000|11.9500
134500|11.9600|11.9900|11.9500|11.9800|351700|4210592.0000|11.9800
135000|11.9800|11.9900|11.9500|11.9600|540900|6476576.0000|11.9600
135500|11.9600|11.9600|11.9500|11.9500|230400|2754640.0000|11.9500
140000|11.9500|11.9700|11.9500|11.9600|411885|4925024.0000|11.9600
140500|11.9600|11.9700|11.9500|11.9600|262500|3139552.0000|11.9600
141000|11.9500|11.9600|11.9500|11.9500|756163|9038928.0000|11.9500
141500|11.9500|11.9900|11.9500|11.9800|817100|9787152.0000|11.9800
142000|11.9800|11.9900|11.9700|11.9700|479400|5742048.0000|11.9700
142500|11.9600|11.9800|11.9500|11.9600|590800|7068208.0000|11.9600
143000|11.9600|11.9700|11.9600|11.9700|310300|3712416.0000|11.9700
143500|11.9600|11.9800|11.9500|11.9500|982900|11759936.0000|11.9500
144000|11.9600|11.9900|11.9500|11.9900|678200|8120864.0000|11.9900
144500|11.9900|11.9900|11.9800|11.9900|948105|11362016.0000|11.9900
145000|11.9800|12.0000|11.9800|11.9800|1275200|15288144.0000|11.9800
145500|11.9800|11.9900|11.9700|11.9800|1100405|13185888.0000|11.9800
150000|11.9900|12.0000|11.9800|11.9900|1697000|20347536.0000|11.9900
