093500|34.4|34.89|34.2|34.35|25015.0|85907692.0|34.5
094000|34.3|34.6|34.24|34.49|15512.0|53349500.0|34.35
094500|34.49|34.54|34.26|34.31|10041.0|34512039.0|34.49
095000|34.31|34.38|34.19|34.2|19770.0|67780995.0|34.31
095500|34.21|34.21|34.1|34.16|13796.0|47100672.0|34.2
100000|34.17|34.28|34.11|34.17|10379.0|35478968.0|34.16
100500|34.16|34.28|34.11|34.28|6969.0|23819451.0|34.17
101000|34.28|34.39|34.27|34.29|4192.0|14388090.0|34.28
101500|34.28|34.29|34.2|34.26|3280.0|11232214.0|34.29
102000|34.25|34.25|34.2|34.25|3099.0|10602669.0|34.26
102500|34.25|34.32|34.22|34.22|2885.0|9891276.0|34.25
103000|34.23|34.41|34.23|34.41|3879.0|13305098.0|34.22
103500|34.43|34.49|34.38|34.46|4391.0|15117842.0|34.41
104000|34.47|34.56|34.45|34.5|7525.0|25972130.0|34.46
104500|34.5|34.63|34.5|34.62|12529.0|43325678.0|34.5
105000|34.6|34.62|34.51|34.51|5263.0|18205511.0|34.62
105500|34.5|34.55|34.47|34.49|2723.0|9394988.0|34.51
110000|34.48|34.55|34.48|34.52|2885.0|9958516.0|34.49
110500|34.52|34.59|34.51|34.58|2677.0|9247595.0|34.52
111000|34.58|34.85|34.58|34.82|16156.0|56109647.0|34.58
111500|34.82|34.9|34.75|34.79|14082.0|49052624.0|34.82
112000|34.8|34.8|34.64|34.69|4319.0|14999852.0|34.79
112500|34.7|34.74|34.69|34.73|3527.0|12244450.0|34.69
113000|34.74|34.74|34.68|34.72|3305.0|11472467.0|34.73
130500|34.72|35.33|34.72|35.1|60802.0|213400668.0|34.72
131000|35.08|35.1|34.87|34.95|11764.0|41146683.0|35.1
131500|34.95|35.13|34.92|34.93|12424.0|43524138.0|34.95
132000|34.95|34.99|34.85|34.85|7588.0|26492449.0|34.93
132500|34.87|34.93|34.84|34.86|5233.0|18251116.0|34.85
133000|34.85|34.87|34.81|34.82|4193.0|14606753.0|34.86
133500|34.83|34.88|34.8|34.87|3324.0|11582862.0|34.82
134000|34.87|34.91|34.85|34.88|3831.0|13359907.0|34.87
134500|34.89|34.93|34.86|34.87|3086.0|10769420.0|34.88
135000|34.87|34.9|34.87|34.9|2898.0|10111055.0|34.87
135500|34.91|34.95|34.89|34.92|5994.0|20932805.0|34.9
140000|34.92|34.92|34.84|34.86|4207.0|14670753.0|34.92
140500|34.85|34.85|34.76|34.82|7260.0|25270320.0|34.86
141000|34.83|34.83|34.72|34.72|4912.0|17084650.0|34.82
141500|34.71|34.86|34.71|34.84|6785.0|23608067.0|34.72
142000|34.82|34.83|34.77|34.79|2896.0|10079689.0|34.84
142500|34.8|34.8|34.75|34.76|2030.0|7059327.0|34.79
143000|34.77|34.8|34.76|34.77|2282.0|7934438.0|34.76
143500|34.78|34.84|34.77|34.84|4910.0|17087129.0|34.77
144000|34.83|34.84|34.78|34.79|4927.0|17149541.0|34.84
144500|34.78|34.9|34.77|34.9|12263.0|42708433.0|34.79
145000|34.9|34.98|34.89|34.98|11631.0|40620905.0|34.9
145500|34.97|34.98|34.88|34.91|15284.0|53384461.0|34.98
150000|34.91|34.92|34.9|34.9|15257.0|53256879.0|34.91
