093500|14.7700|14.9000|14.6000|14.8700|2938565|43425125.0000|14.8700
094000|14.8900|14.9300|14.7900|14.9000|1311200|19485517.0000|14.9000
094500|14.8900|15.0000|14.8700|14.8800|1530100|22872075.0000|14.8800
095000|14.8900|14.8900|14.7300|14.7400|1013500|15006000.0000|14.7400
095500|14.7300|14.8500|14.7300|14.8400|706900|10454676.0000|14.8400
100000|14.8400|14.9200|14.7900|14.8500|783500|11635199.0000|14.8500
100500|14.8500|14.8500|14.7100|14.7200|599700|8847621.0000|14.7200
101000|14.7100|14.7200|14.5700|14.5800|798000|11689147.0000|14.5800
101500|14.5800|14.6200|14.5500|14.6100|430900|6284712.0000|14.6100
102000|14.6100|14.6800|14.5900|14.6500|392500|5744903.0000|14.6500
102500|14.6600|14.6900|14.6400|14.6900|452900|6644558.0000|14.6900
103000|14.6800|14.7200|14.6600|14.6900|526300|7727046.0000|14.6900
103500|14.6900|14.7400|14.6400|14.7000|525500|7717301.0000|14.7000
104000|14.6900|14.7800|14.6900|14.7700|685200|10091012.0000|14.7700
104500|14.7600|14.7900|14.7200|14.7800|258200|3811632.0000|14.7800
105000|14.7800|14.7900|14.7300|14.7800|226500|3342574.0000|14.7800
105500|14.7700|14.8100|14.7600|14.7700|261700|3870405.0000|14.7700
110000|14.7700|14.8200|14.7600|14.8200|224800|3324309.0000|14.8200
110500|14.8200|14.8200|14.6900|14.6900|506100|7461135.0000|14.6900
111000|14.7000|14.7500|14.7000|14.7300|375400|5529343.0000|14.7300
111500|14.7300|14.7800|14.6800|14.7100|1023300|15062958.0000|14.7100
112000|14.7000|14.7600|14.6700|14.7000|1111700|16351190.0000|14.7000
112500|14.7000|14.7200|14.6600|14.6800|523400|7686753.0000|14.6800
113000|14.6800|14.6900|14.6300|14.6500|581200|8521004.0000|14.6500
130500|14.6400|14.6900|14.6200|14.6900|821700|12035789.0000|14.6900
131000|14.6900|14.7600|14.6900|14.6900|322600|4751568.0000|14.6900
131500|14.6900|14.7200|14.6400|14.6700|432100|6344832.0000|14.6700
132000|14.6900|14.7100|14.6700|14.7000|505900|7432896.0000|14.7000
132500|14.7000|14.7600|14.6900|14.7200|444000|6536592.0000|14.7200
133000|14.7100|14.7200|14.6900|14.7000|269500|3962784.0000|14.7000
133500|14.7000|14.7200|14.6600|14.6700|356900|5241440.0000|14.6700
134000|14.6600|14.7000|14.6500|14.6800|338300|4963664.0000|14.6800
134500|14.6800|14.6900|14.6100|14.6400|354000|5185440.0000|14.6400
135000|14.6400|14.6600|14.6300|14.6300|330100|4834608.0000|14.6300
135500|14.6300|14.7100|14.6300|14.7100|296800|4348272.0000|14.7100
140000|14.6900|14.7300|14.6600|14.6800|450900|6625072.0000|14.6800
140500|14.6900|14.6900|14.6300|14.6300|494800|7255712.0000|14.6300
141000|14.6300|14.6500|14.6200|14.6400|379100|5548880.0000|14.6400
141500|14.6200|14.6800|14.6200|14.6500|302200|4426640.0000|14.6500
142000|14.6600|14.7000|14.6300|14.6900|269400|3954160.0000|14.6900
142500|14.6800|14.7400|14.6700|14.7100|330091|4854416.0000|14.7100
143000|14.7000|14.7100|14.6700|14.6700|352300|5176304.0000|14.6700
143500|14.6700|14.6700|14.6300|14.6400|560900|8218096.0000|14.6400
144000|14.6400|14.6600|14.6200|14.6200|330340|4834592.0000|14.6200
144500|14.6100|14.6200|14.5900|14.6000|548400|8009888.0000|14.6000
145000|14.5900|14.6000|14.5500|14.5500|782204|11399280.0000|14.5500
145500|14.5600|14.5700|14.5200|14.5400|791190|11509216.0000|14.5400
150000|14.5300|14.6000|14.5200|14.5600|466673|6793584.0000|14.5600
