093500|9.4800|9.6800|9.4800|9.6600|7995200|76713432.0000|9.6600
094000|9.6600|9.6600|9.5400|9.6000|3397600|32560552.0000|9.6000
094500|9.6000|9.6300|9.5600|9.5800|1845100|17704024.0000|9.5800
095000|9.5800|9.6600|9.5800|9.6500|2213800|21324256.0000|9.6500
095500|9.6500|9.6500|9.5600|9.5700|2017100|19371408.0000|9.5700
100000|9.5700|9.6800|9.5700|9.6700|2582100|24895424.0000|9.6700
100500|9.6700|9.7200|9.6400|9.7100|3504300|33934912.0000|9.7100
101000|9.7100|9.7900|9.7100|9.7900|4555200|44388704.0000|9.7900
101500|9.7900|9.8400|9.7300|9.7800|5143600|50363184.0000|9.7800
102000|9.7800|9.7800|9.6900|9.6900|2681900|26133280.0000|9.6900
102500|9.6900|9.7300|9.6700|9.7200|2345700|22753792.0000|9.7200
103000|9.7200|9.8000|9.7200|9.8000|2146700|20976032.0000|9.8000
103500|9.8000|9.8000|9.6900|9.6900|1731700|16873312.0000|9.6900
104000|9.6900|9.7600|9.6900|9.7600|1115700|10841792.0000|9.7600
104500|9.7600|9.7800|9.7100|9.7200|1610400|15709152.0000|9.7200
105000|9.7200|9.7400|9.6900|9.7100|1270300|12333664.0000|9.7100
105500|9.7100|9.7100|9.6500|9.6600|1992700|19275744.0000|9.6600
110000|9.6600|9.7200|9.6600|9.6800|1263700|12251840.0000|9.6800
110500|9.6800|9.7100|9.6700|9.7000|892300|8645504.0000|9.7000
111000|9.7000|9.7300|9.6900|9.7200|1133400|11005184.0000|9.7200
111500|9.7200|9.7600|9.7100|9.7200|1311800|12781824.0000|9.7200
112000|9.7200|9.7200|9.6700|9.6900|1258500|12197312.0000|9.6900
112500|9.6900|9.8000|9.6900|9.7900|1838200|17934588.0000|9.7900
113000|9.7900|9.8200|9.7000|9.7000|3651400|35714174.0000|9.7000
130500|9.7100|9.7700|9.7000|9.7700|1911100|18582086.0000|9.7700
131000|9.7700|9.8400|9.7700|9.8400|3167300|31077048.0000|9.8400
131500|9.8400|10.0100|9.8400|10.0000|10317500|102470024.0000|10.0000
132000|10.0000|10.0400|9.9300|10.0400|7381300|73754944.0000|10.0400
132500|10.0400|10.1800|9.9900|10.1800|7515700|75738816.0000|10.1800
133000|10.1800|10.2700|10.1100|10.2700|7808000|79300992.0000|10.2700
133500|10.2700|10.3500|10.2000|10.3000|8716100|89620288.0000|10.3000
134000|10.3000|10.3000|10.2000|10.2000|5521600|56552832.0000|10.2000
134500|10.2000|10.4500|10.2000|10.4500|7612700|78636544.0000|10.4500
135000|10.4500|10.5000|10.3600|10.5000|7323400|76426624.0000|10.5000
135500|10.5000|10.5600|10.4900|10.5400|13218200|139363584.0000|10.5400
140000|10.5400|10.5600|10.5300|10.5500|13695200|144553856.0000|10.5500
140500|10.5500|10.5600|10.5100|10.5200|2517700|26516224.0000|10.5200
141000|10.5200|10.5600|10.5200|10.5500|4349800|45907072.0000|10.5500
141500|10.5500|10.5600|10.5300|10.5400|2109200|22244736.0000|10.5400
142000|10.5400|10.5600|10.5400|10.5600|2578700|27219456.0000|10.5600
142500|10.5600|10.5600|10.5400|10.5600|2098000|22146176.0000|10.5600
143000|10.5600|10.5600|10.5600|10.5600|523600|5529216.0000|10.5600
143500|10.5600|10.5600|10.5600|10.5600|1008900|10653568.0000|10.5600
144000|10.5600|10.5600|10.5600|10.5600|417200|4405632.0000|10.5600
144500|10.5600|10.5600|10.5600|10.5600|221100|2334848.0000|10.5600
145000|10.5600|10.5600|10.5600|10.5600|1077900|11382656.0000|10.5600
145500|10.5600|10.5600|10.5000|10.5600|11673200|123198848.0000|10.5600
150000|10.5600|10.5600|10.5000|10.5600|2448300|25817088.0000|10.5600
