09350000|10.8890210000|10.9781129900|10.8890210000|10.9682138800|277900|3064972.0000|10.9682138800
09400000|10.9682138800|11.0474067600|10.9583147700|10.9880121000|136300|1514579.0000|10.9880121000
09450000|10.9880121000|10.9880121000|10.9385165500|10.9781129900|93400|1035402.0000|10.9781129900
09500000|10.9781129900|10.9880121000|10.9484156600|10.9682138800|75700|838432.0000|10.9682138800
09550000|10.9583147700|10.9781129900|10.9385165500|10.9682138800|99000|1095546.0000|10.9682138800
10000000|10.9682138800|11.0276085400|10.9583147700|10.9880121000|57500|638560.0000|10.9880121000
10050000|10.9880121000|11.0276085400|10.9781129900|11.0078103200|86900|965744.0000|11.0078103200
10100000|11.0078103200|11.0177094300|10.9682138800|10.9781129900|53120|590021.0000|10.9781129900
10150000|10.9781129900|10.9781129900|10.8989201100|10.9286174400|82300|909647.0000|10.9286174400
10200000|10.9286174400|10.9286174400|10.9088192200|10.9187183300|61278|675747.0000|10.9187183300
10250000|10.9187183300|10.9286174400|10.9088192200|10.9286174400|67430|743853.0000|10.9286174400
10300000|10.9286174400|10.9484156600|10.9286174400|10.9484156600|32300|357052.0000|10.9484156600
10350000|10.9484156600|10.9682138800|10.9187183300|10.9682138800|44000|486226.0000|10.9682138800
10400000|10.9484156600|10.9682138800|10.9385165500|10.9385165500|38500|426065.0000|10.9385165500
10450000|10.9385165500|10.9484156600|10.9286174400|10.9484156600|10700|118231.0000|10.9484156600
10500000|10.9484156600|10.9583147700|10.9385165500|10.9484156600|21400|236702.0000|10.9484156600
10550000|10.9484156600|10.9682138800|10.9484156600|10.9484156600|25900|286744.0000|10.9484156600
11000000|10.9484156600|10.9484156600|10.9385165500|10.9385165500|23200|256399.0000|10.9385165500
11050000|10.9385165500|10.9385165500|10.9187183300|10.9286174400|55500|612869.0000|10.9286174400
11100000|10.9286174400|10.9484156600|10.9286174400|10.9385165500|24800|273997.0000|10.9385165500
11150000|10.9385165500|10.9385165500|10.9286174400|10.9286174400|12100|133672.0000|10.9286174400
11200000|10.9286174400|10.9385165500|10.9286174400|10.9286174400|30500|336765.0000|10.9286174400
11250000|10.9286174400|10.9583147700|10.9187183300|10.9484156600|37265|411843.0000|10.9484156600
11300000|10.9484156600|10.9583147700|10.9484156600|10.9583147700|28900|319848.0000|10.9583147700
13050000|10.9583147700|10.9583147700|10.9484156600|10.9583147700|33300|368480.0000|10.9583147700
13100000|10.9583147700|10.9583147700|10.9286174400|10.9385165500|87800|970388.0000|10.9385165500
13150000|10.9385165500|10.9484156600|10.9286174400|10.9484156600|25700|284082.0000|10.9484156600
13200000|10.9484156600|10.9484156600|10.9286174400|10.9484156600|23600|260802.0000|10.9484156600
13250000|10.9484156600|10.9484156600|10.9385165500|10.9385165500|15727|173917.0000|10.9385165500
13300000|10.9385165500|10.9484156600|10.9385165500|10.9385165500|31700|350366.0000|10.9385165500
13350000|10.9385165500|10.9385165500|10.8890210000|10.8890210000|94870|1046363.0000|10.8890210000
13400000|10.8890210000|10.8989201100|10.8494245600|10.8593236700|72300|794454.0000|10.8593236700
13450000|10.8593236700|10.8890210000|10.8593236700|10.8890210000|58400|641756.0000|10.8890210000
13500000|10.8890210000|10.8989201100|10.8791218900|10.8791218900|35800|393835.0000|10.8791218900
13550000|10.8791218900|10.8989201100|10.8791218900|10.8890210000|17800|195793.0000|10.8890210000
14000000|10.8890210000|10.9286174400|10.8890210000|10.9187183300|33800|372389.0000|10.9187183300
14050000|10.9187183300|10.9286174400|10.9088192200|10.9286174400|52600|580298.0000|10.9286174400
14100000|10.9286174400|10.9385165500|10.9088192200|10.9088192200|23500|259431.0000|10.9088192200
14150000|10.9088192200|10.9286174400|10.9088192200|10.9088192200|12300|135586.0000|10.9088192200
14200000|10.9088192200|10.9286174400|10.9088192200|10.9187183300|10100|111417.0000|10.9187183300
14250000|10.9187183300|10.9385165500|10.9187183300|10.9286174400|25600|282682.0000|10.9286174400
14300000|10.9286174400|10.9385165500|10.9286174400|10.9286174400|7800|86135.0000|10.9286174400
14350000|10.9286174400|10.9385165500|10.9286174400|10.9286174400|58800|649327.0000|10.9286174400
14400000|10.9286174400|10.9385165500|10.9187183300|10.9187183300|61500|678530.0000|10.9187183300
14450000|10.9187183300|10.9286174400|10.9187183300|10.9286174400|26300|290256.0000|10.9286174400
14500000|10.9286174400|10.9781129900|10.9088192200|10.9484156600|124800|1381055.0000|10.9484156600
14550000|10.9385165500|10.9583147700|10.9385165500|10.9385165500|74500|824137.0000|10.9385165500
15000000|10.9484156600|10.9682138800|10.9385165500|10.9682138800|75500|835950.0000|10.9682138800
