09350000|11.6116560300|11.7403444600|11.5126649300|11.5225640400|280300|3275586.0000|11.5225640400
09400000|11.5126649300|11.5423622600|11.4631693800|11.5324631500|146290|1699437.0000|11.5324631500
09450000|11.5225640400|11.5225640400|11.4631693800|11.4631693800|120200|1394523.0000|11.4631693800
09500000|11.4730684900|11.5324631500|11.3938756100|11.4730684900|326200|3770241.0000|11.4730684900
09550000|11.4730684900|11.5225640400|11.4631693800|11.5027658200|101400|1177211.0000|11.5027658200
10000000|11.5027658200|11.5423622600|11.4730684900|11.4730684900|58400|678586.0000|11.4730684900
10050000|11.4730684900|11.5324631500|11.4730684900|11.5324631500|51200|595071.0000|11.5324631500
10100000|11.5324631500|11.5324631500|11.5027658200|11.5027658200|23900|277880.0000|11.5027658200
10150000|11.5027658200|11.5027658200|11.4532702700|11.4532702700|74000|858104.0000|11.4532702700
10200000|11.4631693800|11.4829676000|11.4631693800|11.4730684900|11800|136736.0000|11.4730684900
10250000|11.4730684900|11.5126649300|11.4730684900|11.5027658200|34000|394729.0000|11.5027658200
10300000|11.5027658200|11.5225640400|11.4829676000|11.5027658200|71780|834582.0000|11.5027658200
10350000|11.5027658200|11.5225640400|11.4532702700|11.4730684900|72100|836814.0000|11.4730684900
10400000|11.4730684900|11.5225640400|11.4730684900|11.4928667100|38500|447164.0000|11.4928667100
10450000|11.4928667100|11.5324631500|11.4730684900|11.4730684900|36400|422749.0000|11.4730684900
10500000|11.4730684900|11.4730684900|11.4433711600|11.4631693800|26600|308164.0000|11.4631693800
10550000|11.4730684900|11.4928667100|11.4532702700|11.4532702700|32243|373558.0000|11.4532702700
11000000|11.4433711600|11.4631693800|11.4136738300|11.4136738300|77600|896463.0000|11.4136738300
11050000|11.4136738300|11.4235729400|11.3641782800|11.3740773900|126600|1456733.0000|11.3740773900
11100000|11.3740773900|11.3740773900|11.3344809500|11.3542791700|76900|882143.0000|11.3542791700
11150000|11.3542791700|11.3740773900|11.3344809500|11.3542791700|42400|486331.0000|11.3542791700
11200000|11.3542791700|11.3641782800|11.3443800600|11.3443800600|29400|337191.0000|11.3443800600
11250000|11.3443800600|11.3542791700|11.3344809500|11.3344809500|49800|570680.0000|11.3344809500
11300000|11.3344809500|11.3443800600|11.2849854000|11.3245818400|110500|1262500.0000|11.3245818400
13050000|11.3245818400|11.3443800600|11.3047836200|11.3344809500|66058|755784.0000|11.3344809500
13100000|11.3344809500|11.4136738300|11.3146827300|11.3641782800|30000|344134.0000|11.3641782800
13150000|11.3641782800|11.4334720500|11.3641782800|11.4037747200|46200|532533.0000|11.4037747200
13200000|11.4037747200|11.4136738300|11.3641782800|11.3938756100|45200|520117.0000|11.3938756100
13250000|11.3938756100|11.4235729400|11.3938756100|11.4235729400|20200|232836.0000|11.4235729400
13300000|11.4235729400|11.4730684900|11.4235729400|11.4334720500|93200|1078540.0000|11.4334720500
13350000|11.4334720500|11.4334720500|11.3839765000|11.4037747200|38000|437928.0000|11.4037747200
13400000|11.4037747200|11.4928667100|11.4037747200|11.4829676000|53000|613048.0000|11.4829676000
13450000|11.4829676000|11.4928667100|11.4829676000|11.4829676000|29400|341178.0000|11.4829676000
13500000|11.4829676000|11.4928667100|11.4433711600|11.4433711600|43400|502596.0000|11.4433711600
13550000|11.4433711600|11.4829676000|11.4433711600|11.4829676000|33600|389303.0000|11.4829676000
14000000|11.4829676000|11.4928667100|11.4631693800|11.4928667100|32608|377989.0000|11.4928667100
14050000|11.4928667100|11.5225640400|11.4829676000|11.5126649300|34400|399468.0000|11.5126649300
14100000|11.5126649300|11.5126649300|11.4829676000|11.4829676000|30000|348364.0000|11.4829676000
14150000|11.4829676000|11.4829676000|11.4532702700|11.4532702700|24900|288553.0000|11.4532702700
14200000|11.4532702700|11.4532702700|11.4334720500|11.4334720500|47469|548607.0000|11.4334720500
14250000|11.4334720500|11.4631693800|11.4334720500|11.4532702700|19700|227796.0000|11.4532702700
14300000|11.4532702700|11.4532702700|11.4235729400|11.4235729400|39700|458637.0000|11.4235729400
14350000|11.4235729400|11.4235729400|11.3839765000|11.4037747200|57100|657828.0000|11.4037747200
14400000|11.4037747200|11.4235729400|11.3938756100|11.4037747200|18500|213161.0000|11.4037747200
14450000|11.4136738300|11.4235729400|11.4037747200|11.4136738300|40200|463493.0000|11.4136738300
14500000|11.4136738300|11.4730684900|11.4037747200|11.4532702700|74992|866008.0000|11.4532702700
14550000|11.4532702700|11.4829676000|11.4334720500|11.4631693800|64400|745788.0000|11.4631693800
15000000|11.4631693800|11.4730684900|11.4631693800|11.4631693800|106173|1229710.0000|11.4631693800
