09350000|16.5117154800|16.5909083600|16.2939350600|16.2939350600|1616400|26838855.0000|16.2939350600
09400000|16.3137332800|16.3434306100|16.2246412900|16.3137332800|917030|15099617.0000|16.3137332800
09450000|16.3335315000|16.4523208200|16.3335315000|16.3830270500|552900|9159733.0000|16.3830270500
09500000|16.3830270500|16.4721190400|16.3731279400|16.3929261600|416930|6920997.0000|16.3929261600
09550000|16.4028252700|16.5018163700|16.4028252700|16.4127243800|390260|6486332.0000|16.4127243800
10000000|16.3929261600|16.5216145900|16.3929261600|16.5216145900|473140|7864737.0000|16.5216145900
10050000|16.5414128100|16.5513119200|16.4424217100|16.4424217100|402020|6705830.0000|16.4424217100
10100000|16.4325226000|16.4523208200|16.3632288300|16.3632288300|367700|6092586.0000|16.3632288300
10150000|16.3632288300|16.4028252700|16.3533297200|16.3929261600|346020|5723265.0000|16.3929261600
10200000|16.3830270500|16.4028252700|16.3335315000|16.3335315000|272480|4502275.0000|16.3335315000
10250000|16.3335315000|16.4028252700|16.3335315000|16.3533297200|196100|3243376.0000|16.3533297200
10300000|16.3434306100|16.3830270500|16.3236323900|16.3830270500|230900|3810876.0000|16.3830270500
10350000|16.3830270500|16.3830270500|16.3038341700|16.3434306100|243400|4015589.0000|16.3434306100
10400000|16.3533297200|16.3830270500|16.3434306100|16.3434306100|118400|1957196.0000|16.3434306100
10450000|16.3434306100|16.3830270500|16.3335315000|16.3335315000|250603|4136666.0000|16.3335315000
10500000|16.3533297200|16.3731279400|16.3236323900|16.3533297200|118500|1956054.0000|16.3533297200
10550000|16.3632288300|16.4226234900|16.3434306100|16.4226234900|137200|2270139.0000|16.4226234900
11000000|16.4226234900|16.4226234900|16.3929261600|16.4127243800|144400|2393943.0000|16.4127243800
11050000|16.4127243800|16.4127243800|16.3533297200|16.3731279400|105100|1739918.0000|16.3731279400
11100000|16.3731279400|16.4028252700|16.3632288300|16.3731279400|105000|1737875.0000|16.3731279400
11150000|16.3731279400|16.3929261600|16.3533297200|16.3929261600|124000|2049802.0000|16.3929261600
11200000|16.3929261600|16.4127243800|16.3632288300|16.3632288300|143200|2370966.0000|16.3632288300
11250000|16.3632288300|16.3632288300|16.2939350600|16.3335315000|286300|4719923.0000|16.3335315000
11300000|16.3434306100|16.3929261600|16.3335315000|16.3632288300|134400|2220160.0000|16.3632288300
13050000|16.3533297200|16.4226234900|16.3533297200|16.3731279400|226300|3744259.0000|16.3731279400
13100000|16.3731279400|16.3830270500|16.3335315000|16.3533297200|108400|1792111.0000|16.3533297200
13150000|16.3533297200|16.3731279400|16.3335315000|16.3632288300|88000|1454120.0000|16.3632288300
13200000|16.3632288300|16.3830270500|16.2840359500|16.3038341700|283649|4682317.0000|16.3038341700
13250000|16.2939350600|16.3335315000|16.2840359500|16.3137332800|146155|2408257.0000|16.3137332800
13300000|16.3137332800|16.3236323900|16.1850448500|16.2048430700|581534|9544389.0000|16.2048430700
13350000|16.2048430700|16.2642377300|16.2048430700|16.2642377300|386000|6330072.0000|16.2642377300
13400000|16.2543386200|16.2543386200|16.1949439600|16.1949439600|374700|6135827.0000|16.1949439600
13450000|16.2048430700|16.2444395100|16.1949439600|16.2048430700|264300|4329782.0000|16.2048430700
13500000|16.2048430700|16.2444395100|16.1850448500|16.2444395100|218603|3581374.0000|16.2444395100
13550000|16.2444395100|16.2840359500|16.2048430700|16.2048430700|171800|2819685.0000|16.2048430700
14000000|16.2048430700|16.2345404000|16.1949439600|16.2048430700|185100|3031997.0000|16.2048430700
14050000|16.2048430700|16.2444395100|16.2048430700|16.2345404000|182100|2985470.0000|16.2345404000
14100000|16.2147421800|16.2840359500|16.2048430700|16.2741368400|171165|2811581.0000|16.2741368400
14150000|16.2741368400|16.2741368400|16.2147421800|16.2246412900|209600|3438375.0000|16.2246412900
14200000|16.2246412900|16.2840359500|16.2246412900|16.2840359500|150900|2477506.0000|16.2840359500
14250000|16.2741368400|16.2939350600|16.2543386200|16.2543386200|89400|1469602.0000|16.2543386200
14300000|16.2543386200|16.2840359500|16.2345404000|16.2642377300|120700|1982375.0000|16.2642377300
14350000|16.2642377300|16.2939350600|16.2543386200|16.2642377300|96500|1586229.0000|16.2642377300
14400000|16.2642377300|16.2642377300|16.2246412900|16.2444395100|227600|3734285.0000|16.2444395100
14450000|16.2543386200|16.2741368400|16.2345404000|16.2741368400|228200|3748638.0000|16.2741368400
14500000|16.2741368400|16.2939350600|16.2444395100|16.2840359500|337500|5548245.0000|16.2840359500
14550000|16.2840359500|16.2939350600|16.2543386200|16.2642377300|273700|4501390.0000|16.2642377300
15000000|16.2741368400|16.2741368400|16.2345404000|16.2642377300|417930|6863366.0000|16.2642377300
