093500|13.29|13.32|13.21|13.23|7599.0|10080916.0|13.25
094000|13.22|13.22|13.13|13.16|10439.0|13746431.0|13.23
094500|13.16|13.17|13.13|13.16|4285.0|5637443.0|13.16
095000|13.15|13.18|13.14|13.17|2848.0|3747600.0|13.16
095500|13.17|13.2|13.16|13.18|2490.0|3282141.0|13.17
100000|13.18|13.24|13.18|13.22|3567.0|4710556.0|13.18
100500|13.23|13.26|13.21|13.22|4551.0|6025305.0|13.22
101000|13.24|13.31|13.22|13.3|4722.0|6267177.0|13.22
101500|13.3|13.33|13.29|13.31|8542.0|11370211.0|13.3
102000|13.31|13.33|13.29|13.33|4688.0|6237520.0|13.31
102500|13.32|13.33|13.26|13.26|4326.0|5754496.0|13.33
103000|13.27|13.28|13.25|13.26|2849.0|3777608.0|13.26
103500|13.26|13.47|13.25|13.42|16565.0|22181285.0|13.26
104000|13.43|13.43|13.31|13.31|4966.0|6637243.0|13.42
104500|13.32|13.33|13.31|13.33|3403.0|4532671.0|13.31
105000|13.32|13.34|13.3|13.32|3169.0|4220329.0|13.33
105500|13.32|13.33|13.31|13.33|2454.0|3267619.0|13.32
110000|13.33|13.34|13.3|13.3|1551.0|2066674.0|13.33
110500|13.3|13.3|13.27|13.29|2331.0|3096769.0|13.3
111000|13.29|13.29|13.25|13.27|2363.0|3136071.0|13.29
111500|13.27|13.3|13.27|13.28|1134.0|1506032.0|13.27
112000|13.28|13.29|13.27|13.28|1025.0|1361335.0|13.28
112500|13.28|13.29|13.27|13.27|1087.0|1443182.0|13.28
113000|13.27|13.33|13.27|13.3|1905.0|2532205.0|13.27
130500|13.3|13.3|13.25|13.29|2789.0|3703688.0|13.3
131000|13.28|13.29|13.27|13.28|1071.0|1422811.0|13.29
131500|13.28|13.28|13.25|13.26|2526.0|3351393.0|13.28
132000|13.26|13.28|13.25|13.26|2524.0|3346522.0|13.26
132500|13.26|13.27|13.24|13.25|1273.0|1686968.0|13.26
133000|13.25|13.25|13.21|13.22|2367.0|3130900.0|13.25
133500|13.22|13.22|13.21|13.22|917.0|1212057.0|13.22
134000|13.21|13.22|13.18|13.19|2587.0|3415347.0|13.22
134500|13.19|13.19|13.17|13.17|1077.0|1419571.0|13.19
135000|13.17|13.18|13.15|13.17|4106.0|5406109.0|13.17
135500|13.17|13.17|13.16|13.17|1729.0|2275792.0|13.17
140000|13.17|13.18|13.14|13.14|4206.0|5534126.0|13.17
140500|13.14|13.24|13.14|13.24|9709.0|12808863.0|13.14
141000|13.23|13.25|13.2|13.25|5128.0|6777543.0|13.24
141500|13.25|13.26|13.22|13.26|4378.0|5795274.0|13.25
142000|13.25|13.26|13.22|13.23|3216.0|4257851.0|13.26
142500|13.22|13.23|13.19|13.2|3191.0|4214948.0|13.23
143000|13.2|13.23|13.18|13.2|3965.0|5234239.0|13.2
143500|13.19|13.26|13.19|13.23|6645.0|8783853.0|13.2
144000|13.24|13.24|13.19|13.19|3320.0|4386967.0|13.23
144500|13.19|13.19|13.15|13.16|4067.0|5353520.0|13.19
145000|13.16|13.18|13.16|13.16|2878.0|3790038.0|13.16
145500|13.17|13.17|13.13|13.13|4532.0|5958273.0|13.16
150000|13.14|13.15|13.13|13.14|4005.0|5262774.0|13.13
