140500|39.78|39.8|39.71|39.77|1678.0|6910236.0|39.79
141000|39.77|39.8|39.72|39.78|1135.0|4668805.0|39.77
141500|39.78|39.91|39.77|39.9|3067.0|12649558.0|39.78
142000|39.9|39.9|39.81|39.88|1472.0|6072574.0|39.9
142500|39.86|39.94|39.86|39.89|2358.0|9740756.0|39.88
143000|39.9|39.92|39.86|39.87|1283.0|5297553.0|39.89
143500|39.88|39.93|39.82|39.82|1963.0|8103635.0|39.87
144000|39.84|39.95|39.81|39.93|2414.0|9964210.0|39.82
144500|39.94|39.94|39.86|39.89|2062.0|8518387.0|39.93
145000|39.89|39.9|39.82|39.84|2269.0|9359968.0|39.89
145500|39.85|39.85|39.81|39.83|2917.0|12028538.0|39.84
150000|39.84|39.86|39.82|39.84|2761.0|11385923.0|39.83
