09350000|16.3382434800|16.4655799100|16.1227510600|16.1619315000|2321300|38484356.0000|16.1619315000
09400000|16.1521363900|16.1521363900|15.9464390800|16.0052097400|2354700|38587308.0000|16.0052097400
09450000|16.0150048500|16.1129559500|15.9758244100|15.9954146300|1445100|23651008.0000|15.9954146300
09500000|15.9954146300|16.0835706200|15.9758244100|16.0345950700|1060500|17357392.0000|16.0345950700
09550000|16.0345950700|16.1619315000|16.0345950700|16.1129559500|983000|16149736.0000|16.1129559500
10000000|16.1129559500|16.1521363900|16.0737755100|16.1521363900|522600|8597624.0000|16.1521363900
10050000|16.1423412800|16.2109070500|16.0933657300|16.1815217200|750800|12373504.0000|16.1815217200
10100000|16.2011119400|16.2696777100|16.1815217200|16.1913168300|443900|7354176.0000|16.1913168300
10150000|16.1913168300|16.2696777100|16.1913168300|16.2696777100|474500|7864992.0000|16.2696777100
10200000|16.2696777100|16.3676288100|16.2598826000|16.3382434800|910600|15169376.0000|16.3382434800
10250000|16.3382434800|16.5439407900|16.3382434800|16.5439407900|1581400|26538176.0000|16.5439407900
10300000|16.5537359000|16.6320967800|16.4557848000|16.5145554600|1737700|29386304.0000|16.5145554600
10350000|16.5047603500|16.5439407900|16.4263994700|16.4263994700|359500|6051376.0000|16.4263994700
10400000|16.4263994700|16.4459896900|16.3970141400|16.4263994700|253200|4245904.0000|16.4263994700
10450000|16.4263994700|16.4361945800|16.3676288100|16.3676288100|311900|5221872.0000|16.3676288100
10500000|16.3676288100|16.3970141400|16.3578337000|16.3676288100|161500|2699408.0000|16.3676288100
10550000|16.3774239200|16.4459896900|16.3578337000|16.4166043600|279100|4668320.0000|16.4166043600
11000000|16.4166043600|16.4361945800|16.3774239200|16.4263994700|133900|2243264.0000|16.4263994700
11050000|16.4263994700|16.4263994700|16.3676288100|16.3676288100|170100|2846144.0000|16.3676288100
11100000|16.3676288100|16.4068092500|16.3578337000|16.3970141400|114200|1908672.0000|16.3970141400
11150000|16.3970141400|16.4459896900|16.3872190300|16.4263994700|163000|2732224.0000|16.4263994700
11200000|16.4263994700|16.4263994700|16.3578337000|16.3676288100|122300|2046048.0000|16.3676288100
11250000|16.3578337000|16.4557848000|16.3578337000|16.4557848000|212100|3558720.0000|16.4557848000
11300000|16.4459896900|16.4557848000|16.4068092500|16.4361945800|142800|2395424.0000|16.4361945800
13050000|16.4263994700|16.4753750200|16.3970141400|16.4557848000|293600|4925504.0000|16.4557848000
13100000|16.4557848000|16.4753750200|16.4166043600|16.4166043600|239200|4018080.0000|16.4166043600
13150000|16.4166043600|16.4166043600|16.3578337000|16.3676288100|182300|3049728.0000|16.3676288100
13200000|16.3676288100|16.3970141400|16.3578337000|16.3774239200|284200|4748512.0000|16.3774239200
13250000|16.3774239200|16.3774239200|16.2990630400|16.3284483700|165700|2764256.0000|16.3284483700
13300000|16.3284483700|16.3578337000|16.2990630400|16.3088581500|239100|3980928.0000|16.3088581500
13350000|16.3088581500|16.3088581500|16.2207021600|16.2207021600|530400|8798688.0000|16.2207021600
13400000|16.2207021600|16.2402923800|16.1815217200|16.2207021600|326900|5411552.0000|16.2207021600
13450000|16.2207021600|16.2500874900|16.2109070500|16.2304972700|201500|3336928.0000|16.2304972700
13500000|16.2304972700|16.2402923800|16.1619315000|16.1913168300|485500|8028256.0000|16.1913168300
13550000|16.1913168300|16.2207021600|16.1717266100|16.1717266100|188000|3108832.0000|16.1717266100
14000000|16.1717266100|16.1913168300|16.1227510600|16.1227510600|235200|3882528.0000|16.1227510600
14050000|16.1227510600|16.1423412800|16.0933657300|16.1325461700|224400|3691392.0000|16.1325461700
14100000|16.1227510600|16.1227510600|16.0639804000|16.0835706200|518900|8528064.0000|16.0835706200
14150000|16.0933657300|16.1423412800|16.0835706200|16.1227510600|461300|7589408.0000|16.1227510600
14200000|16.1227510600|16.2011119400|16.1031608400|16.1913168300|530700|8756128.0000|16.1913168300
14250000|16.1913168300|16.2207021600|16.1227510600|16.2011119400|753300|12433664.0000|16.2011119400
14300000|16.2011119400|16.2207021600|16.1423412800|16.1423412800|331100|5474784.0000|16.1423412800
14350000|16.1521363900|16.1815217200|16.1129559500|16.1129559500|237200|3909152.0000|16.1129559500
14400000|16.1129559500|16.1227510600|16.0737755100|16.0933657300|424500|6974464.0000|16.0933657300
14450000|16.0933657300|16.1423412800|16.0639804000|16.0835706200|510300|8385056.0000|16.0835706200
14500000|16.0835706200|16.1031608400|16.0247999600|16.0541852900|496300|8137056.0000|16.0541852900
14550000|16.0541852900|16.1423412800|16.0443901800|16.1227510600|259100|4255424.0000|16.1227510600
15000000|16.1227510600|16.1521363900|16.1227510600|16.1521363900|251200|4141440.0000|16.1521363900
