093500|7.65|7.65|7.6|7.64|1851.0|1451094.0|7.62
094000|7.63|7.65|7.62|7.62|907.0|711511.0|7.64
094500|7.63|7.63|7.61|7.62|1165.0|912133.0|7.62
095000|7.63|7.65|7.62|7.65|873.0|685241.0|7.62
095500|7.65|7.66|7.63|7.65|3053.0|2396742.0|7.65
100000|7.65|7.67|7.65|7.66|2573.0|2025207.0|7.65
100500|7.65|7.65|7.63|7.64|902.0|708151.0|7.66
101000|7.64|7.65|7.63|7.65|486.0|381701.0|7.64
101500|7.64|7.65|7.63|7.63|639.0|501584.0|7.65
102000|7.63|7.64|7.62|7.64|1396.0|1094656.0|7.63
102500|7.64|7.65|7.63|7.64|776.0|608807.0|7.64
103000|7.65|7.65|7.64|7.65|182.0|143010.0|7.64
103500|7.65|7.65|7.63|7.64|671.0|526973.0|7.65
104000|7.64|7.66|7.63|7.66|857.0|672773.0|7.64
104500|7.66|7.66|7.65|7.66|154.0|121168.0|7.66
105000|7.66|7.67|7.65|7.67|783.0|616450.0|7.66
105500|7.66|7.67|7.64|7.65|377.0|296366.0|7.67
110000|7.65|7.65|7.64|7.64|210.0|164991.0|7.65
110500|7.65|7.65|7.64|7.65|83.0|65236.0|7.64
111000|7.65|7.65|7.64|7.64|295.0|231701.0|7.65
111500|7.64|7.66|7.64|7.66|745.0|585579.0|7.64
112000|7.66|7.66|7.63|7.63|774.0|607759.0|7.66
112500|7.64|7.64|7.63|7.64|121.0|94909.0|7.63
113000|7.64|7.65|7.63|7.64|614.0|481990.0|7.64
130500|7.64|7.66|7.64|7.64|335.0|263135.0|7.64
131000|7.65|7.66|7.64|7.66|908.0|713563.0|7.64
131500|7.65|7.66|7.64|7.65|211.0|165763.0|7.66
132000|7.64|7.65|7.63|7.64|410.0|321848.0|7.65
132500|7.63|7.65|7.63|7.64|1188.0|933011.0|7.64
133000|7.64|7.65|7.64|7.64|219.0|171997.0|7.64
133500|7.65|7.66|7.64|7.65|712.0|559458.0|7.64
134000|7.64|7.66|7.64|7.66|490.0|384960.0|7.65
134500|7.65|7.66|7.64|7.66|377.0|296351.0|7.66
135000|7.66|7.66|7.64|7.65|548.0|430791.0|7.66
135500|7.64|7.65|7.63|7.64|232.0|182127.0|7.65
140000|7.64|7.64|7.63|7.63|1127.0|884121.0|7.64
140500|7.63|7.64|7.62|7.63|446.0|349648.0|7.63
141000|7.62|7.63|7.62|7.62|601.0|470690.0|7.63
141500|7.63|7.63|7.62|7.62|443.0|347041.0|7.62
142000|7.62|7.64|7.62|7.63|956.0|749326.0|7.62
142500|7.63|7.64|7.62|7.63|341.0|267368.0|7.63
143000|7.62|7.63|7.62|7.63|323.0|253037.0|7.63
143500|7.63|7.63|7.62|7.63|555.0|435002.0|7.63
144000|7.62|7.64|7.62|7.64|1765.0|1383462.0|7.63
144500|7.63|7.64|7.62|7.64|735.0|576170.0|7.64
145000|7.64|7.64|7.62|7.63|662.0|518619.0|7.64
145500|7.62|7.64|7.62|7.64|982.0|770144.0|7.63
150000|7.64|7.65|7.63|7.63|759.0|595281.0|7.64
