093500|7.44|7.45|7.4|7.41|4036.0|2996105.0|7.43
094000|7.41|7.42|7.4|7.41|1459.0|1080377.0|7.41
094500|7.4|7.41|7.4|7.4|1292.0|956774.0|7.41
095000|7.41|7.42|7.4|7.41|1019.0|755070.0|7.4
095500|7.41|7.41|7.4|7.41|1189.0|880644.0|7.41
100000|7.41|7.43|7.4|7.41|2179.0|1615759.0|7.41
100500|7.42|7.45|7.42|7.43|1435.0|1067420.0|7.41
101000|7.43|7.45|7.43|7.45|1127.0|838361.0|7.43
101500|7.44|7.45|7.44|7.44|806.0|600386.0|7.45
102000|7.45|7.46|7.44|7.45|1033.0|769683.0|7.44
102500|7.45|7.47|7.45|7.46|1103.0|822873.0|7.45
103000|7.46|7.46|7.45|7.46|934.0|696716.0|7.46
103500|7.45|7.47|7.45|7.46|296.0|220882.0|7.46
104000|7.46|7.47|7.45|7.46|1150.0|857962.0|7.46
104500|7.46|7.47|7.46|7.46|204.0|152352.0|7.46
105000|7.46|7.48|7.46|7.47|1894.0|1415434.0|7.46
105500|7.47|7.48|7.47|7.47|1027.0|767192.0|7.47
110000|7.47|7.48|7.47|7.48|750.0|560463.0|7.47
110500|7.48|7.48|7.47|7.48|110.0|82277.0|7.48
111000|7.48|7.48|7.47|7.47|427.0|319120.0|7.48
111500|7.48|7.48|7.47|7.47|262.0|195825.0|7.47
112000|7.47|7.48|7.46|7.46|1582.0|1181505.0|7.47
112500|7.47|7.47|7.46|7.46|971.0|724475.0|7.46
113000|7.46|7.47|7.45|7.46|913.0|681109.0|7.46
130500|7.46|7.46|7.45|7.45|2603.0|1939641.0|7.46
131000|7.45|7.46|7.45|7.45|1682.0|1253271.0|7.45
131500|7.46|7.46|7.45|7.45|232.0|173048.0|7.45
132000|7.46|7.46|7.45|7.45|269.0|200560.0|7.45
132500|7.45|7.46|7.44|7.45|1038.0|773279.0|7.45
133000|7.45|7.46|7.44|7.46|329.0|245054.0|7.45
133500|7.44|7.45|7.44|7.45|197.0|146736.0|7.46
134000|7.44|7.45|7.44|7.44|146.0|108726.0|7.45
134500|7.46|7.46|7.45|7.45|575.0|428458.0|7.44
135000|7.45|7.46|7.45|7.46|293.0|218102.0|7.45
135500|7.46|7.46|7.45|7.46|984.0|733152.0|7.46
140000|7.45|7.46|7.45|7.46|185.0|137864.0|7.46
140500|7.45|7.46|7.45|7.46|262.0|195198.0|7.46
141000|7.46|7.46|7.45|7.46|200.0|149175.0|7.46
141500|7.46|7.46|7.45|7.46|781.0|582585.0|7.46
142000|7.46|7.46|7.45|7.46|544.0|405742.0|7.46
142500|7.47|7.47|7.46|7.47|731.0|545512.0|7.46
143000|7.46|7.47|7.46|7.47|243.0|181324.0|7.47
143500|7.47|7.47|7.46|7.47|461.0|343909.0|7.47
144000|7.46|7.47|7.46|7.47|1009.0|753274.0|7.47
144500|7.46|7.48|7.46|7.47|1856.0|1386218.0|7.47
145000|7.47|7.47|7.46|7.47|947.0|706795.0|7.47
145500|7.46|7.47|7.46|7.46|1184.0|883640.0|7.47
150000|7.47|7.47|7.45|7.46|1261.0|940714.0|7.46
