093500|7.3800|7.3800|7.3200|7.3600|1011300|7434166.0000|7.3600
094000|7.3700|7.4000|7.3600|7.4000|814900|6014257.0000|7.4000
094500|7.4000|7.4200|7.3800|7.4200|1054400|7804739.0000|7.4200
095000|7.4200|7.4200|7.3900|7.3900|470100|3480897.0000|7.3900
095500|7.3900|7.4000|7.3700|7.3700|701900|5185361.0000|7.3700
100000|7.3700|7.3900|7.3600|7.3900|413300|3048062.0000|7.3900
100500|7.3800|7.3900|7.3700|7.3800|419427|3095734.0000|7.3800
101000|7.3700|7.4100|7.3700|7.4100|542900|4012862.0000|7.4100
101500|7.4100|7.4600|7.4100|7.4500|2703600|20108782.0000|7.4500
102000|7.4500|7.4800|7.4500|7.4800|1507802|11258876.0000|7.4800
102500|7.4800|7.5100|7.4800|7.4900|2237700|16770603.0000|7.4900
103000|7.4900|7.5000|7.4800|7.4800|743757|5570669.0000|7.4800
103500|7.4900|7.4900|7.4700|7.4900|842543|6301604.0000|7.4900
104000|7.4900|7.4900|7.4700|7.4700|635800|4757361.0000|7.4700
104500|7.4700|7.4800|7.4700|7.4800|312400|2335518.0000|7.4800
105000|7.4800|7.4800|7.4700|7.4700|370000|2766211.0000|7.4700
105500|7.4800|7.4800|7.4700|7.4800|221600|1656703.0000|7.4800
110000|7.4800|7.4800|7.4700|7.4700|639300|4778878.0000|7.4700
110500|7.4700|7.4800|7.4700|7.4800|448700|3355118.0000|7.4800
111000|7.4800|7.5000|7.4700|7.4900|604184|4523557.0000|7.4900
111500|7.4900|7.5100|7.4900|7.5000|962900|7222165.0000|7.5000
112000|7.5000|7.5000|7.4900|7.5000|277100|2077830.0000|7.5000
112500|7.4900|7.5100|7.4900|7.5000|507700|3807207.0000|7.5000
113000|7.5000|7.5100|7.4900|7.5000|290700|2180091.0000|7.5000
130500|7.5000|7.5100|7.4800|7.5000|358100|2686528.0000|7.5000
131000|7.5100|7.5100|7.4900|7.4900|372400|2792967.0000|7.4900
131500|7.4900|7.5000|7.4900|7.4900|348100|2609926.0000|7.4900
132000|7.5000|7.5500|7.4900|7.5500|1397726|10519036.0000|7.5500
132500|7.5500|7.5900|7.5400|7.5900|1251600|9463056.0000|7.5900
133000|7.5800|7.5900|7.5700|7.5800|1013298|7683710.0000|7.5800
133500|7.5800|7.5900|7.5700|7.5900|487900|3700019.0000|7.5900
134000|7.5900|7.5900|7.5800|7.5900|552900|4194587.0000|7.5900
134500|7.5900|7.6000|7.5800|7.6000|627200|4760798.0000|7.6000
135000|7.6000|7.6000|7.5800|7.5900|370100|2809016.0000|7.5900
135500|7.5900|7.6400|7.5800|7.6400|1372643|10441288.0000|7.6400
140000|7.6400|7.6600|7.6300|7.6500|1044300|7983252.0000|7.6500
140500|7.6600|7.6700|7.6400|7.6500|1115900|8542903.0000|7.6500
141000|7.6500|7.6800|7.6400|7.6400|961900|7368217.0000|7.6400
141500|7.6400|7.6500|7.6300|7.6400|303600|2319553.0000|7.6400
142000|7.6400|7.6500|7.6200|7.6200|536000|4092053.0000|7.6200
142500|7.6300|7.6300|7.6200|7.6300|307800|2347771.0000|7.6300
143000|7.6300|7.6400|7.6200|7.6400|570500|4353454.0000|7.6400
143500|7.6300|7.6400|7.6200|7.6400|692000|5281155.0000|7.6400
144000|7.6300|7.6500|7.6300|7.6300|585400|4469285.0000|7.6300
144500|7.6300|7.6500|7.6200|7.6500|900000|6872716.0000|7.6500
145000|7.6400|7.6500|7.6300|7.6400|835400|6380808.0000|7.6400
145500|7.6500|7.6500|7.6300|7.6400|1182400|9035931.0000|7.6400
150000|7.6500|7.6600|7.6400|7.6500|1265100|9677056.0000|7.6500
