093500|7.4300|7.5300|7.4200|7.4800|1077100|8037239.0000|7.4800
094000|7.4800|7.5000|7.4700|7.4900|751500|5628796.0000|7.4900
094500|7.4900|7.4900|7.4500|7.4700|567900|4242137.0000|7.4700
095000|7.4600|7.4800|7.4500|7.4700|594500|4437900.0000|7.4700
095500|7.4500|7.4900|7.4500|7.4900|502500|3754759.0000|7.4900
100000|7.4800|7.4900|7.4500|7.4600|643800|4806754.0000|7.4600
100500|7.4700|7.4700|7.4300|7.4500|475900|3547253.0000|7.4500
101000|7.4500|7.4500|7.4100|7.4100|791400|5874430.0000|7.4100
101500|7.4100|7.4400|7.4000|7.4000|808200|5991775.0000|7.4000
102000|7.4100|7.4300|7.4000|7.4100|840500|6234956.0000|7.4100
102500|7.4100|7.4300|7.4000|7.4100|288530|2138476.0000|7.4100
103000|7.4200|7.4500|7.4000|7.4400|536200|3982140.0000|7.4400
103500|7.4200|7.4600|7.4200|7.4600|382600|2847755.0000|7.4600
104000|7.4600|7.4900|7.4400|7.4700|634900|4736623.0000|7.4700
104500|7.4900|7.4900|7.4400|7.4500|666800|4976946.0000|7.4500
105000|7.4500|7.4600|7.4100|7.4400|592700|4409379.0000|7.4400
105500|7.4400|7.4500|7.4300|7.4500|342500|2549883.0000|7.4500
110000|7.4500|7.4600|7.4400|7.4600|359700|2678953.0000|7.4600
110500|7.4400|7.4600|7.4300|7.4400|454200|3380306.0000|7.4400
111000|7.4400|7.4600|7.4400|7.4400|239500|1783885.0000|7.4400
111500|7.4400|7.4600|7.4400|7.4400|245400|1827812.0000|7.4400
112000|7.4400|7.4600|7.4400|7.4500|248200|1848544.0000|7.4500
112500|7.4400|7.4600|7.4400|7.4600|336600|2509464.0000|7.4600
113000|7.4600|7.4600|7.4400|7.4600|325800|2428333.0000|7.4600
130500|7.4600|7.4600|7.4300|7.4400|523400|3895556.0000|7.4400
131000|7.4500|7.4500|7.4300|7.4400|452200|3365180.0000|7.4400
131500|7.4400|7.4500|7.4300|7.4400|434500|3233425.0000|7.4400
132000|7.4400|7.4800|7.4300|7.4600|647224|4825578.0000|7.4600
132500|7.4700|7.4800|7.4600|7.4700|608400|4547987.0000|7.4700
133000|7.4800|7.5100|7.4700|7.4900|1075400|8058516.0000|7.4900
133500|7.4900|7.5000|7.4700|7.4800|507700|3801156.0000|7.4800
134000|7.4800|7.5100|7.4700|7.4900|922900|6919476.0000|7.4900
134500|7.4900|7.5100|7.4800|7.5000|1160500|8704148.0000|7.5000
135000|7.5000|7.5100|7.4700|7.4700|220000|1648756.0000|7.4700
135500|7.4800|7.4800|7.4700|7.4700|146400|1094423.0000|7.4700
140000|7.4700|7.4800|7.4500|7.4700|499100|3725559.0000|7.4700
140500|7.4700|7.5000|7.4600|7.4800|822100|6155739.0000|7.4800
141000|7.4800|7.5100|7.4800|7.4800|671700|5037834.0000|7.4800
141500|7.4800|7.4900|7.4600|7.4800|162500|1215178.0000|7.4800
142000|7.4700|7.4800|7.4700|7.4800|59200|442546.0000|7.4800
142500|7.4700|7.5000|7.4700|7.4800|317400|2375055.0000|7.4800
143000|7.4800|7.5000|7.4800|7.4900|264400|1981363.0000|7.4900
143500|7.4900|7.4900|7.4700|7.4800|189100|1413918.0000|7.4800
144000|7.4700|7.4800|7.4600|7.4800|466900|3488736.0000|7.4800
144500|7.4700|7.4800|7.4700|7.4800|97300|727297.0000|7.4800
145000|7.4800|7.4800|7.4600|7.4600|363300|2714470.0000|7.4600
145500|7.4600|7.4800|7.4600|7.4800|414500|3099204.0000|7.4800
150000|7.4800|7.4800|7.4700|7.4700|401242|2998812.0000|7.4700
