093500|7.72|7.72|7.66|7.7|31958.0|25060074.0|7.72
094000|7.69|7.7|7.64|7.67|36488.0|28505139.0|7.7
094500|7.67|7.68|7.66|7.67|11503.0|8992983.0|7.67
095000|7.67|7.67|7.64|7.65|20077.0|15671575.0|7.67
095500|7.65|7.66|7.62|7.62|16598.0|12929453.0|7.65
100000|7.62|7.65|7.62|7.64|13114.0|10214293.0|7.62
100500|7.65|7.67|7.64|7.66|19081.0|14905332.0|7.64
101000|7.66|7.68|7.66|7.67|11432.0|8945051.0|7.66
101500|7.67|7.69|7.67|7.68|12804.0|10026867.0|7.67
102000|7.69|7.69|7.67|7.67|7414.0|5804907.0|7.68
102500|7.67|7.7|7.66|7.68|45845.0|35919953.0|7.67
103000|7.67|7.68|7.66|7.67|4748.0|3713644.0|7.68
103500|7.67|7.68|7.65|7.66|9001.0|7031777.0|7.67
104000|7.67|7.68|7.66|7.67|5628.0|4400838.0|7.66
104500|7.68|7.68|7.64|7.64|18034.0|14076787.0|7.67
105000|7.64|7.67|7.64|7.66|10697.0|8353913.0|7.64
105500|7.66|7.67|7.66|7.66|6890.0|5383938.0|7.66
110000|7.67|7.68|7.66|7.66|8005.0|6259307.0|7.66
110500|7.66|7.68|7.66|7.66|8995.0|7033946.0|7.66
111000|7.67|7.68|7.66|7.66|4068.0|3179769.0|7.66
111500|7.66|7.68|7.66|7.68|6319.0|4942288.0|7.66
112000|7.67|7.69|7.66|7.68|10950.0|8570894.0|7.68
112500|7.68|7.69|7.67|7.68|5242.0|4106612.0|7.68
113000|7.68|7.69|7.67|7.68|2554.0|1999033.0|7.68
130500|7.68|7.68|7.64|7.65|19140.0|14948178.0|7.68
131000|7.65|7.66|7.64|7.64|4952.0|3860901.0|7.65
131500|7.64|7.65|7.63|7.64|9027.0|7033183.0|7.64
132000|7.65|7.65|7.64|7.64|5367.0|4182145.0|7.64
132500|7.64|7.65|7.64|7.64|6257.0|4878303.0|7.64
133000|7.64|7.65|7.63|7.63|9577.0|7457294.0|7.64
133500|7.63|7.66|7.63|7.66|9851.0|7673985.0|7.63
134000|7.65|7.67|7.65|7.67|5020.0|3920788.0|7.66
134500|7.66|7.69|7.66|7.69|10376.0|8125223.0|7.67
135000|7.68|7.69|7.65|7.65|8301.0|6495787.0|7.69
135500|7.65|7.66|7.64|7.65|3551.0|2770145.0|7.65
140000|7.64|7.65|7.64|7.64|5257.0|4097805.0|7.65
140500|7.64|7.66|7.64|7.65|5533.0|4314951.0|7.64
141000|7.66|7.67|7.65|7.65|3771.0|2945406.0|7.65
141500|7.66|7.66|7.64|7.65|3089.0|2410466.0|7.65
142000|7.65|7.65|7.64|7.64|2294.0|1788738.0|7.65
142500|7.64|7.65|7.64|7.64|2325.0|1811578.0|7.64
143000|7.64|7.65|7.63|7.64|8802.0|6855917.0|7.64
143500|7.64|7.64|7.63|7.63|6107.0|4755189.0|7.64
144000|7.63|7.64|7.62|7.63|12064.0|9387389.0|7.63
144500|7.64|7.64|7.63|7.64|2920.0|2272168.0|7.63
145000|7.64|7.68|7.63|7.66|34387.0|26847338.0|7.64
145500|7.67|7.67|7.64|7.65|39628.0|30984094.0|7.66
150000|7.66|7.69|7.64|7.65|19173.0|14982468.0|7.65
