093500|7.29|7.3|7.16|7.29|71885.0|53104625.0|7.31
094000|7.29|7.29|7.26|7.27|26138.0|19395789.0|7.29
094500|7.27|7.28|7.21|7.23|46545.0|34343155.0|7.27
095000|7.23|7.24|7.21|7.21|22802.0|16787878.0|7.23
095500|7.21|7.23|7.2|7.22|32940.0|24229043.0|7.21
100000|7.22|7.23|7.21|7.22|15604.0|11484698.0|7.22
100500|7.22|7.23|7.19|7.2|29493.0|21663980.0|7.22
101000|7.2|7.23|7.19|7.2|34888.0|25624588.0|7.2
101500|7.2|7.22|7.19|7.21|18058.0|13255158.0|7.2
102000|7.21|7.21|7.18|7.18|14695.0|10772413.0|7.21
102500|7.18|7.2|7.17|7.19|20252.0|14834399.0|7.18
103000|7.2|7.21|7.18|7.19|9697.0|7109840.0|7.19
103500|7.19|7.2|7.19|7.2|4570.0|3351635.0|7.19
104000|7.19|7.21|7.19|7.2|5415.0|3974459.0|7.2
104500|7.21|7.23|7.2|7.21|15106.0|11096853.0|7.2
105000|7.22|7.22|7.19|7.2|17163.0|12595967.0|7.21
105500|7.2|7.21|7.19|7.2|3389.0|2488490.0|7.2
110000|7.21|7.22|7.2|7.2|2673.0|1964403.0|7.2
110500|7.2|7.21|7.19|7.2|3047.0|2237386.0|7.2
111000|7.19|7.2|7.18|7.19|6719.0|4924672.0|7.2
111500|7.19|7.19|7.16|7.16|20650.0|15101479.0|7.19
112000|7.17|7.18|7.17|7.17|3897.0|2849606.0|7.16
112500|7.18|7.18|7.17|7.17|3969.0|2903180.0|7.17
113000|7.18|7.2|7.17|7.18|5512.0|4034985.0|7.17
130500|7.19|7.2|7.17|7.18|19828.0|14525246.0|7.18
131000|7.18|7.22|7.18|7.21|6186.0|4541700.0|7.18
131500|7.21|7.23|7.21|7.21|6487.0|4774720.0|7.21
132000|7.21|7.23|7.21|7.23|9022.0|6643877.0|7.21
132500|7.23|7.23|7.22|7.22|5830.0|4296264.0|7.23
133000|7.22|7.23|7.22|7.23|3869.0|2849883.0|7.22
133500|7.22|7.23|7.21|7.21|3164.0|2327188.0|7.23
134000|7.21|7.22|7.21|7.22|6738.0|4957128.0|7.21
134500|7.21|7.22|7.2|7.22|5732.0|4211138.0|7.22
135000|7.22|7.22|7.21|7.22|2718.0|1999615.0|7.22
135500|7.22|7.23|7.22|7.23|5598.0|4125773.0|7.22
140000|7.23|7.23|7.21|7.22|2884.0|2123086.0|7.23
140500|7.21|7.23|7.21|7.22|1889.0|1390375.0|7.22
141000|7.22|7.23|7.22|7.22|2205.0|1623600.0|7.22
141500|7.22|7.23|7.21|7.22|5392.0|3967383.0|7.22
142000|7.21|7.22|7.21|7.22|2180.0|1602645.0|7.22
142500|7.21|7.22|7.21|7.21|6696.0|4922505.0|7.22
143000|7.22|7.23|7.21|7.22|3999.0|2942419.0|7.21
143500|7.22|7.22|7.21|7.22|4291.0|3157266.0|7.22
144000|7.21|7.22|7.21|7.21|1810.0|1331226.0|7.22
144500|7.22|7.22|7.21|7.22|6410.0|4714695.0|7.21
145000|7.22|7.23|7.21|7.23|16755.0|12329207.0|7.22
145500|7.22|7.23|7.22|7.23|11866.0|8747754.0|7.23
150000|7.23|7.23|7.22|7.23|7014.0|5170123.0|7.23
