09350000|62.6600000000|62.6600000000|62.2500000000|62.3300000000|1155700|72148592.0000|62.3300000000
09400000|62.3200000000|62.5000000000|62.2700000000|62.4200000000|624100|38942624.0000|62.4200000000
09450000|62.4100000000|62.6500000000|62.1400000000|62.1400000000|1134700|70783488.0000|62.1400000000
09500000|62.2000000000|62.2200000000|62.0600000000|62.0900000000|1116600|69381904.0000|62.0900000000
09550000|62.0900000000|62.2100000000|62.0200000000|62.1200000000|718700|44620576.0000|62.1200000000
10000000|62.1100000000|62.2100000000|62.0600000000|62.1900000000|553100|34350112.0000|62.1900000000
10050000|62.1800000000|62.2000000000|62.0700000000|62.1200000000|497400|30897440.0000|62.1200000000
10100000|62.1100000000|62.1200000000|61.9200000000|61.9500000000|1497300|92917408.0000|61.9500000000
10150000|61.9400000000|62.0500000000|61.9100000000|62.0300000000|737800|45723104.0000|62.0300000000
10200000|62.0300000000|62.0600000000|61.9600000000|61.9600000000|628500|38958272.0000|61.9600000000
10250000|61.9700000000|61.9700000000|61.6900000000|61.7500000000|1284000|79355264.0000|61.7500000000
10300000|61.7300000000|61.8500000000|61.7300000000|61.8500000000|554600|34258054.0000|61.8500000000
10350000|61.8500000000|61.8900000000|61.7400000000|61.8000000000|429000|26516475.0000|61.8000000000
10400000|61.8000000000|61.8300000000|61.7200000000|61.7900000000|305300|18864119.0000|61.7900000000
10450000|61.7900000000|61.9600000000|61.7700000000|61.9400000000|362000|22395585.0000|61.9400000000
10500000|61.9100000000|62.0000000000|61.8700000000|61.9100000000|330700|20477709.0000|61.9100000000
10550000|61.9200000000|61.9500000000|61.8700000000|61.9200000000|228500|14143866.0000|61.9200000000
11000000|61.9000000000|61.9400000000|61.8600000000|61.9200000000|256600|15880186.0000|61.9200000000
11050000|61.9300000000|62.1200000000|61.9300000000|62.1000000000|357300|22158984.0000|62.1000000000
11100000|62.0800000000|62.1100000000|62.0300000000|62.0500000000|403200|25027126.0000|62.0500000000
11150000|62.0600000000|62.0700000000|61.9600000000|61.9700000000|249700|15482818.0000|61.9700000000
11200000|61.9800000000|62.2500000000|61.9500000000|62.1200000000|429200|26652290.0000|62.1200000000
11250000|62.1000000000|62.1500000000|61.9800000000|62.1000000000|247500|15354634.0000|62.1000000000
11300000|62.1300000000|62.2300000000|62.0800000000|62.1000000000|267600|16627058.0000|62.1000000000
13050000|62.1200000000|62.1300000000|62.0300000000|62.1100000000|286400|17780808.0000|62.1100000000
13100000|62.1300000000|62.2300000000|62.1000000000|62.2100000000|183300|11394171.0000|62.2100000000
13150000|62.2100000000|62.2300000000|62.1300000000|62.1400000000|218100|13560391.0000|62.1400000000
13200000|62.1400000000|62.1600000000|61.9800000000|61.9800000000|394700|24483716.0000|61.9800000000
13250000|61.9900000000|61.9900000000|61.8300000000|61.8800000000|375200|23223288.0000|61.8800000000
13300000|61.8800000000|61.9100000000|61.8500000000|61.8700000000|286900|17752447.0000|61.8700000000
13350000|61.8700000000|61.8800000000|61.8000000000|61.8200000000|526100|32524425.0000|61.8200000000
13400000|61.8000000000|61.8200000000|61.6800000000|61.6900000000|804100|49644798.0000|61.6900000000
13450000|61.6900000000|61.7500000000|61.5700000000|61.6200000000|720300|44404984.0000|61.6200000000
13500000|61.6200000000|61.7900000000|61.6200000000|61.7500000000|338100|20860808.0000|61.7500000000
13550000|61.7400000000|61.7600000000|61.6900000000|61.7600000000|246300|15203828.0000|61.7600000000
14000000|61.7600000000|61.7800000000|61.6300000000|61.6400000000|410300|25306124.0000|61.6400000000
14050000|61.6300000000|61.6700000000|61.6100000000|61.6100000000|405600|24998782.0000|61.6100000000
14100000|61.6200000000|61.6200000000|61.6000000000|61.6100000000|352800|21735428.0000|61.6100000000
14150000|61.6100000000|61.6200000000|61.6000000000|61.6200000000|333400|20540026.0000|61.6200000000
14200000|61.6100000000|61.6200000000|61.5100000000|61.5400000000|677600|41717248.0000|61.5400000000
14250000|61.5300000000|61.5400000000|61.5200000000|61.5200000000|321700|19793536.0000|61.5200000000
14300000|61.5200000000|61.5800000000|61.5100000000|61.5200000000|416400|25624064.0000|61.5200000000
14350000|61.5200000000|61.5300000000|61.4100000000|61.4900000000|847000|52087552.0000|61.4900000000
14400000|61.4900000000|61.5400000000|61.4600000000|61.5000000000|280900|17276160.0000|61.5000000000
14450000|61.5000000000|61.5000000000|61.4200000000|61.4900000000|530700|32615680.0000|61.4900000000
14500000|61.5100000000|61.5500000000|61.4800000000|61.4900000000|416400|25612032.0000|61.4900000000
14550000|61.4900000000|61.5300000000|61.4600000000|61.4900000000|505100|31063168.0000|61.4900000000
15000000|61.4900000000|61.5200000000|61.4700000000|61.4800000000|523900|32212736.0000|61.4800000000
