09350000|9.7135972000|9.7333202400|9.6544280800|9.7135972000|505100|4966944.0000|9.7135972000
09400000|9.7135972000|9.7234587200|9.6642896000|9.7234587200|256400|2517617.0000|9.7234587200
09450000|9.7135972000|9.7333202400|9.7037356800|9.7135972000|132100|1301764.0000|9.7135972000
09500000|9.7135972000|9.7333202400|9.7037356800|9.7333202400|109900|1082230.0000|9.7333202400
09550000|9.7333202400|9.7727663200|9.7333202400|9.7431817600|214200|2118271.0000|9.7431817600
10000000|9.7431817600|9.7629048000|9.7234587200|9.7234587200|101900|1007236.0000|9.7234587200
10050000|9.7234587200|9.7333202400|9.7135972000|9.7333202400|59200|583930.0000|9.7333202400
10100000|9.7333202400|9.7530432800|9.7234587200|9.7530432800|62300|615505.0000|9.7530432800
10150000|9.7431817600|9.7924893600|9.7431817600|9.7727663200|202000|2002738.0000|9.7727663200
10200000|9.7727663200|9.7826278400|9.7629048000|9.7727663200|84700|839342.0000|9.7727663200
10250000|9.7727663200|9.8220739200|9.7727663200|9.8122124000|261725|2601089.0000|9.8122124000
10300000|9.8122124000|9.8319354400|9.8122124000|9.8319354400|217500|2166626.0000|9.8319354400
10350000|9.8319354400|9.8713815200|9.8319354400|9.8319354400|323600|3233257.0000|9.8319354400
10400000|9.8319354400|9.8417969600|9.8220739200|9.8417969600|75900|756653.0000|9.8417969600
10450000|9.8417969600|9.8516584800|9.8319354400|9.8516584800|230200|2298222.0000|9.8516584800
10500000|9.8516584800|9.8516584800|9.8220739200|9.8319354400|107400|1070819.0000|9.8319354400
10550000|9.8319354400|9.8319354400|9.8122124000|9.8122124000|94300|939376.0000|9.8122124000
11000000|9.8122124000|9.8417969600|9.8122124000|9.8319354400|113600|1131927.0000|9.8319354400
11050000|9.8319354400|9.8319354400|9.8023508800|9.8319354400|266762|2651447.0000|9.8319354400
11100000|9.8319354400|9.8319354400|9.8023508800|9.8220739200|22500|224040.0000|9.8220739200
11150000|9.8220739200|9.8516584800|9.8220739200|9.8417969600|178680|1783740.0000|9.8417969600
11200000|9.8417969600|9.8516584800|9.8319354400|9.8417969600|42700|426156.0000|9.8417969600
11250000|9.8417969600|9.8417969600|9.8023508800|9.8122124000|58200|579444.0000|9.8122124000
11300000|9.8220739200|9.8417969600|9.8023508800|9.8417969600|18600|185037.0000|9.8417969600
13050000|9.8023508800|9.8417969600|9.8023508800|9.8417969600|141600|1411467.0000|9.8417969600
13100000|9.8417969600|9.8812430400|9.8417969600|9.8516584800|542500|5425423.0000|9.8516584800
13150000|9.8516584800|9.9108276000|9.8516584800|9.8812430400|234000|2343099.0000|9.8812430400
13200000|9.8812430400|9.9009660800|9.8615200000|9.8812430400|127700|1278129.0000|9.8812430400
13250000|9.8812430400|9.8812430400|9.8615200000|9.8713815200|69100|691865.0000|9.8713815200
13300000|9.8713815200|9.9009660800|9.8713815200|9.8911045600|192400|1929195.0000|9.8911045600
13350000|9.8911045600|9.9108276000|9.8812430400|9.9108276000|388500|3902204.0000|9.9108276000
13400000|9.9009660800|9.9206891200|9.8713815200|9.8713815200|296500|2977972.0000|9.8713815200
13450000|9.8713815200|9.9009660800|9.8713815200|9.8812430400|65500|656868.0000|9.8812430400
13500000|9.8812430400|9.8911045600|9.8812430400|9.8812430400|36200|362839.0000|9.8812430400
13550000|9.8812430400|9.9009660800|9.8812430400|9.8911045600|34500|346006.0000|9.8911045600
14000000|9.8911045600|9.8911045600|9.8615200000|9.8615200000|135900|1360114.0000|9.8615200000
14050000|9.8615200000|9.8713815200|9.8516584800|9.8516584800|265900|2659184.0000|9.8516584800
14100000|9.8615200000|9.8713815200|9.8516584800|9.8516584800|56700|566886.0000|9.8516584800
14150000|9.8516584800|9.8713815200|9.8516584800|9.8615200000|51100|511228.0000|9.8615200000
14200000|9.8615200000|9.8713815200|9.8615200000|9.8615200000|37200|372078.0000|9.8615200000
14250000|9.8615200000|9.8713815200|9.8516584800|9.8516584800|17300|172981.0000|9.8516584800
14300000|9.8516584800|9.8713815200|9.8516584800|9.8615200000|51000|510054.0000|9.8615200000
14350000|9.8615200000|9.8911045600|9.8615200000|9.8911045600|42100|421625.0000|9.8911045600
14400000|9.8713815200|9.8812430400|9.8713815200|9.8713815200|28300|283454.0000|9.8713815200
14450000|9.8713815200|9.8812430400|9.8713815200|9.8713815200|92572|926665.0000|9.8713815200
14500000|9.8713815200|9.8812430400|9.8615200000|9.8615200000|128072|1281291.0000|9.8615200000
14550000|9.8615200000|9.8812430400|9.8615200000|9.8713815200|76072|761699.0000|9.8713815200
15000000|9.8713815200|9.8812430400|9.8713815200|9.8812430400|154900|1551940.0000|9.8812430400
