09350000|12.5514501600|12.6405377400|12.5217543000|12.6306391200|889900|11318467.0000|12.6306391200
09400000|12.6306391200|12.6999294600|12.6207405000|12.6603349800|847200|10836661.0000|12.6603349800
09450000|12.6603349800|12.6702336000|12.6009432600|12.6207405000|327500|4181560.0000|12.6207405000
09500000|12.6207405000|12.6306391200|12.5712474000|12.5910446400|364200|4633776.0000|12.5910446400
09550000|12.6009432600|12.6207405000|12.5910446400|12.6009432600|250500|3190328.0000|12.6009432600
10000000|12.5910446400|12.6009432600|12.5712474000|12.5910446400|247200|3142016.0000|12.5910446400
10050000|12.5811460200|12.5910446400|12.5514501600|12.5910446400|159400|2024088.0000|12.5910446400
10100000|12.5910446400|12.6009432600|12.5514501600|12.6009432600|173600|2206488.0000|12.6009432600
10150000|12.6009432600|12.6108418800|12.5811460200|12.5910446400|235900|3001940.0000|12.5910446400
10200000|12.5910446400|12.6207405000|12.5910446400|12.6108418800|145100|1847840.0000|12.6108418800
10250000|12.6009432600|12.6108418800|12.5712474000|12.5811460200|98100|1247704.0000|12.5811460200
10300000|12.5811460200|12.6207405000|12.5712474000|12.6207405000|243500|3098072.0000|12.6207405000
10350000|12.6108418800|12.6207405000|12.5811460200|12.6009432600|221200|2815804.0000|12.6009432600
10400000|12.6009432600|12.6108418800|12.5910446400|12.6108418800|162000|2062432.0000|12.6108418800
10450000|12.6009432600|12.6108418800|12.5910446400|12.5910446400|115400|1467840.0000|12.5910446400
10500000|12.5910446400|12.6207405000|12.5910446400|12.6009432600|148200|1886980.0000|12.6009432600
10550000|12.6009432600|12.6009432600|12.5514501600|12.5514501600|322900|4100248.0000|12.5514501600
11000000|12.5712474000|12.5712474000|12.5316529200|12.5514501600|241600|3062476.0000|12.5514501600
11050000|12.5514501600|12.5613487800|12.5316529200|12.5613487800|140700|1782152.0000|12.5613487800
11100000|12.5613487800|12.5910446400|12.5514501600|12.5613487800|85600|1087056.0000|12.5613487800
11150000|12.5613487800|12.5613487800|12.5415515400|12.5514501600|127300|1613848.0000|12.5514501600
11200000|12.5514501600|12.5811460200|12.5415515400|12.5811460200|280600|3560072.0000|12.5811460200
11250000|12.5910446400|12.6108418800|12.5712474000|12.5811460200|243100|3091448.0000|12.5811460200
11300000|12.5910446400|12.5910446400|12.5712474000|12.5811460200|84300|1071736.0000|12.5811460200
13050000|12.5811460200|12.5910446400|12.5712474000|12.5712474000|158100|2009424.0000|12.5712474000
13100000|12.5712474000|12.5811460200|12.5514501600|12.5613487800|117300|1488264.0000|12.5613487800
13150000|12.5712474000|12.5910446400|12.5613487800|12.5811460200|242700|3083624.0000|12.5811460200
13200000|12.5910446400|12.6207405000|12.5811460200|12.6108418800|268900|3424040.0000|12.6108418800
13250000|12.6108418800|12.6108418800|12.5613487800|12.5613487800|152800|1943472.0000|12.5613487800
13300000|12.5613487800|12.5811460200|12.5514501600|12.5613487800|124900|1585872.0000|12.5613487800
13350000|12.5514501600|12.5712474000|12.5514501600|12.5613487800|86600|1098584.0000|12.5613487800
13400000|12.5613487800|12.5811460200|12.5613487800|12.5712474000|132000|1676296.0000|12.5712474000
13450000|12.5712474000|12.6108418800|12.5712474000|12.6009432600|212300|2702064.0000|12.6009432600
13500000|12.6009432600|12.6009432600|12.5811460200|12.5811460200|88200|1121688.0000|12.5811460200
13550000|12.5811460200|12.5910446400|12.5712474000|12.5811460200|416700|5296336.0000|12.5811460200
14000000|12.5811460200|12.6504363600|12.5811460200|12.6207405000|605000|7715608.0000|12.6207405000
14050000|12.6108418800|12.6207405000|12.5910446400|12.6009432600|436700|5562832.0000|12.6009432600
14100000|12.5910446400|12.6009432600|12.5712474000|12.5910446400|442400|5626936.0000|12.5910446400
14150000|12.5910446400|12.5910446400|12.5811460200|12.5811460200|131400|1670616.0000|12.5811460200
14200000|12.5811460200|12.5910446400|12.5514501600|12.5514501600|318400|4041816.0000|12.5514501600
14250000|12.5514501600|12.5613487800|12.5415515400|12.5514501600|219900|2788360.0000|12.5514501600
14300000|12.5514501600|12.5613487800|12.5415515400|12.5415515400|173900|2205320.0000|12.5415515400
14350000|12.5514501600|12.5613487800|12.5415515400|12.5613487800|303500|3847032.0000|12.5613487800
14400000|12.5514501600|12.5613487800|12.5415515400|12.5415515400|284300|3602688.0000|12.5415515400
14450000|12.5415515400|12.5514501600|12.5217543000|12.5415515400|274300|3473024.0000|12.5415515400
14500000|12.5415515400|12.5514501600|12.5316529200|12.5415515400|255600|3238480.0000|12.5415515400
14550000|12.5415515400|12.5514501600|12.5217543000|12.5316529200|337100|4268784.0000|12.5316529200
15000000|12.5316529200|12.5415515400|12.5316529200|12.5316529200|265300|3359104.0000|12.5316529200
