09350000|35.1179455200|35.2041127800|34.9456110000|35.0987972400|4133700|151524208.0000|35.0987972400
09400000|35.0987972400|35.2136869200|35.0126299800|35.1179455200|1802600|66157152.0000|35.1179455200
09450000|35.1179455200|35.2232610600|35.0892231000|35.2232610600|1635300|60076288.0000|35.2232610600
09500000|35.2232610600|35.2328352000|34.8785920200|34.9551851400|1806700|66195712.0000|34.9551851400
09550000|34.9551851400|35.0126299800|34.8977403000|34.9456110000|936200|34179488.0000|34.9456110000
10000000|34.9456110000|34.9839075600|34.8690178800|34.8785920200|1835700|66968576.0000|34.8785920200
10050000|34.8785920200|34.9168885800|34.8115730400|34.8881661600|1459300|53141984.0000|34.8881661600
10100000|34.8881661600|34.9168885800|34.8498696000|34.8881661600|924500|33686912.0000|34.8881661600
10150000|34.8881661600|34.9073144400|34.8498696000|34.8977403000|653700|23817632.0000|34.8977403000
10200000|34.8977403000|34.8977403000|34.8019989000|34.8498696000|1164100|42382400.0000|34.8498696000
10250000|34.8498696000|34.8594437400|34.8211471800|34.8498696000|501800|18257148.0000|34.8498696000
10300000|34.8498696000|34.8498696000|34.7828506200|34.8115730400|643500|23399115.0000|34.8115730400
10350000|34.8115730400|34.8211471800|34.7445540600|34.7637023400|733400|26632689.0000|34.7637023400
10400000|34.7637023400|34.8690178800|34.7637023400|34.8498696000|586400|21323139.0000|34.8498696000
10450000|34.8498696000|34.8594437400|34.6775350800|34.6775350800|1086700|39461189.0000|34.6775350800
10500000|34.6775350800|34.7445540600|34.6775350800|34.7158316400|651400|23617218.0000|34.7158316400
10550000|34.7158316400|34.7158316400|34.5817936800|34.5817936800|1441500|52161657.0000|34.5817936800
11000000|34.5817936800|34.6392385200|34.5626454000|34.5626454000|1308200|47270525.0000|34.5626454000
11050000|34.5626454000|34.5913678200|34.4860522800|34.5530712600|1098400|39624968.0000|34.5530712600
11100000|34.5530712600|34.5626454000|34.5052005600|34.5243488400|772600|27867648.0000|34.5243488400
11150000|34.5243488400|34.5339229800|34.3520143200|34.3520143200|2516600|90507456.0000|34.3520143200
11200000|34.3520143200|34.4381815800|34.3137177600|34.4190333000|2019600|72439616.0000|34.4190333000
11250000|34.4190333000|34.4669040000|34.3424401800|34.3424401800|1080200|38812096.0000|34.3424401800
11300000|34.3424401800|34.4286074400|34.3137177600|34.4190333000|710000|25475456.0000|34.4190333000
13050000|34.4286074400|34.4669040000|34.3520143200|34.3903108800|721800|25948928.0000|34.3903108800
13100000|34.3903108800|34.4477557200|34.3328660400|34.3807367400|539700|19377792.0000|34.3807367400
13150000|34.3807367400|34.4669040000|34.3615884600|34.4669040000|415400|14935552.0000|34.4669040000
13200000|34.4669040000|34.5722195400|34.4190333000|34.5722195400|583600|21028224.0000|34.5722195400
13250000|34.5722195400|34.6583868000|34.5626454000|34.6200902400|1060800|38360838.0000|34.6200902400
13300000|34.6200902400|34.6392385200|34.5626454000|34.5913678200|412800|14911230.0000|34.5913678200
13350000|34.5913678200|34.6296643800|34.5434971200|34.5530712600|344500|12440835.0000|34.5530712600
13400000|34.5530712600|34.5626454000|34.5052005600|34.5339229800|544600|19640313.0000|34.5339229800
13450000|34.5339229800|34.5339229800|34.4573298600|34.4669040000|356000|12822656.0000|34.4669040000
13500000|34.4669040000|34.4764781400|34.3903108800|34.4669040000|321400|11563648.0000|34.4669040000
13550000|34.4669040000|34.4956264200|34.4094591600|34.4860522800|586900|21117440.0000|34.4860522800
14000000|34.4860522800|34.5052005600|34.4477557200|34.4669040000|416000|14980224.0000|34.4669040000
14050000|34.4669040000|34.4764781400|34.4094591600|34.4094591600|469700|16897024.0000|34.4094591600
14100000|34.4094591600|34.4573298600|34.3903108800|34.4573298600|366300|13164288.0000|34.4573298600
14150000|34.4573298600|34.4669040000|34.3807367400|34.4094591600|596500|21435776.0000|34.4094591600
14200000|34.4094591600|34.4381815800|34.3903108800|34.4286074400|282200|10147200.0000|34.4286074400
14250000|34.4286074400|34.4381815800|34.3903108800|34.4094591600|322900|11605632.0000|34.4094591600
14300000|34.4094591600|34.4094591600|34.3424401800|34.3424401800|900400|32322560.0000|34.3424401800
14350000|34.3424401800|34.3424401800|34.2371246400|34.2371246400|1928700|69068032.0000|34.2371246400
14400000|34.2371246400|34.2562729200|34.1796798000|34.1796798000|1482700|52981248.0000|34.1796798000
14450000|34.1796798000|34.1892539400|34.0839384000|34.1605315200|1912500|68201472.0000|34.1605315200
14500000|34.1605315200|34.2754212000|34.1509573800|34.2466987800|1089200|38923264.0000|34.2466987800
14550000|34.2466987800|34.2562729200|34.1988280800|34.2275505000|1017700|36384768.0000|34.2275505000
15000000|34.2275505000|34.2275505000|34.1892539400|34.2275505000|1003100|35841536.0000|34.2275505000
