09350000|23.4374947200|23.4374947200|22.9875101400|22.9875101400|11255900|272018272.0000|22.9875101400
09400000|22.9875101400|23.0353808400|22.9204911600|23.0353808400|7087000|170092496.0000|23.0353808400
09450000|23.0353808400|23.0353808400|22.7577307800|22.7577307800|8040100|192127002.0000|22.7577307800
09500000|22.7577307800|22.8821946000|22.7577307800|22.7673049200|7296000|173783808.0000|22.7673049200
09550000|22.7673049200|22.7768790600|22.6428411000|22.6619893800|6326800|150103302.0000|22.6619893800
10000000|22.6619893800|22.6811376600|22.4609324400|22.4609324400|7538100|177971840.0000|22.4609324400
10050000|22.4609324400|22.6141186800|22.4609324400|22.6045445400|6020200|141834368.0000|22.6045445400
10100000|22.6045445400|22.6524152400|22.5853962600|22.6141186800|3509200|82886656.0000|22.6141186800
10150000|22.6141186800|22.6236928200|22.5088031400|22.5279514200|3757500|88443904.0000|22.5279514200
10200000|22.5279514200|22.6524152400|22.4992290000|22.6524152400|3221300|75913984.0000|22.6524152400
10250000|22.6524152400|22.7002859400|22.5949704000|22.5949704000|1879200|44483712.0000|22.5949704000
10300000|22.5949704000|22.6045445400|22.5183772800|22.5279514200|2632000|62027904.0000|22.5279514200
10350000|22.5279514200|22.6811376600|22.5183772800|22.6428411000|1383800|32691200.0000|22.6428411000
10400000|22.6428411000|22.6907118000|22.6428411000|22.6619893800|1134000|26851840.0000|22.6619893800
10450000|22.6619893800|22.6619893800|22.5853962600|22.6524152400|1045500|24708096.0000|22.6524152400
10500000|22.6524152400|22.6524152400|22.5949704000|22.6332669600|947200|22376320.0000|22.6332669600
10550000|22.6332669600|22.6428411000|22.5853962600|22.5949704000|958200|22633216.0000|22.5949704000
11000000|22.5949704000|22.6236928200|22.5662479800|22.5758221200|715800|16893696.0000|22.5758221200
11050000|22.5758221200|22.5758221200|22.5183772800|22.5566738400|1974500|46462464.0000|22.5566738400
11100000|22.5566738400|22.5566738400|22.4992290000|22.5375255600|1538400|36197888.0000|22.5375255600
11150000|22.5375255600|22.5853962600|22.5183772800|22.5853962600|1074300|25303808.0000|22.5853962600
11200000|22.5853962600|22.6715635200|22.5662479800|22.6141186800|969000|22902020.0000|22.6141186800
11250000|22.6141186800|22.6428411000|22.5853962600|22.5853962600|905400|21390716.0000|22.5853962600
11300000|22.5853962600|22.6045445400|22.5375255600|22.5758221200|1280300|30164992.0000|22.5758221200
13050000|22.5662479800|22.6236928200|22.5470997000|22.6236928200|1304800|30764928.0000|22.6236928200
13100000|22.6236928200|22.6332669600|22.5758221200|22.5758221200|596500|14076672.0000|22.5758221200
13150000|22.5758221200|22.5949704000|22.5470997000|22.5566738400|624100|14708480.0000|22.5566738400
13200000|22.5566738400|22.5566738400|22.5088031400|22.5183772800|1878400|44165248.0000|22.5183772800
13250000|22.5183772800|22.5566738400|22.4896548600|22.5183772800|1222800|28758912.0000|22.5183772800
13300000|22.5183772800|22.5183772800|22.4800807200|22.5088031400|1034400|24312192.0000|22.5088031400
13350000|22.5088031400|22.5566738400|22.4896548600|22.4992290000|888100|20892544.0000|22.4992290000
13400000|22.4992290000|22.5279514200|22.4992290000|22.5183772800|527500|12407552.0000|22.5183772800
13450000|22.5183772800|22.5183772800|22.4896548600|22.4896548600|987500|23210752.0000|22.4896548600
13500000|22.4896548600|22.5279514200|22.4896548600|22.5183772800|748500|17593344.0000|22.5183772800
13550000|22.5183772800|22.5279514200|22.4896548600|22.5088031400|1287400|30256128.0000|22.5088031400
14000000|22.5088031400|22.5375255600|22.4992290000|22.5088031400|911100|21431808.0000|22.5088031400
14050000|22.5088031400|22.5183772800|22.4609324400|22.4896548600|2098600|49275392.0000|22.4896548600
14100000|22.4896548600|22.6428411000|22.4800807200|22.6141186800|1644700|38803456.0000|22.6141186800
14150000|22.6141186800|22.6141186800|22.4992290000|22.5183772800|1025700|24132352.0000|22.5183772800
14200000|22.5183772800|22.5279514200|22.4992290000|22.5088031400|853200|20063488.0000|22.5088031400
14250000|22.5088031400|22.5375255600|22.4992290000|22.5375255600|867900|20408320.0000|22.5375255600
14300000|22.5375255600|22.5853962600|22.5279514200|22.5758221200|1035400|24405248.0000|22.5758221200
14350000|22.5758221200|22.5758221200|22.4800807200|22.4896548600|1604000|37713664.0000|22.4896548600
14400000|22.4896548600|22.4896548600|22.4417841600|22.4417841600|2498100|58600448.0000|22.4417841600
14450000|22.4417841600|22.4705065800|22.4417841600|22.4513583000|1407100|33002240.0000|22.4513583000
14500000|22.4513583000|22.4800807200|22.4417841600|22.4609324400|2282800|53548288.0000|22.4609324400
14550000|22.4609324400|22.4609324400|22.4130617400|22.4130617400|3806600|89174272.0000|22.4130617400
15000000|22.4130617400|22.4226358800|22.4034876000|22.4034876000|3192300|74716928.0000|22.4034876000
