093500|17.05|17.08|16.68|16.8|9131.0|15397288.0|17.16
094000|16.79|16.88|16.75|16.82|4318.0|7261561.0|16.8
094500|16.82|16.91|16.82|16.87|2279.0|3843058.0|16.82
095000|16.86|16.99|16.82|16.96|2086.0|3528048.0|16.87
095500|16.97|17.0|16.88|16.88|1584.0|2685092.0|16.96
100000|16.88|16.91|16.83|16.87|2165.0|3650498.0|16.88
100500|16.86|16.96|16.82|16.93|1440.0|2429606.0|16.87
101000|16.92|16.97|16.87|16.88|902.0|1525092.0|16.93
101500|16.87|16.88|16.74|16.76|3078.0|5169648.0|16.88
102000|16.76|16.77|16.71|16.72|2443.0|4086114.0|16.76
102500|16.72|16.73|16.69|16.71|2957.0|4938379.0|16.72
103000|16.7|16.71|16.65|16.66|4232.0|7062583.0|16.71
103500|16.66|16.66|16.61|16.62|2826.0|4701069.0|16.66
104000|16.64|16.66|16.62|16.63|1395.0|2320969.0|16.62
104500|16.63|16.67|16.57|16.57|2832.0|4703730.0|16.63
105000|16.55|16.6|16.53|16.59|1625.0|2690187.0|16.57
105500|16.58|16.59|16.52|16.59|1621.0|2682643.0|16.59
110000|16.58|16.62|16.57|16.62|649.0|1076733.0|16.59
110500|16.62|16.68|16.62|16.64|1049.0|1747056.0|16.62
111000|16.62|16.68|16.61|16.68|904.0|1503960.0|16.64
111500|16.67|16.68|16.53|16.54|1585.0|2631300.0|16.68
112000|16.55|16.64|16.51|16.64|1671.0|2764272.0|16.54
112500|16.62|16.72|16.62|16.72|805.0|1342357.0|16.64
113000|16.71|16.71|16.61|16.62|957.0|1594894.0|16.72
130500|16.63|16.73|16.61|16.69|892.0|1487485.0|16.62
131000|16.69|16.71|16.64|16.66|555.0|924907.0|16.69
131500|16.66|16.73|16.65|16.71|244.0|407142.0|16.66
132000|16.72|16.72|16.67|16.7|572.0|955099.0|16.71
132500|16.7|16.73|16.67|16.73|353.0|589231.0|16.7
133000|16.75|16.78|16.73|16.75|807.0|1351363.0|16.73
133500|16.75|16.88|16.74|16.88|1367.0|2297585.0|16.75
134000|16.86|17.18|16.84|17.07|6111.0|10407772.0|16.88
134500|17.07|17.15|17.03|17.13|2568.0|4386468.0|17.07
135000|17.14|17.16|17.07|17.1|2153.0|3685223.0|17.13
135500|17.09|17.15|17.07|17.07|1984.0|3391842.0|17.1
140000|17.07|17.1|17.02|17.1|2144.0|3657086.0|17.07
140500|17.1|17.1|16.97|16.98|5834.0|9915041.0|17.1
141000|16.98|17.01|16.92|16.94|1551.0|2630016.0|16.98
141500|16.94|16.98|16.92|16.98|1099.0|1862645.0|16.94
142000|16.95|17.03|16.95|17.0|1353.0|2298319.0|16.98
142500|16.97|17.02|16.95|17.0|1633.0|2773934.0|17.0
143000|16.96|17.0|16.9|16.95|1247.0|2111697.0|17.0
143500|16.97|16.98|16.9|16.98|1295.0|2192624.0|16.95
144000|16.99|16.99|16.89|16.96|1502.0|2543399.0|16.98
144500|16.94|16.96|16.89|16.91|1444.0|2442532.0|16.96
145000|16.9|16.97|16.9|16.93|2862.0|4845486.0|16.91
145500|16.93|16.95|16.89|16.92|3170.0|5361855.0|16.93
150000|16.92|16.94|16.89|16.89|1750.0|2958389.0|16.92
