093500|12.0000|12.1300|11.9700|12.1000|1632400|19703149.0000|12.1000
094000|12.1000|12.1400|12.0800|12.1300|998900|12107804.0000|12.1300
094500|12.1200|12.1200|12.0600|12.0700|425200|5141473.0000|12.0700
095000|12.0600|12.0700|12.0300|12.0400|429100|5171217.0000|12.0400
095500|12.0500|12.0500|12.0000|12.0200|1605300|19292264.0000|12.0200
100000|12.0200|12.0500|12.0100|12.0100|334300|4020935.0000|12.0100
100500|12.0100|12.0300|12.0000|12.0100|359900|4323656.0000|12.0100
101000|12.0100|12.0200|12.0000|12.0000|541201|6498583.0000|12.0000
101500|12.0000|12.0500|12.0000|12.0500|544200|6542566.0000|12.0500
102000|12.0500|12.0500|12.0200|12.0300|247900|2983570.0000|12.0300
102500|12.0300|12.0400|12.0100|12.0200|242800|2920284.0000|12.0200
103000|12.0200|12.0300|12.0100|12.0300|158300|1902673.0000|12.0300
103500|12.0300|12.0400|12.0200|12.0400|191200|2301127.0000|12.0400
104000|12.0400|12.0500|12.0100|12.0100|371700|4471563.0000|12.0100
104500|12.0100|12.0400|12.0100|12.0400|399100|4795975.0000|12.0400
105000|12.0300|12.0500|12.0300|12.0500|159900|1925289.0000|12.0500
105500|12.0400|12.0500|12.0300|12.0300|116500|1401969.0000|12.0300
110000|12.0300|12.0600|12.0300|12.0500|287300|3461175.0000|12.0500
110500|12.0600|12.0600|12.0300|12.0500|197800|2382344.0000|12.0500
111000|12.0400|12.0700|12.0400|12.0700|210200|2533047.0000|12.0700
111500|12.0500|12.0700|12.0500|12.0500|148135|1786559.0000|12.0500
112000|12.0500|12.0700|12.0500|12.0600|228300|2754211.0000|12.0600
112500|12.0600|12.0700|12.0300|12.0500|134300|1618149.0000|12.0500
113000|12.0400|12.0500|12.0200|12.0300|144705|1740890.0000|12.0300
130500|12.0400|12.0600|12.0300|12.0600|256700|3090688.0000|12.0600
131000|12.0600|12.0700|12.0300|12.0300|220300|2654889.0000|12.0300
131500|12.0400|12.0600|12.0300|12.0300|249900|3008853.0000|12.0300
132000|12.0300|12.0400|12.0000|12.0200|433495|5209108.0000|12.0200
132500|12.0200|12.0200|12.0000|12.0100|315300|3786873.0000|12.0100
133000|12.0200|12.0200|12.0000|12.0100|187000|2245935.0000|12.0100
133500|12.0000|12.0400|11.9900|12.0100|669400|8034618.0000|12.0100
134000|12.0100|12.0400|12.0000|12.0200|172500|2072050.0000|12.0200
134500|12.0200|12.0200|12.0000|12.0000|191400|2298012.0000|12.0000
135000|12.0100|12.0500|12.0000|12.0300|453905|5455917.0000|12.0300
135500|12.0400|12.0400|12.0200|12.0200|114095|1372338.0000|12.0200
140000|12.0300|12.0300|12.0000|12.0100|143900|1728983.0000|12.0100
140500|12.0100|12.0300|12.0000|12.0200|186400|2240767.0000|12.0200
141000|12.0200|12.0200|11.9900|12.0000|436900|5243373.0000|12.0000
141500|12.0000|12.0100|11.9900|12.0000|272700|3272771.0000|12.0000
142000|12.0000|12.0300|12.0000|12.0100|245700|2951452.0000|12.0100
142500|12.0100|12.0300|12.0000|12.0100|122800|1475341.0000|12.0100
143000|12.0200|12.0200|12.0000|12.0000|153300|1841047.0000|12.0000
143500|12.0000|12.0300|12.0000|12.0300|276200|3318847.0000|12.0300
144000|12.0300|12.0300|12.0100|12.0200|212600|2555830.0000|12.0200
144500|12.0200|12.0500|12.0100|12.0400|397200|4779427.0000|12.0400
145000|12.0300|12.0500|12.0200|12.0300|402300|4841023.0000|12.0300
145500|12.0300|12.0500|12.0200|12.0500|376000|4525025.0000|12.0500
150000|12.0400|12.0400|12.0300|12.0300|323974|3897986.0000|12.0300
