093500|12.2000|12.3200|12.1500|12.2600|1774150|21718940.0000|12.2600
094000|12.2600|12.2700|12.1800|12.1800|738100|9031016.0000|12.1800
094500|12.1900|12.2000|12.1200|12.1300|799900|9724201.0000|12.1300
095000|12.1300|12.1300|12.0800|12.1100|749100|9067870.0000|12.1100
095500|12.1100|12.1200|12.0800|12.0800|624700|7557142.0000|12.0800
100000|12.0800|12.0900|12.0500|12.0900|697500|8414915.0000|12.0900
100500|12.0900|12.0900|12.0600|12.0800|402600|4860983.0000|12.0800
101000|12.0800|12.0800|12.0600|12.0600|366900|4427796.0000|12.0600
101500|12.0700|12.1000|12.0600|12.0600|418900|5057987.0000|12.0600
102000|12.0700|12.0900|12.0600|12.0900|232100|2802589.0000|12.0900
102500|12.0800|12.0900|12.0700|12.0700|154900|1870848.0000|12.0700
103000|12.0800|12.0900|12.0500|12.0500|377700|4559076.0000|12.0500
103500|12.0500|12.0800|12.0500|12.0700|517800|6241315.0000|12.0700
104000|12.0600|12.0900|12.0300|12.0300|414700|4996097.0000|12.0300
104500|12.0300|12.0400|12.0100|12.0200|326800|3928312.0000|12.0200
105000|12.0100|12.0200|12.0000|12.0000|372200|4469559.0000|12.0000
105500|12.0000|12.0100|11.9800|11.9800|393600|4720954.0000|11.9800
110000|11.9800|12.0100|11.9800|12.0000|241800|2901241.0000|12.0000
110500|12.0000|12.0100|11.9900|11.9900|204900|2458829.0000|11.9900
111000|11.9900|12.0300|11.9900|12.0200|209500|2515372.0000|12.0200
111500|12.0200|12.0400|12.0000|12.0200|177300|2131959.0000|12.0200
112000|12.0200|12.0400|12.0000|12.0200|174700|2099428.0000|12.0200
112500|12.0000|12.0300|11.9800|11.9900|283100|3395707.0000|11.9900
113000|11.9900|12.0100|11.9800|12.0000|202700|2431878.0000|12.0000
130500|12.0000|12.0000|11.9800|12.0000|281900|3379347.0000|12.0000
131000|12.0000|12.0100|11.9800|11.9900|217300|2606579.0000|11.9900
131500|11.9800|12.0100|11.9800|11.9800|184100|2207173.0000|11.9800
132000|11.9800|11.9900|11.9500|11.9600|428200|5123788.0000|11.9600
132500|11.9600|11.9700|11.9500|11.9600|225100|2692629.0000|11.9600
133000|11.9600|11.9700|11.9500|11.9600|219500|2624348.0000|11.9600
133500|11.9600|12.0000|11.9500|11.9700|289600|3466860.0000|11.9700
134000|11.9700|12.0000|11.9600|12.0000|170900|2046455.0000|12.0000
134500|12.0000|12.0800|11.9800|12.0800|384800|4630381.0000|12.0800
135000|12.0700|12.0700|12.0000|12.0200|290800|3500453.0000|12.0200
135500|12.0200|12.0200|12.0100|12.0100|137400|1650343.0000|12.0100
140000|12.0100|12.0300|12.0100|12.0200|161900|1945703.0000|12.0200
140500|12.0200|12.0300|11.9700|12.0000|290800|3489349.0000|12.0000
141000|11.9900|12.0200|11.9700|12.0000|200700|2405899.0000|12.0000
141500|12.0000|12.0200|11.9700|12.0100|168300|2018640.0000|12.0100
142000|12.0100|12.0200|11.9800|11.9900|260200|3122277.0000|11.9900
142500|11.9900|12.0200|11.9900|12.0200|120500|1446565.0000|12.0200
143000|12.0200|12.0400|12.0000|12.0400|279800|3361348.0000|12.0400
143500|12.0300|12.0500|12.0200|12.0300|215300|2591114.0000|12.0300
144000|12.0400|12.1000|12.0300|12.0600|614301|7414596.0000|12.0600
144500|12.0600|12.0700|12.0400|12.0600|203300|2450592.0000|12.0600
145000|12.0600|12.0700|12.0500|12.0600|334700|4038478.0000|12.0600
145500|12.0500|12.0600|12.0400|12.0400|344900|4155800.0000|12.0400
150000|12.0500|12.0500|12.0300|12.0400|489000|5887161.0000|12.0400
