093500|11.9500|11.9700|11.8900|11.9500|541900|6457062.3700|11.9500
094000|11.9400|11.9900|11.9400|11.9700|322000|3852902.0000|11.9700
094500|11.9600|11.9800|11.9100|11.9700|200900|2399543.4500|11.9700
095000|11.9700|11.9700|11.9200|11.9300|174600|2084310.0000|11.9300
095500|11.9300|11.9300|11.8900|11.8900|142500|1696400.0000|11.8900
100000|11.8900|11.9100|11.8800|11.8900|209300|2489206.0000|11.8900
100500|11.8900|11.9000|11.8500|11.8500|226800|2692927.0000|11.8500
101000|11.8500|11.8900|11.8400|11.8800|253400|3005211.0000|11.8800
101500|11.8800|11.8900|11.8500|11.8700|116309|1380276.6500|11.8700
102000|11.8800|11.8900|11.8600|11.8700|194300|2307540.0000|11.8700
102500|11.8700|11.8800|11.8400|11.8500|117800|1396479.0000|11.8500
103000|11.8500|11.8600|11.8300|11.8600|343300|4065742.0000|11.8600
103500|11.8600|11.8600|11.8400|11.8400|152200|1803074.0000|11.8400
104000|11.8500|11.8600|11.8400|11.8500|85600|1014423.0000|11.8500
104500|11.8500|11.8600|11.8300|11.8600|96500|1143628.0000|11.8600
105000|11.8600|11.8700|11.8500|11.8500|151500|1796609.0000|11.8500
105500|11.8500|11.8600|11.8400|11.8600|101000|1196729.0000|11.8600
110000|11.8500|11.8600|11.8200|11.8300|183300|2169456.0000|11.8300
110500|11.8400|11.8800|11.8300|11.8700|224656|2662197.4800|11.8700
111000|11.8700|11.8700|11.8400|11.8500|66700|790835.0000|11.8500
111500|11.8500|11.8600|11.8300|11.8500|98200|1162888.0000|11.8500
112000|11.8500|11.8700|11.8500|11.8700|134100|1590317.0000|11.8700
112500|11.8600|11.8600|11.8300|11.8300|133500|1581713.0000|11.8300
113000|11.8300|11.8400|11.8300|11.8400|80307|950343.8100|11.8400
130500|11.8300|11.8600|11.8200|11.8500|327300|3876482.0000|11.8500
131000|11.8400|11.8500|11.8200|11.8300|148500|1757170.0000|11.8300
131500|11.8300|11.8600|11.8000|11.8600|579300|6846566.0000|11.8600
132000|11.8600|11.8800|11.8300|11.8300|258600|3064762.9800|11.8300
132500|11.8400|11.8500|11.8200|11.8300|171600|2030415.0000|11.8300
133000|11.8300|11.8400|11.8200|11.8200|150000|1774606.0000|11.8200
133500|11.8300|11.8700|11.8200|11.8700|406800|4817630.0000|11.8700
134000|11.8700|11.9400|11.8600|11.9200|987002|11744878.7600|11.9200
134500|11.9300|11.9300|11.9000|11.9100|191300|2279197.0000|11.9100
135000|11.9200|11.9200|11.9000|11.9200|134200|1598368.0000|11.9200
135500|11.9200|11.9200|11.9100|11.9100|97900|1166099.0000|11.9100
140000|11.9200|11.9200|11.9000|11.9100|125400|1493771.0000|11.9100
140500|11.9100|11.9200|11.9000|11.9100|118300|1408956.0000|11.9100
141000|11.9100|11.9200|11.9000|11.9200|128800|1534329.0000|11.9200
141500|11.9100|11.9200|11.9000|11.9000|127000|1512347.0000|11.9000
142000|11.9000|11.9100|11.8800|11.8900|102300|1216786.0000|11.8900
142500|11.8900|11.9000|11.8700|11.8900|167500|1990796.0000|11.8900
143000|11.8900|11.9300|11.8900|11.9300|453100|5398099.0000|11.9300
143500|11.9300|11.9400|11.9100|11.9200|152700|1821253.0000|11.9200
144000|11.9300|11.9400|11.9000|11.9100|172700|2058655.0000|11.9100
144500|11.9000|11.9300|11.9000|11.9300|121500|1446877.0000|11.9300
145000|11.9200|11.9400|11.9000|11.9200|393800|4697353.0000|11.9200
145500|11.9200|11.9400|11.9200|11.9400|263200|3141281.0000|11.9400
150000|11.9300|11.9500|11.9300|11.9400|217200|2592858.0000|11.9400
