09350000|3.6278086000|3.6310622400|3.4813948000|3.5139312000|2094648|22819071.0000|3.5139312000
09400000|3.5139312000|3.5627358000|3.4846484400|3.5399603200|894577|9663775.0000|3.5399603200
09450000|3.5367066800|3.5464676000|3.4748875200|3.4813948000|1055400|11355358.0000|3.4813948000
09500000|3.4879020800|3.5432139600|3.4813948000|3.5301994000|615312|6623648.0000|3.5301994000
09550000|3.5301994000|3.5432139600|3.5204384800|3.5204384800|458048|4972106.0000|3.5204384800
10000000|3.5204384800|3.5724967200|3.5171848400|3.5724967200|408748|4451610.0000|3.5724967200
10050000|3.5724967200|3.5920185600|3.5464676000|3.5724967200|387994|4261666.0000|3.5724967200
10100000|3.5790040000|3.5920185600|3.5692430800|3.5855112800|391100|4304615.0000|3.5855112800
10150000|3.5855112800|3.5952722000|3.5822576400|3.5920185600|326396|3600226.0000|3.5920185600
10200000|3.5855112800|3.5985258400|3.5790040000|3.5920185600|343700|3792904.0000|3.5920185600
10250000|3.5920185600|3.5985258400|3.5790040000|3.5822576400|286252|3157953.0000|3.5822576400
10300000|3.5822576400|3.5920185600|3.5757503600|3.5920185600|271800|2995191.0000|3.5920185600
10350000|3.5920185600|3.5985258400|3.5920185600|3.5920185600|156700|1731277.0000|3.5920185600
10400000|3.5920185600|3.6343158800|3.5855112800|3.6245549600|565848|6280962.0000|3.6245549600
10450000|3.6245549600|3.6343158800|3.6082867600|3.6278086000|405100|4513964.0000|3.6278086000
10500000|3.6278086000|3.6538377200|3.6278086000|3.6440768000|453200|5072811.0000|3.6440768000
10550000|3.6473304400|3.6766132000|3.6440768000|3.6766132000|457800|5147761.0000|3.6766132000
11000000|3.6766132000|3.6928814000|3.6733595600|3.6928814000|336500|3806979.0000|3.6928814000
11050000|3.6896277600|3.6896277600|3.6310622400|3.6310622400|370900|4170627.0000|3.6310622400
11100000|3.6310622400|3.6440768000|3.6245549600|3.6310622400|252500|2821256.0000|3.6310622400
11150000|3.6310622400|3.6440768000|3.6245549600|3.6245549600|188200|2104397.0000|3.6245549600
11200000|3.6245549600|3.6408231600|3.6180476800|3.6213013200|145300|1620792.0000|3.6213013200
11250000|3.6213013200|3.6408231600|3.6115404000|3.6310622400|188696|2100535.0000|3.6310622400
11300000|3.6310622400|3.6473304400|3.6310622400|3.6408231600|76400|855350.0000|3.6408231600
13050000|3.6440768000|3.6603450000|3.6278086000|3.6440768000|228391|2556951.0000|3.6440768000
13100000|3.6440768000|3.6473304400|3.6375695200|3.6375695200|95100|1064026.0000|3.6375695200
13150000|3.6375695200|3.6505840800|3.6375695200|3.6473304400|116600|1306094.0000|3.6473304400
13200000|3.6505840800|3.6635986400|3.6440768000|3.6473304400|271900|3053358.0000|3.6473304400
13250000|3.6473304400|3.6668522800|3.6375695200|3.6603450000|236800|2659043.0000|3.6603450000
13300000|3.6603450000|3.6635986400|3.6440768000|3.6635986400|196600|2209583.0000|3.6635986400
13350000|3.6635986400|3.6733595600|3.6603450000|3.6668522800|313112|3529825.0000|3.6668522800
13400000|3.6701059200|3.6701059200|3.6408231600|3.6440768000|141700|1591747.0000|3.6440768000
13450000|3.6440768000|3.6570913600|3.6440768000|3.6440768000|301200|3376794.0000|3.6440768000
13500000|3.6505840800|3.6635986400|3.6440768000|3.6635986400|363900|4084962.0000|3.6635986400
13550000|3.6635986400|3.6733595600|3.6570913600|3.6603450000|501700|5649384.0000|3.6603450000
14000000|3.6635986400|3.6635986400|3.6505840800|3.6538377200|152500|1713296.0000|3.6538377200
14050000|3.6538377200|3.6570913600|3.6440768000|3.6473304400|142667|1600250.0000|3.6473304400
14100000|3.6473304400|3.6473304400|3.6408231600|3.6440768000|113700|1273867.0000|3.6440768000
14150000|3.6440768000|3.6538377200|3.6440768000|3.6473304400|192900|2162611.0000|3.6473304400
14200000|3.6473304400|3.6538377200|3.6440768000|3.6505840800|122800|1377201.0000|3.6505840800
14250000|3.6505840800|3.6538377200|3.6440768000|3.6505840800|178400|1999829.0000|3.6505840800
14300000|3.6505840800|3.6570913600|3.6440768000|3.6538377200|178200|1999690.0000|3.6538377200
14350000|3.6570913600|3.6570913600|3.6375695200|3.6440768000|193900|2172953.0000|3.6440768000
14400000|3.6408231600|3.6473304400|3.6408231600|3.6440768000|234200|2623467.0000|3.6440768000
14450000|3.6440768000|3.6538377200|3.6440768000|3.6538377200|232856|2611590.0000|3.6538377200
14500000|3.6505840800|3.6701059200|3.6505840800|3.6603450000|278900|3137826.0000|3.6603450000
14550000|3.6603450000|3.6635986400|3.6538377200|3.6538377200|201900|2270511.0000|3.6538377200
15000000|3.6538377200|3.6701059200|3.6538377200|3.6701059200|602961|6795169.0000|3.6701059200
