093500|28.6600|28.8200|28.3600|28.4500|1216200|34793760.0000|28.4500
094000|28.4500|28.7600|28.4200|28.7400|675200|19284988.0000|28.7400
094500|28.7400|29.1000|28.6800|29.0000|724500|20965444.0000|29.0000
095000|29.0000|29.0700|28.7900|29.0700|604200|17483936.0000|29.0700
095500|29.0800|29.0800|28.5400|28.5400|483300|13901408.0000|28.5400
100000|28.5400|28.6500|28.4200|28.6000|376000|10727888.0000|28.6000
100500|28.6000|28.6000|28.3200|28.3800|412200|11719416.0000|28.3800
101000|28.4100|28.4900|28.2500|28.2500|289100|8197632.0000|28.2500
101500|28.2500|28.2700|28.0800|28.1700|459400|12934816.0000|28.1700
102000|28.1700|28.2000|27.8800|28.1800|448000|12549840.0000|28.1800
102500|28.1700|28.4700|28.1700|28.2000|263600|7458800.0000|28.2000
103000|28.2600|28.4200|28.1600|28.3000|208700|5897296.0000|28.3000
103500|28.3000|28.5300|28.2900|28.5300|145500|4128848.0000|28.5300
104000|28.5300|28.5800|28.3200|28.5200|180300|5134400.0000|28.5200
104500|28.5400|28.5500|28.4100|28.4300|136500|3885936.0000|28.4300
105000|28.4600|28.4800|28.2800|28.3600|271600|7696304.0000|28.3600
105500|28.3600|28.5600|28.3000|28.5500|252600|7170288.0000|28.5500
110000|28.5500|28.6900|28.4800|28.6000|139800|3997008.0000|28.6000
110500|28.6000|28.6000|28.4500|28.5600|136600|3896288.0000|28.5600
111000|28.5600|28.7400|28.5600|28.7400|132800|3801680.0000|28.7400
111500|28.7400|28.9300|28.7400|28.8800|237100|6836784.0000|28.8800
112000|28.8800|29.0000|28.8800|29.0000|383300|11104336.0000|29.0000
112500|29.0000|29.0800|28.8200|28.8200|304400|8821840.0000|28.8200
113000|28.8200|29.2000|28.8200|29.0000|493400|14337568.0000|29.0000
130500|29.0000|29.2800|29.0000|29.0300|339800|9889360.0000|29.0300
131000|29.0300|29.0300|28.7600|28.7600|150400|4341920.0000|28.7600
131500|28.7600|28.9000|28.7500|28.7800|110600|3183232.0000|28.7800
132000|28.7800|28.9100|28.7200|28.7500|185400|5336256.0000|28.7500
132500|28.7500|28.7800|28.7000|28.7800|113100|3248704.0000|28.7800
133000|28.7900|28.8200|28.7000|28.8100|68600|1972128.0000|28.8100
133500|28.8100|28.8100|28.7100|28.7300|84800|2439328.0000|28.7300
134000|28.7300|28.7300|28.6000|28.6800|383200|10969792.0000|28.6800
134500|28.6800|28.7700|28.6100|28.7700|59800|1715040.0000|28.7700
135000|28.7700|28.8000|28.7000|28.7100|91800|2639584.0000|28.7100
135500|28.7100|28.7700|28.6300|28.6600|182600|5236640.0000|28.6600
140000|28.6500|28.6600|28.5000|28.5300|152600|4358944.0000|28.5300
140500|28.5400|28.6500|28.5000|28.5000|85900|2451136.0000|28.5000
141000|28.5000|28.6400|28.5000|28.6400|79200|2259424.0000|28.6400
141500|28.6100|28.6100|28.4900|28.5000|169600|4835840.0000|28.5000
142000|28.4900|28.5000|28.3500|28.4000|182400|5177824.0000|28.4000
142500|28.3600|28.4100|28.3500|28.3700|78600|2230080.0000|28.3700
143000|28.3700|28.3800|28.3000|28.3200|94400|2674880.0000|28.3200
143500|28.3200|28.5400|28.3100|28.4400|133400|3790080.0000|28.4400
144000|28.4400|28.4900|28.3300|28.3300|97300|2762496.0000|28.3300
144500|28.3300|28.3500|28.2800|28.3100|202200|5725536.0000|28.3100
145000|28.3100|28.3700|28.2600|28.2800|301500|8532384.0000|28.2800
145500|28.2800|28.3000|28.2000|28.2300|306800|8667232.0000|28.2300
150000|28.2300|28.2500|28.2200|28.2200|223800|6316768.0000|28.2200
