093500|64.31|64.9|63.88|63.88|4616.0|29685265.0|64.48
094000|63.84|63.84|63.21|63.45|9202.0|58435887.0|63.88
094500|63.43|63.48|63.18|63.28|4563.0|28888669.0|63.45
095000|63.27|63.97|63.22|63.65|3879.0|24606719.0|63.28
095500|63.75|63.75|63.02|63.03|8152.0|51538973.0|63.65
100000|63.03|63.08|62.8|62.83|6609.0|41609404.0|63.03
100500|62.89|62.89|62.39|62.56|6414.0|40138745.0|62.83
101000|62.56|62.91|62.51|62.87|3217.0|20157184.0|62.56
101500|62.87|63.2|62.75|63.08|2818.0|17752065.0|62.87
102000|63.07|63.08|62.8|62.81|3229.0|20338198.0|63.08
102500|62.81|62.82|62.61|62.66|1975.0|12384078.0|62.81
103000|62.62|62.82|62.54|62.54|3219.0|20166954.0|62.66
103500|62.52|62.67|62.06|62.09|4660.0|29075605.0|62.54
104000|62.09|63.04|62.09|63.02|2785.0|17415262.0|62.09
104500|63.02|63.25|63.0|63.13|2426.0|15306905.0|63.02
105000|63.08|63.24|62.95|63.18|1374.0|8673907.0|63.13
105500|63.16|63.16|62.71|62.72|1362.0|8563181.0|63.18
110000|62.72|62.95|62.58|62.92|769.0|4823787.0|62.72
110500|62.83|63.03|62.68|62.77|1172.0|7366626.0|62.92
111000|62.73|63.02|62.7|62.89|723.0|4546887.0|62.77
111500|62.89|63.0|62.73|62.99|602.0|3784639.0|62.89
112000|62.97|63.0|62.58|62.6|1305.0|8184755.0|62.99
112500|62.61|62.92|62.6|62.92|840.0|5275168.0|62.6
113000|62.87|62.9|62.76|62.89|497.0|3122604.0|62.92
130500|62.89|63.33|62.84|63.33|2266.0|14296567.0|62.89
131000|63.35|63.43|63.26|63.43|2376.0|15050427.0|63.33
131500|63.43|63.5|63.36|63.48|1515.0|9612370.0|63.43
132000|63.45|63.49|63.34|63.4|1524.0|9660972.0|63.48
132500|63.36|63.45|63.31|63.38|2607.0|16522695.0|63.4
133000|63.38|63.45|63.28|63.45|952.0|6030965.0|63.38
133500|63.45|63.5|63.21|63.25|1242.0|7873207.0|63.45
134000|63.27|63.63|63.26|63.47|1813.0|11510570.0|63.25
134500|63.48|63.56|63.47|63.52|725.0|4604673.0|63.47
135000|63.51|63.63|63.5|63.62|1974.0|12544730.0|63.52
135500|63.62|63.83|63.62|63.7|1805.0|11500676.0|63.62
140000|63.72|63.73|63.44|63.44|779.0|4953610.0|63.7
140500|63.42|63.55|63.34|63.55|642.0|4069627.0|63.44
141000|63.54|63.57|63.46|63.49|567.0|3600562.0|63.55
141500|63.5|63.6|63.44|63.48|600.0|3809874.0|63.49
142000|63.48|63.51|63.42|63.44|721.0|4575105.0|63.48
142500|63.44|63.48|63.36|63.41|1060.0|6721778.0|63.44
143000|63.42|63.42|63.26|63.29|1070.0|6775381.0|63.41
143500|63.29|63.35|63.24|63.29|1536.0|9719679.0|63.29
144000|63.29|63.3|63.2|63.21|1376.0|8702704.0|63.29
144500|63.2|63.3|63.15|63.23|1351.0|8545360.0|63.21
145000|63.21|63.21|63.15|63.2|1666.0|10526851.0|63.23
145500|63.19|63.19|63.11|63.14|1907.0|12039199.0|63.2
150000|63.14|63.19|63.13|63.17|1749.0|11047306.0|63.14
