093500|20.5600|21.3300|20.5600|21.2800|1590300|33460028.0000|21.2800
094000|21.2800|21.5800|21.2600|21.5300|1677200|35947992.0000|21.5300
094500|21.5300|21.5900|21.2100|21.3500|733400|15709800.0000|21.3500
095000|21.3500|21.4200|21.2000|21.2800|595700|12692496.0000|21.2800
095500|21.2800|21.3800|21.2000|21.3000|392200|8341960.0000|21.3000
100000|21.3000|21.5500|21.3000|21.5400|414000|8869320.0000|21.5400
100500|21.5400|21.6000|21.4800|21.5800|1034300|22292480.0000|21.5800
101000|21.5800|21.5900|21.4000|21.4100|371700|7992512.0000|21.4100
101500|21.4100|21.5100|21.3700|21.4600|279700|5997504.0000|21.4600
102000|21.4600|21.4900|21.3900|21.4300|182300|3906144.0000|21.4300
102500|21.4300|21.5000|21.3000|21.3600|356400|7641344.0000|21.3600
103000|21.3600|21.4500|21.3500|21.4200|216700|4641152.0000|21.4200
103500|21.4200|21.4300|21.3500|21.3600|209800|4485552.0000|21.3600
104000|21.3600|21.4500|21.3000|21.3100|210400|4495296.0000|21.3100
104500|21.3100|21.3100|21.2100|21.3000|304100|6464800.0000|21.3000
105000|21.3000|21.3000|21.2200|21.2800|154800|3290752.0000|21.2800
105500|21.2800|21.2800|21.2000|21.2500|202900|4307136.0000|21.2500
110000|21.2500|21.2800|21.2100|21.2700|142500|3027280.0000|21.2700
110500|21.2700|21.2700|21.2100|21.2300|141100|2996448.0000|21.2300
111000|21.2300|21.3100|21.2000|21.2500|164200|3489152.0000|21.2500
111500|21.2500|21.2800|21.2100|21.2200|139500|2962848.0000|21.2200
112000|21.2100|21.3000|21.2100|21.2400|221200|4700896.0000|21.2400
112500|21.3000|21.3100|21.2000|21.2200|209000|4445072.0000|21.2200
113000|21.2200|21.2600|21.1900|21.2100|135800|2881232.0000|21.2100
130500|21.2000|21.2000|21.0800|21.1500|219700|4642720.0000|21.1500
131000|21.1500|21.1600|21.1200|21.1400|108000|2283136.0000|21.1400
131500|21.1500|21.2500|21.1500|21.1800|142500|3019136.0000|21.1800
132000|21.1800|21.2700|21.1600|21.2700|120100|2545904.0000|21.2700
132500|21.2700|21.3100|21.2400|21.3000|154900|3295120.0000|21.3000
133000|21.3000|21.3000|21.2300|21.2800|106200|2259440.0000|21.2800
133500|21.2800|21.3000|21.2300|21.2500|59700|1269824.0000|21.2500
134000|21.2500|21.3900|21.2300|21.3600|414700|8844176.0000|21.3600
134500|21.3600|21.4100|21.3200|21.3800|84800|1811856.0000|21.3800
135000|21.3800|21.4500|21.3500|21.4100|263100|5629040.0000|21.4100
135500|21.4100|21.4200|21.3600|21.3600|121700|2602720.0000|21.3600
140000|21.3600|21.3600|21.3100|21.3200|92300|1970608.0000|21.3200
140500|21.3300|21.4400|21.3100|21.3700|168700|3606176.0000|21.3700
141000|21.3700|21.4200|21.3500|21.3500|69500|1486160.0000|21.3500
141500|21.3500|21.3900|21.3200|21.3600|91800|1960480.0000|21.3600
142000|21.3600|21.3600|21.3200|21.3500|65800|1404640.0000|21.3500
142500|21.3400|21.3600|21.3100|21.3400|140500|2997040.0000|21.3400
143000|21.3400|21.3500|21.2900|21.3000|142500|3035600.0000|21.3000
143500|21.3000|21.3600|21.2900|21.3300|117200|2499728.0000|21.3300
144000|21.3300|21.5000|21.3200|21.4500|448900|9605568.0000|21.4500
144500|21.4500|21.4500|21.3500|21.3700|174200|3723712.0000|21.3700
145000|21.3700|21.4100|21.3600|21.4000|163200|3488928.0000|21.4000
145500|21.4000|21.4000|21.3400|21.3400|253400|5414784.0000|21.3400
150000|21.3400|21.3700|21.3300|21.3300|190400|4062560.0000|21.3300
