093500|2.73|2.77|2.72|2.76|48714.0|13401848.0|2.73
094000|2.76|2.8|2.75|2.8|102770.0|28595127.0|2.76
094500|2.79|2.8|2.76|2.77|27838.0|7737982.0|2.8
095000|2.77|2.77|2.76|2.77|15636.0|4326167.0|2.77
095500|2.76|2.77|2.75|2.76|15431.0|4259756.0|2.77
100000|2.76|2.76|2.75|2.76|7234.0|1992937.0|2.76
100500|2.75|2.76|2.74|2.74|17686.0|4865802.0|2.76
101000|2.75|2.76|2.74|2.75|9531.0|2622077.0|2.74
101500|2.74|2.77|2.74|2.76|18936.0|5217369.0|2.75
102000|2.76|2.76|2.75|2.76|4570.0|1261069.0|2.76
102500|2.76|2.76|2.75|2.76|4996.0|1376148.0|2.76
103000|2.76|2.76|2.74|2.75|8901.0|2445984.0|2.76
103500|2.74|2.75|2.74|2.75|2806.0|771150.0|2.75
104000|2.75|2.75|2.74|2.74|3158.0|867221.0|2.75
104500|2.74|2.75|2.74|2.75|3260.0|895523.0|2.74
105000|2.75|2.75|2.74|2.75|4130.0|1134089.0|2.75
105500|2.74|2.75|2.73|2.75|8390.0|2299888.0|2.75
110000|2.74|2.75|2.74|2.75|2803.0|769602.0|2.75
110500|2.74|2.75|2.73|2.73|5015.0|1374453.0|2.75
111000|2.74|2.74|2.73|2.74|3429.0|939027.0|2.73
111500|2.73|2.74|2.73|2.74|3528.0|966283.0|2.74
112000|2.73|2.75|2.73|2.74|9930.0|2720713.0|2.74
112500|2.74|2.75|2.73|2.73|6412.0|1757177.0|2.74
113000|2.73|2.75|2.73|2.74|4138.0|1133257.0|2.73
130500|2.73|2.74|2.73|2.74|5219.0|1427404.0|2.74
131000|2.73|2.74|2.72|2.73|10982.0|2997638.0|2.74
131500|2.73|2.73|2.72|2.72|2924.0|796818.0|2.73
132000|2.73|2.73|2.72|2.72|4306.0|1175104.0|2.72
132500|2.72|2.73|2.72|2.73|4756.0|1297520.0|2.72
133000|2.72|2.73|2.72|2.72|3455.0|941594.0|2.73
133500|2.72|2.73|2.72|2.73|2284.0|623314.0|2.72
134000|2.73|2.73|2.72|2.73|2257.0|615858.0|2.73
134500|2.73|2.73|2.72|2.73|11551.0|3143484.0|2.73
135000|2.73|2.73|2.71|2.72|7678.0|2088884.0|2.73
135500|2.73|2.73|2.72|2.72|4040.0|1100147.0|2.72
140000|2.72|2.73|2.71|2.72|6557.0|1783365.0|2.72
140500|2.71|2.72|2.71|2.72|4343.0|1179394.0|2.72
141000|2.72|2.73|2.71|2.72|14042.0|3817852.0|2.72
141500|2.71|2.72|2.7|2.71|9298.0|2520448.0|2.72
142000|2.71|2.72|2.7|2.71|5715.0|1547638.0|2.71
142500|2.71|2.71|2.7|2.7|3152.0|852397.0|2.71
143000|2.7|2.71|2.7|2.71|3030.0|819505.0|2.7
143500|2.71|2.71|2.7|2.7|8759.0|2367748.0|2.71
144000|2.7|2.71|2.69|2.71|15986.0|4317044.0|2.7
144500|2.7|2.71|2.7|2.71|4216.0|1140536.0|2.71
145000|2.7|2.71|2.69|2.7|9078.0|2451527.0|2.71
145500|2.7|2.71|2.69|2.69|19336.0|5217919.0|2.7
150000|2.7|2.71|2.69|2.7|7912.0|2135953.0|2.69
