093500|13.57|13.59|13.45|13.47|13308.0|17989145.0|13.6
094000|13.48|13.52|13.44|13.51|7351.0|9905460.0|13.47
094500|13.5|13.54|13.49|13.51|3730.0|5038873.0|13.51
095000|13.51|13.61|13.51|13.55|6590.0|8942147.0|13.51
095500|13.53|13.67|13.53|13.66|8147.0|11103806.0|13.55
100000|13.66|13.71|13.63|13.71|12264.0|16769751.0|13.66
100500|13.71|13.75|13.67|13.73|11988.0|16431907.0|13.71
101000|13.73|13.73|13.68|13.71|5108.0|7000327.0|13.73
101500|13.72|13.73|13.68|13.69|3735.0|5118776.0|13.71
102000|13.69|13.7|13.67|13.69|4281.0|5857473.0|13.69
102500|13.69|13.7|13.68|13.69|2296.0|3142798.0|13.69
103000|13.69|13.7|13.65|13.65|2616.0|3576177.0|13.69
103500|13.66|13.68|13.64|13.66|1815.0|2480405.0|13.65
104000|13.67|13.69|13.66|13.69|2661.0|3639679.0|13.66
104500|13.68|13.7|13.68|13.68|1972.0|2699070.0|13.69
105000|13.68|13.71|13.67|13.71|5680.0|7770512.0|13.68
105500|13.7|13.7|13.66|13.67|2268.0|3101789.0|13.71
110000|13.68|13.68|13.65|13.65|982.0|1340698.0|13.67
110500|13.66|13.66|13.65|13.66|1498.0|2045354.0|13.65
111000|13.65|13.66|13.63|13.65|1771.0|2416064.0|13.66
111500|13.64|13.67|13.64|13.66|1756.0|2397721.0|13.65
112000|13.66|13.7|13.66|13.67|1591.0|2176864.0|13.66
112500|13.67|13.69|13.66|13.66|848.0|1159042.0|13.67
113000|13.66|13.67|13.65|13.65|1257.0|1717518.0|13.66
130500|13.66|13.68|13.64|13.65|2875.0|3928138.0|13.65
131000|13.64|13.67|13.64|13.65|1930.0|2634741.0|13.65
131500|13.64|13.65|13.63|13.64|1300.0|1773014.0|13.65
132000|13.64|13.65|13.61|13.62|3540.0|4824094.0|13.64
132500|13.62|13.66|13.62|13.66|3379.0|4608705.0|13.62
133000|13.66|13.66|13.62|13.63|1467.0|2000219.0|13.66
133500|13.62|13.66|13.62|13.65|2398.0|3271691.0|13.63
134000|13.66|13.66|13.65|13.65|1533.0|2093117.0|13.65
134500|13.66|13.67|13.65|13.67|2559.0|3496638.0|13.65
135000|13.67|13.7|13.67|13.7|4778.0|6538056.0|13.67
135500|13.7|13.75|13.7|13.73|12445.0|17084694.0|13.7
140000|13.74|13.75|13.73|13.74|6364.0|8741722.0|13.73
140500|13.75|13.78|13.74|13.77|14459.0|19895240.0|13.74
141000|13.78|13.83|13.78|13.8|13716.0|18927702.0|13.77
141500|13.8|13.81|13.79|13.8|6424.0|8866554.0|13.8
142000|13.8|13.81|13.78|13.81|5356.0|7390623.0|13.8
142500|13.81|13.86|13.8|13.85|15307.0|21164291.0|13.81
143000|13.85|13.86|13.83|13.83|4139.0|5729012.0|13.85
143500|13.84|13.84|13.82|13.82|5567.0|7699162.0|13.83
144000|13.83|13.84|13.82|13.84|4174.0|5774317.0|13.82
144500|13.83|13.84|13.82|13.83|4251.0|5879837.0|13.84
145000|13.83|13.84|13.83|13.83|7022.0|9716197.0|13.83
145500|13.84|13.85|13.83|13.85|9224.0|12770614.0|13.83
150000|13.85|13.85|13.84|13.84|6607.0|9146122.0|13.85
