09350000|29.9734272600|30.4455256000|29.9734272600|30.3780829800|1927927|60525132.0000|30.3780829800
09400000|30.3684483200|30.5226028800|30.2624670600|30.5226028800|1768732|55840216.0000|30.5226028800
09450000|30.5033335600|30.7152960800|30.4358909400|30.5707761800|1964876|62399690.0000|30.5707761800
09500000|30.5900455000|30.8020080200|30.5900455000|30.7345654000|1996400|63644866.0000|30.7345654000
09550000|30.7249307400|30.8212773400|30.6382188000|30.8212773400|1488404|47466080.0000|30.8212773400
10000000|30.8212773400|30.9079892800|30.7152960800|30.8790853000|1603644|51316256.0000|30.8790853000
10050000|30.8598159800|31.1392211200|30.8405466600|30.9079892800|2675242|86143488.0000|30.9079892800
10100000|30.9176239400|31.0717785000|30.8983546200|31.0525091800|1159200|37311776.0000|31.0525091800
10150000|31.0621438400|31.1392211200|30.9079892800|30.9754319000|1564300|50362624.0000|30.9754319000
10200000|30.9947012200|31.0236052000|30.8405466600|30.9754319000|757512|24307632.0000|30.9754319000
10250000|30.9947012200|30.9947012200|30.8405466600|30.9754319000|760300|24386144.0000|30.9754319000
10300000|30.9754319000|31.0043358800|30.9272586000|30.9850665600|604800|19436640.0000|30.9850665600
10350000|30.9850665600|31.1392211200|30.9850665600|31.0236052000|1429366|46097136.0000|31.0236052000
10400000|31.0043358800|31.0428745200|30.9368932600|31.0236052000|390800|12569776.0000|31.0236052000
10450000|31.0139705400|31.0236052000|30.9850665600|30.9947012200|407800|13124336.0000|30.9947012200
10500000|31.0043358800|31.1295864600|31.0043358800|31.0621438400|675000|21775632.0000|31.0621438400
10550000|31.0621438400|31.1392211200|31.0236052000|31.0236052000|904800|29210208.0000|31.0236052000
11000000|31.0236052000|31.0236052000|30.9079892800|30.9465279200|621300|19954912.0000|30.9465279200
11050000|30.9368932600|30.9657972400|30.8790853000|30.9657972400|692600|22224144.0000|30.9657972400
11100000|30.9561625800|31.0428745200|30.9561625800|30.9754319000|299700|9643200.0000|30.9754319000
11150000|30.9754319000|30.9754319000|30.8790853000|30.9176239400|302325|9701296.0000|30.9176239400
11200000|30.9176239400|30.9850665600|30.8983546200|30.9754319000|314217|10086800.0000|30.9754319000
11250000|30.9754319000|31.0236052000|30.9465279200|30.9850665600|262500|8442800.0000|30.9850665600
11300000|30.9850665600|31.0139705400|30.9754319000|30.9754319000|213700|6873952.0000|30.9754319000
13050000|30.9947012200|31.1295864600|30.9657972400|31.1199518000|953000|30741280.0000|31.1199518000
13100000|31.1199518000|31.1199518000|30.9465279200|30.9561625800|509200|16391488.0000|30.9561625800
13150000|30.9561625800|30.9657972400|30.9272586000|30.9272586000|429300|13790416.0000|30.9272586000
13200000|30.9272586000|30.9657972400|30.8501813200|30.8790853000|644500|20665536.0000|30.8790853000
13250000|30.8790853000|30.9850665600|30.8790853000|30.9368932600|298600|9586128.0000|30.9368932600
13300000|30.9368932600|30.9561625800|30.8887199600|30.8983546200|547000|17550096.0000|30.8983546200
13350000|30.8983546200|30.9850665600|30.8983546200|30.9079892800|577400|18540080.0000|30.9079892800
13400000|30.9079892800|30.9176239400|30.8405466600|30.8790853000|649255|20801680.0000|30.8790853000
13450000|30.8790853000|30.9272586000|30.8694506400|30.9079892800|336100|10777776.0000|30.9079892800
13500000|30.9176239400|30.9465279200|30.8694506400|30.8790853000|533100|17095328.0000|30.8790853000
13550000|30.8790853000|30.8790853000|30.7634693800|30.7634693800|730945|23398688.0000|30.7634693800
14000000|30.7731040400|30.8116426800|30.7345654000|30.7345654000|604500|19309728.0000|30.7345654000
14050000|30.7345654000|30.7923733600|30.6863921000|30.7634693800|539964|17221744.0000|30.7634693800
14100000|30.7634693800|30.8405466600|30.7634693800|30.8212773400|313800|10034816.0000|30.8212773400
14150000|30.8309120000|30.8694506400|30.8212773400|30.8405466600|316600|10134080.0000|30.8405466600
14200000|30.8405466600|30.8405466600|30.7923733600|30.7923733600|346880|11095328.0000|30.7923733600
14250000|30.7923733600|30.8501813200|30.7827387000|30.8309120000|282800|9044320.0000|30.8309120000
14300000|30.8212773400|30.8501813200|30.8116426800|30.8405466600|404023|12926176.0000|30.8405466600
14350000|30.8212773400|30.8405466600|30.8116426800|30.8116426800|325977|10430672.0000|30.8116426800
14400000|30.8116426800|30.8212773400|30.8020080200|30.8116426800|294300|9411632.0000|30.8116426800
14450000|30.8020080200|30.8501813200|30.8020080200|30.8501813200|448606|14353200.0000|30.8501813200
14500000|30.8405466600|30.8790853000|30.8405466600|30.8405466600|481500|15423744.0000|30.8405466600
14550000|30.8501813200|30.8887199600|30.8405466600|30.8887199600|663264|21252048.0000|30.8887199600
15000000|30.8790853000|30.8983546200|30.8694506400|30.8790853000|717691|23004352.0000|30.8790853000
