09350000|31.8907246000|31.8907246000|31.7943780000|31.8232819800|853400|28198587.0000|31.8232819800
09400000|31.8329166400|31.8329166400|31.6498581000|31.6691274200|1041414|34301307.0000|31.6691274200
09450000|31.6883967400|31.7847433400|31.6883967400|31.7558393600|385100|12683829.0000|31.7558393600
09500000|31.7462047000|31.7462047000|31.6980314000|31.6980314000|357000|11750890.0000|31.6980314000
09550000|31.7076660600|31.7943780000|31.7076660600|31.7943780000|346300|11408797.0000|31.7943780000
10000000|31.7943780000|31.8136473200|31.7462047000|31.7462047000|229400|7568876.0000|31.7462047000
10050000|31.7462047000|31.7558393600|31.6787620800|31.7173007200|394939|12996157.0000|31.7173007200
10100000|31.7173007200|31.7269353800|31.6691274200|31.6980314000|347161|11417755.0000|31.6980314000
10150000|31.6787620800|31.7076660600|31.6787620800|31.6980314000|267638|8804488.0000|31.6980314000
10200000|31.7076660600|31.7751086800|31.6980314000|31.7462047000|187000|6157762.0000|31.7462047000
10250000|31.7462047000|31.7462047000|31.6980314000|31.7076660600|149100|4908672.0000|31.7076660600
10300000|31.7076660600|31.7269353800|31.6980314000|31.7076660600|200650|6602911.0000|31.7076660600
10350000|31.7076660600|31.7173007200|31.6980314000|31.6980314000|252050|8294066.0000|31.6980314000
10400000|31.6980314000|31.7076660600|31.6594927600|31.6691274200|283600|9325517.0000|31.6691274200
10450000|31.6594927600|31.6691274200|31.6209541200|31.6209541200|480034|15770535.0000|31.6209541200
10500000|31.6305887800|31.6305887800|31.5246075200|31.5342421800|656566|21526793.0000|31.5342421800
10550000|31.5342421800|31.5824154800|31.5053382000|31.5149728600|478019|15643707.0000|31.5149728600
11000000|31.5246075200|31.5342421800|31.5053382000|31.5149728600|498281|16298078.0000|31.5149728600
11050000|31.5149728600|31.5149728600|31.3415489800|31.3704529600|780514|25448473.0000|31.3704529600
11100000|31.3704529600|31.5053382000|31.3608183000|31.4667995600|248300|8101840.0000|31.4667995600
11150000|31.4667995600|31.4764342200|31.4282609200|31.4282609200|249300|8139920.0000|31.4282609200
11200000|31.4282609200|31.5149728600|31.4282609200|31.5053382000|176700|5773968.0000|31.5053382000
11250000|31.5053382000|31.5053382000|31.4571649000|31.4860688800|256400|8376208.0000|31.4860688800
11300000|31.4764342200|31.4957035400|31.4282609200|31.4860688800|143000|4669088.0000|31.4860688800
13050000|31.4957035400|31.5535115000|31.4667995600|31.5342421800|331219|10829904.0000|31.5342421800
13100000|31.5438768400|31.5631461600|31.5246075200|31.5342421800|118500|3879600.0000|31.5342421800
13150000|31.5342421800|31.5342421800|31.4957035400|31.5053382000|98200|3211872.0000|31.5053382000
13200000|31.4957035400|31.4957035400|31.4667995600|31.4667995600|124200|4058464.0000|31.4667995600
13250000|31.4667995600|31.4957035400|31.4475302400|31.4571649000|175730|5739488.0000|31.4571649000
13300000|31.4475302400|31.4571649000|31.4186262600|31.4571649000|283834|9260960.0000|31.4571649000
13350000|31.4571649000|31.4860688800|31.4282609200|31.4667995600|126500|4131248.0000|31.4667995600
13400000|31.4571649000|31.5246075200|31.4571649000|31.5246075200|123500|4036720.0000|31.5246075200
13450000|31.5149728600|31.5342421800|31.4957035400|31.5053382000|138200|4520544.0000|31.5053382000
13500000|31.5053382000|31.5149728600|31.4860688800|31.5053382000|103900|3396896.0000|31.5053382000
13550000|31.5053382000|31.5053382000|31.4186262600|31.4378955800|326700|10662784.0000|31.4378955800
14000000|31.4475302400|31.4475302400|31.3608183000|31.3897222800|457166|14899824.0000|31.3897222800
14050000|31.3897222800|31.4282609200|31.3897222800|31.4186262600|145900|4756016.0000|31.4186262600
14100000|31.4186262600|31.4378955800|31.3993569400|31.4378955800|116500|3798912.0000|31.4378955800
14150000|31.4378955800|31.4475302400|31.4089916000|31.4186262600|120148|3918960.0000|31.4186262600
14200000|31.4186262600|31.4571649000|31.4089916000|31.4475302400|91800|2994848.0000|31.4475302400
14250000|31.4475302400|31.4667995600|31.4378955800|31.4378955800|106200|3466720.0000|31.4378955800
14300000|31.4475302400|31.4667995600|31.4186262600|31.4186262600|161100|5256256.0000|31.4186262600
14350000|31.4186262600|31.5053382000|31.4186262600|31.5053382000|303680|9916896.0000|31.5053382000
14400000|31.5053382000|31.5438768400|31.5053382000|31.5438768400|163000|5333840.0000|31.5438768400
14450000|31.5438768400|31.5631461600|31.5246075200|31.5631461600|150500|4927472.0000|31.5631461600
14500000|31.5631461600|31.5920501400|31.5535115000|31.5824154800|163200|5348464.0000|31.5824154800
14550000|31.5920501400|31.5920501400|31.5438768400|31.5535115000|345600|11323152.0000|31.5535115000
15000000|31.5535115000|31.5631461600|31.5438768400|31.5535115000|243310|7967744.0000|31.5535115000
