09350000|2.1844606500|2.1844606500|2.1754711000|2.1754711000|419400|1016123.0000|2.1754711000
09400000|2.1754711000|2.1844606500|2.1754711000|2.1844606500|447400|1085282.0000|2.1844606500
09450000|2.1844606500|2.1934502000|2.1844606500|2.1934502000|524800|1278290.0000|2.1934502000
09500000|2.1934502000|2.1934502000|2.1844606500|2.1934502000|917400|2238446.0000|2.1934502000
09550000|2.1934502000|2.1934502000|2.1844606500|2.1844606500|367800|897378.0000|2.1844606500
10000000|2.1934502000|2.1934502000|2.1844606500|2.1934502000|107500|262035.0000|2.1934502000
10050000|2.1934502000|2.1934502000|2.1844606500|2.1844606500|65900|160744.0000|2.1844606500
10100000|2.1844606500|2.1934502000|2.1844606500|2.1934502000|49900|121572.0000|2.1934502000
10150000|2.1934502000|2.1934502000|2.1844606500|2.1844606500|99700|243183.0000|2.1844606500
10200000|2.1844606500|2.1934502000|2.1844606500|2.1844606500|148700|361807.0000|2.1844606500
10250000|2.1844606500|2.1934502000|2.1844606500|2.1934502000|60400|146984.0000|2.1934502000
10300000|2.1934502000|2.1934502000|2.1844606500|2.1844606500|86400|210470.0000|2.1844606500
10350000|2.1844606500|2.1934502000|2.1844606500|2.1844606500|37039|90206.0000|2.1844606500
10400000|2.1844606500|2.1934502000|2.1844606500|2.1934502000|17500|42538.0000|2.1934502000
10450000|2.1934502000|2.1934502000|2.1844606500|2.1844606500|10100|24609.0000|2.1844606500
10500000|2.1844606500|2.1934502000|2.1844606500|2.1934502000|21230|51788.0000|2.1934502000
10550000|2.1934502000|2.1934502000|2.1844606500|2.1934502000|86810|211424.0000|2.1934502000
11000000|2.1934502000|2.1934502000|2.1844606500|2.1934502000|105800|257997.0000|2.1934502000
11050000|2.1934502000|2.1934502000|2.1844606500|2.1844606500|233500|569699.0000|2.1844606500
11100000|2.1844606500|2.2024397500|2.1844606500|2.2024397500|1070900|2618539.0000|2.2024397500
11150000|2.2024397500|2.2383979500|2.1934502000|2.2294084000|2489508|6125782.0000|2.2294084000
11200000|2.2294084000|2.2294084000|2.2114293000|2.2204188500|999100|2469091.0000|2.2204188500
11250000|2.2204188500|2.2294084000|2.2114293000|2.2294084000|654200|1616386.0000|2.2294084000
11300000|2.2204188500|2.2294084000|2.2204188500|2.2294084000|423500|1049769.0000|2.2294084000
13050000|2.2294084000|2.2383979500|2.2204188500|2.2294084000|960800|2386303.0000|2.2294084000
13100000|2.2294084000|2.2294084000|2.2204188500|2.2294084000|161700|400883.0000|2.2294084000
13150000|2.2294084000|2.2294084000|2.2204188500|2.2294084000|55500|137429.0000|2.2294084000
13200000|2.2294084000|2.2294084000|2.2204188500|2.2204188500|251900|622386.0000|2.2204188500
13250000|2.2204188500|2.2294084000|2.2114293000|2.2114293000|855800|2113891.0000|2.2114293000
13300000|2.2114293000|2.2204188500|2.2114293000|2.2204188500|119100|294162.0000|2.2204188500
13350000|2.2204188500|2.2204188500|2.2114293000|2.2114293000|7600|18705.0000|2.2114293000
13400000|2.2114293000|2.2204188500|2.2114293000|2.2204188500|159889|393795.0000|2.2204188500
13450000|2.2204188500|2.2204188500|2.2114293000|2.2204188500|191200|472164.0000|2.2204188500
13500000|2.2114293000|2.2204188500|2.2114293000|2.2204188500|34400|84947.0000|2.2204188500
13550000|2.2204188500|2.2294084000|2.2114293000|2.2294084000|562200|1388780.0000|2.2294084000
14000000|2.2294084000|2.2294084000|2.2204188500|2.2204188500|72300|178759.0000|2.2204188500
14050000|2.2204188500|2.2294084000|2.2204188500|2.2204188500|90400|223644.0000|2.2204188500
14100000|2.2204188500|2.2294084000|2.2204188500|2.2294084000|40400|99867.0000|2.2294084000
14150000|2.2294084000|2.2294084000|2.2204188500|2.2204188500|29900|73899.0000|2.2204188500
14200000|2.2204188500|2.2294084000|2.2204188500|2.2294084000|32600|80557.0000|2.2294084000
14250000|2.2294084000|2.2294084000|2.2204188500|2.2204188500|106800|263813.0000|2.2204188500
14300000|2.2294084000|2.2294084000|2.2204188500|2.2204188500|218000|538882.0000|2.2204188500
14350000|2.2204188500|2.2204188500|2.2114293000|2.2204188500|236600|584392.0000|2.2204188500
14400000|2.2204188500|2.2204188500|2.2114293000|2.2204188500|125600|310182.0000|2.2204188500
14450000|2.2204188500|2.2204188500|2.2114293000|2.2114293000|111800|275972.0000|2.2114293000
14500000|2.2114293000|2.2204188500|2.2114293000|2.2114293000|58000|142882.0000|2.2114293000
14550000|2.2114293000|2.2204188500|2.2114293000|2.2114293000|116100|286260.0000|2.2114293000
15000000|2.2204188500|2.2204188500|2.2114293000|2.2204188500|260300|642925.0000|2.2204188500
