09350000|4.7600000000|4.7600000000|4.7600000000|4.7600000000|105090900|500232320.0000|4.7600000000
09400000|4.7600000000|4.7600000000|4.7600000000|4.7600000000|4563100|21720352.0000|4.7600000000
09450000|4.7600000000|4.7600000000|4.7600000000|4.7600000000|2702400|12863424.0000|4.7600000000
09500000|4.7600000000|4.7600000000|4.7600000000|4.7600000000|2015200|9592344.0000|4.7600000000
09550000|4.7600000000|4.7600000000|4.7600000000|4.7600000000|1414800|6734464.0000|4.7600000000
10000000|4.7600000000|4.7600000000|4.7600000000|4.7600000000|1412400|6723204.0000|4.7600000000
10050000|4.7600000000|4.7600000000|4.7600000000|4.7600000000|1279300|6089476.0000|4.7600000000
10100000|4.7600000000|4.7600000000|4.7600000000|4.7600000000|1044100|4969920.0000|4.7600000000
10150000|4.7600000000|4.7600000000|4.7600000000|4.7600000000|1020800|4858948.0000|4.7600000000
10200000|4.7600000000|4.7600000000|4.7600000000|4.7600000000|1066200|5075132.0000|4.7600000000
10250000|4.7600000000|4.7600000000|4.7600000000|4.7600000000|552500|2629888.0000|4.7600000000
10300000|4.7600000000|4.7600000000|4.7600000000|4.7600000000|796800|3792644.0000|4.7600000000
10350000|4.7600000000|4.7600000000|4.7600000000|4.7600000000|290400|1382400.0000|4.7600000000
10400000|4.7600000000|4.7600000000|4.7600000000|4.7600000000|253600|1207104.0000|4.7600000000
10450000|4.7600000000|4.7600000000|4.7600000000|4.7600000000|336200|1600320.0000|4.7600000000
10500000|4.7600000000|4.7600000000|4.7600000000|4.7600000000|1018100|4846144.0000|4.7600000000
10550000|4.7600000000|4.7600000000|4.7600000000|4.7600000000|706900|3364852.0000|4.7600000000
11000000|4.7600000000|4.7600000000|4.7600000000|4.7600000000|324300|1543680.0000|4.7600000000
11050000|4.7600000000|4.7600000000|4.7600000000|4.7600000000|228300|1086732.0000|4.7600000000
11100000|4.7600000000|4.7600000000|4.7600000000|4.7600000000|151400|720640.0000|4.7600000000
11150000|4.7600000000|4.7600000000|4.7600000000|4.7600000000|122200|581632.0000|4.7600000000
11200000|4.7600000000|4.7600000000|4.7600000000|4.7600000000|178100|847744.0000|4.7600000000
11250000|4.7600000000|4.7600000000|4.7600000000|4.7600000000|222200|1057724.0000|4.7600000000
11300000|4.7600000000|4.7600000000|4.7600000000|4.7600000000|217900|1037184.0000|4.7600000000
13050000|4.7600000000|4.7600000000|4.7600000000|4.7600000000|3943800|18772676.0000|4.7600000000
13100000|4.7600000000|4.7600000000|4.7600000000|4.7600000000|113600|540736.0000|4.7600000000
13150000|4.7600000000|4.7600000000|4.7600000000|4.7600000000|335100|1595072.0000|4.7600000000
13200000|4.7600000000|4.7600000000|4.7600000000|4.7600000000|262900|1251444.0000|4.7600000000
13250000|4.7600000000|4.7600000000|4.7600000000|4.7600000000|286400|1363200.0000|4.7600000000
13300000|4.7600000000|4.7600000000|4.7600000000|4.7600000000|287900|1370444.0000|4.7600000000
13350000|4.7600000000|4.7600000000|4.7600000000|4.7600000000|303400|1444160.0000|4.7600000000
13400000|4.7600000000|4.7600000000|4.7600000000|4.7600000000|164400|782528.0000|4.7600000000
13450000|4.7600000000|4.7600000000|4.7600000000|4.7600000000|131000|623604.0000|4.7600000000
13500000|4.7600000000|4.7600000000|4.7600000000|4.7600000000|384500|1830208.0000|4.7600000000
13550000|4.7600000000|4.7600000000|4.7600000000|4.7600000000|174400|830144.0000|4.7600000000
14000000|4.7600000000|4.7600000000|4.7600000000|4.7600000000|1330400|6332672.0000|4.7600000000
14050000|4.7600000000|4.7600000000|4.7600000000|4.7600000000|1234600|5876736.0000|4.7600000000
14100000|4.7600000000|4.7600000000|4.7600000000|4.7600000000|610100|2904072.0000|4.7600000000
14150000|4.7600000000|4.7600000000|4.7600000000|4.7600000000|117500|559360.0000|4.7600000000
14200000|4.7600000000|4.7600000000|4.7600000000|4.7600000000|90700|431744.0000|4.7600000000
14250000|4.7600000000|4.7600000000|4.7600000000|4.7600000000|359500|1710968.0000|4.7600000000
14300000|4.7600000000|4.7600000000|4.7600000000|4.7600000000|116200|553088.0000|4.7600000000
14350000|4.7600000000|4.7600000000|4.7600000000|4.7600000000|124700|593728.0000|4.7600000000
14400000|4.7600000000|4.7600000000|4.7600000000|4.7600000000|164100|780868.0000|4.7600000000
14450000|4.7600000000|4.7600000000|4.7600000000|4.7600000000|142300|677376.0000|4.7600000000
14500000|4.7600000000|4.7600000000|4.7600000000|4.7600000000|390400|1858304.0000|4.7600000000
14550000|4.7600000000|4.7600000000|4.7600000000|4.7600000000|473500|2253824.0000|4.7600000000
15000000|4.7600000000|4.7600000000|4.7600000000|4.7600000000|595400|2834108.0000|4.7600000000
