093500|4.1900|4.1900|4.1500|4.1600|311400|1297294.0000|4.1600
094000|4.1600|4.1700|4.1600|4.1700|138900|579018.0000|4.1700
094500|4.1700|4.1700|4.1500|4.1600|207700|864210.0000|4.1600
095000|4.1600|4.1700|4.1400|4.1500|521700|2165937.0000|4.1500
095500|4.1500|4.1500|4.1400|4.1500|448900|1862380.0000|4.1500
100000|4.1500|4.1500|4.1300|4.1500|412600|1709892.0000|4.1500
100500|4.1500|4.1700|4.1500|4.1600|161400|670873.0000|4.1600
101000|4.1600|4.1700|4.1500|4.1500|196700|816891.0000|4.1500
101500|4.1500|4.1600|4.1400|4.1400|107424|445759.0000|4.1400
102000|4.1400|4.1500|4.1400|4.1400|208900|864923.0000|4.1400
102500|4.1400|4.1500|4.1400|4.1400|237176|982605.0000|4.1400
103000|4.1500|4.1500|4.1400|4.1500|195300|808964.0000|4.1500
103500|4.1500|4.1500|4.1400|4.1400|68100|281949.0000|4.1400
104000|4.1400|4.1500|4.1300|4.1300|504200|2084578.0000|4.1300
104500|4.1400|4.1400|4.1300|4.1300|183000|755800.0000|4.1300
105000|4.1300|4.1400|4.1200|4.1300|452800|1866576.0000|4.1300
105500|4.1200|4.1400|4.1200|4.1400|42700|176367.0000|4.1400
110000|4.1400|4.1400|4.1200|4.1200|63600|262512.0000|4.1200
110500|4.1200|4.1400|4.1200|4.1400|187900|775566.0000|4.1400
111000|4.1400|4.1400|4.1300|4.1300|19700|81435.0000|4.1300
111500|4.1300|4.1400|4.1300|4.1300|72600|300234.0000|4.1300
112000|4.1300|4.1400|4.1200|4.1300|122000|503310.0000|4.1300
112500|4.1300|4.1300|4.1200|4.1300|163100|672057.0000|4.1300
113000|4.1300|4.1300|4.1200|4.1300|21100|87027.0000|4.1300
130500|4.1300|4.1300|4.1100|4.1100|664700|2735237.0000|4.1100
131000|4.1100|4.1100|4.1000|4.1000|376500|1547188.0000|4.1000
131500|4.1000|4.1200|4.1000|4.1100|126400|519512.0000|4.1100
132000|4.1100|4.1100|4.1000|4.1100|198700|815572.0000|4.1100
132500|4.1100|4.1100|4.1000|4.1100|198900|815687.0000|4.1100
133000|4.1100|4.1100|4.1000|4.1000|1359600|5577391.0000|4.1000
133500|4.1000|4.1000|4.0900|4.1000|483300|1979935.0000|4.1000
134000|4.1000|4.1000|4.0800|4.0900|728100|2976589.0000|4.0900
134500|4.0900|4.1100|4.0900|4.0900|637000|2606865.0000|4.0900
135000|4.0900|4.1000|4.0900|4.1000|47500|194729.0000|4.1000
135500|4.1000|4.1000|4.0900|4.1000|37100|152063.0000|4.1000
140000|4.1000|4.1000|4.0900|4.1000|303900|1245565.0000|4.1000
140500|4.1000|4.1100|4.0900|4.1000|719000|2947863.0000|4.1000
141000|4.1000|4.1000|4.1000|4.1000|104600|428851.0000|4.1000
141500|4.1000|4.1100|4.0900|4.1100|131300|538264.0000|4.1100
142000|4.1100|4.1100|4.1000|4.1100|8600|35312.0000|4.1100
142500|4.1100|4.1100|4.1000|4.1000|124400|510373.0000|4.1000
143000|4.1000|4.1100|4.1000|4.1100|160100|656742.0000|4.1100
143500|4.1000|4.1100|4.1000|4.1100|26800|110074.0000|4.1100
144000|4.1100|4.1100|4.1000|4.1100|27000|110926.0000|4.1100
144500|4.1100|4.1100|4.1000|4.1100|84100|345472.0000|4.1100
145000|4.1100|4.1100|4.1000|4.1000|93100|382111.0000|4.1000
145500|4.1100|4.1100|4.1000|4.1100|310500|1275007.0000|4.1100
150000|4.1100|4.1100|4.1000|4.1000|158100|648564.0000|4.1000
