09350000|31.4342682700|31.5410225000|30.3764309000|30.8810872600|44924970|1434134800.0000|30.8810872600
09400000|30.8616774000|31.7351211000|30.8228576800|31.6380718000|14045228|452710352.0000|31.6380718000
09450000|31.6380718000|32.3368267600|31.5410225000|31.7157112400|12722497|418849536.0000|31.7157112400
09500000|31.7157112400|31.8030556100|31.1237105100|31.3857436200|7279861|235996448.0000|31.3857436200
09550000|31.3857436200|31.3954485500|31.0557760000|31.2304647400|7309500|234854016.0000|31.2304647400
10000000|31.2304647400|31.4633830600|31.0557760000|31.0557760000|6042600|194964736.0000|31.0557760000
10050000|31.0654809300|31.1140055800|30.8713823300|30.9296119100|8086000|258302592.0000|30.9296119100
10100000|30.9199069800|30.9975464200|30.7840379600|30.8519724700|5876605|186969600.0000|30.8519724700
10150000|30.8616774000|31.1625302300|30.8616774000|31.1043006500|4165860|133334176.0000|31.1043006500
10200000|31.0945957200|31.0945957200|30.8713823300|30.9490217700|3059749|97592096.0000|30.9490217700
10250000|30.9587267000|30.9587267000|30.7355133100|30.7355133100|3768201|119757296.0000|30.7355133100
10300000|30.7258083800|30.7258083800|30.5608245700|30.5996442900|7263202|229157584.0000|30.5996442900
10350000|30.5996442900|30.8519724700|30.5996442900|30.8422675400|3922734|124323552.0000|30.8422675400
10400000|30.8422675400|30.8616774000|30.6190541500|30.6966935900|3424748|108395648.0000|30.6966935900
10450000|30.6772837300|30.7646281000|30.6675788000|30.7646281000|2282695|72253728.0000|30.7646281000
10500000|30.7646281000|30.9684316300|30.7646281000|30.9684316300|3048441|97010432.0000|30.9684316300
10550000|30.9587267000|30.9975464200|30.7937428900|30.7937428900|2001821|63770368.0000|30.7937428900
11000000|30.7937428900|30.8422675400|30.6578738700|30.7355133100|3234805|102410240.0000|30.7355133100
11050000|30.7355133100|30.8131527500|30.7161034500|30.7355133100|2190056|69374720.0000|30.7355133100
11100000|30.7258083800|30.7355133100|30.6578738700|30.6772837300|2449700|77452288.0000|30.6772837300
11150000|30.6772837300|30.8713823300|30.6772837300|30.8713823300|1782400|56492032.0000|30.8713823300
11200000|30.8810872600|30.9199069800|30.7549231700|30.7840379600|2308421|73280256.0000|30.7840379600
11250000|30.7937428900|30.8422675400|30.7355133100|30.7452182400|1847315|58581248.0000|30.7452182400
11300000|30.7549231700|30.7646281000|30.6481689400|30.6966935900|3044948|96279808.0000|30.6966935900
13050000|30.7355133100|31.0848907900|30.7355133100|31.0751858600|2974976|94752512.0000|31.0751858600
13100000|31.0848907900|31.3469239000|31.0460710700|31.1819400900|3960771|127277312.0000|31.1819400900
13150000|31.1819400900|31.2013499500|30.8519724700|30.8907921900|2240370|71603968.0000|30.8907921900
13200000|30.8907921900|30.9878414900|30.8810872600|30.9490217700|1747800|55748608.0000|30.9490217700
13250000|30.9393168400|31.0266612100|30.9393168400|30.9878414900|1869768|59675648.0000|30.9878414900
13300000|30.9878414900|30.9975464200|30.8519724700|30.9102020500|2801764|89278208.0000|30.9102020500
13350000|30.9199069800|30.9975464200|30.9199069800|30.9878414900|2314125|73824000.0000|30.9878414900
13400000|30.9878414900|31.2207598100|30.9878414900|31.0557760000|3139300|100576512.0000|31.0557760000
13450000|31.0557760000|31.0557760000|30.7743330300|30.7743330300|3126724|99669248.0000|30.7743330300
13500000|30.7743330300|30.8422675400|30.7258083800|30.7743330300|4088900|129617408.0000|30.7743330300
13550000|30.7646281000|30.8228576800|30.7258083800|30.8228576800|2666800|84550144.0000|30.8228576800
14000000|30.8422675400|30.9393168400|30.8034478200|30.8034478200|2473500|78659328.0000|30.8034478200
14050000|30.7937428900|30.8907921900|30.7840379600|30.8810872600|2901917|92122368.0000|30.8810872600
14100000|30.8907921900|31.0169562800|30.8810872600|30.9975464200|2236174|71375616.0000|30.9975464200
14150000|30.9975464200|31.1043006500|30.9199069800|30.9296119100|3289722|105179648.0000|30.9296119100
14200000|30.9199069800|30.9296119100|30.8422675400|30.8810872600|2326278|74039040.0000|30.8810872600
14250000|30.9102020500|30.9296119100|30.8713823300|30.9296119100|2584285|82248960.0000|30.9296119100
14300000|30.9296119100|31.0945957200|30.9296119100|31.0557760000|2620402|83758336.0000|31.0557760000
14350000|31.0557760000|31.0654809300|30.9587267000|30.9587267000|2744528|87717376.0000|30.9587267000
14400000|30.9490217700|31.0072513500|30.9296119100|30.9975464200|2376372|75823616.0000|30.9975464200
14450000|30.9975464200|31.0654809300|30.9975464200|31.0557760000|3060807|97871104.0000|31.0557760000
14500000|31.0460710700|31.3081041800|31.0266612100|31.2983992500|4159890|133318912.0000|31.2983992500
14550000|31.2983992500|32.0262690000|31.2983992500|32.0262690000|5617264|183172096.0000|32.0262690000
15000000|32.0262690000|32.0747936500|31.5604323600|31.6283668700|6311077|206772736.0000|31.6283668700
