09350000|15.8279463800|15.8377046700|15.7206051900|15.7401217700|2880200|46583244.0000|15.7401217700
09400000|15.7401217700|15.7498800600|15.6718137400|15.6718137400|2408800|38769008.0000|15.6718137400
09450000|15.6718137400|15.7010886100|15.6327805800|15.6718137400|2295600|36848744.0000|15.6718137400
09500000|15.6718137400|15.6913303200|15.6425388700|15.6815720300|1655200|26560976.0000|15.6815720300
09550000|15.6815720300|15.6815720300|15.5937474200|15.6327805800|3360700|53811984.0000|15.6327805800
10000000|15.6327805800|15.6327805800|15.5937474200|15.5937474200|1982900|31714976.0000|15.5937474200
10050000|15.5937474200|15.6132640000|15.5742308400|15.6132640000|1848300|29530000.0000|15.6132640000
10100000|15.6132640000|15.6230222900|15.5839891300|15.5839891300|816900|13061408.0000|15.5839891300
10150000|15.5839891300|15.6327805800|15.5742308400|15.6230222900|1138400|18198720.0000|15.6230222900
10200000|15.6230222900|15.6620554500|15.6132640000|15.6425388700|789500|12650976.0000|15.6425388700
10250000|15.6425388700|15.6620554500|15.6132640000|15.6132640000|605100|9699680.0000|15.6132640000
10300000|15.6132640000|15.6620554500|15.6132640000|15.6522971600|467800|7496640.0000|15.6522971600
10350000|15.6522971600|15.6522971600|15.5937474200|15.5937474200|688600|11018304.0000|15.5937474200
10400000|15.5937474200|15.6327805800|15.5839891300|15.6327805800|460000|7357184.0000|15.6327805800
10450000|15.6327805800|15.6425388700|15.6230222900|15.6425388700|281700|4512864.0000|15.6425388700
10500000|15.6425388700|15.6815720300|15.6327805800|15.6815720300|425000|6819648.0000|15.6815720300
10550000|15.6815720300|15.7010886100|15.6718137400|15.7010886100|549900|8838368.0000|15.7010886100
11000000|15.7010886100|15.7108469000|15.6815720300|15.6815720300|406200|6533920.0000|15.6815720300
11050000|15.6815720300|15.7010886100|15.6718137400|15.6913303200|299700|4817472.0000|15.6913303200
11100000|15.6913303200|15.7010886100|15.6620554500|15.6718137400|479100|7698848.0000|15.6718137400
11150000|15.6718137400|15.7303634800|15.6620554500|15.7010886100|1040000|16737888.0000|15.7010886100
11200000|15.7010886100|15.7206051900|15.7010886100|15.7206051900|441600|7109888.0000|15.7206051900
11250000|15.7206051900|15.7498800600|15.7010886100|15.7303634800|416100|6705824.0000|15.7303634800
11300000|15.7303634800|15.7303634800|15.6913303200|15.7010886100|376300|6057248.0000|15.7010886100
13050000|15.7010886100|15.7108469000|15.6815720300|15.7010886100|712500|11458656.0000|15.7010886100
13100000|15.7010886100|15.7303634800|15.7010886100|15.7303634800|683100|11001152.0000|15.7303634800
13150000|15.7206051900|15.7498800600|15.7206051900|15.7303634800|568100|9161056.0000|15.7303634800
13200000|15.7303634800|15.7401217700|15.7108469000|15.7303634800|440800|7103680.0000|15.7303634800
13250000|15.7303634800|15.7693966400|15.7303634800|15.7693966400|601300|9704416.0000|15.7693966400
13300000|15.7693966400|15.7693966400|15.7401217700|15.7401217700|441500|7130528.0000|15.7401217700
13350000|15.7401217700|15.7596383500|15.7303634800|15.7498800600|403400|6508192.0000|15.7498800600
13400000|15.7498800600|15.7889132200|15.7498800600|15.7693966400|822200|13286336.0000|15.7693966400
13450000|15.7693966400|15.7986715100|15.7498800600|15.7693966400|996300|16111936.0000|15.7693966400
13500000|15.7693966400|15.7889132200|15.7693966400|15.7889132200|503500|8142432.0000|15.7889132200
13550000|15.7889132200|15.8377046700|15.7889132200|15.8181880900|1798500|29160286.0000|15.8181880900
14000000|15.8181880900|15.8377046700|15.7986715100|15.8084298000|721700|11698246.0000|15.8084298000
14050000|15.8084298000|15.8084298000|15.7791549300|15.7791549300|579100|9373632.0000|15.7791549300
14100000|15.7791549300|15.7791549300|15.7401217700|15.7693966400|632900|10222396.0000|15.7693966400
14150000|15.7693966400|15.7986715100|15.7498800600|15.7791549300|565400|9144386.0000|15.7791549300
14200000|15.7791549300|15.7986715100|15.7596383500|15.7693966400|448500|7250558.0000|15.7693966400
14250000|15.7693966400|15.7889132200|15.7596383500|15.7791549300|493800|7981758.0000|15.7791549300
14300000|15.7791549300|15.7986715100|15.7791549300|15.7889132200|663300|10733448.0000|15.7889132200
14350000|15.7889132200|15.8279463800|15.7791549300|15.8181880900|1104800|17896767.0000|15.8181880900
14400000|15.8181880900|15.8279463800|15.7986715100|15.8084298000|698500|11320695.0000|15.8084298000
14450000|15.8084298000|15.8181880900|15.7986715100|15.8084298000|763100|12361724.0000|15.8084298000
14500000|15.8084298000|15.8181880900|15.7986715100|15.8084298000|821200|13306568.0000|15.8084298000
14550000|15.8084298000|15.8181880900|15.7986715100|15.8084298000|947100|15345018.0000|15.8084298000
15000000|15.8084298000|15.8181880900|15.8084298000|15.8084298000|913900|14808388.0000|15.8084298000
