09350000|17.8139889600|17.9322234000|17.5873729500|17.6661959100|16401800|295900640.0000|17.6661959100
09400000|17.6661959100|17.7351660000|17.4494327700|17.6070786900|7641900|136443680.0000|17.6070786900
09450000|17.6070786900|17.6267844300|17.4297270300|17.4592856400|5503900|97789632.0000|17.4592856400
09500000|17.4592856400|17.5972258200|17.4494327700|17.4888442500|2509200|44619266.0000|17.4888442500
09550000|17.4888442500|17.9026647900|17.4494327700|17.8829590500|2873500|51536186.0000|17.8829590500
10000000|17.8829590500|18.0603107100|17.7647246100|18.0406049700|2570900|46716742.0000|18.0406049700
10050000|18.0406049700|18.0504578400|17.9223705300|17.9617820100|2578100|47052222.0000|17.9617820100
10100000|17.9617820100|18.0701635800|17.9519291400|17.9814877500|1934900|35352896.0000|17.9814877500
10150000|17.9814877500|18.0011934900|17.8829590500|17.8928119200|1451600|26446016.0000|17.8928119200
10200000|17.8928119200|17.9420762700|17.8632533100|17.9322234000|1316100|23912262.0000|17.9322234000
10250000|17.9322234000|17.9322234000|17.8336947000|17.9125176600|1073600|19484734.0000|17.9125176600
10300000|17.9125176600|17.9322234000|17.8928119200|17.9223705300|889400|16166396.0000|17.9223705300
10350000|17.9223705300|17.9716348800|17.9026647900|17.9125176600|844000|15369664.0000|17.9125176600
10400000|17.9125176600|17.9125176600|17.8731061800|17.8731061800|819600|14883398.0000|17.8731061800
10450000|17.8731061800|17.9026647900|17.8435475700|17.8829590500|1014600|18399292.0000|17.8829590500
10500000|17.8829590500|17.8928119200|17.6563430400|17.7154602600|2410400|43473530.0000|17.7154602600
10550000|17.7154602600|17.8731061800|17.6366373000|17.8632533100|1673700|30083968.0000|17.8632533100
11000000|17.8632533100|17.8829590500|17.8435475700|17.8829590500|630300|11427388.0000|17.8829590500
11050000|17.8829590500|17.8829590500|17.8139889600|17.8238418300|486400|8813192.0000|17.8238418300
11100000|17.8238418300|17.8336947000|17.7548717400|17.7942832200|481500|8693191.0000|17.7942832200
11150000|17.7942832200|17.8829590500|17.7844303500|17.8829590500|685000|12418867.0000|17.8829590500
11200000|17.8829590500|17.9519291400|17.8435475700|17.8435475700|1023200|18580547.0000|17.8435475700
11250000|17.8435475700|17.8731061800|17.8435475700|17.8435475700|298300|5405312.0000|17.8435475700
11300000|17.8435475700|17.8534004400|17.7548717400|17.7647246100|532600|9621695.0000|17.7647246100
13050000|17.7548717400|17.8632533100|17.7253131300|17.8336947000|747000|13451206.0000|17.8336947000
13100000|17.8336947000|17.8336947000|17.7647246100|17.8139889600|309000|5577474.0000|17.8139889600
13150000|17.8139889600|17.8632533100|17.7745774800|17.8435475700|406400|7350076.0000|17.8435475700
13200000|17.8435475700|17.8632533100|17.7942832200|17.8336947000|523800|9480888.0000|17.8336947000
13250000|17.8336947000|17.8336947000|17.7647246100|17.7647246100|446500|8060800.0000|17.7647246100
13300000|17.7647246100|17.7745774800|17.7450188700|17.7548717400|446500|8046724.0000|17.7548717400
13350000|17.7548717400|17.8731061800|17.7450188700|17.8632533100|777700|14072324.0000|17.8632533100
13400000|17.8632533100|17.9125176600|17.8632533100|17.8632533100|622400|11301760.0000|17.8632533100
13450000|17.8632533100|17.9322234000|17.8435475700|17.9223705300|389100|7063549.0000|17.9223705300
13500000|17.9223705300|17.9322234000|17.8534004400|17.8534004400|353600|6420735.0000|17.8534004400
13550000|17.8534004400|17.8534004400|17.8139889600|17.8238418300|359800|6512512.0000|17.8238418300
14000000|17.8238418300|17.8534004400|17.7844303500|17.8336947000|320200|5791111.0000|17.8336947000
14050000|17.8238418300|17.8534004400|17.8238418300|17.8336947000|280700|5081461.0000|17.8336947000
14100000|17.8336947000|17.8534004400|17.8139889600|17.8435475700|361400|6541193.0000|17.8435475700
14150000|17.8435475700|17.8632533100|17.8139889600|17.8238418300|502100|9086208.0000|17.8238418300
14200000|17.8041360900|17.8336947000|17.8041360900|17.8238418300|251000|4539778.0000|17.8238418300
14250000|17.8238418300|17.8534004400|17.8139889600|17.8534004400|540100|9769344.0000|17.8534004400
14300000|17.8534004400|17.8534004400|17.8238418300|17.8336947000|447000|8090371.0000|17.8336947000
14350000|17.8238418300|17.8928119200|17.7942832200|17.8336947000|1225800|22189440.0000|17.8336947000
14400000|17.8336947000|17.8336947000|17.7745774800|17.8139889600|1582300|28579960.0000|17.8139889600
14450000|17.8336947000|17.8336947000|17.7548717400|17.7647246100|756100|13651068.0000|17.7647246100
14500000|17.7548717400|17.7844303500|17.7450188700|17.7450188700|844400|15216524.0000|17.7450188700
14550000|17.7844303500|17.8435475700|17.7450188700|17.8238418300|1328500|23971577.0000|17.8238418300
15000000|17.8238418300|17.8238418300|17.7647246100|17.7647246100|1111200|20054910.0000|17.7647246100
