09350000|15.9813551400|16.1390010600|15.9025321800|15.9222379200|819900|13293092.0000|15.9222379200
09400000|15.9222379200|15.9715022700|15.9025321800|15.9320907900|350700|5673056.0000|15.9320907900
09450000|15.9222379200|16.0601781000|15.9222379200|16.0404723600|585400|9495384.0000|16.0404723600
09500000|16.0601781000|16.1488539300|16.0109137500|16.0995895800|426500|6955340.0000|16.0995895800
09550000|16.0995895800|16.1882654100|16.0995895800|16.1882654100|416900|6834136.0000|16.1882654100
10000000|16.1784125400|16.2079711500|16.1488539300|16.1587068000|299700|4923640.0000|16.1587068000
10050000|16.1488539300|16.1882654100|16.0995895800|16.1291481900|304400|4985532.0000|16.1291481900
10100000|16.1192953200|16.2375297600|16.1192953200|16.1981182800|329200|5407292.0000|16.1981182800
10150000|16.1981182800|16.1981182800|16.1291481900|16.1390010600|198400|3255824.0000|16.1390010600
10200000|16.1587068000|16.1784125400|16.1390010600|16.1488539300|185100|3035996.0000|16.1488539300
10250000|16.1488539300|16.1784125400|16.1488539300|16.1685596700|126900|2081684.0000|16.1685596700
10300000|16.1587068000|16.2276768900|16.1587068000|16.2276768900|170200|2798896.0000|16.2276768900
10350000|16.2276768900|16.2769412400|16.2079711500|16.2276768900|422800|6971832.0000|16.2276768900
10400000|16.2276768900|16.2276768900|16.1981182800|16.2178240200|118100|1941656.0000|16.2178240200
10450000|16.2079711500|16.2375297600|16.1882654100|16.2178240200|331400|5454744.0000|16.2178240200
10500000|16.2178240200|16.2375297600|16.1784125400|16.2079711500|205600|3378976.0000|16.2079711500
10550000|16.1981182800|16.1981182800|16.1094424500|16.1390010600|305400|5005104.0000|16.1390010600
11000000|16.1094424500|16.1488539300|16.0897367100|16.1094424500|331400|5420792.0000|16.1094424500
11050000|16.1094424500|16.1390010600|16.1094424500|16.1094424500|62600|1024544.0000|16.1094424500
11100000|16.1094424500|16.1192953200|16.0601781000|16.0700309700|175000|2856152.0000|16.0700309700
11150000|16.0700309700|16.0897367100|16.0503252300|16.0798838400|85300|1391992.0000|16.0798838400
11200000|16.0897367100|16.1192953200|16.0897367100|16.0995895800|73400|1199184.0000|16.0995895800
11250000|16.0995895800|16.1192953200|16.0897367100|16.1094424500|48700|796152.0000|16.1094424500
11300000|16.1094424500|16.1390010600|16.0995895800|16.1390010600|117900|1928992.0000|16.1390010600
13050000|16.1291481900|16.2276768900|16.1094424500|16.1192953200|607400|9957360.0000|16.1192953200
13100000|16.1192953200|16.1882654100|16.1192953200|16.1784125400|382500|6274656.0000|16.1784125400
13150000|16.1784125400|16.1784125400|16.1094424500|16.1488539300|264000|4321952.0000|16.1488539300
13200000|16.1488539300|16.1981182800|16.1291481900|16.1587068000|421400|6914856.0000|16.1587068000
13250000|16.1587068000|16.1882654100|16.1587068000|16.1685596700|175500|2880928.0000|16.1685596700
13300000|16.1685596700|16.1685596700|16.1390010600|16.1587068000|182900|2999120.0000|16.1587068000
13350000|16.1587068000|16.1685596700|16.0995895800|16.1291481900|285800|4677872.0000|16.1291481900
13400000|16.1291481900|16.1390010600|16.0995895800|16.0995895800|144400|2362240.0000|16.0995895800
13450000|16.0995895800|16.1192953200|16.0897367100|16.1192953200|115100|1881152.0000|16.1192953200
13500000|16.1192953200|16.1488539300|16.1192953200|16.1291481900|138800|2272448.0000|16.1291481900
13550000|16.1291481900|16.1390010600|16.0995895800|16.0995895800|317900|5201904.0000|16.0995895800
14000000|16.1094424500|16.1390010600|16.0798838400|16.0897367100|261100|4269072.0000|16.0897367100
14050000|16.0897367100|16.0897367100|16.0700309700|16.0700309700|297500|4854224.0000|16.0700309700
14100000|16.0601781000|16.0995895800|16.0601781000|16.0995895800|205800|3358688.0000|16.0995895800
14150000|16.0995895800|16.1094424500|16.0798838400|16.0798838400|127000|2073232.0000|16.0798838400
14200000|16.0798838400|16.0995895800|16.0700309700|16.0995895800|80800|1319056.0000|16.0995895800
14250000|16.0995895800|16.1390010600|16.0897367100|16.1291481900|250400|4097216.0000|16.1291481900
14300000|16.1192953200|16.1291481900|16.0798838400|16.0897367100|143100|2337616.0000|16.0897367100
14350000|16.0897367100|16.0897367100|16.0503252300|16.0503252300|192500|3139200.0000|16.0503252300
14400000|16.0503252300|16.0503252300|16.0109137500|16.0207666200|184900|3008240.0000|16.0207666200
14450000|16.0306194900|16.0404723600|15.9912080100|16.0109137500|325700|5291616.0000|16.0109137500
14500000|16.0207666200|16.0207666200|16.0010608800|16.0109137500|184400|2996160.0000|16.0109137500
14550000|16.0109137500|16.0503252300|16.0010608800|16.0404723600|285400|4641344.0000|16.0404723600
15000000|16.0404723600|16.0503252300|16.0306194900|16.0503252300|129300|2105024.0000|16.0503252300
