09350000|19.5000000000|19.9600000000|19.5000000000|19.7000000000|1649600|32587782.0000|19.7000000000
09400000|19.7100000000|19.8500000000|19.6200000000|19.6900000000|1072700|21185126.0000|19.6900000000
09450000|19.6500000000|19.6800000000|19.5700000000|19.5900000000|996600|19543804.0000|19.5900000000
09500000|19.6000000000|19.8800000000|19.5900000000|19.8500000000|915800|18123304.0000|19.8500000000
09550000|19.8500000000|20.0000000000|19.8400000000|19.9500000000|1017200|20281608.0000|19.9500000000
10000000|19.9500000000|20.1000000000|19.9500000000|20.0300000000|1717100|34368568.0000|20.0300000000
10050000|20.0300000000|20.0300000000|19.9100000000|19.9400000000|636600|12719680.0000|19.9400000000
10100000|19.9400000000|19.9800000000|19.9000000000|19.9400000000|565400|11273328.0000|19.9400000000
10150000|19.9400000000|19.9800000000|19.9200000000|19.9400000000|440000|8775680.0000|19.9400000000
10200000|19.9500000000|20.0100000000|19.9400000000|19.9800000000|519300|10378128.0000|19.9800000000
10250000|19.9700000000|19.9900000000|19.7700000000|19.7700000000|574300|11429088.0000|19.7700000000
10300000|19.7700000000|19.8100000000|19.7600000000|19.8000000000|411200|8133632.0000|19.8000000000
10350000|19.8000000000|19.8000000000|19.7300000000|19.7300000000|294100|5813840.0000|19.7300000000
10400000|19.7300000000|19.7600000000|19.6800000000|19.7000000000|299400|5904512.0000|19.7000000000
10450000|19.7100000000|19.7400000000|19.6400000000|19.6500000000|282800|5570736.0000|19.6500000000
10500000|19.6500000000|19.6700000000|19.6100000000|19.6300000000|257000|5046640.0000|19.6300000000
10550000|19.6200000000|19.6200000000|19.5800000000|19.6000000000|423700|8304192.0000|19.6000000000
11000000|19.6000000000|19.6000000000|19.5600000000|19.5700000000|188600|3691536.0000|19.5700000000
11050000|19.5500000000|19.5500000000|19.5200000000|19.5300000000|304200|5943904.0000|19.5300000000
11100000|19.5300000000|19.6500000000|19.5300000000|19.5800000000|417600|8183616.0000|19.5800000000
11150000|19.5900000000|19.6200000000|19.5900000000|19.6000000000|120900|2370272.0000|19.6000000000
11200000|19.6000000000|19.6100000000|19.5800000000|19.6000000000|109500|2145840.0000|19.6000000000
11250000|19.5900000000|19.6200000000|19.5600000000|19.5900000000|214600|4202976.0000|19.5900000000
11300000|19.6000000000|19.6400000000|19.6000000000|19.6100000000|258600|5074176.0000|19.6100000000
13050000|19.6100000000|19.6100000000|19.4800000000|19.5000000000|705000|13762368.0000|19.5000000000
13100000|19.5000000000|19.5000000000|19.4300000000|19.4400000000|250200|4868384.0000|19.4400000000
13150000|19.4300000000|19.4700000000|19.4300000000|19.4300000000|187600|3647648.0000|19.4300000000
13200000|19.4300000000|19.4300000000|19.3600000000|19.3900000000|239800|4651520.0000|19.3900000000
13250000|19.4000000000|19.4000000000|19.3600000000|19.3700000000|218200|4226464.0000|19.3700000000
13300000|19.3700000000|19.4300000000|19.3700000000|19.4000000000|270200|5244224.0000|19.4000000000
13350000|19.4000000000|19.4400000000|19.4000000000|19.4100000000|169500|3291744.0000|19.4100000000
13400000|19.4200000000|19.4200000000|19.3700000000|19.4100000000|358200|6946592.0000|19.4100000000
13450000|19.4100000000|19.4300000000|19.3900000000|19.4300000000|71600|1390080.0000|19.4300000000
13500000|19.4300000000|19.4600000000|19.4200000000|19.4300000000|195500|3800224.0000|19.4300000000
13550000|19.4200000000|19.4300000000|19.4000000000|19.4100000000|119700|2323840.0000|19.4100000000
14000000|19.4100000000|19.4100000000|19.3900000000|19.4100000000|112400|2180768.0000|19.4100000000
14050000|19.4100000000|19.4100000000|19.3600000000|19.3800000000|179900|3485760.0000|19.3800000000
14100000|19.3800000000|19.4000000000|19.3700000000|19.3800000000|117200|2272032.0000|19.3800000000
14150000|19.3800000000|19.4000000000|19.3500000000|19.3700000000|255300|4944640.0000|19.3700000000
14200000|19.3800000000|19.3800000000|19.3300000000|19.3600000000|201400|3898592.0000|19.3600000000
14250000|19.3600000000|19.3800000000|19.3500000000|19.3700000000|77100|1493376.0000|19.3700000000
14300000|19.3600000000|19.3600000000|19.3200000000|19.3400000000|206900|4001344.0000|19.3400000000
14350000|19.3400000000|19.3500000000|19.3100000000|19.3500000000|174700|3377408.0000|19.3500000000
14400000|19.3500000000|19.4700000000|19.3500000000|19.4700000000|452300|8783680.0000|19.4700000000
14450000|19.4800000000|19.5500000000|19.4400000000|19.5500000000|494700|9634048.0000|19.5500000000
14500000|19.5400000000|19.6300000000|19.5200000000|19.6000000000|761000|14908352.0000|19.6000000000
14550000|19.5900000000|19.6100000000|19.5600000000|19.5900000000|295900|5796224.0000|19.5900000000
15000000|19.5900000000|19.6200000000|19.5800000000|19.5800000000|428000|8384192.0000|19.5800000000
