09350000|3.1453855800|3.1542708500|3.1365003100|3.1365003100|3456500|12244522.0000|3.1365003100
09400000|3.1365003100|3.1542708500|3.1365003100|3.1542708500|2431054|8593295.0000|3.1542708500
09450000|3.1542708500|3.1542708500|3.1453855800|3.1542708500|1187700|4209664.0000|3.1542708500
09500000|3.1453855800|3.1542708500|3.1365003100|3.1542708500|2168400|7679630.0000|3.1542708500
09550000|3.1542708500|3.1542708500|3.1453855800|3.1542708500|664200|2353666.0000|3.1542708500
10000000|3.1542708500|3.1542708500|3.1365003100|3.1453855800|1177100|4167526.0000|3.1453855800
10050000|3.1453855800|3.1542708500|3.1365003100|3.1453855800|1574700|5568365.0000|3.1453855800
10100000|3.1453855800|3.1542708500|3.1365003100|3.1542708500|1568000|5558627.0000|3.1542708500
10150000|3.1542708500|3.1631561200|3.1542708500|3.1631561200|2584575|9184372.0000|3.1631561200
10200000|3.1631561200|3.1631561200|3.1542708500|3.1631561200|725436|2579784.0000|3.1631561200
10250000|3.1631561200|3.1631561200|3.1542708500|3.1631561200|489369|1738512.0000|3.1631561200
10300000|3.1631561200|3.1631561200|3.1453855800|3.1542708500|1507000|5350326.0000|3.1542708500
10350000|3.1542708500|3.1542708500|3.1453855800|3.1542708500|657300|2330283.0000|3.1542708500
10400000|3.1542708500|3.1542708500|3.1453855800|3.1453855800|840600|2980797.0000|3.1453855800
10450000|3.1453855800|3.1542708500|3.1453855800|3.1542708500|896800|3180053.0000|3.1542708500
10500000|3.1453855800|3.1542708500|3.1453855800|3.1542708500|1067500|3784770.0000|3.1542708500
10550000|3.1453855800|3.1631561200|3.1453855800|3.1453855800|1519000|5390237.0000|3.1453855800
11000000|3.1453855800|3.1631561200|3.1453855800|3.1542708500|692500|2457317.0000|3.1542708500
11050000|3.1631561200|3.1631561200|3.1542708500|3.1542708500|570500|2028176.0000|3.1542708500
11100000|3.1542708500|3.1631561200|3.1453855800|3.1542708500|639400|2267886.0000|3.1542708500
11150000|3.1453855800|3.1542708500|3.1453855800|3.1453855800|591764|2097205.0000|3.1453855800
11200000|3.1542708500|3.1631561200|3.1453855800|3.1542708500|1180500|4189708.0000|3.1542708500
11250000|3.1542708500|3.1631561200|3.1542708500|3.1631561200|783100|2781475.0000|3.1631561200
11300000|3.1542708500|3.1631561200|3.1453855800|3.1542708500|822800|2919406.0000|3.1542708500
13050000|3.1542708500|3.1542708500|3.1453855800|3.1453855800|787600|2793580.0000|3.1453855800
13100000|3.1542708500|3.1542708500|3.1453855800|3.1542708500|420600|1491461.0000|3.1542708500
13150000|3.1542708500|3.1542708500|3.1453855800|3.1453855800|499000|1768077.0000|3.1453855800
13200000|3.1453855800|3.1542708500|3.1453855800|3.1453855800|577800|2048300.0000|3.1453855800
13250000|3.1542708500|3.1542708500|3.1453855800|3.1542708500|761600|2701852.0000|3.1542708500
13300000|3.1542708500|3.1631561200|3.1453855800|3.1542708500|1358500|4826591.0000|3.1542708500
13350000|3.1542708500|3.1631561200|3.1453855800|3.1542708500|737000|2614038.0000|3.1542708500
13400000|3.1542708500|3.1631561200|3.1542708500|3.1631561200|1094100|3883937.0000|3.1631561200
13450000|3.1542708500|3.1631561200|3.1453855800|3.1542708500|850100|3018095.0000|3.1542708500
13500000|3.1631561200|3.1631561200|3.1542708500|3.1631561200|778500|2766508.0000|3.1631561200
13550000|3.1631561200|3.1631561200|3.1453855800|3.1542708500|1514781|5378649.0000|3.1542708500
14000000|3.1542708500|3.1631561200|3.1453855800|3.1631561200|826000|2932758.0000|3.1631561200
14050000|3.1631561200|3.1631561200|3.1453855800|3.1631561200|1193300|4238413.0000|3.1631561200
14100000|3.1631561200|3.1631561200|3.1453855800|3.1542708500|818300|2906185.0000|3.1542708500
14150000|3.1542708500|3.1542708500|3.1453855800|3.1453855800|1071900|3800795.0000|3.1453855800
14200000|3.1453855800|3.1542708500|3.1453855800|3.1542708500|711200|2520730.0000|3.1542708500
14250000|3.1542708500|3.1542708500|3.1453855800|3.1542708500|821900|2912260.0000|3.1542708500
14300000|3.1453855800|3.1542708500|3.1453855800|3.1542708500|848700|3010260.0000|3.1542708500
14350000|3.1453855800|3.1542708500|3.1453855800|3.1542708500|455300|1614045.0000|3.1542708500
14400000|3.1542708500|3.1542708500|3.1453855800|3.1542708500|1513550|5359560.0000|3.1542708500
14450000|3.1542708500|3.1542708500|3.1453855800|3.1542708500|622200|2205540.0000|3.1542708500
14500000|3.1542708500|3.1542708500|3.1453855800|3.1542708500|962111|3411860.0000|3.1542708500
14550000|3.1453855800|3.1542708500|3.1453855800|3.1542708500|1331900|4719312.0000|3.1542708500
15000000|3.1542708500|3.1542708500|3.1453855800|3.1453855800|1850200|6551344.0000|3.1453855800
