09350000|4.4472784000|4.4472784000|4.4284340000|4.4378562000|6404300|30185800.0000|4.4378562000
09400000|4.4378562000|4.4472784000|4.4284340000|4.4378562000|3310700|15600064.0000|4.4378562000
09450000|4.4284340000|4.4472784000|4.4284340000|4.4472784000|2876300|13543496.0000|4.4472784000
09500000|4.4378562000|4.4472784000|4.4378562000|4.4378562000|3862100|18207992.0000|4.4378562000
09550000|4.4378562000|4.4567006000|4.4284340000|4.4567006000|4425100|20886664.0000|4.4567006000
10000000|4.4567006000|4.4567006000|4.4472784000|4.4567006000|2448100|11574128.0000|4.4567006000
10050000|4.4567006000|4.4567006000|4.4378562000|4.4472784000|2868700|13541968.0000|4.4472784000
10100000|4.4472784000|4.4472784000|4.4378562000|4.4378562000|4622000|21788216.0000|4.4378562000
10150000|4.4378562000|4.4472784000|4.4190118000|4.4190118000|6895500|32421088.0000|4.4190118000
10200000|4.4190118000|4.4378562000|4.4190118000|4.4378562000|3171000|14900192.0000|4.4378562000
10250000|4.4378562000|4.4472784000|4.4284340000|4.4472784000|2185800|10297200.0000|4.4472784000
10300000|4.4472784000|4.4472784000|4.4378562000|4.4472784000|3479200|16418320.0000|4.4472784000
10350000|4.4472784000|4.4567006000|4.4378562000|4.4472784000|4763200|22487840.0000|4.4472784000
10400000|4.4472784000|4.4567006000|4.4378562000|4.4567006000|1664400|7855360.0000|4.4567006000
10450000|4.4567006000|4.4567006000|4.4378562000|4.4567006000|2606500|12304880.0000|4.4567006000
10500000|4.4567006000|4.4567006000|4.4472784000|4.4567006000|2569700|12139280.0000|4.4567006000
10550000|4.4567006000|4.4567006000|4.4472784000|4.4567006000|1223800|5782464.0000|4.4567006000
11000000|4.4567006000|4.4567006000|4.4472784000|4.4567006000|1042600|4928256.0000|4.4567006000
11050000|4.4567006000|4.4661228000|4.4567006000|4.4661228000|3580700|16945600.0000|4.4661228000
11100000|4.4661228000|4.4661228000|4.4472784000|4.4567006000|2033900|9623264.0000|4.4567006000
11150000|4.4567006000|4.4567006000|4.4472784000|4.4567006000|867000|4095200.0000|4.4567006000
11200000|4.4567006000|4.4567006000|4.4472784000|4.4567006000|673100|3179904.0000|4.4567006000
11250000|4.4567006000|4.4567006000|4.4378562000|4.4472784000|2498300|11789856.0000|4.4472784000
11300000|4.4472784000|4.4472784000|4.4378562000|4.4378562000|503300|2374336.0000|4.4378562000
13050000|4.4378562000|4.4472784000|4.4378562000|4.4378562000|1163200|5482272.0000|4.4378562000
13100000|4.4472784000|4.4472784000|4.4378562000|4.4472784000|1752400|8258368.0000|4.4472784000
13150000|4.4472784000|4.4472784000|4.4378562000|4.4472784000|1197300|5645664.0000|4.4472784000
13200000|4.4472784000|4.4472784000|4.4378562000|4.4472784000|1054800|4973408.0000|4.4472784000
13250000|4.4472784000|4.4567006000|4.4378562000|4.4567006000|4041400|19072192.0000|4.4567006000
13300000|4.4567006000|4.4567006000|4.4472784000|4.4567006000|435700|2058624.0000|4.4567006000
13350000|4.4567006000|4.4567006000|4.4472784000|4.4567006000|1663000|7861696.0000|4.4567006000
13400000|4.4567006000|4.4661228000|4.4472784000|4.4661228000|4377500|20713696.0000|4.4661228000
13450000|4.4661228000|4.4661228000|4.4472784000|4.4567006000|2065900|9773024.0000|4.4567006000
13500000|4.4567006000|4.4567006000|4.4472784000|4.4567006000|576800|2726528.0000|4.4567006000
13550000|4.4567006000|4.4567006000|4.4472784000|4.4472784000|2216000|10466208.0000|4.4472784000
14000000|4.4567006000|4.4567006000|4.4472784000|4.4567006000|449100|2123104.0000|4.4567006000
14050000|4.4567006000|4.4567006000|4.4378562000|4.4472784000|3146700|14853664.0000|4.4472784000
14100000|4.4472784000|4.4472784000|4.4378562000|4.4472784000|535000|2523360.0000|4.4472784000
14150000|4.4378562000|4.4567006000|4.4378562000|4.4567006000|1180300|5572512.0000|4.4567006000
14200000|4.4567006000|4.4567006000|4.4472784000|4.4472784000|542400|2563104.0000|4.4472784000
14250000|4.4472784000|4.4567006000|4.4472784000|4.4567006000|890800|4209472.0000|4.4567006000
14300000|4.4567006000|4.4567006000|4.4472784000|4.4567006000|1925900|9092480.0000|4.4567006000
14350000|4.4567006000|4.4567006000|4.4472784000|4.4567006000|2162300|10225056.0000|4.4567006000
14400000|4.4567006000|4.4661228000|4.4567006000|4.4567006000|3009300|14246112.0000|4.4567006000
14450000|4.4567006000|4.4661228000|4.4567006000|4.4661228000|1393200|6596000.0000|4.4661228000
14500000|4.4661228000|4.4661228000|4.4567006000|4.4661228000|2043600|9674176.0000|4.4661228000
14550000|4.4661228000|4.4661228000|4.4567006000|4.4661228000|1679000|7947584.0000|4.4661228000
15000000|4.4661228000|4.4661228000|4.4567006000|4.4661228000|3357800|15908992.0000|4.4661228000
