093500|5.3600|5.3900|5.3600|5.3800|1240700|6673881.0000|5.3800
094000|5.3900|5.4000|5.3800|5.4000|564200|3042487.0000|5.4000
094500|5.4000|5.4200|5.3900|5.4100|693500|3748545.0000|5.4100
095000|5.4100|5.4300|5.4100|5.4200|796700|4320377.0000|5.4200
095500|5.4200|5.4300|5.4100|5.4200|394800|2140150.0000|5.4200
100000|5.4100|5.4200|5.4000|5.4100|857900|4644050.0000|5.4100
100500|5.4100|5.4400|5.4100|5.4300|893400|4850310.0000|5.4300
101000|5.4300|5.4500|5.4300|5.4500|1107600|6024274.0000|5.4500
101500|5.4500|5.4500|5.4300|5.4400|454000|2470552.0000|5.4400
102000|5.4400|5.4600|5.4400|5.4500|809000|4409080.0000|5.4500
102500|5.4500|5.4600|5.4400|5.4500|171000|932280.0000|5.4500
103000|5.4500|5.4600|5.4400|5.4500|1074100|5852676.0000|5.4500
103500|5.4500|5.4800|5.4500|5.4700|824400|4506580.0000|5.4700
104000|5.4700|5.4700|5.4600|5.4600|300400|1640700.0000|5.4600
104500|5.4500|5.4600|5.4500|5.4500|78100|425832.0000|5.4500
105000|5.4500|5.4700|5.4500|5.4600|330300|1802232.0000|5.4600
105500|5.4600|5.4700|5.4500|5.4500|186300|1017168.0000|5.4500
110000|5.4500|5.4600|5.4500|5.4500|149200|813264.0000|5.4500
110500|5.4600|5.4600|5.4500|5.4600|32200|175576.0000|5.4600
111000|5.4500|5.4600|5.4500|5.4500|29100|158656.0000|5.4500
111500|5.4500|5.4600|5.4400|5.4500|224100|1221272.0000|5.4500
112000|5.4600|5.4600|5.4500|5.4600|77800|424196.0000|5.4600
112500|5.4600|5.4600|5.4400|5.4400|153600|837128.0000|5.4400
113000|5.4400|5.4600|5.4400|5.4600|110500|602256.0000|5.4600
130500|5.4500|5.4600|5.4400|5.4500|230700|1256884.0000|5.4500
131000|5.4500|5.4500|5.4500|5.4500|259600|1414884.0000|5.4500
131500|5.4500|5.4600|5.4400|5.4400|131200|715016.0000|5.4400
132000|5.4500|5.4600|5.4400|5.4500|168600|918760.0000|5.4500
132500|5.4500|5.4500|5.4400|5.4500|152700|832072.0000|5.4500
133000|5.4500|5.4600|5.4400|5.4500|93800|511328.0000|5.4500
133500|5.4500|5.4600|5.4500|5.4500|77400|421920.0000|5.4500
134000|5.4500|5.4600|5.4400|5.4400|166300|906352.0000|5.4400
134500|5.4400|5.4600|5.4400|5.4400|127300|692720.0000|5.4400
135000|5.4400|5.4600|5.4400|5.4500|129000|702816.0000|5.4500
135500|5.4600|5.4700|5.4500|5.4600|527200|2878184.0000|5.4600
140000|5.4500|5.4600|5.4500|5.4600|128900|703424.0000|5.4600
140500|5.4500|5.4600|5.4500|5.4600|127700|696880.0000|5.4600
141000|5.4600|5.4600|5.4400|5.4600|284900|1552832.0000|5.4600
141500|5.4600|5.4600|5.4500|5.4500|104700|571072.0000|5.4500
142000|5.4500|5.4600|5.4400|5.4400|202900|1105776.0000|5.4400
142500|5.4400|5.4500|5.4400|5.4500|49300|268344.0000|5.4500
143000|5.4500|5.4500|5.4400|5.4500|88000|478856.0000|5.4500
143500|5.4400|5.4500|5.4400|5.4400|192300|1047552.0000|5.4400
144000|5.4400|5.4500|5.4400|5.4400|107700|586200.0000|5.4400
144500|5.4500|5.4500|5.4300|5.4400|359200|1954144.0000|5.4400
145000|5.4400|5.4500|5.4300|5.4500|186100|1013064.0000|5.4500
145500|5.4400|5.4500|5.4300|5.4300|264100|1435848.0000|5.4300
150000|5.4400|5.4500|5.4300|5.4300|200900|1092168.0000|5.4300
