09350000|13.2711365300|13.3772348900|13.0854644000|13.2092458200|220500|3310641.0000|13.2092458200
09400000|13.2092458200|13.2622950000|13.0854644000|13.2534534700|177100|2641058.0000|13.2534534700
09450000|13.2534534700|13.2534534700|13.1031474600|13.1385135800|106000|1581713.0000|13.1385135800
09500000|13.1385135800|13.2092458200|13.1208305200|13.1827212300|116500|1735742.0000|13.1827212300
09550000|13.1827212300|13.2004042900|13.1119889900|13.1119889900|96100|1430892.0000|13.1119889900
10000000|13.1119889900|13.1119889900|13.0500982800|13.0589398100|105000|1552952.0000|13.0589398100
10050000|13.0589398100|13.1119889900|13.0147321600|13.0500982800|189600|2796565.0000|13.0500982800
10100000|13.0589398100|13.1208305200|13.0147321600|13.0324152200|91400|1352558.0000|13.0324152200
10150000|13.0235736900|13.0412567500|12.9705245100|12.9793660400|153700|2260046.0000|12.9793660400
10200000|12.9793660400|13.0943059300|12.9793660400|13.0589398100|177500|2617926.0000|13.0589398100
10250000|13.0412567500|13.0412567500|12.9616829800|12.9616829800|78300|1149809.0000|12.9616829800
10300000|12.9705245100|13.0058906300|12.9439999200|12.9793660400|148300|2176098.0000|12.9793660400
10350000|12.9616829800|13.0058906300|12.9528414500|12.9793660400|104400|1533230.0000|12.9793660400
10400000|12.9882075700|13.0058906300|12.9793660400|12.9970491000|33400|490758.0000|12.9970491000
10450000|12.9970491000|13.0147321600|12.9705245100|12.9705245100|37500|551192.0000|12.9705245100
10500000|12.9793660400|12.9970491000|12.9528414500|12.9616829800|42700|626211.0000|12.9616829800
10550000|12.9616829800|12.9705245100|12.9439999200|12.9528414500|76600|1121998.0000|12.9528414500
11000000|12.9528414500|12.9705245100|12.9351583900|12.9616829800|46000|673946.0000|12.9616829800
11050000|12.9528414500|13.0058906300|12.9528414500|12.9970491000|65700|964796.0000|12.9970491000
11100000|12.9970491000|13.0058906300|12.9439999200|12.9705245100|50800|745853.0000|12.9705245100
11150000|12.9793660400|13.0058906300|12.9351583900|12.9439999200|81800|1199955.0000|12.9439999200
11200000|12.9528414500|12.9793660400|12.9528414500|12.9616829800|25100|368017.0000|12.9616829800
11250000|12.9616829800|12.9970491000|12.9528414500|12.9882075700|64100|940901.0000|12.9882075700
11300000|12.9882075700|13.0324152200|12.9793660400|13.0324152200|101700|1497209.0000|13.0324152200
13050000|13.0324152200|13.0412567500|12.9616829800|12.9793660400|79700|1170695.0000|12.9793660400
13100000|12.9705245100|12.9882075700|12.9528414500|12.9616829800|35000|513446.0000|12.9616829800
13150000|12.9616829800|12.9616829800|12.9174753300|12.9351583900|93000|1361071.0000|12.9351583900
13200000|12.9263168600|12.9439999200|12.9174753300|12.9351583900|35900|525078.0000|12.9351583900
13250000|12.9351583900|12.9970491000|12.9174753300|12.9793660400|57000|835328.0000|12.9793660400
13300000|12.9705245100|12.9705245100|12.9351583900|12.9528414500|31500|461626.0000|12.9528414500
13350000|12.9528414500|12.9528414500|12.9263168600|12.9528414500|37600|550529.0000|12.9528414500
13400000|12.9528414500|12.9616829800|12.9351583900|12.9351583900|26700|391125.0000|12.9351583900
13450000|12.9351583900|12.9351583900|12.9174753300|12.9174753300|53900|787948.0000|12.9174753300
13500000|12.9174753300|12.9439999200|12.9086338000|12.9174753300|64600|943760.0000|12.9174753300
13550000|12.9174753300|12.9705245100|12.9174753300|12.9439999200|74000|1083018.0000|12.9439999200
14000000|12.9439999200|12.9793660400|12.9351583900|12.9793660400|50400|738582.0000|12.9793660400
14050000|12.9616829800|13.0147321600|12.9351583900|12.9882075700|93100|1366217.0000|12.9882075700
14100000|12.9882075700|13.0058906300|12.9793660400|12.9882075700|48600|713891.0000|12.9882075700
14150000|12.9970491000|12.9970491000|12.9705245100|12.9793660400|16100|236496.0000|12.9793660400
14200000|12.9882075700|12.9882075700|12.9528414500|12.9705245100|37700|552946.0000|12.9705245100
14250000|12.9616829800|12.9882075700|12.9528414500|12.9528414500|39200|574978.0000|12.9528414500
14300000|12.9616829800|12.9882075700|12.9528414500|12.9882075700|48700|714231.0000|12.9882075700
14350000|12.9793660400|12.9793660400|12.9351583900|12.9439999200|102700|1505227.0000|12.9439999200
14400000|12.9528414500|12.9882075700|12.9351583900|12.9351583900|84400|1236877.0000|12.9351583900
14450000|12.9439999200|12.9528414500|12.9174753300|12.9439999200|34100|499086.0000|12.9439999200
14500000|12.9439999200|12.9616829800|12.9086338000|12.9439999200|155300|2271319.0000|12.9439999200
14550000|12.9263168600|12.9439999200|12.9086338000|12.9263168600|82600|1207476.0000|12.9263168600
15000000|12.9263168600|12.9439999200|12.9174753300|12.9174753300|86900|1270028.0000|12.9174753300
