09350000|17.3810873600|17.5309243200|17.2593448300|17.5309243200|208000|3865688.0000|17.5309243200
09400000|17.5215595100|17.6339372300|17.4747354600|17.5777483700|200100|3753076.0000|17.5777483700
09450000|17.5777483700|17.6058428000|17.4934650800|17.5777483700|84900|1590578.0000|17.5777483700
09500000|17.5402891300|17.7182205200|17.5309243200|17.7182205200|188500|3552488.0000|17.7182205200
09550000|17.7182205200|17.8399630500|17.7182205200|17.7837741900|253000|4804403.0000|17.7837741900
10000000|17.7650445700|17.7650445700|17.6433020400|17.7369501400|133400|2521424.0000|17.7369501400
10050000|17.7275853300|17.8493278600|17.7088557100|17.7744093800|190400|3617140.0000|17.7744093800
10100000|17.7744093800|17.7837741900|17.7275853300|17.7275853300|59100|1121224.0000|17.7275853300
10150000|17.7275853300|17.8025038100|17.6807612800|17.7275853300|182600|3462246.0000|17.7275853300
10200000|17.7182205200|17.7744093800|17.7088557100|17.7182205200|70600|1337466.0000|17.7182205200
10250000|17.7182205200|17.7744093800|17.7182205200|17.7650445700|48400|916826.0000|17.7650445700
10300000|17.7650445700|17.8118686200|17.7650445700|17.7744093800|36800|699090.0000|17.7744093800
10350000|17.7744093800|17.8867871000|17.7744093800|17.8774222900|102800|1957546.0000|17.8774222900
10400000|17.8774222900|17.9617055800|17.8680574800|17.9617055800|152600|2918468.0000|17.9617055800
10450000|17.9617055800|17.9710703900|17.9055167200|17.9429759600|132400|2537504.0000|17.9429759600
10500000|17.9429759600|17.9898000100|17.9336111500|17.9898000100|77400|1484788.0000|17.9898000100
10550000|17.9991648200|18.0740833000|17.9336111500|18.0740833000|173300|3331392.0000|18.0740833000
11000000|18.0740833000|18.0740833000|17.9617055800|17.9991648200|157400|3029360.0000|17.9991648200
11050000|18.0178944400|18.0178944400|17.8867871000|17.9055167200|98200|1881388.0000|17.9055167200
11100000|17.9055167200|17.9429759600|17.8867871000|17.9429759600|32200|616084.0000|17.9429759600
11150000|17.9429759600|17.9429759600|17.8118686200|17.8867871000|96000|1832256.0000|17.8867871000
11200000|17.8680574800|17.9429759600|17.8493278600|17.9429759600|46000|879336.0000|17.9429759600
11250000|17.9336111500|17.9617055800|17.9242463400|17.9617055800|27100|519232.0000|17.9617055800
11300000|17.9617055800|17.9991648200|17.9429759600|17.9804352000|116400|2235420.0000|17.9804352000
13050000|17.9523407700|18.0647184900|17.9336111500|18.0272592500|110000|2113068.0000|18.0272592500
13100000|18.0272592500|18.0553536800|17.9898000100|18.0459888700|58100|1118324.0000|18.0459888700
13150000|18.0459888700|18.0740833000|18.0272592500|18.0553536800|71900|1386452.0000|18.0553536800
13200000|18.0553536800|18.0740833000|17.9898000100|18.0459888700|68300|1314900.0000|18.0459888700
13250000|18.0459888700|18.0740833000|18.0178944400|18.0366240600|80400|1549416.0000|18.0366240600
13300000|18.0366240600|18.0459888700|18.0085296300|18.0085296300|47000|904608.0000|18.0085296300
13350000|18.0085296300|18.0459888700|18.0085296300|18.0178944400|52800|1015924.0000|18.0178944400
13400000|18.0178944400|18.0647184900|18.0085296300|18.0647184900|52400|1008848.0000|18.0647184900
13450000|18.0366240600|18.0459888700|17.9804352000|17.9898000100|81300|1563684.0000|17.9898000100
13500000|17.9804352000|17.9898000100|17.9523407700|17.9804352000|127600|2449304.0000|17.9804352000
13550000|17.9991648200|18.0178944400|17.9804352000|18.0178944400|45900|882280.0000|18.0178944400
14000000|18.0178944400|18.0178944400|17.9804352000|17.9991648200|41500|797712.0000|17.9991648200
14050000|17.9991648200|18.0272592500|17.9617055800|17.9710703900|104100|1999416.0000|17.9710703900
14100000|17.9710703900|18.0272592500|17.9710703900|18.0178944400|84900|1631416.0000|18.0178944400
14150000|18.0178944400|18.0272592500|17.9991648200|18.0085296300|52600|1011432.0000|18.0085296300
14200000|18.0085296300|18.0085296300|17.9804352000|17.9991648200|39400|756928.0000|17.9991648200
14250000|17.9991648200|18.0272592500|17.9898000100|17.9991648200|46600|896248.0000|17.9991648200
14300000|17.9991648200|18.0178944400|17.9804352000|18.0085296300|69000|1325728.0000|18.0085296300
14350000|18.0272592500|18.0459888700|17.9991648200|18.0459888700|73000|1404896.0000|18.0459888700
14400000|18.0366240600|18.0928129200|18.0272592500|18.0928129200|145300|2803328.0000|18.0928129200
14450000|18.0928129200|18.0928129200|18.0459888700|18.0553536800|128100|2470864.0000|18.0553536800
14500000|18.0553536800|18.0647184900|18.0366240600|18.0366240600|112100|2159872.0000|18.0366240600
14550000|18.0459888700|18.0647184900|18.0366240600|18.0553536800|126600|2440344.0000|18.0553536800
15000000|18.0459888700|18.1396369700|18.0366240600|18.0834481100|320700|6193504.0000|18.0834481100
