093500|74.5000|74.5000|73.5600|73.9400|148200|10947677.0000|73.9400
094000|73.9400|74.3100|73.9200|74.1000|43100|3193722.0000|74.1000
094500|74.1000|74.1100|73.5600|73.9200|117100|8642169.0000|73.9200
095000|73.8500|73.8500|73.4100|73.4100|130000|9571012.0000|73.4100
095500|73.4100|73.4700|72.1200|72.1400|215300|15649924.0000|72.1400
100000|72.1700|72.3700|72.1400|72.1700|162800|11762324.0000|72.1700
100500|72.2000|72.2000|71.5700|71.6400|191500|13769700.0000|71.6400
101000|71.8100|72.2700|71.8100|72.1600|125700|9041040.0000|72.1600
101500|72.1500|72.7500|71.9300|72.7200|64400|4651072.0000|72.7200
102000|72.7000|73.0300|72.4800|72.7600|86300|6279360.0000|72.7600
102500|72.8500|73.4900|72.6000|73.4900|66400|4841112.0000|73.4900
103000|73.4900|73.8500|73.4800|73.5100|39100|2879640.0000|73.5100
103500|73.6000|73.9800|73.2500|73.9800|80700|5936584.0000|73.9800
104000|73.9000|74.3900|73.9000|74.1000|57200|4238880.0000|74.1000
104500|74.0000|74.2000|73.7300|74.2000|30700|2272912.0000|74.2000
105000|74.2000|74.2800|73.7900|74.2800|45200|3343608.0000|74.2800
105500|74.3000|75.1900|74.2600|75.1900|125800|9394104.0000|75.1900
110000|75.2000|75.6000|75.1000|75.4700|141100|10643400.0000|75.4700
110500|75.5700|75.8500|75.1000|75.8100|55400|4180816.0000|75.8100
111000|75.8100|75.8500|75.3700|75.8000|46800|3543120.0000|75.8000
111500|75.8000|76.1900|75.2900|76.1700|89500|6793152.0000|76.1700
112000|76.1700|76.2500|75.3800|75.7000|77200|5869008.0000|75.7000
112500|75.7000|76.2300|75.4700|76.2300|67000|5090672.0000|76.2300
113000|76.2300|76.5000|76.0500|76.1500|148300|11319520.0000|76.1500
130500|75.8700|75.8800|75.0200|75.0500|39600|2986784.0000|75.0500
131000|75.0400|75.0500|74.5100|74.5400|43600|3267664.0000|74.5400
131500|74.5500|74.6900|74.0200|74.1000|37000|2747056.0000|74.1000
132000|74.0600|74.2200|73.8100|74.1700|32700|2420288.0000|74.1700
132500|74.1800|74.3000|74.1000|74.1100|19400|1438624.0000|74.1100
133000|74.1100|74.1500|73.7300|73.7400|21900|1620880.0000|73.7400
133500|73.8200|73.9900|73.6900|73.7100|14300|1056224.0000|73.7100
134000|73.7700|73.7800|73.5100|73.6800|27900|2053600.0000|73.6800
134500|73.7300|73.9700|73.5300|73.9700|16600|1225520.0000|73.9700
135000|73.9800|74.1800|73.9100|74.0000|20800|1539232.0000|74.0000
135500|74.0500|74.5000|74.0200|74.5000|14900|1107856.0000|74.5000
140000|74.5000|75.3000|74.5000|75.2100|38900|2918800.0000|75.2100
140500|75.2100|76.0100|75.2100|76.0100|63300|4795632.0000|76.0100
141000|76.0000|76.0300|75.5900|75.5900|34800|2641920.0000|75.5900
141500|75.6000|75.8900|75.6000|75.6000|37300|2821968.0000|75.6000
142000|75.5900|75.6000|75.0500|75.0500|29400|2216544.0000|75.0500
142500|75.0500|75.3000|75.0000|75.1000|64300|4832064.0000|75.1000
143000|75.0000|75.0000|74.6300|74.8000|21700|1624208.0000|74.8000
143500|74.8300|74.8300|74.3300|74.3300|19700|1471040.0000|74.3300
144000|74.4400|74.9700|74.4400|74.9100|24000|1791872.0000|74.9100
144500|74.8000|74.8700|74.7400|74.7400|16400|1229952.0000|74.7400
145000|74.7300|74.7900|74.4900|74.7900|34800|2594112.0000|74.7900
145500|74.7900|75.0100|74.7200|74.7500|45800|3428848.0000|74.7500
150000|74.7600|74.7600|74.7500|74.7500|21700|1623792.0000|74.7500
