093500|2.4900|2.5100|2.4700|2.4900|7755603|19329442.0000|2.4900
094000|2.4900|2.5100|2.4900|2.5000|4516900|11301210.0000|2.5000
094500|2.5100|2.5300|2.5000|2.5300|4902200|12341402.0000|2.5300
095000|2.5300|2.5300|2.5100|2.5200|3784200|9549303.0000|2.5200
095500|2.5200|2.5300|2.5100|2.5300|4877837|12305432.0000|2.5300
100000|2.5200|2.5300|2.5200|2.5200|1958075|4946609.0000|2.5200
100500|2.5300|2.5400|2.5200|2.5400|3083902|7813130.0000|2.5400
101000|2.5400|2.5400|2.5200|2.5400|4951600|12524268.0000|2.5400
101500|2.5300|2.5400|2.5200|2.5300|2769187|7009167.0000|2.5300
102000|2.5300|2.5400|2.5200|2.5300|1311300|3316102.0000|2.5300
102500|2.5200|2.5300|2.5200|2.5200|2516000|6342800.0000|2.5200
103000|2.5200|2.5300|2.5200|2.5200|620370|1564834.0000|2.5200
103500|2.5200|2.5300|2.5100|2.5200|2170970|5472173.0000|2.5200
104000|2.5200|2.5300|2.5200|2.5300|1375700|3477085.0000|2.5300
104500|2.5200|2.5300|2.5100|2.5100|1577400|3976663.0000|2.5100
105000|2.5100|2.5200|2.5100|2.5200|540700|1358754.0000|2.5200
105500|2.5200|2.5200|2.5100|2.5100|629500|1583080.0000|2.5100
110000|2.5100|2.5200|2.5100|2.5200|1523200|3836364.0000|2.5200
110500|2.5200|2.5300|2.5100|2.5200|2197416|5538260.0000|2.5200
111000|2.5200|2.5200|2.5100|2.5200|1863100|4694604.0000|2.5200
111500|2.5200|2.5300|2.5100|2.5100|3108800|7822295.0000|2.5100
112000|2.5100|2.5200|2.5000|2.5000|2052230|5151173.0000|2.5000
112500|2.5100|2.5100|2.5000|2.5000|3921950|9807944.0000|2.5000
113000|2.5100|2.5100|2.5000|2.5000|458100|1147785.0000|2.5000
130500|2.5100|2.5100|2.5000|2.5000|1153600|2887505.0000|2.5000
131000|2.5100|2.5200|2.5000|2.5200|2819100|7067419.0000|2.5200
131500|2.5200|2.5300|2.5100|2.5200|2643089|6664538.0000|2.5200
132000|2.5200|2.5300|2.5200|2.5300|1327140|3356689.0000|2.5300
132500|2.5300|2.5400|2.5200|2.5300|3930800|9959005.0000|2.5300
133000|2.5300|2.5400|2.5300|2.5400|1612600|4090736.0000|2.5400
133500|2.5400|2.5400|2.5200|2.5300|1941300|4911694.0000|2.5300
134000|2.5200|2.5300|2.5200|2.5200|293300|741170.0000|2.5200
134500|2.5200|2.5400|2.5200|2.5300|2141300|5419958.0000|2.5300
135000|2.5300|2.5400|2.5300|2.5300|740400|1874958.0000|2.5300
135500|2.5300|2.5400|2.5300|2.5400|393800|997914.0000|2.5400
140000|2.5400|2.5400|2.5300|2.5400|1287800|3265608.0000|2.5400
140500|2.5400|2.5500|2.5300|2.5500|9347196|23746128.0000|2.5500
141000|2.5500|2.5500|2.5300|2.5400|2943400|7476838.0000|2.5400
141500|2.5400|2.5400|2.5300|2.5300|1104800|2804459.0000|2.5300
142000|2.5300|2.5500|2.5300|2.5500|3247700|8255354.0000|2.5500
142500|2.5500|2.5500|2.5400|2.5400|1230700|3131587.0000|2.5400
143000|2.5500|2.5500|2.5300|2.5500|3496488|8884493.0000|2.5500
143500|2.5400|2.5500|2.5400|2.5500|536100|1365732.0000|2.5500
144000|2.5500|2.5500|2.5400|2.5500|2564239|6536592.0000|2.5500
144500|2.5500|2.5500|2.5400|2.5500|1372900|3497072.0000|2.5500
145000|2.5500|2.5600|2.5400|2.5600|2471932|6307984.0000|2.5600
145500|2.5600|2.5600|2.5500|2.5600|2745700|7013616.0000|2.5600
150000|2.5500|2.5600|2.5500|2.5600|2060522|5264000.0000|2.5600
