093500|2.1600|2.1700|2.1500|2.1700|6485900|14010441.0000|2.1700
094000|2.1600|2.1700|2.1500|2.1600|1185200|2560189.0000|2.1600
094500|2.1600|2.1600|2.1500|2.1600|406100|875406.0000|2.1600
095000|2.1600|2.1600|2.1500|2.1600|427200|919996.0000|2.1600
095500|2.1600|2.1600|2.1500|2.1600|154100|332248.0000|2.1600
100000|2.1500|2.1600|2.1500|2.1600|851800|1833808.0000|2.1600
100500|2.1600|2.1600|2.1400|2.1500|6420000|13798060.0000|2.1500
101000|2.1400|2.1500|2.1400|2.1500|523700|1121692.0000|2.1500
101500|2.1500|2.1500|2.1400|2.1400|660300|1414400.0000|2.1400
102000|2.1500|2.1500|2.1400|2.1500|354800|760388.0000|2.1500
102500|2.1500|2.1500|2.1400|2.1500|321500|689416.0000|2.1500
103000|2.1400|2.1500|2.1400|2.1500|1109000|2375940.0000|2.1500
103500|2.1500|2.1500|2.1400|2.1500|216200|463620.0000|2.1500
104000|2.1500|2.1500|2.1400|2.1500|107400|230576.0000|2.1500
104500|2.1500|2.1500|2.1400|2.1500|485100|1038984.0000|2.1500
105000|2.1500|2.1500|2.1400|2.1500|281600|603772.0000|2.1500
105500|2.1500|2.1500|2.1400|2.1500|366900|786784.0000|2.1500
110000|2.1500|2.1500|2.1400|2.1400|636700|1363712.0000|2.1400
110500|2.1500|2.1500|2.1400|2.1400|803100|1719284.0000|2.1400
111000|2.1400|2.1500|2.1400|2.1400|202800|434136.0000|2.1400
111500|2.1400|2.1500|2.1400|2.1500|340500|729260.0000|2.1500
112000|2.1500|2.1500|2.1400|2.1400|2896100|6197896.0000|2.1400
112500|2.1400|2.1500|2.1400|2.1400|65900|141128.0000|2.1400
113000|2.1400|2.1500|2.1400|2.1500|300000|642584.0000|2.1500
130500|2.1400|2.1500|2.1400|2.1400|1022400|2188328.0000|2.1400
131000|2.1400|2.1500|2.1400|2.1500|786800|1686516.0000|2.1500
131500|2.1500|2.1500|2.1400|2.1500|127600|273920.0000|2.1500
132000|2.1400|2.1500|2.1400|2.1400|130100|278556.0000|2.1400
132500|2.1400|2.1500|2.1400|2.1400|288000|616820.0000|2.1400
133000|2.1400|2.1500|2.1400|2.1400|1220800|2614376.0000|2.1400
133500|2.1400|2.1500|2.1400|2.1400|186000|398212.0000|2.1400
134000|2.1400|2.1500|2.1400|2.1400|947800|2028824.0000|2.1400
134500|2.1400|2.1500|2.1400|2.1400|220500|472124.0000|2.1400
135000|2.1400|2.1500|2.1400|2.1400|8242900|17644092.0000|2.1400
135500|2.1400|2.1500|2.1300|2.1400|4075100|8719128.0000|2.1400
140000|2.1400|2.1500|2.1400|2.1400|220900|472944.0000|2.1400
140500|2.1400|2.1500|2.1400|2.1400|728300|1559656.0000|2.1400
141000|2.1500|2.1500|2.1400|2.1400|889400|1903808.0000|2.1400
141500|2.1400|2.1500|2.1300|2.1400|1180300|2525960.0000|2.1400
142000|2.1400|2.1500|2.1300|2.1300|1292400|2765584.0000|2.1300
142500|2.1400|2.1500|2.1300|2.1400|720500|1539416.0000|2.1400
143000|2.1400|2.1400|2.1300|2.1300|373800|799312.0000|2.1300
143500|2.1300|2.1400|2.1300|2.1400|184200|393872.0000|2.1400
144000|2.1400|2.1400|2.1300|2.1400|263800|564208.0000|2.1400
144500|2.1400|2.1400|2.1300|2.1300|651100|1391984.0000|2.1300
145000|2.1400|2.1400|2.1300|2.1400|1118000|2387896.0000|2.1400
145500|2.1400|2.1400|2.1300|2.1300|756000|1613624.0000|2.1300
150000|2.1300|2.1400|2.1300|2.1400|2165600|4627784.0000|2.1400
