093500|6.11|6.12|6.04|6.05|20244.0|12277624.0|6.12
094000|6.04|6.05|6.03|6.03|11022.0|6656516.0|6.05
094500|6.04|6.04|6.02|6.03|8624.0|5201304.0|6.03
095000|6.03|6.04|6.02|6.02|8861.0|5343429.0|6.03
095500|6.03|6.03|6.02|6.02|5850.0|3522612.0|6.02
100000|6.02|6.03|6.02|6.02|5445.0|3282278.0|6.02
100500|6.02|6.03|6.02|6.02|4913.0|2957713.0|6.02
101000|6.02|6.03|6.02|6.03|4912.0|2959090.0|6.02
101500|6.02|6.03|6.02|6.02|3977.0|2396139.0|6.03
102000|6.02|6.03|6.01|6.01|9516.0|5727360.0|6.02
102500|6.01|6.03|6.01|6.03|4846.0|2916945.0|6.01
103000|6.02|6.03|6.01|6.02|6257.0|3764213.0|6.03
103500|6.01|6.02|6.01|6.02|1339.0|805423.0|6.02
104000|6.01|6.02|6.01|6.02|1189.0|715227.0|6.02
104500|6.01|6.03|6.01|6.02|7814.0|4699627.0|6.02
105000|6.02|6.03|6.02|6.02|795.0|478852.0|6.02
105500|6.02|6.03|6.02|6.02|1182.0|712150.0|6.02
110000|6.02|6.03|6.02|6.02|626.0|377194.0|6.02
110500|6.02|6.03|6.02|6.03|1613.0|971828.0|6.02
111000|6.02|6.03|6.02|6.03|2001.0|1206435.0|6.03
111500|6.02|6.04|6.02|6.04|2870.0|1729437.0|6.03
112000|6.03|6.04|6.03|6.04|1692.0|1021785.0|6.04
112500|6.03|6.04|6.03|6.04|886.0|534463.0|6.04
113000|6.04|6.05|6.04|6.05|838.0|506400.0|6.04
130500|6.05|6.05|6.03|6.05|3108.0|1877871.0|6.05
131000|6.04|6.06|6.04|6.06|2647.0|1602089.0|6.05
131500|6.05|6.06|6.04|6.04|2048.0|1239459.0|6.06
132000|6.04|6.05|6.04|6.04|827.0|499863.0|6.04
132500|6.04|6.05|6.04|6.04|434.0|262270.0|6.04
133000|6.04|6.05|6.03|6.04|2814.0|1699660.0|6.04
133500|6.04|6.05|6.04|6.05|2033.0|1229878.0|6.04
134000|6.05|6.05|6.04|6.04|1131.0|684006.0|6.05
134500|6.04|6.05|6.04|6.04|441.0|266535.0|6.04
135000|6.04|6.05|6.04|6.05|531.0|320957.0|6.04
135500|6.04|6.05|6.04|6.04|1000.0|604152.0|6.05
140000|6.04|6.05|6.04|6.05|785.0|474301.0|6.04
140500|6.04|6.05|6.04|6.04|444.0|268527.0|6.05
141000|6.04|6.05|6.04|6.04|2385.0|1440710.0|6.04
141500|6.03|6.05|6.03|6.04|3116.0|1881465.0|6.04
142000|6.04|6.05|6.04|6.04|907.0|547947.0|6.04
142500|6.04|6.06|6.04|6.06|3540.0|2141445.0|6.04
143000|6.05|6.06|6.05|6.06|3028.0|1834000.0|6.06
143500|6.05|6.06|6.05|6.06|1341.0|811822.0|6.06
144000|6.05|6.06|6.05|6.06|2146.0|1299956.0|6.06
144500|6.05|6.06|6.05|6.06|2743.0|1661353.0|6.06
145000|6.05|6.06|6.05|6.06|2885.0|1745740.0|6.06
145500|6.05|6.06|6.05|6.06|6024.0|3648370.0|6.06
150000|6.05|6.07|6.05|6.06|2917.0|1767418.0|6.06
