093500|7.2|7.4|7.2|7.35|84692.0|61727868.0|7.15
094000|7.35|7.58|7.35|7.45|86301.0|64464313.0|7.35
094500|7.46|7.65|7.45|7.65|111519.0|84210718.0|7.45
095000|7.66|7.72|7.58|7.62|47790.0|36553859.0|7.65
095500|7.63|7.87|7.59|7.87|108313.0|84506556.0|7.62
100000|7.87|7.87|7.87|7.87|13749.0|10820463.0|7.87
100500|7.87|7.87|7.87|7.87|12980.0|10215118.0|7.87
101000|7.87|7.87|7.87|7.87|26751.0|21052714.0|7.87
101500|7.87|7.87|7.6|7.73|150884.0|117711314.0|7.87
102000|7.76|7.76|7.61|7.7|77052.0|59123939.0|7.73
102500|7.7|7.81|7.65|7.72|49040.0|37849295.0|7.7
103000|7.73|7.73|7.65|7.68|20115.0|15434514.0|7.72
103500|7.67|7.77|7.66|7.73|25108.0|19345966.0|7.68
104000|7.74|7.79|7.73|7.77|12370.0|9600934.0|7.73
104500|7.76|7.78|7.71|7.74|16029.0|12417077.0|7.77
105000|7.73|7.77|7.72|7.77|13515.0|10466307.0|7.74
105500|7.76|7.79|7.73|7.79|7405.0|5743308.0|7.77
110000|7.79|7.86|7.79|7.8|28921.0|22649091.0|7.79
110500|7.81|7.87|7.8|7.85|20958.0|16453126.0|7.8
111000|7.85|7.87|7.83|7.83|22045.0|17329817.0|7.85
111500|7.84|7.87|7.81|7.87|57014.0|44837843.0|7.83
112000|7.87|7.87|7.87|7.87|12593.0|9910494.0|7.87
112500|7.87|7.87|7.87|7.87|3911.0|3077854.0|7.87
113000|7.87|7.87|7.87|7.87|2717.0|2138672.0|7.87
130500|7.87|7.87|7.87|7.87|22802.0|17944670.0|7.87
131000|7.87|7.87|7.87|7.87|4850.0|3816950.0|7.87
131500|7.87|7.87|7.82|7.82|32262.0|25387892.0|7.87
132000|7.8|7.8|7.58|7.58|105323.0|80709544.0|7.82
132500|7.57|7.62|7.42|7.51|84930.0|63944238.0|7.58
133000|7.51|7.61|7.51|7.6|22243.0|16810682.0|7.51
133500|7.6|7.61|7.53|7.55|12130.0|9186317.0|7.6
134000|7.55|7.6|7.55|7.56|17304.0|13100652.0|7.55
134500|7.55|7.56|7.46|7.49|23090.0|17331646.0|7.56
135000|7.49|7.54|7.47|7.49|19421.0|14558864.0|7.49
135500|7.49|7.5|7.47|7.48|16997.0|12723345.0|7.49
140000|7.49|7.62|7.49|7.53|18908.0|14302399.0|7.48
140500|7.53|7.56|7.52|7.55|18364.0|13838833.0|7.53
141000|7.54|7.61|7.53|7.61|17548.0|13260189.0|7.55
141500|7.6|7.62|7.59|7.62|17289.0|13147975.0|7.61
142000|7.61|7.62|7.57|7.57|9688.0|7361901.0|7.62
142500|7.57|7.6|7.57|7.59|6095.0|4620713.0|7.57
143000|7.57|7.71|7.57|7.68|23737.0|18180673.0|7.59
143500|7.69|7.69|7.6|7.64|15959.0|12195164.0|7.68
144000|7.64|7.65|7.6|7.61|16832.0|12831945.0|7.64
144500|7.6|7.63|7.6|7.62|12888.0|9810860.0|7.61
145000|7.61|7.65|7.61|7.62|17208.0|13124098.0|7.62
145500|7.63|7.63|7.56|7.57|25914.0|19680801.0|7.62
150000|7.57|7.58|7.55|7.56|28823.0|21794605.0|7.57
