093500|8.45|8.52|8.41|8.51|42575.0|36015019.0|8.5
094000|8.5|8.52|8.45|8.45|23115.0|19635756.0|8.51
094500|8.45|8.47|8.43|8.45|18315.0|15465865.0|8.45
095000|8.45|8.45|8.39|8.4|21966.0|18498287.0|8.45
095500|8.4|8.43|8.4|8.42|14740.0|12400199.0|8.4
100000|8.41|8.42|8.4|8.42|9494.0|7979620.0|8.42
100500|8.41|8.42|8.39|8.4|13869.0|11652115.0|8.42
101000|8.41|8.42|8.39|8.41|11803.0|9914752.0|8.4
101500|8.41|8.41|8.38|8.39|10971.0|9208138.0|8.41
102000|8.38|8.39|8.37|8.38|14773.0|12373972.0|8.39
102500|8.38|8.38|8.34|8.36|19150.0|16006273.0|8.38
103000|8.35|8.4|8.35|8.4|5390.0|4512100.0|8.36
103500|8.4|8.4|8.38|8.4|4733.0|3970578.0|8.4
104000|8.39|8.41|8.39|8.39|3785.0|3179039.0|8.4
104500|8.39|8.4|8.38|8.39|4907.0|4114831.0|8.39
105000|8.39|8.39|8.37|8.37|2781.0|2330741.0|8.39
105500|8.37|8.38|8.36|8.37|4291.0|3590753.0|8.37
110000|8.37|8.38|8.36|8.36|3525.0|2948721.0|8.37
110500|8.37|8.39|8.36|8.38|3667.0|3069724.0|8.36
111000|8.38|8.38|8.36|8.37|4608.0|3855698.0|8.38
111500|8.38|8.43|8.37|8.4|7016.0|5896267.0|8.37
112000|8.39|8.41|8.38|8.4|3078.0|2583686.0|8.4
112500|8.4|8.41|8.39|8.4|2224.0|1868003.0|8.4
113000|8.41|8.41|8.39|8.39|3065.0|2575832.0|8.4
130500|8.4|8.4|8.36|8.36|4722.0|3957220.0|8.39
131000|8.36|8.38|8.35|8.37|5856.0|4896697.0|8.36
131500|8.37|8.37|8.35|8.37|4952.0|4139941.0|8.37
132000|8.37|8.37|8.35|8.36|3729.0|3117435.0|8.37
132500|8.36|8.38|8.36|8.38|3180.0|2660792.0|8.36
133000|8.38|8.42|8.37|8.41|5307.0|4453410.0|8.38
133500|8.41|8.41|8.38|8.4|2399.0|2013689.0|8.41
134000|8.4|8.4|8.38|8.38|2008.0|1685255.0|8.4
134500|8.38|8.4|8.38|8.38|1646.0|1380885.0|8.38
135000|8.38|8.39|8.37|8.38|3483.0|2918507.0|8.38
135500|8.38|8.38|8.37|8.37|2131.0|1785593.0|8.38
140000|8.37|8.39|8.37|8.37|3033.0|2541131.0|8.37
140500|8.38|8.4|8.37|8.38|6681.0|5600342.0|8.37
141000|8.39|8.41|8.38|8.41|5448.0|4572088.0|8.38
141500|8.41|8.41|8.39|8.4|3203.0|2689640.0|8.41
142000|8.39|8.4|8.38|8.39|2167.0|1818690.0|8.4
142500|8.39|8.4|8.38|8.4|2622.0|2199879.0|8.39
143000|8.4|8.4|8.38|8.38|2993.0|2510877.0|8.4
143500|8.39|8.41|8.39|8.4|3321.0|2789781.0|8.38
144000|8.4|8.41|8.39|8.41|2752.0|2311896.0|8.4
144500|8.4|8.41|8.4|8.4|2923.0|2455874.0|8.41
145000|8.4|8.41|8.39|8.39|6746.0|5664742.0|8.4
145500|8.4|8.4|8.39|8.39|7632.0|6406475.0|8.39
150000|8.4|8.4|8.39|8.4|7027.0|5901735.0|8.39
