093500|26.2400|26.4900|26.0100|26.3500|4361322|114689383.0000|26.3500
094000|26.3400|26.6800|26.3000|26.6500|3160414|83756553.0000|26.6500
094500|26.6500|26.7000|26.3600|26.3700|2248633|59751728.0000|26.3700
095000|26.3700|26.5700|26.3700|26.4900|1209364|32009696.0000|26.4900
095500|26.4900|26.5000|26.2800|26.4000|881720|23284560.0000|26.4000
100000|26.4200|26.4700|26.3200|26.4200|622684|16436640.0000|26.4200
100500|26.4300|26.4500|26.3600|26.3900|561479|14824784.0000|26.3900
101000|26.3900|26.4200|26.3300|26.3500|597700|15762288.0000|26.3500
101500|26.3200|26.4200|26.3200|26.4000|581387|15344000.0000|26.4000
102000|26.4000|26.4100|26.3500|26.3600|476976|12589168.0000|26.3600
102500|26.3600|26.5000|26.3300|26.4100|724100|19128096.0000|26.4100
103000|26.4100|26.5600|26.4000|26.5500|862582|22822096.0000|26.5500
103500|26.5400|26.9100|26.5400|26.8000|2205973|58962944.0000|26.8000
104000|26.7900|27.1300|26.7900|27.0100|2034360|54864688.0000|27.0100
104500|27.0000|27.0700|26.9600|27.0400|1173200|31693360.0000|27.0400
105000|27.0000|27.0200|26.9100|26.9700|622100|16762816.0000|26.9700
105500|26.9100|26.9600|26.8100|26.9000|509400|13697520.0000|26.9000
110000|26.9100|26.9200|26.8000|26.8800|440260|11822880.0000|26.8800
110500|26.8800|27.0000|26.8600|26.9900|505340|13600240.0000|26.9900
111000|26.9900|27.1100|26.9700|26.9700|971800|26306368.0000|26.9700
111500|26.9700|27.0000|26.9100|26.9100|229200|6176144.0000|26.9100
112000|26.9100|26.9300|26.7800|26.7900|283600|7618576.0000|26.7900
112500|26.7800|26.8300|26.7400|26.7600|288000|7713248.0000|26.7600
113000|26.7500|26.7700|26.7000|26.7200|310839|8308992.0000|26.7200
130500|26.7300|26.7400|26.6700|26.7300|426261|11388912.0000|26.7300
131000|26.7300|26.7700|26.7300|26.7600|242600|6489984.0000|26.7600
131500|26.8000|27.0000|26.8000|27.0000|585119|15743728.0000|27.0000
132000|26.9900|27.0900|26.9900|27.0700|828310|22410592.0000|27.0700
132500|27.0800|27.2700|27.0800|27.2600|1763324|47935856.0000|27.2600
133000|27.2700|27.2800|27.1000|27.1100|603148|16397216.0000|27.1100
133500|27.1000|27.2500|27.1000|27.1500|407600|11080208.0000|27.1500
134000|27.1500|27.1700|27.0900|27.1100|337465|9153456.0000|27.1100
134500|27.1400|27.1400|27.0400|27.1300|300400|8136144.0000|27.1300
135000|27.1300|27.1400|27.0800|27.1300|232400|6300656.0000|27.1300
135500|27.1300|27.1300|27.0200|27.0800|261456|7074080.0000|27.0800
140000|27.0900|27.1700|27.0800|27.1700|270100|7326272.0000|27.1700
140500|27.1600|27.1800|27.1100|27.1200|390700|10611920.0000|27.1200
141000|27.1000|27.3000|27.1000|27.2700|1039500|28302560.0000|27.2700
141500|27.2700|27.3400|27.2600|27.2600|581000|15858800.0000|27.2600
142000|27.2700|27.3800|27.2700|27.3000|809163|22119360.0000|27.3000
142500|27.3000|27.3400|27.2900|27.3300|362000|9889056.0000|27.3300
143000|27.3300|27.3600|27.3200|27.3600|424900|11616304.0000|27.3600
143500|27.3600|27.3900|27.3300|27.3600|508800|13924336.0000|27.3600
144000|27.3700|27.4400|27.3500|27.4100|644291|17650752.0000|27.4100
144500|27.4100|27.4200|27.3400|27.3500|496775|13604416.0000|27.3500
145000|27.3500|27.4200|27.3400|27.3700|761142|20841936.0000|27.3700
145500|27.3700|27.3900|27.3300|27.3900|750165|20530768.0000|27.3900
150000|27.3900|27.4200|27.3900|27.4000|961451|26342624.0000|27.4000
