093500|27.74|27.87|27.5|27.77|12123.0|34584643.0|27.99
094000|27.76|28.02|27.58|27.89|7217.0|20656949.0|27.77
094500|27.87|27.98|27.71|27.73|6528.0|18750771.0|27.89
095000|27.71|27.72|27.4|27.5|8562.0|24315222.0|27.73
095500|27.51|27.65|27.44|27.53|4576.0|12985278.0|27.5
100000|27.48|27.58|27.35|27.49|3898.0|11036798.0|27.53
100500|27.5|27.69|27.5|27.57|3345.0|9522331.0|27.49
101000|27.58|27.7|27.54|27.6|2105.0|5994332.0|27.57
101500|27.62|27.83|27.62|27.74|3486.0|9973166.0|27.6
102000|27.75|27.86|27.67|27.78|3046.0|8726955.0|27.74
102500|27.77|27.82|27.65|27.77|2274.0|6501428.0|27.78
103000|27.77|27.83|27.62|27.62|4059.0|11616882.0|27.77
103500|27.6|27.68|27.59|27.66|1375.0|3918324.0|27.62
104000|27.65|27.72|27.57|27.58|1915.0|5459116.0|27.66
104500|27.57|27.64|27.55|27.64|1007.0|2863174.0|27.58
105000|27.64|27.69|27.59|27.64|1359.0|3875410.0|27.64
105500|27.59|27.92|27.59|27.82|4298.0|12320770.0|27.64
110000|27.8|27.96|27.76|27.96|2789.0|8012629.0|27.82
110500|27.97|28.06|27.92|27.96|2900.0|8364696.0|27.96
111000|27.94|28.03|27.92|27.95|2066.0|5954902.0|27.96
111500|27.96|28.13|27.96|28.13|3220.0|9317301.0|27.95
112000|28.13|28.22|28.07|28.07|2513.0|7300114.0|28.13
112500|28.09|28.23|28.07|28.23|1786.0|5182715.0|28.07
113000|28.23|28.51|28.21|28.47|5173.0|15139317.0|28.23
130500|28.51|28.57|28.33|28.46|13505.0|39651346.0|28.47
131000|28.46|28.51|28.39|28.5|4515.0|13248965.0|28.46
131500|28.53|28.76|28.51|28.71|6118.0|18074250.0|28.5
132000|28.71|28.71|28.51|28.63|2542.0|7497693.0|28.71
132500|28.62|28.77|28.62|28.69|4399.0|13013700.0|28.63
133000|28.68|28.78|28.66|28.74|6441.0|19071344.0|28.69
133500|28.7|28.82|28.68|28.8|3805.0|11283837.0|28.74
134000|28.8|28.8|28.69|28.69|3676.0|10902022.0|28.8
134500|28.7|28.86|28.7|28.78|6666.0|19774083.0|28.69
135000|28.77|28.95|28.76|28.95|4942.0|14690126.0|28.78
135500|28.95|29.08|28.95|29.07|6655.0|19906823.0|28.95
140000|29.08|29.24|28.91|28.92|7219.0|21646583.0|29.07
140500|28.93|29.01|28.93|28.95|3985.0|11903355.0|28.92
141000|28.95|29.1|28.95|29.1|4300.0|12859639.0|28.95
141500|29.1|29.2|29.07|29.16|4663.0|14005022.0|29.1
142000|29.16|29.48|29.16|29.41|12069.0|36502961.0|29.16
142500|29.4|29.43|29.3|29.42|6420.0|19443560.0|29.41
143000|29.42|29.64|29.3|29.48|9460.0|28772724.0|29.42
143500|29.46|29.66|29.45|29.63|8912.0|27152705.0|29.48
144000|29.63|29.63|29.34|29.37|7713.0|23494597.0|29.63
144500|29.41|29.52|29.38|29.47|5043.0|15304353.0|29.37
145000|29.46|29.47|29.31|29.39|5619.0|17014146.0|29.47
145500|29.38|29.39|29.31|29.32|5178.0|15663188.0|29.39
150000|29.31|29.34|29.29|29.33|3887.0|11753498.0|29.32
