09350000|24.6654010200|24.9165958600|24.5687876200|24.7137077200|3818117|97818763.0000|24.7137077200
09400000|24.7137077200|24.8296438000|24.6364170000|24.8006597800|2153988|55136873.0000|24.8006597800
09450000|24.8006597800|24.8393051400|24.6847237000|24.7620144200|1579600|40498956.0000|24.7620144200
09500000|24.7523530800|24.8586278200|24.7137077200|24.8296438000|1505263|38607909.0000|24.8296438000
09550000|24.8489664800|25.0132092600|24.8103211200|25.0132092600|1178600|30365539.0000|25.0132092600
10000000|24.9842252400|24.9938865800|24.7909984400|24.8199824600|1109700|28572392.0000|24.8199824600
10050000|24.8199824600|24.9938865800|24.8199824600|24.8876118400|1003995|25900528.0000|24.8876118400
10100000|24.8779505000|25.1484680200|24.8779505000|25.0518546200|1000237|25939552.0000|25.0518546200
10150000|25.0711773000|25.2064360600|25.0518546200|25.1774520400|1019200|26484144.0000|25.1774520400
10200000|25.1774520400|25.2450814200|25.0615159600|25.1291453400|512300|13331472.0000|25.1291453400
10250000|25.1388066800|25.1871133800|25.0711773000|25.1871133800|449696|11698400.0000|25.1871133800
10300000|25.1871133800|25.2450814200|25.0808386400|25.1194840000|525400|13683360.0000|25.1194840000
10350000|25.1291453400|25.2450814200|25.1291453400|25.2354200800|457800|11940384.0000|25.2354200800
10400000|25.2354200800|25.2547427600|25.0808386400|25.0808386400|522200|13585216.0000|25.0808386400
10450000|25.0808386400|25.0808386400|24.8876118400|24.8972731800|932500|24100080.0000|24.8972731800
10500000|24.8972731800|24.9262572000|24.7909984400|24.8296438000|870519|22391936.0000|24.8296438000
10550000|24.8296438000|24.8876118400|24.8199824600|24.8296438000|549281|14123616.0000|24.8296438000
11000000|24.8199824600|24.8972731800|24.8199824600|24.8296438000|561300|14439696.0000|24.8296438000
11050000|24.8296438000|24.8682891600|24.8199824600|24.8682891600|290000|7455440.0000|24.8682891600
11100000|24.8682891600|24.9165958600|24.8586278200|24.8779505000|263100|6778976.0000|24.8779505000
11150000|24.8779505000|24.8972731800|24.7426917400|24.7426917400|963587|24730384.0000|24.7426917400
11200000|24.7426917400|24.7620144200|24.7040463800|24.7330304000|834900|21376752.0000|24.7330304000
11250000|24.7523530800|24.7523530800|24.6557396800|24.6847237000|756582|19336144.0000|24.6847237000
11300000|24.7040463800|24.7426917400|24.6074329800|24.6170943200|977818|24952864.0000|24.6170943200
13050000|24.6170943200|24.7620144200|24.5977716400|24.7426917400|583300|14884608.0000|24.7426917400
13100000|24.7426917400|24.8393051400|24.7330304000|24.7620144200|352013|9023808.0000|24.7620144200
13150000|24.7813371000|24.9649025600|24.7813371000|24.8199824600|481200|12398320.0000|24.8199824600
13200000|24.8199824600|24.8876118400|24.7716757600|24.8779505000|427700|10982384.0000|24.8779505000
13250000|24.8779505000|24.9262572000|24.8393051400|24.8972731800|455500|11734048.0000|24.8972731800
13300000|24.8489664800|24.9745639000|24.8489664800|24.9745639000|416700|10750528.0000|24.9745639000
13350000|24.9649025600|24.9745639000|24.8296438000|24.8393051400|254674|6558912.0000|24.8393051400
13400000|24.8296438000|24.9165958600|24.8296438000|24.9069345200|422300|10861232.0000|24.9069345200
13450000|24.9165958600|24.9745639000|24.8876118400|24.8876118400|270800|6990464.0000|24.8876118400
13500000|24.8779505000|24.8972731800|24.8586278200|24.8586278200|238500|6141200.0000|24.8586278200
13550000|24.8682891600|24.9455798800|24.8489664800|24.9165958600|202900|5229024.0000|24.9165958600
14000000|24.9165958600|24.9165958600|24.8199824600|24.8296438000|183600|4723120.0000|24.8296438000
14050000|24.8393051400|24.8393051400|24.7233690600|24.7426917400|416700|10679936.0000|24.7426917400
14100000|24.7426917400|24.7620144200|24.6943850400|24.7330304000|417700|10689792.0000|24.7330304000
14150000|24.7426917400|24.7909984400|24.7137077200|24.7523530800|351600|9001184.0000|24.7523530800
14200000|24.7620144200|24.7813371000|24.7233690600|24.7233690600|446400|11433232.0000|24.7233690600
14250000|24.7330304000|24.7330304000|24.6943850400|24.7137077200|295300|7553696.0000|24.7137077200
14300000|24.7137077200|24.8006597800|24.7137077200|24.7909984400|307600|7876944.0000|24.7909984400
14350000|24.7909984400|24.8393051400|24.7813371000|24.8393051400|413851|10630448.0000|24.8393051400
14400000|24.8489664800|24.9359185400|24.8393051400|24.9165958600|435000|11209552.0000|24.9165958600
14450000|24.9165958600|24.9165958600|24.8489664800|24.8682891600|444700|11449568.0000|24.8682891600
14500000|24.8682891600|24.9552412200|24.8682891600|24.8682891600|576500|14860656.0000|24.8682891600
14550000|24.8586278200|24.8876118400|24.7813371000|24.7909984400|630474|16210272.0000|24.7909984400
15000000|24.8006597800|24.8296438000|24.7909984400|24.8103211200|728300|18704368.0000|24.8103211200
