09350000|10.2735779900|10.3214511400|10.1491078000|10.1586824300|6146300|65836846.0000|10.1586824300
09400000|10.1491078000|10.2640033600|10.1395331700|10.2640033600|2486300|26520451.0000|10.2640033600
09450000|10.2640033600|10.2735779900|10.2257048400|10.2544287300|1463900|15676042.0000|10.2544287300
09500000|10.2448541000|10.2735779900|10.2065555800|10.2640033600|1955500|20912157.0000|10.2640033600
09550000|10.2544287300|10.2640033600|10.2161302100|10.2161302100|801900|8574370.0000|10.2161302100
10000000|10.2161302100|10.2257048400|10.1969809500|10.2065555800|827100|8816664.0000|10.2065555800
10050000|10.2161302100|10.2161302100|10.1682570600|10.1874063200|794128|8446624.0000|10.1874063200
10100000|10.1778316900|10.2161302100|10.1778316900|10.1874063200|1221560|12998973.0000|10.1874063200
10150000|10.1874063200|10.2257048400|10.1874063200|10.1969809500|885400|9439524.0000|10.1969809500
10200000|10.1969809500|10.2161302100|10.1969809500|10.2065555800|666900|7109853.0000|10.2065555800
10250000|10.2065555800|10.2161302100|10.1778316900|10.1778316900|551700|5874547.0000|10.1778316900
10300000|10.1778316900|10.1874063200|10.1682570600|10.1778316900|553300|5880926.0000|10.1778316900
10350000|10.1778316900|10.2065555800|10.1778316900|10.2065555800|346600|3691088.0000|10.2065555800
10400000|10.1969809500|10.1969809500|10.1299585400|10.1395331700|986600|10470816.0000|10.1395331700
10450000|10.1299585400|10.1778316900|10.1299585400|10.1682570600|535400|5681206.0000|10.1682570600
10500000|10.1682570600|10.1874063200|10.1491078000|10.1682570600|426500|4530899.0000|10.1682570600
10550000|10.1586824300|10.1682570600|10.1299585400|10.1299585400|745700|7899368.0000|10.1299585400
11000000|10.1203839100|10.1586824300|10.1203839100|10.1299585400|451200|4778681.0000|10.1299585400
11050000|10.1395331700|10.1874063200|10.1299585400|10.1682570600|701157|7443431.0000|10.1682570600
11100000|10.1682570600|10.1874063200|10.1491078000|10.1586824300|435100|4621941.0000|10.1586824300
11150000|10.1586824300|10.1682570600|10.1108092800|10.1203839100|789900|8365149.0000|10.1203839100
11200000|10.1108092800|10.1203839100|10.0916600200|10.1203839100|1132198|11946147.0000|10.1203839100
11250000|10.1203839100|10.1299585400|10.1108092800|10.1203839100|562000|5940441.0000|10.1203839100
11300000|10.1108092800|10.1299585400|10.0820853900|10.0916600200|1020293|10770976.0000|10.0916600200
13050000|10.0916600200|10.1012346500|10.0725107600|10.0820853900|934200|9844160.0000|10.0820853900
13100000|10.0820853900|10.0916600200|10.0054883500|10.0246376100|1737056|18218944.0000|10.0246376100
13150000|10.0246376100|10.1299585400|10.0150629800|10.1203839100|940491|9912672.0000|10.1203839100
13200000|10.1203839100|10.1299585400|10.0916600200|10.1203839100|780900|8250480.0000|10.1203839100
13250000|10.1203839100|10.1395331700|10.0725107600|10.0725107600|797200|8416480.0000|10.0725107600
13300000|10.0725107600|10.0916600200|10.0437868700|10.0437868700|1355300|14237472.0000|10.0437868700
13350000|10.0437868700|10.0629361300|9.9767644600|9.9959137200|1846711|19319952.0000|9.9959137200
13400000|9.9959137200|10.0533615000|9.9863390900|10.0246376100|1058000|11080512.0000|10.0246376100
13450000|10.0150629800|10.0150629800|9.9193166800|9.9193166800|2763800|28756288.0000|9.9193166800
13500000|9.9193166800|9.9384659400|9.5746300000|9.7469733400|4523500|46162144.0000|9.7469733400
13550000|9.7469733400|9.9193166800|9.7469733400|9.8331450100|2480800|25503872.0000|9.8331450100
14000000|9.8427196400|9.9863390900|9.8427196400|9.9288913100|1417300|14731120.0000|9.9288913100
14050000|9.9288913100|9.9863390900|9.9193166800|9.9767644600|1566200|16285856.0000|9.9767644600
14100000|9.9767644600|10.1108092800|9.9576152000|10.0820853900|2683800|28146992.0000|10.0820853900
14150000|10.0820853900|10.2161302100|10.0725107600|10.1874063200|3267380|34625152.0000|10.1874063200
14200000|10.1778316900|10.1778316900|10.1203839100|10.1203839100|1223100|12960208.0000|10.1203839100
14250000|10.1203839100|10.1299585400|10.0533615000|10.0629361300|1006800|10612000.0000|10.0629361300
14300000|10.0629361300|10.1491078000|10.0629361300|10.1299585400|777400|8211760.0000|10.1299585400
14350000|10.1299585400|10.1586824300|10.1203839100|10.1586824300|768269|8134496.0000|10.1586824300
14400000|10.1586824300|10.1682570600|10.1491078000|10.1491078000|1168300|12396800.0000|10.1491078000
14450000|10.1491078000|10.1778316900|10.1491078000|10.1778316900|828100|8791104.0000|10.1778316900
14500000|10.1682570600|10.1778316900|10.1395331700|10.1395331700|1467700|15581920.0000|10.1395331700
14550000|10.1395331700|10.1874063200|10.1395331700|10.1778316900|1518543|16130144.0000|10.1778316900
15000000|10.1778316900|10.1874063200|10.1682570600|10.1778316900|1425242|15154416.0000|10.1778316900
