09350000|9.2843612000|9.3425096000|9.1777558000|9.2068300000|24474100|233743232.0000|9.2068300000
09400000|9.2068300000|9.2068300000|9.1583730000|9.1777558000|9928400|94012320.0000|9.1777558000
09450000|9.1777558000|9.2552870000|9.1777558000|9.2455956000|6982800|66501312.0000|9.2455956000
09500000|9.2455956000|9.2552870000|9.1874472000|9.2359042000|4816500|45876928.0000|9.2359042000
09550000|9.2359042000|9.2843612000|9.2165214000|9.2552870000|6425000|61322688.0000|9.2552870000
10000000|9.2552870000|9.4103494000|9.2455956000|9.4103494000|13632900|131334560.0000|9.4103494000
10050000|9.4103494000|9.4103494000|9.3522010000|9.3618924000|11000300|106445179.0000|9.3618924000
10100000|9.3618924000|9.3715838000|9.2843612000|9.3037440000|5791200|55682239.0000|9.3037440000
10150000|9.3037440000|9.3231268000|9.2843612000|9.3231268000|4707600|45185289.0000|9.3231268000
10200000|9.3134354000|9.3134354000|9.2455956000|9.2746698000|4375900|41886652.0000|9.2746698000
10250000|9.2843612000|9.2940526000|9.2359042000|9.2359042000|3821800|36513727.0000|9.2359042000
10300000|9.2359042000|9.2455956000|9.2068300000|9.2262128000|4616800|43930106.0000|9.2262128000
10350000|9.2262128000|9.2649784000|9.2165214000|9.2359042000|2883900|27490444.0000|9.2359042000
10400000|9.2359042000|9.2552870000|9.2068300000|9.2552870000|2038900|19421116.0000|9.2552870000
10450000|9.2455956000|9.2552870000|9.2068300000|9.2165214000|1893400|18016250.0000|9.2165214000
10500000|9.2165214000|9.2165214000|9.1583730000|9.1777558000|4259500|40345414.0000|9.1777558000
10550000|9.1777558000|9.1971386000|9.1583730000|9.1874472000|2453900|23226432.0000|9.1874472000
11000000|9.1874472000|9.1971386000|9.1583730000|9.1680644000|1912800|18106752.0000|9.1680644000
11050000|9.1680644000|9.1971386000|9.1680644000|9.1680644000|1226900|11624447.0000|9.1680644000
11100000|9.1680644000|9.1777558000|9.1389902000|9.1680644000|2612100|24686593.0000|9.1680644000
11150000|9.1583730000|9.1971386000|9.1583730000|9.1777558000|712900|6751360.0000|9.1777558000
11200000|9.1777558000|9.1874472000|9.1583730000|9.1680644000|989700|9368960.0000|9.1680644000
11250000|9.1777558000|9.1874472000|9.1680644000|9.1777558000|1003000|9499776.0000|9.1777558000
11300000|9.1777558000|9.1777558000|9.1583730000|9.1680644000|799300|7562112.0000|9.1680644000
13050000|9.1777558000|9.1777558000|9.1583730000|9.1583730000|2244200|21218816.0000|9.1583730000
13100000|9.1583730000|9.1680644000|9.1389902000|9.1486816000|1874100|17687040.0000|9.1486816000
13150000|9.1486816000|9.1874472000|9.1486816000|9.1680644000|1119700|10597120.0000|9.1680644000
13200000|9.1680644000|9.1874472000|9.1583730000|9.1680644000|1206200|11417088.0000|9.1680644000
13250000|9.1583730000|9.1680644000|9.1486816000|9.1486816000|1379000|13030016.0000|9.1486816000
13300000|9.1486816000|9.1583730000|9.1196074000|9.1389902000|2558800|24117504.0000|9.1389902000
13350000|9.1292988000|9.1486816000|9.1196074000|9.1486816000|1852400|17452288.0000|9.1486816000
13400000|9.1486816000|9.1680644000|9.1389902000|9.1680644000|1467500|13872256.0000|9.1680644000
13450000|9.1680644000|9.1680644000|9.1486816000|9.1583730000|1551800|14659072.0000|9.1583730000
13500000|9.1583730000|9.1583730000|9.1486816000|9.1583730000|957100|9041792.0000|9.1583730000
13550000|9.1486816000|9.1971386000|9.1486816000|9.1971386000|1807400|17111808.0000|9.1971386000
14000000|9.1971386000|9.1971386000|9.1680644000|9.1680644000|1084700|10275712.0000|9.1680644000
14050000|9.1777558000|9.1777558000|9.1486816000|9.1583730000|1458000|13781376.0000|9.1583730000
14100000|9.1486816000|9.1583730000|9.1292988000|9.1292988000|1409900|13300352.0000|9.1292988000
14150000|9.1389902000|9.1583730000|9.1292988000|9.1583730000|1169600|11025536.0000|9.1583730000
14200000|9.1486816000|9.1583730000|9.1389902000|9.1389902000|719300|6788864.0000|9.1389902000
14250000|9.1389902000|9.1486816000|9.1292988000|9.1389902000|1265400|11928448.0000|9.1389902000
14300000|9.1292988000|9.1486816000|9.1292988000|9.1486816000|1075900|10151040.0000|9.1486816000
14350000|9.1583730000|9.1777558000|9.1486816000|9.1680644000|2060500|19489152.0000|9.1680644000
14400000|9.1680644000|9.1680644000|9.1486816000|9.1486816000|1407600|13304960.0000|9.1486816000
14450000|9.1486816000|9.1583730000|9.1292988000|9.1389902000|1841600|17368832.0000|9.1389902000
14500000|9.1389902000|9.1389902000|9.0905332000|9.1002246000|7152300|67225216.0000|9.1002246000
14550000|9.0905332000|9.1099160000|9.0905332000|9.0905332000|3143800|29524608.0000|9.0905332000
15000000|9.1002246000|9.1099160000|9.1002246000|9.1002246000|3139800|29486592.0000|9.1002246000
