093500|19.1700|19.1700|18.8500|18.8900|883400|16754515.0000|18.8900
094000|18.8900|19.1000|18.8800|18.9900|561075|10658593.0000|18.9900
094500|18.9700|19.0100|18.9100|18.9200|242100|4594832.0000|18.9200
095000|18.9200|19.0400|18.8500|18.8500|460412|8715573.0000|18.8500
095500|18.8500|19.0000|18.8500|18.9200|275800|5213686.0000|18.9200
100000|18.9200|19.0000|18.9200|18.9700|131100|2485157.0000|18.9700
100500|19.0000|19.0200|18.9100|18.9100|235900|4476991.0000|18.9100
101000|18.9100|18.9800|18.9100|18.9700|182700|3462340.0000|18.9700
101500|18.9700|19.0200|18.9600|19.0000|134900|2562415.0000|19.0000
102000|19.0100|19.0200|18.9700|19.0100|130700|2483157.0000|19.0100
102500|19.0100|19.0300|18.9800|19.0200|158500|3012622.0000|19.0200
103000|19.0300|19.0900|19.0200|19.0600|229200|4367769.0000|19.0600
103500|19.0700|19.1300|19.0500|19.1000|146112|2789544.0000|19.1000
104000|19.1000|19.1800|19.1000|19.1800|142400|2727547.0000|19.1800
104500|19.1700|19.2000|19.0900|19.1400|175900|3368759.0000|19.1400
105000|19.1300|19.1500|19.0600|19.1100|307300|5870274.0000|19.1100
105500|19.1300|19.1400|19.0600|19.1200|98100|1874012.0000|19.1200
110000|19.1200|19.1600|19.1200|19.1600|118900|2276104.0000|19.1600
110500|19.1600|19.1800|19.1300|19.1700|81600|1562988.0000|19.1700
111000|19.1800|19.1900|19.1500|19.1600|67900|1301547.0000|19.1600
111500|19.1500|19.1500|19.0600|19.0800|79700|1521881.0000|19.0800
112000|19.0900|19.1500|19.0700|19.1500|125800|2403420.0000|19.1500
112500|19.1500|19.1900|19.1400|19.1800|107800|2066733.0000|19.1800
113000|19.1800|19.1900|19.0800|19.1400|90900|1741198.0000|19.1400
130500|19.1400|19.1400|19.0400|19.0500|137000|2613715.0000|19.0500
131000|19.0500|19.0700|19.0100|19.0200|141800|2700235.0000|19.0200
131500|19.0300|19.0600|19.0200|19.0300|89900|1711463.0000|19.0300
132000|19.0300|19.0300|19.0000|19.0000|115000|2186422.0000|19.0000
132500|19.0100|19.0400|19.0000|19.0100|134100|2551483.0000|19.0100
133000|19.0100|19.0300|19.0000|19.0100|103000|1958896.0000|19.0100
133500|19.0100|19.0200|18.9800|18.9900|181800|3453285.0000|18.9900
134000|18.9900|19.0100|18.9700|19.0100|144900|2752373.0000|19.0100
134500|19.0000|19.0100|18.9800|19.0000|162700|3089975.0000|19.0000
135000|18.9900|19.0000|18.9700|18.9700|81100|1540340.0000|18.9700
135500|18.9700|18.9900|18.9200|18.9400|197300|3737016.0000|18.9400
140000|18.9300|18.9600|18.9200|18.9600|159483|3021423.0000|18.9600
140500|18.9600|19.0200|18.9500|18.9900|233300|4429605.0000|18.9900
141000|18.9900|19.0000|18.9300|18.9700|80300|1523447.0000|18.9700
141500|18.9700|19.0000|18.9600|18.9800|167300|3175777.0000|18.9800
142000|18.9900|19.0300|18.9800|19.0000|181700|3454110.0000|19.0000
142500|19.0000|19.0500|19.0000|19.0300|177400|3374639.0000|19.0300
143000|19.0400|19.1000|19.0200|19.0600|328500|6258587.0000|19.0600
143500|19.0600|19.0900|19.0600|19.0900|197188|3760846.0000|19.0900
144000|19.0800|19.1200|19.0600|19.0900|192400|3674410.0000|19.0900
144500|19.0900|19.1400|19.0900|19.1000|224500|4291011.0000|19.1000
145000|19.1000|19.1100|19.0700|19.0800|256700|4900393.0000|19.0800
145500|19.0800|19.1000|19.0600|19.0700|312719|5966452.0000|19.0700
150000|19.0800|19.0800|19.0500|19.0700|237767|4533674.0000|19.0700
