093500|12.7|12.7|12.6|12.62|8319.0|10833739.0|12.67
094000|12.61|12.67|12.61|12.65|3029.0|3938217.0|12.62
094500|12.64|12.67|12.63|12.67|2488.0|3235433.0|12.65
095000|12.66|12.68|12.64|12.65|2454.0|3195836.0|12.67
095500|12.64|12.67|12.63|12.67|2120.0|2758031.0|12.65
100000|12.66|12.67|12.64|12.64|1535.0|1998725.0|12.67
100500|12.65|12.65|12.63|12.64|1339.0|1740566.0|12.64
101000|12.64|12.68|12.63|12.68|1930.0|2512232.0|12.64
101500|12.66|12.74|12.66|12.73|11391.0|14876740.0|12.68
102000|12.72|12.73|12.71|12.73|2806.0|3670408.0|12.73
102500|12.72|12.77|12.72|12.76|7266.0|9525029.0|12.73
103000|12.76|12.79|12.74|12.78|10645.0|13974207.0|12.76
103500|12.78|12.78|12.75|12.75|2604.0|3418499.0|12.78
104000|12.75|12.76|12.73|12.75|1953.0|2560011.0|12.75
104500|12.75|12.76|12.74|12.75|1313.0|1721803.0|12.75
105000|12.75|12.77|12.75|12.75|2216.0|2907152.0|12.75
105500|12.75|12.79|12.75|12.79|7792.0|10237054.0|12.75
110000|12.78|12.8|12.78|12.79|3878.0|5099060.0|12.79
110500|12.79|12.8|12.79|12.79|1943.0|2556003.0|12.79
111000|12.8|12.8|12.77|12.77|2647.0|3480945.0|12.79
111500|12.78|12.8|12.78|12.8|2564.0|3371405.0|12.77
112000|12.79|12.8|12.79|12.8|1683.0|2213948.0|12.8
112500|12.79|12.86|12.79|12.85|11002.0|14503219.0|12.8
113000|12.85|12.88|12.84|12.87|5871.0|7757394.0|12.85
130500|12.87|12.9|12.86|12.89|8826.0|11689427.0|12.87
131000|12.9|12.9|12.88|12.88|4288.0|5682904.0|12.89
131500|12.89|12.89|12.88|12.88|3103.0|4113286.0|12.88
132000|12.88|12.89|12.86|12.86|2293.0|3034631.0|12.88
132500|12.87|12.88|12.86|12.87|3695.0|4886681.0|12.86
133000|12.87|12.87|12.85|12.85|2256.0|2980895.0|12.87
133500|12.85|12.86|12.85|12.86|2842.0|3755856.0|12.85
134000|12.86|12.89|12.85|12.89|9199.0|12179705.0|12.86
134500|12.9|12.9|12.88|12.88|3824.0|5066369.0|12.89
135000|12.88|12.88|12.88|12.88|2409.0|3190369.0|12.88
135500|12.88|12.88|12.88|12.88|2040.0|2701521.0|12.88
140000|12.88|12.89|12.85|12.87|6329.0|8377737.0|12.88
140500|12.88|12.88|12.83|12.84|4121.0|5450725.0|12.87
141000|12.84|12.84|12.8|12.8|3469.0|4572171.0|12.84
141500|12.8|12.84|12.8|12.84|2412.0|3179945.0|12.8
142000|12.83|12.85|12.83|12.84|3152.0|4160580.0|12.84
142500|12.85|12.86|12.83|12.85|2136.0|2820407.0|12.84
143000|12.86|12.87|12.85|12.85|2493.0|3295988.0|12.85
143500|12.85|12.88|12.85|12.85|5261.0|6958083.0|12.85
144000|12.86|12.87|12.85|12.85|2215.0|2927076.0|12.85
144500|12.85|12.85|12.84|12.84|1995.0|2635031.0|12.85
145000|12.84|12.86|12.84|12.86|2642.0|3491125.0|12.84
145500|12.86|12.88|12.85|12.88|5828.0|7708849.0|12.86
150000|12.88|12.88|12.85|12.87|4849.0|6416865.0|12.88
