09350000|62.4765393000|63.0321029100|62.2816047000|62.9736225300|5105960|328046928.0000|62.9736225300
09400000|62.9443823400|63.4024786500|62.9053954200|63.1588104000|3701069|239585344.0000|63.1588104000
09450000|63.0808365600|63.1783038600|62.8274215800|62.8956486900|2362715|152711232.0000|62.8956486900
09500000|62.8956486900|62.9346356100|62.3303383500|62.7202075500|3467283|222603472.0000|62.7202075500
09550000|62.7007140900|63.2367842400|62.6909673600|62.8664085000|2587863|167160112.0000|62.8664085000
10000000|62.8664085000|62.8761552300|62.5740066000|62.5740066000|1395544|89819680.0000|62.5740066000
10050000|62.5740066000|62.8469150400|62.5252729500|62.5837533300|1592640|102413984.0000|62.5837533300
10100000|62.5837533300|62.6032467900|62.0281897200|62.0476831800|2529963|161681584.0000|62.0476831800
10150000|62.0769233700|62.1841374000|61.6480672500|61.6675607100|3496660|222199552.0000|61.6675607100
10200000|61.6675607100|61.8917355000|61.5798401400|61.8430018500|3076077|194755120.0000|61.8430018500
10250000|61.8430018500|62.3303383500|61.8332551200|62.1159102900|1552616|98918128.0000|62.1159102900
10300000|62.1548972100|62.3498318100|61.8917355000|62.3498318100|1372385|87425648.0000|62.3498318100
10350000|62.3693252700|62.6714739000|62.3693252700|62.6519804400|1828513|117288736.0000|62.6519804400
10400000|62.6812206300|62.8956486900|62.6324869800|62.7494477400|1854829|119499424.0000|62.7494477400
10450000|62.7397010100|62.8859019600|62.5252729500|62.5350196800|989524|63679024.0000|62.5350196800
10500000|62.5350196800|62.7007140900|62.3400850800|62.3693252700|1440052|92372032.0000|62.3693252700
10550000|62.3888187300|62.9638758000|62.3595785400|62.9638758000|1236637|79524800.0000|62.9638758000
11000000|62.9638758000|63.2660244300|62.9151421500|63.1783038600|1974296|127888432.0000|63.1783038600
11050000|63.1783038600|63.3537450000|62.9443823400|63.0418496400|1565235|101538016.0000|63.0418496400
11100000|63.0515963700|63.3342515400|62.9248888800|63.3147580800|717977|46428160.0000|63.3147580800
11150000|63.3147580800|63.4999459500|63.1783038600|63.1880505900|2231047|145064272.0000|63.1880505900
11200000|63.1880505900|63.3342515400|63.0418496400|63.2952646200|727812|47184048.0000|63.2952646200
11250000|63.2952646200|63.3732384600|63.1783038600|63.3050113500|1076828|69933424.0000|63.3050113500
11300000|63.3050113500|63.5974132500|63.2660244300|63.5974132500|1816836|118248192.0000|63.5974132500
13050000|63.5974132500|63.8800684200|63.5974132500|63.7923478500|3095014|202406048.0000|63.7923478500
13100000|63.7826011200|63.9385488000|63.6461469000|63.8508282300|1952064|127854496.0000|63.8508282300
13150000|63.8215880400|64.2406974300|63.8215880400|64.2406974300|2031748|133522736.0000|64.2406974300
13200000|64.2406974300|64.3284180000|64.0944964800|64.0944964800|2581204|170200256.0000|64.0944964800
13250000|64.1139899400|64.2309507000|63.6656403600|63.6656403600|1392712|91535216.0000|63.6656403600
13300000|63.6851338200|63.8410815000|63.6851338200|63.8410815000|1052930|68915264.0000|63.8410815000
13350000|63.8313347700|63.8410815000|63.6169067100|63.8215880400|1162438|75998192.0000|63.8215880400
13400000|63.8215880400|64.0555095600|63.6461469000|64.0555095600|917109|60055392.0000|64.0555095600
13450000|64.0555095600|64.9717021800|64.0555095600|64.9327152600|5156146|341782160.0000|64.9327152600
13500000|64.9229685300|65.2933442700|64.5330993300|64.5330993300|3419316|228000512.0000|64.5330993300
13550000|64.5233526000|64.8060077700|64.3284180000|64.7182872000|1874596|124262912.0000|64.7182872000
14000000|64.7182872000|64.7182872000|64.6013264400|64.6793002800|1158435|76872448.0000|64.6793002800
14050000|64.6793002800|65.0204358300|64.6793002800|64.8157545000|2039514|135796992.0000|64.8157545000
14100000|64.8937283400|65.0204358300|64.7962610400|64.9911956400|1626620|108409088.0000|64.9911956400
14150000|64.9814489100|65.7611873100|64.9619554500|65.4980256000|5615808|376482816.0000|65.4980256000
14200000|65.5077723300|65.8878948000|65.4980256000|65.8001742300|5321900|359123200.0000|65.8001742300
14250000|65.8391611500|65.8781480700|65.4005583000|65.4005583000|4213668|284385792.0000|65.4005583000
14300000|65.3128377300|65.4005583000|64.8157545000|64.9327152600|2797856|186990336.0000|64.9327152600
14350000|64.9327152600|64.9327152600|64.6013264400|64.8157545000|1825528|121294848.0000|64.8157545000
14400000|64.8157545000|64.8547414200|64.3479114600|64.4941124100|1802416|119494656.0000|64.4941124100
14450000|64.4843656800|64.8547414200|64.4453787600|64.7670208500|1498441|99284480.0000|64.7670208500
14500000|64.7670208500|64.7767675800|64.4551254900|64.5915797100|1077505|71312640.0000|64.5915797100
14550000|64.6013264400|64.9424619900|64.5818329800|64.9034750700|2547776|169374976.0000|64.9034750700
15000000|64.9034750700|64.9619554500|64.8644881500|64.9424619900|2376587|158317568.0000|64.9424619900
