093500|18.81|19.0|18.75|18.8|306814.0|578715242.0|19.04
094000|18.81|19.04|18.73|18.86|153151.0|289108474.0|18.8
094500|18.85|18.98|18.85|18.88|95271.0|180351268.0|18.86
095000|18.89|19.06|18.88|19.03|90589.0|171941137.0|18.88
095500|19.02|19.08|18.97|19.05|83478.0|158926027.0|19.03
100000|19.05|19.14|18.99|18.99|107907.0|205764581.0|19.05
100500|18.99|19.0|18.84|18.85|90345.0|170945667.0|18.99
101000|18.85|18.94|18.84|18.94|71661.0|135338187.0|18.85
101500|18.95|18.98|18.9|18.97|46688.0|88414278.0|18.94
102000|18.97|18.97|18.89|18.92|31834.0|60249763.0|18.97
102500|18.92|18.94|18.83|18.88|57186.0|107950224.0|18.92
103000|18.87|18.88|18.85|18.86|34356.0|64798617.0|18.88
103500|18.85|18.96|18.85|18.86|37599.0|71037317.0|18.86
104000|18.86|18.9|18.81|18.85|42447.0|79971230.0|18.86
104500|18.85|19.05|18.85|18.99|70859.0|134512982.0|18.85
105000|18.99|18.99|18.93|18.94|23467.0|44484529.0|18.99
105500|18.93|18.94|18.9|18.92|20670.0|39104292.0|18.94
110000|18.92|18.97|18.92|18.94|18952.0|35889374.0|18.92
110500|18.94|19.01|18.88|18.88|37083.0|70327159.0|18.94
111000|18.89|18.93|18.88|18.9|13098.0|24755042.0|18.88
111500|18.9|18.9|18.86|18.87|15601.0|29447139.0|18.9
112000|18.87|18.91|18.86|18.88|13842.0|26136832.0|18.87
112500|18.89|18.89|18.83|18.84|24780.0|46720281.0|18.88
113000|18.84|18.89|18.84|18.87|15556.0|29344367.0|18.84
130500|18.88|18.99|18.87|18.99|33352.0|63065383.0|18.87
131000|18.98|19.07|18.96|18.99|61987.0|117911451.0|18.99
131500|18.98|19.03|18.95|19.0|33658.0|63900696.0|18.99
132000|19.0|19.18|18.99|19.11|130605.0|249513115.0|19.0
132500|19.11|19.13|19.04|19.05|55183.0|105431546.0|19.11
133000|19.04|19.07|19.03|19.06|30568.0|58230632.0|19.05
133500|19.05|19.05|18.98|18.99|41650.0|79191961.0|19.06
134000|18.98|18.99|18.94|18.96|27747.0|52624909.0|18.99
134500|18.94|18.97|18.91|18.94|38726.0|73334016.0|18.96
135000|18.93|18.93|18.88|18.89|51021.0|96454088.0|18.94
135500|18.88|18.89|18.84|18.87|59468.0|112191039.0|18.89
140000|18.86|18.9|18.84|18.88|36007.0|67964061.0|18.87
140500|18.88|18.89|18.86|18.87|25066.0|47309618.0|18.88
141000|18.87|18.87|18.82|18.83|63413.0|119438499.0|18.87
141500|18.82|18.83|18.77|18.78|75026.0|141071851.0|18.83
142000|18.78|18.84|18.77|18.84|37868.0|71205614.0|18.78
142500|18.84|18.85|18.81|18.81|27588.0|51946674.0|18.84
143000|18.82|18.85|18.81|18.85|22658.0|42667432.0|18.81
143500|18.85|18.85|18.83|18.84|26675.0|50259574.0|18.85
144000|18.84|18.87|18.83|18.84|32590.0|61436727.0|18.84
144500|18.84|18.87|18.84|18.86|38304.0|72212431.0|18.84
145000|18.86|18.87|18.83|18.85|57525.0|108437866.0|18.86
145500|18.84|18.86|18.84|18.85|59984.0|113069121.0|18.85
150000|18.85|18.89|18.85|18.89|62134.0|117268107.0|18.85
