09350000|7.2043254400|7.2426463200|7.1851650000|7.1947452200|4380200|32979342.0000|7.1947452200
09400000|7.1947452200|7.1947452200|7.1660045600|7.1755847800|3947800|29604920.0000|7.1755847800
09450000|7.1755847800|7.2043254400|7.1755847800|7.1947452200|2470100|18537760.0000|7.1947452200
09500000|7.1851650000|7.2139056600|7.1851650000|7.2139056600|1495500|11236712.0000|7.2139056600
09550000|7.2139056600|7.2234858800|7.1947452200|7.2043254400|1380400|10386320.0000|7.2043254400
10000000|7.2043254400|7.2234858800|7.1947452200|7.2234858800|1383900|10413688.0000|7.2234858800
10050000|7.2139056600|7.2330661000|7.2043254400|7.2234858800|1626900|12260792.0000|7.2234858800
10100000|7.2234858800|7.2330661000|7.2043254400|7.2330661000|1265700|9535376.0000|7.2330661000
10150000|7.2330661000|7.2426463200|7.2234858800|7.2234858800|1460800|11026560.0000|7.2234858800
10200000|7.2234858800|7.2330661000|7.1947452200|7.1947452200|1510600|11372144.0000|7.1947452200
10250000|7.1947452200|7.2043254400|7.1947452200|7.2043254400|806900|6064848.0000|7.2043254400
10300000|7.2043254400|7.2139056600|7.1851650000|7.1947452200|1118500|8404944.0000|7.1947452200
10350000|7.1947452200|7.2139056600|7.1947452200|7.1947452200|990900|7446912.0000|7.1947452200
10400000|7.1947452200|7.2043254400|7.1851650000|7.1851650000|707100|5308240.0000|7.1851650000
10450000|7.1851650000|7.1947452200|7.1851650000|7.1851650000|832500|6245888.0000|7.1851650000
10500000|7.1851650000|7.1947452200|7.1755847800|7.1851650000|2539500|19042144.0000|7.1851650000
10550000|7.1851650000|7.1851650000|7.1755847800|7.1851650000|753300|5646464.0000|7.1851650000
11000000|7.1851650000|7.2043254400|7.1755847800|7.1947452200|1159100|8699968.0000|7.1947452200
11050000|7.1947452200|7.2043254400|7.1851650000|7.1947452200|539600|4053104.0000|7.1947452200
11100000|7.1947452200|7.2043254400|7.1851650000|7.2043254400|620700|4659888.0000|7.2043254400
11150000|7.1947452200|7.2139056600|7.1851650000|7.2043254400|637100|4789424.0000|7.2043254400
11200000|7.2043254400|7.2043254400|7.1851650000|7.1851650000|933000|7003552.0000|7.1851650000
11250000|7.1851650000|7.2043254400|7.1851650000|7.1947452200|495300|3718656.0000|7.1947452200
11300000|7.1947452200|7.2043254400|7.1947452200|7.2043254400|663300|4986432.0000|7.2043254400
13050000|7.2043254400|7.2043254400|7.1851650000|7.1851650000|1193500|8959856.0000|7.1851650000
13100000|7.1851650000|7.1947452200|7.1755847800|7.1755847800|685100|5137072.0000|7.1755847800
13150000|7.1851650000|7.1851650000|7.1755847800|7.1851650000|983800|7372928.0000|7.1851650000
13200000|7.1755847800|7.1947452200|7.1755847800|7.1947452200|1249400|9374048.0000|7.1947452200
13250000|7.1947452200|7.1947452200|7.1851650000|7.1851650000|423400|3176768.0000|7.1851650000
13300000|7.1851650000|7.1947452200|7.1851650000|7.1947452200|757900|5689984.0000|7.1947452200
13350000|7.1947452200|7.2043254400|7.1851650000|7.1947452200|1043500|7834656.0000|7.1947452200
13400000|7.1947452200|7.2043254400|7.1851650000|7.1851650000|463600|3481728.0000|7.1851650000
13450000|7.1851650000|7.1947452200|7.1755847800|7.1947452200|1747600|13109696.0000|7.1947452200
13500000|7.1947452200|7.2139056600|7.1851650000|7.2139056600|1182400|8888384.0000|7.2139056600
13550000|7.2139056600|7.2426463200|7.2139056600|7.2426463200|2848400|21494112.0000|7.2426463200
14000000|7.2330661000|7.2522265400|7.2330661000|7.2522265400|2755500|20836960.0000|7.2522265400
14050000|7.2522265400|7.2522265400|7.2330661000|7.2330661000|871300|6584448.0000|7.2330661000
14100000|7.2426463200|7.2426463200|7.2330661000|7.2426463200|532200|4020096.0000|7.2426463200
14150000|7.2330661000|7.2426463200|7.2330661000|7.2426463200|953100|7202688.0000|7.2426463200
14200000|7.2426463200|7.2426463200|7.2234858800|7.2330661000|840300|6345152.0000|7.2330661000
14250000|7.2330661000|7.2522265400|7.2330661000|7.2426463200|1243100|9396384.0000|7.2426463200
14300000|7.2426463200|7.2713869800|7.2330661000|7.2713869800|2671400|20221312.0000|7.2713869800
14350000|7.2713869800|7.2713869800|7.2522265400|7.2522265400|1581800|11990176.0000|7.2522265400
14400000|7.2618067600|7.2713869800|7.2426463200|7.2713869800|1585100|12014368.0000|7.2713869800
14450000|7.2713869800|7.2713869800|7.2618067600|7.2618067600|1622600|12305504.0000|7.2618067600
14500000|7.2618067600|7.2713869800|7.2522265400|7.2618067600|1944400|14741344.0000|7.2618067600
14550000|7.2713869800|7.2713869800|7.2618067600|7.2618067600|2398400|18196448.0000|7.2618067600
15000000|7.2713869800|7.2713869800|7.2618067600|7.2713869800|3513200|26659360.0000|7.2713869800
