09350000|7.8936066900|7.9133160700|7.8541879300|7.9133160700|8817700|70623984.0000|7.9133160700
09400000|7.9231707600|7.9428801400|7.9133160700|7.9231707600|8172300|65770272.0000|7.9231707600
09450000|7.9231707600|7.9428801400|7.8936066900|7.9428801400|6095100|48987568.0000|7.9428801400
09500000|7.9330254500|7.9428801400|7.9231707600|7.9231707600|3980400|32043296.0000|7.9231707600
09550000|7.9231707600|7.9428801400|7.9034613800|7.9133160700|3038000|24418768.0000|7.9133160700
10000000|7.9133160700|7.9133160700|7.8837520000|7.8837520000|3077700|24660736.0000|7.8837520000
10050000|7.8936066900|7.9034613800|7.8837520000|7.8837520000|2175500|17422480.0000|7.8837520000
10100000|7.8837520000|7.8936066900|7.8738973100|7.8837520000|2365900|18921984.0000|7.8837520000
10150000|7.8738973100|7.8738973100|7.8246238600|7.8246238600|3873800|30844608.0000|7.8246238600
10200000|7.8246238600|7.8541879300|7.8246238600|7.8541879300|2891100|22976928.0000|7.8541879300
10250000|7.8541879300|7.8640426200|7.8344785500|7.8443332400|1312600|10458912.0000|7.8443332400
10300000|7.8344785500|7.8541879300|7.8246238600|7.8344785500|1893100|15057696.0000|7.8344785500
10350000|7.8344785500|7.8344785500|7.8147691700|7.8147691700|2601600|20645056.0000|7.8147691700
10400000|7.8147691700|7.8344785500|7.8147691700|7.8246238600|2388300|18957120.0000|7.8246238600
10450000|7.8246238600|7.8443332400|7.8246238600|7.8344785500|1017100|8081824.0000|7.8344785500
10500000|7.8443332400|7.8541879300|7.8443332400|7.8541879300|795900|6339488.0000|7.8541879300
10550000|7.8541879300|7.8541879300|7.8344785500|7.8541879300|617100|4914176.0000|7.8541879300
11000000|7.8541879300|7.8541879300|7.8344785500|7.8443332400|1256600|9994144.0000|7.8443332400
11050000|7.8344785500|7.8443332400|7.8246238600|7.8246238600|1131400|8993184.0000|7.8246238600
11100000|7.8344785500|7.8443332400|7.8246238600|7.8344785500|666300|5297792.0000|7.8344785500
11150000|7.8344785500|7.8443332400|7.8246238600|7.8344785500|753900|5997984.0000|7.8344785500
11200000|7.8443332400|7.8443332400|7.8246238600|7.8443332400|726300|5775712.0000|7.8443332400
11250000|7.8344785500|7.8443332400|7.8344785500|7.8344785500|706200|5616384.0000|7.8344785500
11300000|7.8443332400|7.8443332400|7.8344785500|7.8443332400|677500|5387776.0000|7.8443332400
13050000|7.8344785500|7.8443332400|7.8246238600|7.8246238600|2384800|18952928.0000|7.8246238600
13100000|7.8246238600|7.8443332400|7.8246238600|7.8443332400|1252400|9959296.0000|7.8443332400
13150000|7.8443332400|7.8443332400|7.8147691700|7.8344785500|1772100|14074752.0000|7.8344785500
13200000|7.8246238600|7.8443332400|7.8246238600|7.8443332400|721500|5736448.0000|7.8443332400
13250000|7.8344785500|7.8443332400|7.8246238600|7.8246238600|880600|6996984.0000|7.8246238600
13300000|7.8246238600|7.8344785500|7.8147691700|7.8147691700|2433900|19315464.0000|7.8147691700
13350000|7.8147691700|7.8344785500|7.8147691700|7.8246238600|821100|6517560.0000|7.8246238600
13400000|7.8147691700|7.8246238600|7.8147691700|7.8246238600|716900|5685761.0000|7.8246238600
13450000|7.8147691700|7.8344785500|7.8147691700|7.8246238600|1335200|10600071.0000|7.8246238600
13500000|7.8246238600|7.8344785500|7.8246238600|7.8344785500|453500|3603840.0000|7.8344785500
13550000|7.8344785500|7.8443332400|7.8344785500|7.8344785500|918400|7304316.0000|7.8344785500
14000000|7.8443332400|7.8541879300|7.8344785500|7.8443332400|1043000|8300161.0000|7.8443332400
14050000|7.8443332400|7.8443332400|7.8246238600|7.8344785500|1197900|9523645.0000|7.8344785500
14100000|7.8344785500|7.8443332400|7.8147691700|7.8246238600|1124700|8934206.0000|7.8246238600
14150000|7.8246238600|7.8344785500|7.8147691700|7.8246238600|811800|6443520.0000|7.8246238600
14200000|7.8246238600|7.8344785500|7.8147691700|7.8246238600|968700|7690886.0000|7.8246238600
14250000|7.8344785500|7.8344785500|7.8147691700|7.8246238600|755300|5998083.0000|7.8246238600
14300000|7.8246238600|7.8344785500|7.8147691700|7.8246238600|1112700|8836603.0000|7.8246238600
14350000|7.8246238600|7.8344785500|7.8246238600|7.8246238600|1670400|13266628.0000|7.8246238600
14400000|7.8344785500|7.8344785500|7.8246238600|7.8344785500|1256400|9985657.0000|7.8344785500
14450000|7.8344785500|7.8443332400|7.8246238600|7.8344785500|2174300|17284940.0000|7.8344785500
14500000|7.8344785500|7.8443332400|7.8246238600|7.8344785500|2637500|20967156.0000|7.8344785500
14550000|7.8344785500|7.8443332400|7.8344785500|7.8443332400|1645200|13089227.0000|7.8443332400
15000000|7.8443332400|7.8443332400|7.8344785500|7.8443332400|3064300|24384573.0000|7.8443332400
