09350000|4.0862464500|4.0862464500|4.0671963500|4.0767214000|2319300|9919091.0000|4.0767214000
09400000|4.0767214000|4.1243466500|4.0767214000|4.1148216000|1064227|4578971.0000|4.1148216000
09450000|4.1148216000|4.1433967500|4.1148216000|4.1433967500|802800|3482315.0000|4.1433967500
09500000|4.1338717000|4.1433967500|4.1052965500|4.1148216000|796800|3451699.0000|4.1148216000
09550000|4.1148216000|4.1719719000|4.1052965500|4.1529218000|1293400|5628953.0000|4.1529218000
10000000|4.1529218000|4.1719719000|4.1433967500|4.1433967500|919900|4015617.0000|4.1433967500
10050000|4.1433967500|4.1529218000|4.1433967500|4.1433967500|651600|2835210.0000|4.1433967500
10100000|4.1529218000|4.1624468500|4.1433967500|4.1529218000|338800|1477020.0000|4.1529218000
10150000|4.1529218000|4.1624468500|4.1433967500|4.1624468500|221900|967710.0000|4.1624468500
10200000|4.1529218000|4.1624468500|4.1338717000|4.1433967500|658400|2867763.0000|4.1433967500
10250000|4.1338717000|4.1433967500|4.1338717000|4.1433967500|369100|1604459.0000|4.1433967500
10300000|4.1338717000|4.1433967500|4.1338717000|4.1338717000|158200|687283.0000|4.1338717000
10350000|4.1338717000|4.1529218000|4.1338717000|4.1529218000|214000|931189.0000|4.1529218000
10400000|4.1529218000|4.1529218000|4.1433967500|4.1529218000|186839|813293.0000|4.1529218000
10450000|4.1529218000|4.1529218000|4.1338717000|4.1338717000|413661|1797305.0000|4.1338717000
10500000|4.1433967500|4.1433967500|4.1338717000|4.1433967500|98900|429636.0000|4.1433967500
10550000|4.1433967500|4.1433967500|4.1338717000|4.1433967500|60600|263276.0000|4.1433967500
11000000|4.1338717000|4.1433967500|4.1338717000|4.1433967500|224800|976807.0000|4.1433967500
11050000|4.1433967500|4.1433967500|4.1338717000|4.1433967500|180600|783904.0000|4.1433967500
11100000|4.1338717000|4.1433967500|4.1338717000|4.1338717000|192100|835228.0000|4.1338717000
11150000|4.1433967500|4.1529218000|4.1338717000|4.1529218000|272000|1183254.0000|4.1529218000
11200000|4.1529218000|4.1529218000|4.1433967500|4.1529218000|152500|664350.0000|4.1529218000
11250000|4.1433967500|4.1529218000|4.1433967500|4.1529218000|75800|330028.0000|4.1529218000
11300000|4.1529218000|4.1529218000|4.1433967500|4.1529218000|45800|199424.0000|4.1529218000
13050000|4.1529218000|4.1529218000|4.1433967500|4.1529218000|161800|704619.0000|4.1529218000
13100000|4.1433967500|4.1624468500|4.1433967500|4.1624468500|1237500|5389300.0000|4.1624468500
13150000|4.1624468500|4.1624468500|4.1529218000|4.1624468500|70900|309609.0000|4.1624468500
13200000|4.1529218000|4.1624468500|4.1433967500|4.1433967500|323400|1410755.0000|4.1433967500
13250000|4.1433967500|4.1529218000|4.1338717000|4.1433967500|409700|1782073.0000|4.1433967500
13300000|4.1433967500|4.1529218000|4.1433967500|4.1433967500|69700|303248.0000|4.1433967500
13350000|4.1529218000|4.1529218000|4.1433967500|4.1433967500|88700|386227.0000|4.1433967500
13400000|4.1433967500|4.1529218000|4.1433967500|4.1529218000|112900|491583.0000|4.1529218000
13450000|4.1529218000|4.1529218000|4.1338717000|4.1433967500|405200|1762888.0000|4.1433967500
13500000|4.1433967500|4.1529218000|4.1338717000|4.1433967500|115400|501925.0000|4.1433967500
13550000|4.1433967500|4.1529218000|4.1433967500|4.1433967500|470800|2051554.0000|4.1433967500
14000000|4.1433967500|4.1529218000|4.1433967500|4.1529218000|74800|325682.0000|4.1529218000
14050000|4.1529218000|4.1529218000|4.1338717000|4.1433967500|159600|694279.0000|4.1433967500
14100000|4.1338717000|4.1433967500|4.1338717000|4.1338717000|54700|237719.0000|4.1338717000
14150000|4.1338717000|4.1433967500|4.1338717000|4.1433967500|95000|412962.0000|4.1433967500
14200000|4.1338717000|4.1433967500|4.1338717000|4.1433967500|259300|1125595.0000|4.1433967500
14250000|4.1433967500|4.1433967500|4.1338717000|4.1433967500|131300|570907.0000|4.1433967500
14300000|4.1433967500|4.1433967500|4.1338717000|4.1433967500|829900|3604640.0000|4.1433967500
14350000|4.1433967500|4.1433967500|4.1243466500|4.1243466500|394100|1710824.0000|4.1243466500
14400000|4.1243466500|4.1433967500|4.1243466500|4.1338717000|312300|1354842.0000|4.1338717000
14450000|4.1243466500|4.1338717000|4.1243466500|4.1338717000|263500|1142371.0000|4.1338717000
14500000|4.1338717000|4.1338717000|4.1243466500|4.1243466500|448800|1943852.0000|4.1243466500
14550000|4.1243466500|4.1338717000|4.1148216000|4.1243466500|675300|2922283.0000|4.1243466500
15000000|4.1148216000|4.1338717000|4.1148216000|4.1243466500|596369|2581606.0000|4.1243466500
