09350000|3.5052184000|3.5242685000|3.4956933500|3.5242685000|1821500|6712740.0000|3.5242685000
09400000|3.5242685000|3.5337935500|3.5147434500|3.5242685000|470000|1740777.0000|3.5242685000
09450000|3.5242685000|3.5528436500|3.5242685000|3.5433186000|1166700|4335268.0000|3.5433186000
09500000|3.5433186000|3.5433186000|3.5337935500|3.5337935500|384600|1428224.0000|3.5337935500
09550000|3.5433186000|3.5528436500|3.5337935500|3.5337935500|519400|1931744.0000|3.5337935500
10000000|3.5337935500|3.5433186000|3.5242685000|3.5433186000|187200|694111.0000|3.5433186000
10050000|3.5433186000|3.5528436500|3.5242685000|3.5528436500|657200|2441216.0000|3.5528436500
10100000|3.5433186000|3.5433186000|3.5242685000|3.5337935500|407000|1509560.0000|3.5337935500
10150000|3.5242685000|3.5337935500|3.5242685000|3.5337935500|204000|756488.0000|3.5337935500
10200000|3.5337935500|3.5528436500|3.5337935500|3.5528436500|254400|946076.0000|3.5528436500
10250000|3.5528436500|3.5528436500|3.5337935500|3.5337935500|212600|790918.0000|3.5337935500
10300000|3.5337935500|3.5528436500|3.5337935500|3.5528436500|312600|1162978.0000|3.5528436500
10350000|3.5528436500|3.5623687000|3.5433186000|3.5528436500|1246400|4649832.0000|3.5528436500
10400000|3.5528436500|3.5623687000|3.5528436500|3.5623687000|495300|1852124.0000|3.5623687000
10450000|3.5623687000|3.5623687000|3.5528436500|3.5623687000|265800|993230.0000|3.5623687000
10500000|3.5623687000|3.5718937500|3.5528436500|3.5718937500|779900|2917470.0000|3.5718937500
10550000|3.5623687000|3.5718937500|3.5528436500|3.5718937500|655200|2450188.0000|3.5718937500
11000000|3.5623687000|3.5718937500|3.5623687000|3.5623687000|268500|1005764.0000|3.5623687000
11050000|3.5623687000|3.5718937500|3.5623687000|3.5718937500|471700|1767616.0000|3.5718937500
11100000|3.5718937500|3.5909438500|3.5623687000|3.5909438500|1046200|3926332.0000|3.5909438500
11150000|3.5909438500|3.5909438500|3.5718937500|3.5814188000|237500|893352.0000|3.5814188000
11200000|3.5814188000|3.5909438500|3.5718937500|3.5814188000|438900|1650328.0000|3.5814188000
11250000|3.5718937500|3.5814188000|3.5718937500|3.5814188000|245400|922364.0000|3.5814188000
11300000|3.5814188000|3.5909438500|3.5718937500|3.5909438500|458700|1725708.0000|3.5909438500
13050000|3.5909438500|3.6004689000|3.5814188000|3.6004689000|903100|3406296.0000|3.6004689000
13100000|3.6004689000|3.6099939500|3.5909438500|3.6099939500|476900|1803212.0000|3.6099939500
13150000|3.6004689000|3.6195190000|3.6004689000|3.6099939500|790700|2997884.0000|3.6099939500
13200000|3.6099939500|3.6195190000|3.6004689000|3.6099939500|487800|1848672.0000|3.6099939500
13250000|3.6099939500|3.6099939500|3.6004689000|3.6004689000|295400|1118832.0000|3.6004689000
13300000|3.6004689000|3.6099939500|3.5909438500|3.6099939500|958600|3625824.0000|3.6099939500
13350000|3.6099939500|3.6099939500|3.5909438500|3.6004689000|361700|1368868.0000|3.6004689000
13400000|3.6004689000|3.6004689000|3.5909438500|3.5909438500|126000|475576.0000|3.5909438500
13450000|3.5909438500|3.6004689000|3.5909438500|3.5909438500|237200|894928.0000|3.5909438500
13500000|3.6004689000|3.6004689000|3.5909438500|3.5909438500|211700|799480.0000|3.5909438500
13550000|3.5909438500|3.6004689000|3.5909438500|3.5909438500|360700|1360328.0000|3.5909438500
14000000|3.5909438500|3.5909438500|3.5814188000|3.5814188000|496500|1869320.0000|3.5814188000
14050000|3.5814188000|3.5909438500|3.5718937500|3.5814188000|457800|1721408.0000|3.5814188000
14100000|3.5814188000|3.5909438500|3.5623687000|3.5623687000|366000|1372584.0000|3.5623687000
14150000|3.5623687000|3.5718937500|3.5528436500|3.5528436500|524400|1960224.0000|3.5528436500
14200000|3.5528436500|3.5623687000|3.5433186000|3.5528436500|357000|1331200.0000|3.5528436500
14250000|3.5528436500|3.5623687000|3.5528436500|3.5528436500|453500|1691752.0000|3.5528436500
14300000|3.5528436500|3.5623687000|3.5433186000|3.5528436500|685300|2558856.0000|3.5528436500
14350000|3.5623687000|3.5623687000|3.5433186000|3.5528436500|348400|1299728.0000|3.5528436500
14400000|3.5528436500|3.5623687000|3.5433186000|3.5528436500|422500|1576680.0000|3.5528436500
14450000|3.5528436500|3.5623687000|3.5433186000|3.5433186000|521700|1944552.0000|3.5433186000
14500000|3.5528436500|3.5528436500|3.5242685000|3.5242685000|908200|3373864.0000|3.5242685000
14550000|3.5337935500|3.5337935500|3.5242685000|3.5242685000|578900|2144944.0000|3.5242685000
15000000|3.5242685000|3.5337935500|3.5242685000|3.5242685000|470500|1741888.0000|3.5242685000
