09350000|12.8286295500|13.0037384400|12.7144281000|12.9199907100|2558110|43155702.0000|12.9199907100
09400000|12.9047638500|12.9276041400|12.8286295500|12.8895369900|613907|10391560.0000|12.8895369900
09450000|12.8971504200|13.0037384400|12.8895369900|12.9732847200|709311|12057581.0000|12.9732847200
09500000|12.9732847200|12.9885115800|12.8286295500|12.8362429800|487989|8277041.0000|12.8362429800
09550000|12.8438564100|12.9732847200|12.8286295500|12.9199907100|385400|6524152.0000|12.9199907100
10000000|12.9199907100|12.9732847200|12.9123772800|12.9504444300|410100|6968104.0000|12.9504444300
10050000|12.9428310000|12.9732847200|12.8971504200|12.9732847200|627900|10673364.0000|12.9732847200
10100000|12.9656712900|13.0341921600|12.9504444300|13.0265787300|817700|13955105.0000|13.0265787300
10150000|13.0265787300|13.0570324500|12.9732847200|13.0570324500|636098|10874852.0000|13.0570324500
10200000|13.0570324500|13.0722593100|13.0189653000|13.0570324500|600802|10295982.0000|13.0570324500
10250000|13.0570324500|13.1103264600|13.0341921600|13.0798727400|725200|12444585.0000|13.0798727400
10300000|13.0798727400|13.1179398900|13.0646458800|13.0798727400|708000|12167576.0000|13.0798727400
10350000|13.0722593100|13.0874861700|13.0341921600|13.0418055900|668300|11464801.0000|13.0418055900
10400000|13.0494190200|13.0570324500|13.0189653000|13.0189653000|313800|5375545.0000|13.0189653000
10450000|13.0189653000|13.0189653000|13.0037384400|13.0037384400|164000|2802889.0000|13.0037384400
10500000|13.0113518700|13.0189653000|12.9885115800|13.0037384400|244100|4168103.0000|13.0037384400
10550000|13.0037384400|13.0189653000|12.9885115800|12.9885115800|284800|4864488.0000|12.9885115800
11000000|12.9961250100|13.0113518700|12.9885115800|13.0113518700|260700|4451735.0000|13.0113518700
11050000|13.0113518700|13.0113518700|12.9885115800|12.9961250100|262100|4474787.0000|12.9961250100
11100000|12.9961250100|13.0037384400|12.9885115800|12.9961250100|168200|2871183.0000|12.9961250100
11150000|12.9961250100|13.0037384400|12.9808981500|12.9808981500|204900|3496230.0000|12.9808981500
11200000|12.9732847200|12.9808981500|12.9580578600|12.9732847200|118200|2013052.0000|12.9732847200
11250000|12.9808981500|13.0341921600|12.9732847200|13.0037384400|302500|5165380.0000|13.0037384400
11300000|13.0037384400|13.0037384400|12.9732847200|12.9732847200|153200|2612848.0000|12.9732847200
13050000|12.9885115800|13.0113518700|12.9732847200|12.9961250100|316300|5398452.0000|12.9961250100
13100000|12.9961250100|13.0037384400|12.9580578600|12.9808981500|254200|4334033.0000|12.9808981500
13150000|12.9808981500|13.0037384400|12.9808981500|12.9961250100|194961|3328553.0000|12.9961250100
13200000|12.9808981500|13.0189653000|12.9732847200|13.0113518700|554110|9459649.0000|13.0113518700
13250000|13.0189653000|13.0265787300|12.9885115800|13.0037384400|320100|5468504.0000|13.0037384400
13300000|12.9961250100|13.0037384400|12.9808981500|12.9961250100|241800|4127536.0000|12.9961250100
13350000|12.9885115800|12.9885115800|12.9580578600|12.9656712900|342700|5837849.0000|12.9656712900
13400000|12.9656712900|12.9808981500|12.9428310000|12.9580578600|397500|6761801.0000|12.9580578600
13450000|12.9656712900|12.9961250100|12.9580578600|12.9732847200|213300|3634141.0000|12.9732847200
13500000|12.9656712900|12.9961250100|12.9580578600|12.9885115800|173900|2962588.0000|12.9885115800
13550000|12.9885115800|13.0113518700|12.9656712900|12.9656712900|309300|5277502.0000|12.9656712900
14000000|12.9732847200|12.9961250100|12.9656712900|12.9808981500|139500|2378235.0000|12.9808981500
14050000|12.9808981500|13.0037384400|12.9732847200|12.9885115800|223100|3807104.0000|12.9885115800
14100000|12.9808981500|12.9808981500|12.9504444300|12.9504444300|265800|4527824.0000|12.9504444300
14150000|12.9504444300|12.9885115800|12.9352175700|12.9732847200|547300|9313968.0000|12.9732847200
14200000|12.9808981500|12.9885115800|12.9580578600|12.9580578600|183700|3129216.0000|12.9580578600
14250000|12.9580578600|12.9808981500|12.9580578600|12.9656712900|155700|2651680.0000|12.9656712900
14300000|12.9580578600|12.9885115800|12.9504444300|12.9656712900|226700|3860976.0000|12.9656712900
14350000|12.9732847200|12.9732847200|12.9276041400|12.9352175700|433600|7375744.0000|12.9352175700
14400000|12.9428310000|12.9504444300|12.9276041400|12.9428310000|290800|4942752.0000|12.9428310000
14450000|12.9428310000|12.9580578600|12.9276041400|12.9504444300|442750|7527632.0000|12.9504444300
14500000|12.9504444300|12.9732847200|12.9428310000|12.9580578600|498703|8485792.0000|12.9580578600
14550000|12.9504444300|12.9732847200|12.9428310000|12.9580578600|481700|8196416.0000|12.9580578600
15000000|12.9428310000|12.9808981500|12.9428310000|12.9428310000|679684|11559568.0000|12.9428310000
