09350000|9.3555104400|9.6893766000|9.2901888000|9.6167970000|11163439|147041406.0000|9.6167970000
09400000|9.5877651600|9.5950231200|9.4861537200|9.5079276000|6682700|87894604.0000|9.5079276000
09450000|9.5224435200|9.6095390400|9.5151855600|9.5369594400|3007800|39686246.0000|9.5369594400
09500000|9.5442174000|9.5442174000|9.3700263600|9.3990582000|3175400|41271648.0000|9.3990582000
09550000|9.4135741200|9.4716378000|9.3990582000|9.4426059600|2188900|28457664.0000|9.4426059600
10000000|9.4353480000|9.4571218800|9.3772843200|9.3918002400|1443400|18714960.0000|9.3918002400
10050000|9.3918002400|9.4353480000|9.3555104400|9.4280900400|1870985|24222816.0000|9.4280900400
10100000|9.4280900400|9.4426059600|9.2901888000|9.3119626800|2268400|29298688.0000|9.3119626800
10150000|9.3119626800|9.3700263600|9.2829308400|9.3409945200|1476900|18969552.0000|9.3409945200
10200000|9.3409945200|9.4353480000|9.3409945200|9.3845422800|883900|11440592.0000|9.3845422800
10250000|9.3845422800|9.4426059600|9.3845422800|9.4426059600|1062358|13797184.0000|9.4426059600
10300000|9.4426059600|9.4788957600|9.4280900400|9.4571218800|1071900|13968000.0000|9.4571218800
10350000|9.4643798400|9.5442174000|9.4571218800|9.5297014800|1537818|20142256.0000|9.5297014800
10400000|9.5369594400|9.5442174000|9.5006696400|9.5369594400|1281800|16823504.0000|9.5369594400
10450000|9.5442174000|9.5442174000|9.4716378000|9.5079276000|1030200|13501376.0000|9.5079276000
10500000|9.5079276000|9.5369594400|9.5006696400|9.5006696400|755400|9911696.0000|9.5006696400
10550000|9.5006696400|9.5224435200|9.3555104400|9.3555104400|997400|12964080.0000|9.3555104400
11000000|9.3627684000|9.3990582000|9.3555104400|9.3772843200|476100|6150352.0000|9.3772843200
11050000|9.3772843200|9.3990582000|9.3555104400|9.3627684000|747600|9652448.0000|9.3627684000
11100000|9.3627684000|9.3918002400|9.3482524800|9.3918002400|554003|7146368.0000|9.3918002400
11150000|9.3990582000|9.3990582000|9.3482524800|9.3482524800|714500|9229024.0000|9.3482524800
11200000|9.3482524800|9.3990582000|9.3482524800|9.3772843200|243700|3146448.0000|9.3772843200
11250000|9.3772843200|9.3772843200|9.3482524800|9.3555104400|348700|4497024.0000|9.3555104400
11300000|9.3627684000|9.3627684000|9.3409945200|9.3409945200|307000|3954656.0000|9.3409945200
13050000|9.3409945200|9.3409945200|9.3119626800|9.3192206400|540100|6942000.0000|9.3192206400
13100000|9.3192206400|9.3337365600|9.3119626800|9.3337365600|301400|3869792.0000|9.3337365600
13150000|9.3337365600|9.3409945200|9.2829308400|9.2901888000|913200|11706016.0000|9.2901888000
13200000|9.3047047200|9.3482524800|9.2829308400|9.3192206400|457500|5875056.0000|9.3192206400
13250000|9.3119626800|9.3482524800|9.2974467600|9.3337365600|509500|6546496.0000|9.3337365600
13300000|9.3264786000|9.3409945200|9.3119626800|9.3264786000|250600|3220064.0000|9.3264786000
13350000|9.3337365600|9.3337365600|9.2974467600|9.3119626800|822300|10551872.0000|9.3119626800
13400000|9.3119626800|9.3192206400|9.2829308400|9.2901888000|775500|9937552.0000|9.2901888000
13450000|9.2901888000|9.2901888000|9.2538990000|9.2829308400|1360300|17379472.0000|9.2829308400
13500000|9.2756728800|9.2974467600|9.2684149200|9.2829308400|968600|12388912.0000|9.2829308400
13550000|9.2829308400|9.3192206400|9.2756728800|9.2901888000|814300|10426432.0000|9.2901888000
14000000|9.2974467600|9.3337365600|9.2829308400|9.3047047200|1009599|12955904.0000|9.3047047200
14050000|9.3119626800|9.3409945200|9.2974467600|9.3119626800|648000|8323376.0000|9.3119626800
14100000|9.3119626800|9.3772843200|9.3119626800|9.3627684000|951999|12266304.0000|9.3627684000
14150000|9.3772843200|9.3845422800|9.3337365600|9.3409945200|569600|7343776.0000|9.3409945200
14200000|9.3555104400|9.3627684000|9.3119626800|9.3119626800|515302|6629248.0000|9.3119626800
14250000|9.3192206400|9.3555104400|9.2974467600|9.3482524800|446800|5735184.0000|9.3482524800
14300000|9.3482524800|9.3627684000|9.2974467600|9.2974467600|561700|7208528.0000|9.2974467600
14350000|9.2974467600|9.3264786000|9.2829308400|9.3192206400|587100|7528096.0000|9.3192206400
14400000|9.3264786000|9.3409945200|9.3119626800|9.3409945200|380600|4889824.0000|9.3409945200
14450000|9.3482524800|9.3482524800|9.3119626800|9.3264786000|529500|6807712.0000|9.3264786000
14500000|9.3264786000|9.3337365600|9.2901888000|9.3119626800|599876|7695200.0000|9.3119626800
14550000|9.3047047200|9.3409945200|9.3047047200|9.3192206400|907400|11657936.0000|9.3192206400
15000000|9.3192206400|9.3264786000|9.3119626800|9.3192206400|502244|6447936.0000|9.3192206400
