09350000|15.4019688900|15.6151449300|15.3639017400|15.4704897600|2257830|45891707.0000|15.4704897600
09400000|15.4704897600|15.5161703400|15.4095823200|15.4171957500|662600|13459035.0000|15.4171957500
09450000|15.4171957500|15.4400360400|15.3562883100|15.3639017400|572200|11571133.0000|15.3639017400
09500000|15.3639017400|15.4628763300|15.3410614500|15.4552629000|511100|10349034.0000|15.4552629000
09550000|15.4628763300|15.4933300500|15.4019688900|15.4781031900|642165|13027853.0000|15.4781031900
10000000|15.4933300500|15.5542374900|15.4781031900|15.5390106300|730900|14888405.0000|15.5390106300
10050000|15.5542374900|15.5542374900|15.4400360400|15.4400360400|622500|12679917.0000|15.4400360400
10100000|15.4400360400|15.5009434800|15.4095823200|15.4781031900|484800|9839418.0000|15.4781031900
10150000|15.4781031900|15.5313972000|15.4704897600|15.5085569100|361860|7369971.0000|15.5085569100
10200000|15.5009434800|15.5161703400|15.4628763300|15.4781031900|276145|5621284.0000|15.4781031900
10250000|15.4781031900|15.5999180700|15.4781031900|15.5999180700|662590|13539660.0000|15.5999180700
10300000|15.5999180700|15.6075315000|15.5313972000|15.5313972000|395200|8085112.0000|15.5313972000
10350000|15.5466240600|15.5618509200|15.5009434800|15.5313972000|313300|6391874.0000|15.5313972000
10400000|15.5390106300|15.5390106300|15.4628763300|15.4704897600|248760|5065594.0000|15.4704897600
10450000|15.4781031900|15.4857166200|15.4248091800|15.4476494700|403500|8191836.0000|15.4476494700
10500000|15.4400360400|15.5237837700|15.4324226100|15.5009434800|265700|5407120.0000|15.5009434800
10550000|15.5009434800|15.5618509200|15.5009434800|15.5390106300|311800|6364973.0000|15.5390106300
11000000|15.5542374900|15.5694643500|15.5466240600|15.5694643500|180520|3689140.0000|15.5694643500
11050000|15.5694643500|15.5770777800|15.5466240600|15.5542374900|225500|4608670.0000|15.5542374900
11100000|15.5542374900|15.5846912100|15.5542374900|15.5770777800|333700|6824657.0000|15.5770777800
11150000|15.5694643500|15.5923046400|15.5313972000|15.5542374900|339600|6943286.0000|15.5542374900
11200000|15.5618509200|15.5770777800|15.5313972000|15.5313972000|179000|3656761.0000|15.5313972000
11250000|15.5313972000|15.5466240600|15.5161703400|15.5161703400|293000|5977034.0000|15.5161703400
11300000|15.5161703400|15.5237837700|15.4552629000|15.4628763300|314300|6392689.0000|15.4628763300
13050000|15.4628763300|15.5237837700|15.4476494700|15.5009434800|513100|10437565.0000|15.5009434800
13100000|15.5009434800|15.5009434800|15.4324226100|15.4324226100|308000|6257470.0000|15.4324226100
13150000|15.4324226100|15.4400360400|15.3867420300|15.4248091800|513500|10397225.0000|15.4248091800
13200000|15.4248091800|15.4248091800|15.3562883100|15.3562883100|420300|8499145.0000|15.3562883100
13250000|15.3562883100|15.4095823200|15.3486748800|15.3867420300|462480|9340992.0000|15.3867420300
13300000|15.3867420300|15.4171957500|15.3867420300|15.4019688900|211500|4278112.0000|15.4019688900
13350000|15.4095823200|15.4704897600|15.4095823200|15.4324226100|404200|8196512.0000|15.4324226100
13400000|15.4476494700|15.4933300500|15.4400360400|15.4933300500|269000|5461760.0000|15.4933300500
13450000|15.4857166200|15.5085569100|15.4704897600|15.4857166200|243900|4963056.0000|15.4857166200
13500000|15.4857166200|15.4857166200|15.4552629000|15.4857166200|188900|3838512.0000|15.4857166200
13550000|15.4781031900|15.5237837700|15.4781031900|15.5085569100|318000|6476928.0000|15.5085569100
14000000|15.5085569100|15.5085569100|15.4552629000|15.4552629000|197500|4017168.0000|15.4552629000
14050000|15.4552629000|15.5237837700|15.4476494700|15.5237837700|298100|6068976.0000|15.5237837700
14100000|15.5237837700|15.5313972000|15.5085569100|15.5237837700|232000|4728496.0000|15.5237837700
14150000|15.5237837700|15.5466240600|15.5237837700|15.5313972000|228000|4652016.0000|15.5313972000
14200000|15.5313972000|15.5846912100|15.5237837700|15.5770777800|561000|11461168.0000|15.5770777800
14250000|15.5770777800|15.6075315000|15.5770777800|15.5999180700|492000|10076544.0000|15.5999180700
14300000|15.5999180700|15.6455986500|15.5923046400|15.6303717900|622300|12763648.0000|15.6303717900
14350000|15.6303717900|15.6988926600|15.6303717900|15.6379852200|1007600|20724368.0000|15.6379852200
14400000|15.6379852200|15.6836658000|15.6303717900|15.6608255100|670500|13798224.0000|15.6608255100
14450000|15.6455986500|15.6836658000|15.6455986500|15.6836658000|770800|15867520.0000|15.6836658000
14500000|15.6836658000|15.6988926600|15.6608255100|15.6836658000|862602|17768880.0000|15.6836658000
14550000|15.6912792300|15.7293463800|15.6836658000|15.7065060900|967130|19950880.0000|15.7065060900
15000000|15.6988926600|15.7065060900|15.6532120800|15.6532120800|571200|11763184.0000|15.6532120800
