093500|24.86|25.0|24.09|24.25|121135.0|298748777.0|24.69
094000|24.25|24.39|23.56|23.6|114132.0|272362437.0|24.25
094500|23.62|24.25|23.62|24.06|41874.0|100369143.0|23.6
095000|24.05|24.17|23.85|24.09|26041.0|62531989.0|24.06
095500|24.06|24.79|24.06|24.66|41564.0|101935412.0|24.09
100000|24.64|24.74|24.45|24.57|22604.0|55601436.0|24.66
100500|24.57|24.68|24.35|24.64|17624.0|43189808.0|24.57
101000|24.62|25.12|24.58|25.12|69042.0|172051581.0|24.64
101500|25.14|25.85|24.96|25.7|97190.0|246372509.0|25.12
102000|25.65|26.1|25.62|25.88|114224.0|295071282.0|25.7
102500|25.89|25.89|25.48|25.55|44587.0|114297875.0|25.88
103000|25.55|25.79|25.55|25.66|23703.0|60894917.0|25.55
103500|25.66|25.95|25.6|25.8|25448.0|65547943.0|25.66
104000|25.79|26.6|25.79|26.39|84522.0|221527164.0|25.8
104500|26.36|26.79|26.22|26.65|50883.0|134825517.0|26.39
105000|26.65|26.99|26.5|26.98|39954.0|106755425.0|26.65
105500|26.99|27.16|26.82|26.86|82711.0|223911319.0|26.98
110000|26.85|27.16|26.8|26.97|77603.0|210284307.0|26.86
110500|26.95|27.16|26.91|27.16|67365.0|182770050.0|26.97
111000|27.16|27.16|27.16|27.16|8097.0|21992538.0|27.16
111500|27.16|27.16|27.16|27.16|10522.0|28575742.0|27.16
112000|27.16|27.16|27.16|27.16|3105.0|8434402.0|27.16
112500|27.16|27.16|27.16|27.16|2382.0|6469512.0|27.16
113000|27.16|27.16|27.16|27.16|1386.0|3764376.0|27.16
130500|27.16|27.16|27.16|27.16|4188.0|11375287.0|27.16
131000|27.16|27.16|27.16|27.16|1740.0|4725840.0|27.16
131500|27.16|27.16|27.16|27.16|884.0|2400944.0|27.16
132000|27.16|27.16|27.16|27.16|995.0|2702420.0|27.16
132500|27.16|27.16|27.16|27.16|746.0|2026136.0|27.16
133000|27.16|27.16|27.16|27.16|2544.0|6909504.0|27.16
133500|27.16|27.16|27.16|27.16|1284.0|3487072.0|27.16
134000|27.16|27.16|27.16|27.16|594.0|1613304.0|27.16
134500|27.16|27.16|27.16|27.16|465.0|1262940.0|27.16
135000|27.16|27.16|27.16|27.16|411.0|1116276.0|27.16
135500|27.16|27.16|27.16|27.16|476.0|1292816.0|27.16
140000|27.16|27.16|27.16|27.16|532.0|1444368.0|27.16
140500|27.16|27.16|27.16|27.16|266.0|722456.0|27.16
141000|27.16|27.16|27.16|27.16|226.0|612376.0|27.16
141500|27.16|27.16|27.16|27.16|223.0|605668.0|27.16
142000|27.16|27.16|27.16|27.16|291.0|790356.0|27.16
142500|27.16|27.16|27.16|27.16|208.0|564928.0|27.16
143000|27.16|27.16|27.16|27.16|324.0|879984.0|27.16
143500|27.16|27.16|27.16|27.16|485.0|1317260.0|27.16
144000|27.16|27.16|27.16|27.16|1316.0|3574256.0|27.16
144500|27.16|27.16|27.16|27.16|2016.0|5475456.0|27.16
145000|27.16|27.16|27.16|27.16|878.0|2384648.0|27.16
145500|27.16|27.16|27.16|27.16|567.0|1541167.0|27.16
150000|27.16|27.16|27.16|27.16|1335.0|3626674.0|27.16
