09350000|28.6289356000|28.9034596400|28.4818691500|28.5603045900|1823658|53445952.0000|28.5603045900
09400000|28.5799134500|28.5799134500|28.3348027000|28.4230425700|569964|16541358.0000|28.4230425700
09450000|28.4328470000|28.6975666100|28.3053894100|28.6485444600|614653|17898693.0000|28.6485444600
09500000|28.6387400300|28.6877621800|28.5897178800|28.6779577500|352500|10300765.0000|28.6779577500
09550000|28.6779577500|28.6975666100|28.5406957300|28.5799134500|228300|6665791.0000|28.5799134500
10000000|28.5897178800|28.7367843300|28.5014780100|28.7367843300|298400|8718952.0000|28.7367843300
10050000|28.7171754700|28.7858064800|28.6975666100|28.7171754700|300252|8803028.0000|28.7171754700
10100000|28.7171754700|28.7760020500|28.6779577500|28.7661976200|343800|10081224.0000|28.7661976200
10150000|28.7465887600|28.7661976200|28.6681533200|28.7171754700|157000|4599088.0000|28.7171754700
10200000|28.7171754700|28.7661976200|28.6681533200|28.7465887600|182400|5345301.0000|28.7465887600
10250000|28.7465887600|28.7465887600|28.6779577500|28.6779577500|136600|3999951.0000|28.6779577500
10300000|28.6975666100|28.7073710400|28.5406957300|28.5406957300|160000|4673606.0000|28.5406957300
10350000|28.5406957300|28.5505001600|28.4426514300|28.4916735800|231600|6730094.0000|28.4916735800
10400000|28.4916735800|28.5112824400|28.4328470000|28.5112824400|149100|4329117.0000|28.5112824400
10450000|28.5014780100|28.5799134500|28.4622602900|28.5014780100|132800|3861814.0000|28.5014780100
10500000|28.5014780100|28.5308913000|28.3936292800|28.4230425700|237400|6891747.0000|28.4230425700
10550000|28.4230425700|28.4622602900|28.3936292800|28.4622602900|256500|7436749.0000|28.4622602900
11000000|28.4622602900|28.4622602900|28.3740204200|28.3740204200|162900|4721623.0000|28.3740204200
11050000|28.4034337100|28.4034337100|28.2857805500|28.3446071300|258900|7483252.0000|28.3446071300
11100000|28.3446071300|28.3740204200|28.2955849800|28.3053894100|193600|5596515.0000|28.3053894100
11150000|28.3053894100|28.3544115600|28.2465628300|28.2563672600|221800|6402159.0000|28.2563672600
11200000|28.2465628300|28.2563672600|28.0798875200|28.1485185300|261800|7527439.0000|28.1485185300
11250000|28.1485185300|28.1877362500|28.1289096700|28.1485185300|170170|4885728.0000|28.1485185300
11300000|28.1485185300|28.1583229600|28.0014520800|28.0308653700|269130|7703645.0000|28.0308653700
13050000|28.0014520800|28.0406698000|27.9720387900|28.0014520800|176178|5033002.0000|28.0014520800
13100000|28.0014520800|28.0112565100|27.8936033500|27.9034077800|288400|8220342.0000|27.9034077800
13150000|27.9034077800|27.9230166400|27.7465369000|27.8151679100|464500|13179451.0000|27.8151679100
13200000|27.8151679100|27.9132122100|27.7857546200|27.8445812000|180200|5118795.0000|27.8445812000
13250000|27.8445812000|27.9132122100|27.8053634800|27.9132122100|125700|3569378.0000|27.9132122100
13300000|27.9132122100|27.9230166400|27.8543856300|27.8641900600|102230|2906446.0000|27.8641900600
13350000|27.8641900600|27.9916476500|27.8445812000|27.9230166400|227900|6493587.0000|27.9230166400
13400000|27.9230166400|27.9328210700|27.8543856300|27.8641900600|129700|3689168.0000|27.8641900600
13450000|27.8543856300|27.8739944900|27.8249723400|27.8347767700|121500|3450528.0000|27.8347767700
13500000|27.8347767700|27.9916476500|27.8347767700|27.9818432200|293700|8363840.0000|27.9818432200
13550000|27.9916476500|28.0210609400|27.8641900600|27.9426255000|131000|3737232.0000|27.9426255000
14000000|27.9426255000|28.0308653700|27.9132122100|27.9230166400|104300|2975536.0000|27.9230166400
14050000|27.9230166400|27.9426255000|27.8936033500|27.9328210700|59300|1688656.0000|27.9328210700
14100000|27.9328210700|27.9426255000|27.8739944900|27.8739944900|89000|2533792.0000|27.8739944900
14150000|27.8739944900|27.8936033500|27.8543856300|27.8641900600|61500|1748080.0000|27.8641900600
14200000|27.8641900600|27.8641900600|27.8151679100|27.8151679100|154600|4389952.0000|27.8151679100
14250000|27.8347767700|27.8445812000|27.8151679100|27.8249723400|118000|3348624.0000|27.8249723400
14300000|27.8249723400|27.8936033500|27.8249723400|27.8347767700|111100|3156448.0000|27.8347767700
14350000|27.8347767700|27.9426255000|27.8249723400|27.8739944900|191000|5427024.0000|27.8739944900
14400000|27.8641900600|27.9230166400|27.8445812000|27.8543856300|102700|2919296.0000|27.8543856300
14450000|27.8445812000|27.9230166400|27.8445812000|27.8543856300|137800|3918448.0000|27.8543856300
14500000|27.8837989200|27.9328210700|27.8543856300|27.8739944900|209300|5952720.0000|27.8739944900
14550000|27.8936033500|27.8936033500|27.8445812000|27.8641900600|197131|5602960.0000|27.8641900600
15000000|27.8641900600|27.8641900600|27.8445812000|27.8445812000|181698|5160800.0000|27.8445812000
