09350000|19.6261362000|19.6261362000|19.4080680200|19.4080680200|680100|13363573.0000|19.4080680200
09400000|19.4080680200|19.5071899200|19.3882436400|19.5071899200|493500|9683127.0000|19.5071899200
09450000|19.5071899200|19.6162240100|19.4873655400|19.5468386800|457100|9017140.0000|19.5468386800
09500000|19.5468386800|19.5468386800|19.4873655400|19.4873655400|267200|5260228.0000|19.4873655400
09550000|19.4873655400|19.6162240100|19.4873655400|19.5666630600|499900|9864904.0000|19.5666630600
10000000|19.5666630600|19.6657849600|19.5468386800|19.6558727700|701600|13889984.0000|19.6558727700
10050000|19.6558727700|19.6657849600|19.5468386800|19.5666630600|297300|5879584.0000|19.5666630600
10100000|19.5666630600|19.6360483900|19.5567508700|19.5864874400|296800|5867400.0000|19.5864874400
10150000|19.5864874400|19.6459605800|19.5666630600|19.6360483900|259400|5133064.0000|19.6360483900
10200000|19.6360483900|19.6756971500|19.6261362000|19.6261362000|225900|4477984.0000|19.6261362000
10250000|19.6261362000|19.6558727700|19.6162240100|19.6261362000|294100|5825248.0000|19.6261362000
10300000|19.6261362000|19.6261362000|19.4972777300|19.5270143000|360200|7108440.0000|19.5270143000
10350000|19.5369264900|19.5567508700|19.5071899200|19.5071899200|208500|4107336.0000|19.5071899200
10400000|19.5071899200|19.5468386800|19.4774533500|19.5369264900|285500|5618424.0000|19.5369264900
10450000|19.5369264900|19.6360483900|19.5369264900|19.6063118200|407300|8050864.0000|19.6063118200
10500000|19.6063118200|19.6162240100|19.5666630600|19.5666630600|107200|2119472.0000|19.5666630600
10550000|19.5666630600|19.6261362000|19.5567508700|19.5765752500|125000|2471192.0000|19.5765752500
11000000|19.5765752500|19.6162240100|19.5666630600|19.5765752500|179400|3546736.0000|19.5765752500
11050000|19.5765752500|19.6162240100|19.5567508700|19.5963996300|165700|3273640.0000|19.5963996300
11100000|19.5963996300|19.6261362000|19.5666630600|19.5666630600|112600|2226840.0000|19.5666630600
11150000|19.5666630600|19.5765752500|19.5468386800|19.5765752500|108600|2143296.0000|19.5765752500
11200000|19.5765752500|19.5963996300|19.5567508700|19.5864874400|89300|1763440.0000|19.5864874400
11250000|19.5864874400|19.5864874400|19.5171021100|19.5468386800|150100|2959152.0000|19.5468386800
11300000|19.5468386800|19.5468386800|19.5071899200|19.5071899200|136700|2691944.0000|19.5071899200
13050000|19.5071899200|19.5369264900|19.4774533500|19.4873655400|274100|5391776.0000|19.4873655400
13100000|19.4873655400|19.4972777300|19.4477167800|19.4576289700|246900|4848208.0000|19.4576289700
13150000|19.4576289700|19.4972777300|19.4477167800|19.4774533500|128800|2529344.0000|19.4774533500
13200000|19.4774533500|19.4972777300|19.4378045900|19.4477167800|260100|5106880.0000|19.4477167800
13250000|19.4477167800|19.4675411600|19.4378045900|19.4477167800|111600|2189504.0000|19.4477167800
13300000|19.4477167800|19.4576289700|19.4278924000|19.4477167800|243700|4781296.0000|19.4477167800
13350000|19.4477167800|19.4576289700|19.4080680200|19.4576289700|313100|6138224.0000|19.4576289700
13400000|19.4576289700|19.4774533500|19.4378045900|19.4675411600|70400|1381984.0000|19.4675411600
13450000|19.4675411600|19.4873655400|19.4576289700|19.4774533500|99700|1958912.0000|19.4774533500
13500000|19.4774533500|19.4972777300|19.4675411600|19.4873655400|58000|1139872.0000|19.4873655400
13550000|19.4774533500|19.5270143000|19.4774533500|19.4873655400|120500|2370176.0000|19.4873655400
14000000|19.4873655400|19.4873655400|19.4378045900|19.4378045900|100600|1974752.0000|19.4378045900
14050000|19.4378045900|19.4378045900|19.3783314500|19.3882436400|447200|8755680.0000|19.3882436400
14100000|19.3882436400|19.4278924000|19.3684192600|19.4278924000|203700|3984288.0000|19.4278924000
14150000|19.4278924000|19.4278924000|19.3882436400|19.4278924000|131000|2564480.0000|19.4278924000
14200000|19.4080680200|19.4278924000|19.3981558300|19.4080680200|121400|2377296.0000|19.4080680200
14250000|19.4080680200|19.4972777300|19.4080680200|19.4477167800|180000|3530880.0000|19.4477167800
14300000|19.4477167800|19.4774533500|19.4179802100|19.4774533500|136100|2669664.0000|19.4774533500
14350000|19.4774533500|19.4972777300|19.4576289700|19.4675411600|133500|2623776.0000|19.4675411600
14400000|19.4675411600|19.5270143000|19.4675411600|19.5171021100|252900|4976208.0000|19.5171021100
14450000|19.5171021100|19.5270143000|19.4873655400|19.4972777300|215500|4239584.0000|19.4972777300
14500000|19.4774533500|19.5071899200|19.4774533500|19.4873655400|195000|3833968.0000|19.4873655400
14550000|19.4873655400|19.4972777300|19.4774533500|19.4873655400|185300|3642912.0000|19.4873655400
15000000|19.4873655400|19.4873655400|19.4774533500|19.4774533500|357600|7028992.0000|19.4774533500
