093500|5.7|5.72|5.67|5.7|12968.0|7388185.0|5.71
094000|5.7|5.74|5.69|5.73|14204.0|8127056.0|5.7
094500|5.72|5.73|5.69|5.71|6403.0|3657261.0|5.73
095000|5.71|5.72|5.68|5.69|6001.0|3416788.0|5.71
095500|5.69|5.7|5.67|5.69|7000.0|3977772.0|5.69
100000|5.69|5.7|5.69|5.69|2386.0|1357939.0|5.69
100500|5.69|5.7|5.67|5.67|12510.0|7113754.0|5.69
101000|5.67|5.68|5.64|5.65|9416.0|5329475.0|5.67
101500|5.64|5.67|5.64|5.65|6435.0|3638123.0|5.65
102000|5.65|5.66|5.63|5.63|4686.0|2644647.0|5.65
102500|5.63|5.64|5.62|5.63|5718.0|3219163.0|5.63
103000|5.64|5.64|5.63|5.63|2875.0|1618901.0|5.63
103500|5.63|5.66|5.63|5.64|5638.0|3182207.0|5.63
104000|5.64|5.65|5.63|5.64|1690.0|953348.0|5.64
104500|5.65|5.66|5.64|5.65|2145.0|1211848.0|5.64
105000|5.65|5.66|5.64|5.65|2130.0|1203620.0|5.65
105500|5.65|5.65|5.63|5.64|2308.0|1301605.0|5.65
110000|5.65|5.65|5.63|5.64|2884.0|1626401.0|5.64
110500|5.65|5.65|5.63|5.64|4384.0|2472651.0|5.64
111000|5.64|5.64|5.63|5.64|1879.0|1058873.0|5.64
111500|5.64|5.65|5.63|5.65|1954.0|1101416.0|5.64
112000|5.65|5.66|5.64|5.64|2521.0|1423925.0|5.65
112500|5.64|5.66|5.64|5.66|2483.0|1401931.0|5.64
113000|5.66|5.66|5.64|5.65|1169.0|660319.0|5.66
130500|5.65|5.66|5.62|5.63|13223.0|7464887.0|5.65
131000|5.63|5.63|5.61|5.61|6419.0|3606881.0|5.63
131500|5.61|5.63|5.61|5.63|2717.0|1527233.0|5.61
132000|5.63|5.64|5.62|5.64|2764.0|1555481.0|5.63
132500|5.63|5.64|5.61|5.63|5492.0|3086615.0|5.64
133000|5.63|5.63|5.61|5.62|3485.0|1958473.0|5.63
133500|5.62|5.63|5.61|5.61|5188.0|2916656.0|5.62
134000|5.62|5.64|5.62|5.63|2221.0|1250243.0|5.61
134500|5.63|5.65|5.63|5.65|4068.0|2295785.0|5.63
135000|5.65|5.65|5.63|5.64|3212.0|1810947.0|5.65
135500|5.63|5.65|5.63|5.64|1241.0|699778.0|5.64
140000|5.64|5.65|5.63|5.63|2956.0|1665758.0|5.64
140500|5.63|5.64|5.63|5.64|3513.0|1980288.0|5.63
141000|5.64|5.64|5.62|5.62|3489.0|1964772.0|5.64
141500|5.62|5.63|5.62|5.63|1192.0|670141.0|5.62
142000|5.63|5.63|5.62|5.62|1365.0|767516.0|5.63
142500|5.62|5.63|5.62|5.63|2643.0|1485528.0|5.62
143000|5.62|5.63|5.61|5.61|2679.0|1504886.0|5.63
143500|5.61|5.63|5.61|5.63|4575.0|2570854.0|5.61
144000|5.62|5.63|5.61|5.61|5273.0|2960610.0|5.63
144500|5.61|5.62|5.61|5.61|1376.0|772357.0|5.61
145000|5.61|5.62|5.6|5.61|11520.0|6455935.0|5.61
145500|5.62|5.62|5.61|5.61|3742.0|2099502.0|5.61
150000|5.61|5.63|5.61|5.62|3754.0|2109259.0|5.61
