093500|3.25|3.25|3.23|3.25|10354.0|3356456.0|3.25
094000|3.24|3.25|3.24|3.24|2232.0|723414.0|3.25
094500|3.24|3.25|3.24|3.24|3612.0|1171239.0|3.24
095000|3.24|3.25|3.23|3.24|10052.0|3255948.0|3.24
095500|3.24|3.25|3.24|3.25|1659.0|537764.0|3.24
100000|3.24|3.25|3.24|3.24|2450.0|793949.0|3.25
100500|3.24|3.26|3.24|3.26|6521.0|2119176.0|3.24
101000|3.25|3.26|3.24|3.25|2786.0|905166.0|3.26
101500|3.24|3.25|3.24|3.25|1444.0|468806.0|3.25
102000|3.24|3.26|3.24|3.26|2748.0|893326.0|3.25
102500|3.25|3.26|3.25|3.26|839.0|272929.0|3.26
103000|3.25|3.26|3.25|3.26|755.0|245998.0|3.26
103500|3.25|3.26|3.25|3.26|3371.0|1098467.0|3.26
104000|3.25|3.27|3.25|3.27|6704.0|2183248.0|3.26
104500|3.26|3.27|3.26|3.27|467.0|152657.0|3.27
105000|3.26|3.27|3.26|3.27|1071.0|349260.0|3.27
105500|3.26|3.27|3.26|3.27|432.0|140949.0|3.27
110000|3.26|3.27|3.26|3.27|776.0|253365.0|3.27
110500|3.27|3.27|3.26|3.27|1429.0|466320.0|3.27
111000|3.27|3.27|3.26|3.27|443.0|144649.0|3.27
111500|3.27|3.27|3.26|3.27|608.0|198363.0|3.27
112000|3.27|3.27|3.26|3.27|397.0|129632.0|3.27
112500|3.27|3.27|3.26|3.27|335.0|109290.0|3.27
113000|3.26|3.27|3.26|3.27|1183.0|385821.0|3.27
130500|3.26|3.27|3.26|3.27|604.0|197177.0|3.27
131000|3.26|3.27|3.26|3.27|1252.0|408498.0|3.27
131500|3.27|3.27|3.25|3.25|6063.0|1974969.0|3.27
132000|3.25|3.26|3.25|3.26|676.0|219991.0|3.25
132500|3.25|3.26|3.25|3.26|4423.0|1441834.0|3.26
133000|3.26|3.27|3.25|3.25|2203.0|717972.0|3.26
133500|3.26|3.27|3.26|3.26|601.0|196009.0|3.25
134000|3.26|3.27|3.26|3.26|344.0|112205.0|3.26
134500|3.26|3.27|3.26|3.27|1005.0|328341.0|3.26
135000|3.27|3.27|3.26|3.26|1320.0|431012.0|3.27
135500|3.26|3.27|3.26|3.27|754.0|246251.0|3.26
140000|3.27|3.27|3.26|3.27|1538.0|502523.0|3.27
140500|3.27|3.28|3.26|3.27|10582.0|3461298.0|3.27
141000|3.27|3.27|3.26|3.27|4055.0|1325757.0|3.27
141500|3.27|3.28|3.27|3.28|1014.0|332075.0|3.27
142000|3.28|3.28|3.27|3.28|574.0|187784.0|3.28
142500|3.27|3.28|3.27|3.28|2208.0|723125.0|3.28
143000|3.27|3.28|3.27|3.28|951.0|311037.0|3.28
143500|3.27|3.28|3.27|3.27|1240.0|406443.0|3.28
144000|3.28|3.28|3.27|3.28|363.0|118912.0|3.27
144500|3.28|3.28|3.27|3.27|1627.0|532542.0|3.28
145000|3.28|3.28|3.27|3.28|3113.0|1018974.0|3.27
145500|3.27|3.28|3.27|3.27|4485.0|1467969.0|3.28
150000|3.27|3.28|3.27|3.27|5406.0|1768104.0|3.27
