093500|7.69|7.71|7.66|7.66|40411.0|32176644.0|7.67
094000|7.66|7.67|7.65|7.65|25552.0|20260223.0|7.66
094500|7.65|7.66|7.65|7.65|13321.0|10566975.0|7.65
095000|7.65|7.65|7.64|7.64|33689.0|26672217.0|7.65
095500|7.65|7.65|7.63|7.64|24361.0|19270584.0|7.64
100000|7.63|7.65|7.63|7.65|16853.0|13332385.0|7.64
100500|7.65|7.67|7.65|7.66|13565.0|10757810.0|7.65
101000|7.65|7.66|7.65|7.65|11702.0|9276779.0|7.66
101500|7.65|7.65|7.64|7.65|11548.0|9147252.0|7.65
102000|7.65|7.65|7.65|7.65|8148.0|6457475.0|7.65
102500|7.65|7.65|7.65|7.65|9574.0|7589643.0|7.65
103000|7.65|7.65|7.65|7.65|12062.0|9557684.0|7.65
103500|7.65|7.65|7.65|7.65|8380.0|6642061.0|7.65
104000|7.65|7.65|7.64|7.65|9487.0|7511596.0|7.65
104500|7.64|7.65|7.64|7.65|5480.0|4336325.0|7.65
105000|7.64|7.65|7.63|7.63|25824.0|20424904.0|7.65
105500|7.64|7.64|7.63|7.63|10150.0|8023820.0|7.63
110000|7.64|7.64|7.63|7.64|9612.0|7597378.0|7.63
110500|7.64|7.64|7.63|7.64|14110.0|11153001.0|7.64
111000|7.63|7.63|7.62|7.63|35515.0|28044947.0|7.64
111500|7.62|7.63|7.62|7.63|11736.0|9266120.0|7.63
112000|7.63|7.63|7.62|7.63|12548.0|9907297.0|7.63
112500|7.62|7.64|7.62|7.63|24916.0|19683503.0|7.63
113000|7.63|7.64|7.63|7.64|9561.0|7556581.0|7.63
130500|7.64|7.64|7.62|7.62|23795.0|18792521.0|7.64
131000|7.63|7.65|7.62|7.65|33140.0|26185869.0|7.62
131500|7.65|7.65|7.63|7.64|21382.0|16916069.0|7.65
132000|7.64|7.64|7.63|7.64|18653.0|14745203.0|7.64
132500|7.64|7.64|7.63|7.64|14536.0|11488675.0|7.64
133000|7.63|7.64|7.63|7.63|11777.0|9308830.0|7.64
133500|7.64|7.64|7.63|7.63|14771.0|11676653.0|7.63
134000|7.64|7.64|7.63|7.64|8842.0|6989899.0|7.63
134500|7.64|7.65|7.63|7.65|10429.0|8250990.0|7.64
135000|7.65|7.65|7.63|7.63|16488.0|13035920.0|7.65
135500|7.63|7.64|7.63|7.64|11662.0|9220485.0|7.63
140000|7.64|7.64|7.62|7.63|25385.0|20052586.0|7.64
140500|7.62|7.63|7.62|7.63|10618.0|8383921.0|7.63
141000|7.63|7.63|7.62|7.62|12823.0|10123299.0|7.63
141500|7.63|7.63|7.62|7.63|13188.0|10411025.0|7.62
142000|7.63|7.63|7.62|7.62|15043.0|11878541.0|7.63
142500|7.62|7.63|7.62|7.63|41961.0|33111742.0|7.62
143000|7.62|7.63|7.61|7.63|14911.0|11768270.0|7.63
143500|7.62|7.63|7.61|7.62|23120.0|18240518.0|7.63
144000|7.62|7.62|7.61|7.61|16155.0|12739016.0|7.62
144500|7.62|7.62|7.61|7.62|28249.0|22274217.0|7.61
145000|7.61|7.63|7.61|7.62|27645.0|21807323.0|7.62
145500|7.62|7.63|7.61|7.62|29775.0|23491190.0|7.62
150000|7.61|7.63|7.61|7.62|21016.0|16579075.0|7.62
