09350000|11.2375837500|11.2465380000|10.9868647500|11.0047732500|1027500|12739276.0000|11.0047732500
09400000|11.0137275000|11.0137275000|10.9420935000|11.0047732500|481500|5904718.0000|11.0047732500
09450000|11.0047732500|11.0853615000|11.0047732500|11.0764072500|237500|2931986.0000|11.0764072500
09500000|11.0764072500|11.0764072500|11.0137275000|11.0316360000|324400|3999443.0000|11.0316360000
09550000|11.0226817500|11.0853615000|11.0226817500|11.0495445000|218500|2697143.0000|11.0495445000
10000000|11.0495445000|11.0495445000|10.9779105000|10.9958190000|217100|2669077.0000|10.9958190000
10050000|10.9958190000|10.9958190000|10.9689562500|10.9868647500|225900|2770370.0000|10.9868647500
10100000|10.9868647500|11.0047732500|10.9600020000|10.9958190000|286600|3513648.0000|10.9958190000
10150000|10.9958190000|11.0137275000|10.9689562500|10.9958190000|204200|2505397.0000|10.9958190000
10200000|10.9958190000|11.0405902500|10.9868647500|11.0226817500|190570|2345188.0000|11.0226817500
10250000|11.0316360000|11.0764072500|11.0316360000|11.0674530000|137400|1697116.0000|11.0674530000
10300000|11.0674530000|11.1301327500|11.0584987500|11.1211785000|157700|1954987.0000|11.1211785000
10350000|11.1211785000|11.1211785000|11.0584987500|11.0674530000|184500|2283367.0000|11.0674530000
10400000|11.0674530000|11.0943157500|11.0495445000|11.0764072500|103700|1281961.0000|11.0764072500
10450000|11.0674530000|11.0943157500|11.0495445000|11.0495445000|118400|1462462.0000|11.0495445000
10500000|11.0495445000|11.0674530000|11.0316360000|11.0316360000|65900|813168.0000|11.0316360000
10550000|11.0405902500|11.1480412500|11.0405902500|11.1122242500|253700|3142330.0000|11.1122242500
11000000|11.1032700000|11.1301327500|11.0853615000|11.1032700000|103000|1277686.0000|11.1032700000
11050000|11.1032700000|11.1390870000|11.0764072500|11.1122242500|80100|994107.0000|11.1122242500
11100000|11.1122242500|11.1569955000|11.1122242500|11.1480412500|116800|1453009.0000|11.1480412500
11150000|11.1480412500|11.1659497500|11.1211785000|11.1569955000|85100|1059764.0000|11.1569955000
11200000|11.1569955000|11.1659497500|11.1301327500|11.1480412500|92700|1154451.0000|11.1480412500
11250000|11.1480412500|11.1749040000|11.1390870000|11.1659497500|80700|1005893.0000|11.1659497500
11300000|11.1659497500|11.1659497500|11.1211785000|11.1211785000|56910|707805.0000|11.1211785000
13050000|11.1390870000|11.1659497500|11.1211785000|11.1480412500|144000|1791795.0000|11.1480412500
13100000|11.1480412500|11.1480412500|11.0853615000|11.1122242500|74700|927419.0000|11.1122242500
13150000|11.0853615000|11.1211785000|11.0764072500|11.1211785000|54900|680199.0000|11.1211785000
13200000|11.1211785000|11.1390870000|11.0943157500|11.1122242500|49000|608518.0000|11.1122242500
13250000|11.1122242500|11.1390870000|11.1032700000|11.1390870000|92200|1145341.0000|11.1390870000
13300000|11.1390870000|11.1480412500|11.1032700000|11.1390870000|123769|1538133.0000|11.1390870000
13350000|11.1301327500|11.1390870000|11.1032700000|11.1122242500|67800|841790.0000|11.1122242500
13400000|11.1122242500|11.1390870000|11.0853615000|11.1301327500|161000|1996867.0000|11.1301327500
13450000|11.1301327500|11.1838582500|11.1211785000|11.1659497500|167300|2084423.0000|11.1659497500
13500000|11.1659497500|11.1659497500|11.1122242500|11.1390870000|146600|1823748.0000|11.1390870000
13550000|11.1390870000|11.2107210000|11.1301327500|11.1838582500|199100|2487288.0000|11.1838582500
14000000|11.1838582500|11.2107210000|11.1569955000|11.1749040000|206100|2573763.0000|11.1749040000
14050000|11.1749040000|11.2017667500|11.1749040000|11.1749040000|143600|1793497.0000|11.1749040000
14100000|11.1749040000|11.1749040000|11.1569955000|11.1659497500|76100|949386.0000|11.1659497500
14150000|11.1659497500|11.2017667500|11.1569955000|11.2017667500|162500|2029843.0000|11.2017667500
14200000|11.2017667500|11.2107210000|11.1838582500|11.2107210000|187600|2346485.0000|11.2107210000
14250000|11.2017667500|11.2017667500|11.1838582500|11.1838582500|66600|832585.0000|11.1838582500
14300000|11.1838582500|11.1928125000|11.1749040000|11.1928125000|112800|1409448.0000|11.1928125000
14350000|11.1928125000|11.2196752500|11.1838582500|11.2107210000|121200|1516084.0000|11.2107210000
14400000|11.2196752500|11.2286295000|11.2017667500|11.2107210000|126300|1582208.0000|11.2107210000
14450000|11.2107210000|11.2375837500|11.2017667500|11.2286295000|181000|2269017.0000|11.2286295000
14500000|11.2286295000|11.2554922500|11.2286295000|11.2286295000|237500|2980921.0000|11.2286295000
14550000|11.2286295000|11.2375837500|11.2196752500|11.2196752500|220900|2771017.0000|11.2196752500
15000000|11.2196752500|11.2286295000|11.2107210000|11.2196752500|83430|1045391.0000|11.2196752500
