093500|8.65|8.68|8.64|8.67|1344.0|1546967.0|8.64
094000|8.67|8.74|8.67|8.74|3058.0|3533980.0|8.67
094500|8.74|8.75|8.72|8.74|2670.0|3098256.0|8.74
095000|8.75|8.76|8.74|8.75|1999.0|2323276.0|8.74
095500|8.76|8.77|8.74|8.74|1149.0|1335725.0|8.75
100000|8.74|8.76|8.73|8.75|992.0|1152217.0|8.74
100500|8.75|8.75|8.73|8.74|1526.0|1771682.0|8.75
101000|8.75|8.75|8.73|8.73|686.0|796131.0|8.74
101500|8.74|8.75|8.73|8.74|614.0|712868.0|8.73
102000|8.75|8.76|8.75|8.76|2311.0|2685647.0|8.74
102500|8.76|8.76|8.75|8.75|711.0|826773.0|8.76
103000|8.75|8.76|8.74|8.75|1044.0|1213080.0|8.75
103500|8.76|8.76|8.75|8.76|302.0|350974.0|8.75
104000|8.76|8.76|8.75|8.76|1068.0|1241983.0|8.76
104500|8.76|8.76|8.75|8.76|351.0|408205.0|8.76
105000|8.76|8.76|8.73|8.73|1185.0|1376413.0|8.76
105500|8.73|8.74|8.73|8.73|1362.0|1580218.0|8.73
110000|8.73|8.74|8.72|8.72|990.0|1148118.0|8.73
110500|8.72|8.73|8.71|8.71|627.0|725886.0|8.72
111000|8.71|8.73|8.71|8.73|734.0|850435.0|8.71
111500|8.73|8.73|8.73|8.73|275.0|318920.0|8.73
112000|8.73|8.74|8.73|8.73|354.0|410568.0|8.73
112500|8.73|8.75|8.73|8.74|439.0|509804.0|8.73
113000|8.75|8.76|8.75|8.75|475.0|552077.0|8.74
130500|8.75|8.77|8.75|8.77|1333.0|1550980.0|8.75
131000|8.77|8.77|8.74|8.74|760.0|884037.0|8.77
131500|8.74|8.74|8.73|8.73|624.0|723742.0|8.74
132000|8.73|8.73|8.73|8.73|535.0|620490.0|8.73
132500|8.73|8.74|8.73|8.74|359.0|416750.0|8.73
133000|8.73|8.74|8.73|8.73|326.0|378334.0|8.74
133500|8.74|8.75|8.73|8.75|374.0|434243.0|8.73
134000|8.74|8.74|8.73|8.74|650.0|754540.0|8.75
134500|8.74|8.74|8.73|8.73|349.0|404602.0|8.74
135000|8.73|8.74|8.73|8.74|451.0|523264.0|8.73
135500|8.74|8.74|8.73|8.73|461.0|535052.0|8.74
140000|8.73|8.75|8.73|8.74|1151.0|1336621.0|8.73
140500|8.75|8.75|8.74|8.75|717.0|833057.0|8.74
141000|8.75|8.76|8.74|8.74|458.0|532301.0|8.75
141500|8.75|8.75|8.74|8.75|471.0|547178.0|8.74
142000|8.75|8.75|8.74|8.74|568.0|659603.0|8.75
142500|8.74|8.75|8.73|8.74|468.0|543593.0|8.74
143000|8.75|8.75|8.74|8.75|286.0|332207.0|8.74
143500|8.74|8.76|8.74|8.75|1231.0|1430556.0|8.75
144000|8.75|8.76|8.73|8.73|1212.0|1407405.0|8.75
144500|8.73|8.74|8.72|8.72|2226.0|2581536.0|8.73
145000|8.73|8.73|8.72|8.73|1008.0|1168132.0|8.72
145500|8.73|8.74|8.72|8.73|1077.0|1249232.0|8.73
150000|8.73|8.74|8.73|8.73|1446.0|1676826.0|8.73
