093500|8.34|8.38|8.31|8.34|12827.0|10698117.0|8.33
094000|8.33|8.34|8.3|8.3|7215.0|6001580.0|8.34
094500|8.3|8.31|8.29|8.3|6282.0|5215716.0|8.3
095000|8.31|8.31|8.28|8.29|7671.0|6358173.0|8.3
095500|8.29|8.3|8.28|8.28|2878.0|2385409.0|8.29
100000|8.29|8.3|8.28|8.29|2162.0|1792934.0|8.28
100500|8.29|8.3|8.28|8.28|3693.0|3059345.0|8.29
101000|8.28|8.3|8.28|8.29|2826.0|2342268.0|8.28
101500|8.28|8.31|8.28|8.31|2274.0|1885627.0|8.29
102000|8.3|8.32|8.3|8.31|2724.0|2264302.0|8.31
102500|8.31|8.31|8.3|8.3|2837.0|2355333.0|8.31
103000|8.31|8.33|8.3|8.32|1665.0|1384167.0|8.3
103500|8.33|8.33|8.32|8.33|1323.0|1101531.0|8.32
104000|8.33|8.33|8.31|8.32|2306.0|1918715.0|8.33
104500|8.33|8.34|8.33|8.34|2378.0|1982310.0|8.32
105000|8.34|8.34|8.33|8.34|1851.0|1542892.0|8.34
105500|8.34|8.35|8.34|8.34|1966.0|1640445.0|8.34
110000|8.35|8.35|8.34|8.35|1767.0|1473806.0|8.34
110500|8.34|8.35|8.33|8.34|1051.0|876445.0|8.35
111000|8.33|8.34|8.33|8.34|603.0|502661.0|8.34
111500|8.33|8.34|8.33|8.34|756.0|630306.0|8.34
112000|8.34|8.35|8.33|8.35|1119.0|933360.0|8.34
112500|8.35|8.36|8.34|8.35|2497.0|2084441.0|8.35
113000|8.34|8.35|8.34|8.35|1681.0|1403229.0|8.35
130500|8.35|8.36|8.34|8.34|1765.0|1472828.0|8.35
131000|8.34|8.35|8.34|8.35|464.0|387268.0|8.34
131500|8.35|8.35|8.34|8.34|467.0|389782.0|8.35
132000|8.34|8.35|8.34|8.35|1214.0|1012798.0|8.34
132500|8.34|8.35|8.34|8.35|1872.0|1562985.0|8.35
133000|8.35|8.39|8.35|8.37|14190.0|11879252.0|8.35
133500|8.38|8.38|8.36|8.37|2588.0|2166600.0|8.37
134000|8.37|8.37|8.36|8.36|3412.0|2852511.0|8.37
134500|8.36|8.37|8.35|8.36|1181.0|987613.0|8.36
135000|8.36|8.36|8.35|8.36|2194.0|1834085.0|8.36
135500|8.36|8.36|8.34|8.35|2542.0|2122308.0|8.36
140000|8.34|8.35|8.33|8.34|2250.0|1876561.0|8.35
140500|8.34|8.35|8.34|8.34|907.0|756579.0|8.34
141000|8.34|8.35|8.34|8.35|1839.0|1533971.0|8.34
141500|8.35|8.35|8.34|8.35|1999.0|1668505.0|8.35
142000|8.35|8.36|8.34|8.35|2726.0|2276304.0|8.35
142500|8.35|8.36|8.35|8.35|940.0|785078.0|8.35
143000|8.36|8.36|8.34|8.35|3236.0|2702037.0|8.35
143500|8.35|8.35|8.34|8.34|946.0|789377.0|8.35
144000|8.34|8.35|8.33|8.34|3522.0|2937793.0|8.34
144500|8.34|8.35|8.34|8.34|2098.0|1750113.0|8.34
145000|8.34|8.35|8.34|8.35|2861.0|2388041.0|8.34
145500|8.35|8.35|8.34|8.34|3769.0|3145244.0|8.35
150000|8.34|8.35|8.34|8.34|3432.0|2863005.0|8.34
