093500|7.4|7.42|7.37|7.42|9833.0|7631472.0|7.43
094000|7.42|7.42|7.4|7.41|1632.0|1269723.0|7.42
094500|7.42|7.45|7.41|7.44|3245.0|2535525.0|7.41
095000|7.43|7.46|7.43|7.46|1868.0|1461726.0|7.44
095500|7.46|7.46|7.43|7.44|1679.0|1313836.0|7.46
100000|7.43|7.45|7.43|7.44|2858.0|2234636.0|7.44
100500|7.44|7.45|7.43|7.45|2392.0|1870944.0|7.44
101000|7.45|7.46|7.44|7.45|1370.0|1072784.0|7.45
101500|7.46|7.47|7.45|7.46|2288.0|1793197.0|7.45
102000|7.46|7.46|7.45|7.45|1721.0|1347744.0|7.46
102500|7.44|7.46|7.44|7.44|1183.0|925885.0|7.45
103000|7.44|7.46|7.44|7.45|825.0|646044.0|7.44
103500|7.45|7.45|7.44|7.44|954.0|746482.0|7.45
104000|7.44|7.45|7.44|7.44|357.0|279356.0|7.44
104500|7.45|7.45|7.43|7.43|1360.0|1063612.0|7.44
105000|7.43|7.44|7.43|7.43|1229.0|960560.0|7.43
105500|7.43|7.44|7.43|7.44|894.0|698630.0|7.43
110000|7.44|7.45|7.43|7.45|767.0|599695.0|7.44
110500|7.45|7.46|7.44|7.45|1893.0|1482348.0|7.45
111000|7.46|7.46|7.45|7.45|798.0|625176.0|7.45
111500|7.44|7.45|7.44|7.44|1001.0|782888.0|7.45
112000|7.44|7.45|7.44|7.44|800.0|626031.0|7.44
112500|7.44|7.45|7.43|7.44|614.0|479889.0|7.44
113000|7.44|7.46|7.44|7.45|1151.0|901481.0|7.44
130500|7.45|7.46|7.44|7.44|671.0|525233.0|7.45
131000|7.44|7.45|7.43|7.44|2096.0|1638825.0|7.44
131500|7.43|7.45|7.43|7.44|1537.0|1201632.0|7.44
132000|7.44|7.46|7.44|7.45|2013.0|1575931.0|7.44
132500|7.46|7.46|7.45|7.45|958.0|750235.0|7.45
133000|7.45|7.46|7.44|7.45|1939.0|1518614.0|7.45
133500|7.45|7.46|7.44|7.44|923.0|722658.0|7.45
134000|7.44|7.45|7.44|7.44|1034.0|809362.0|7.44
134500|7.45|7.46|7.44|7.45|1015.0|794869.0|7.44
135000|7.45|7.46|7.45|7.45|1080.0|845902.0|7.45
135500|7.45|7.46|7.45|7.45|718.0|562533.0|7.45
140000|7.46|7.46|7.45|7.45|346.0|271124.0|7.45
140500|7.46|7.46|7.45|7.45|908.0|711340.0|7.45
141000|7.45|7.46|7.45|7.45|1329.0|1040890.0|7.45
141500|7.45|7.46|7.44|7.45|1178.0|922317.0|7.45
142000|7.45|7.46|7.45|7.45|518.0|405828.0|7.45
142500|7.46|7.47|7.45|7.46|2663.0|2088631.0|7.45
143000|7.46|7.48|7.46|7.47|2947.0|2312875.0|7.46
143500|7.47|7.48|7.46|7.47|2212.0|1736494.0|7.47
144000|7.48|7.48|7.47|7.48|2541.0|1997124.0|7.47
144500|7.48|7.49|7.47|7.47|4948.0|3892389.0|7.48
145000|7.48|7.54|7.47|7.51|11911.0|9400409.0|7.47
145500|7.51|7.52|7.5|7.51|2568.0|2025963.0|7.51
150000|7.5|7.51|7.5|7.5|2428.0|1913965.0|7.51
