093500|47.7900|47.8400|47.6300|47.7300|46000|2195908.0000|47.7300
094000|47.7300|47.7600|47.6600|47.7200|26200|1250225.0000|47.7200
094500|47.7200|47.8100|47.6100|47.7500|47700|2273650.0000|47.7500
095000|47.7500|47.7700|47.6500|47.7100|20400|972965.0000|47.7100
095500|47.7100|47.9800|47.7100|47.7300|37800|1808926.0000|47.7300
100000|47.7200|47.7700|47.6800|47.7200|18900|901697.0000|47.7200
100500|47.7200|47.7300|47.6000|47.7000|33100|1577682.0000|47.7000
101000|47.7000|47.9400|47.7000|47.8300|23000|1102865.0000|47.8300
101500|47.8300|47.9200|47.8000|47.8000|22300|1067438.0000|47.8000
102000|47.8100|47.8200|47.7200|47.7200|14100|673663.0000|47.7200
102500|47.7200|47.9200|47.7000|47.9100|19400|926909.0000|47.9100
103000|47.9000|47.9300|47.8400|47.8500|16500|790147.0000|47.8500
103500|47.8500|47.8500|47.7800|47.7900|9500|454183.0000|47.7900
104000|47.7900|47.8000|47.6900|47.6900|70900|3386657.0000|47.6900
104500|47.6900|47.7500|47.6900|47.7100|13700|653752.0000|47.7100
105000|47.7100|47.8000|47.7000|47.8000|14600|697240.0000|47.8000
105500|47.8000|47.9500|47.7900|47.9500|21300|1019314.0000|47.9500
110000|47.9500|48.0900|47.9200|48.0100|34600|1661056.0000|48.0100
110500|48.0100|48.0800|47.9200|47.9300|19000|912394.0000|47.9300
111000|47.9300|47.9300|47.8700|47.8700|11700|560494.0000|47.8700
111500|47.8700|47.8700|47.7000|47.7100|33900|1619120.0000|47.7100
112000|47.7100|47.7400|47.6300|47.6400|24400|1163780.0000|47.6400
112500|47.6400|47.6700|47.5800|47.5900|36400|1733152.0000|47.5900
113000|47.5900|47.6300|47.5000|47.5000|23700|1127228.0000|47.5000
130500|47.5100|47.5900|47.5000|47.5000|34200|1625634.0000|47.5000
131000|47.5000|47.5000|47.4600|47.4900|13200|626732.0000|47.4900
131500|47.4800|47.4900|47.3700|47.4000|24500|1161988.0000|47.4000
132000|47.4100|47.4200|47.3000|47.3000|20400|966136.0000|47.3000
132500|47.3000|47.3500|47.2700|47.3000|34700|1641460.0000|47.3000
133000|47.3000|47.3400|47.2700|47.3300|10100|477872.0000|47.3300
133500|47.3300|47.3600|47.2500|47.2700|18200|861368.0000|47.2700
134000|47.2900|47.3600|47.2700|47.3000|19300|913092.0000|47.3000
134500|47.3000|47.3000|47.2000|47.2100|16900|798460.0000|47.2100
135000|47.2500|47.2700|47.1800|47.1900|15700|741120.0000|47.1900
135500|47.1900|47.1900|47.1400|47.1400|16500|778080.0000|47.1400
140000|47.1400|47.1600|47.0800|47.0800|29100|1371152.0000|47.0800
140500|47.0900|47.1800|47.0800|47.1500|35500|1672436.0000|47.1500
141000|47.1500|47.2000|47.0800|47.1800|27200|1281672.0000|47.1800
141500|47.1800|47.3300|47.1500|47.2100|25200|1189952.0000|47.2100
142000|47.2300|47.2700|47.2100|47.2700|12500|590524.0000|47.2700
142500|47.2700|47.2800|47.1700|47.2100|21800|1029164.0000|47.2100
143000|47.2000|47.2800|47.2000|47.2100|14900|703776.0000|47.2100
143500|47.2100|47.3000|47.2000|47.3000|42400|2004248.0000|47.3000
144000|47.2900|47.3000|47.1300|47.1400|28700|1354996.0000|47.1400
144500|47.1400|47.1600|47.0900|47.1200|36000|1696220.0000|47.1200
145000|47.1200|47.2100|47.1100|47.2100|17700|834668.0000|47.2100
145500|47.2100|47.2800|47.1800|47.2700|30500|1436680.0000|47.2700
150000|47.2700|47.3200|47.2700|47.3000|30400|1438020.0000|47.3000
