09350000|4.8735792600|4.8816214700|4.8494526300|4.8574948400|2415034|14605663.0000|4.8574948400
09400000|4.8574948400|4.8655370500|4.8494526300|4.8655370500|1035800|6262440.0000|4.8655370500
09450000|4.8655370500|4.8655370500|4.8494526300|4.8574948400|1059200|6399172.0000|4.8574948400
09500000|4.8574948400|4.8655370500|4.8494526300|4.8574948400|734110|4432953.0000|4.8574948400
09550000|4.8574948400|4.8655370500|4.8494526300|4.8574948400|534166|3224764.0000|4.8574948400
10000000|4.8655370500|4.8655370500|4.8494526300|4.8494526300|501300|3026971.0000|4.8494526300
10050000|4.8574948400|4.8574948400|4.8494526300|4.8494526300|242200|1461461.0000|4.8494526300
10100000|4.8494526300|4.8574948400|4.8414104200|4.8494526300|1039600|6269408.0000|4.8494526300
10150000|4.8574948400|4.8574948400|4.8414104200|4.8414104200|852066|5137402.0000|4.8414104200
10200000|4.8494526300|4.8574948400|4.8414104200|4.8494526300|226766|1367643.0000|4.8494526300
10250000|4.8574948400|4.8574948400|4.8494526300|4.8494526300|472900|2853057.0000|4.8494526300
10300000|4.8574948400|4.8574948400|4.8494526300|4.8494526300|273600|1650966.0000|4.8494526300
10350000|4.8494526300|4.8574948400|4.8494526300|4.8574948400|375900|2269854.0000|4.8574948400
10400000|4.8494526300|4.8655370500|4.8494526300|4.8655370500|241900|1462374.0000|4.8655370500
10450000|4.8574948400|4.8655370500|4.8574948400|4.8655370500|280700|1696499.0000|4.8655370500
10500000|4.8574948400|4.8735792600|4.8574948400|4.8655370500|201500|1218710.0000|4.8655370500
10550000|4.8655370500|4.8655370500|4.8574948400|4.8655370500|179900|1087707.0000|4.8655370500
11000000|4.8574948400|4.8735792600|4.8574948400|4.8735792600|458200|2772808.0000|4.8735792600
11050000|4.8735792600|4.8735792600|4.8574948400|4.8574948400|78800|476296.0000|4.8574948400
11100000|4.8655370500|4.8655370500|4.8574948400|4.8655370500|192100|1161103.0000|4.8655370500
11150000|4.8655370500|4.8655370500|4.8494526300|4.8494526300|457000|2760585.0000|4.8494526300
11200000|4.8574948400|4.8574948400|4.8414104200|4.8494526300|833100|5022914.0000|4.8494526300
11250000|4.8494526300|4.8494526300|4.8333682100|4.8414104200|1042099|6273277.0000|4.8414104200
11300000|4.8333682100|4.8414104200|4.8253260000|4.8414104200|766000|4604080.0000|4.8414104200
13050000|4.8414104200|4.8414104200|4.8333682100|4.8333682100|556000|3345151.0000|4.8333682100
13100000|4.8333682100|4.8574948400|4.8333682100|4.8494526300|730892|4402645.0000|4.8494526300
13150000|4.8494526300|4.8574948400|4.8414104200|4.8414104200|328920|1982814.0000|4.8414104200
13200000|4.8414104200|4.8574948400|4.8414104200|4.8494526300|412300|2485801.0000|4.8494526300
13250000|4.8574948400|4.8574948400|4.8494526300|4.8494526300|126713|764658.0000|4.8494526300
13300000|4.8574948400|4.8655370500|4.8494526300|4.8574948400|727900|4399461.0000|4.8574948400
13350000|4.8574948400|4.8655370500|4.8574948400|4.8574948400|308900|1867010.0000|4.8574948400
13400000|4.8574948400|4.8655370500|4.8574948400|4.8574948400|261700|1582485.0000|4.8574948400
13450000|4.8574948400|4.8735792600|4.8574948400|4.8574948400|435200|2632499.0000|4.8574948400
13500000|4.8574948400|4.8655370500|4.8494526300|4.8574948400|349900|2113962.0000|4.8574948400
13550000|4.8574948400|4.8574948400|4.8494526300|4.8494526300|236900|1430475.0000|4.8494526300
14000000|4.8494526300|4.8574948400|4.8494526300|4.8494526300|163400|985701.0000|4.8494526300
14050000|4.8574948400|4.8655370500|4.8494526300|4.8494526300|550800|3326595.0000|4.8494526300
14100000|4.8574948400|4.8655370500|4.8494526300|4.8494526300|322270|1946232.0000|4.8494526300
14150000|4.8574948400|4.8574948400|4.8494526300|4.8494526300|200000|1206873.0000|4.8494526300
14200000|4.8494526300|4.8574948400|4.8494526300|4.8494526300|203018|1224565.0000|4.8494526300
14250000|4.8574948400|4.8574948400|4.8414104200|4.8414104200|473212|2853007.0000|4.8414104200
14300000|4.8414104200|4.8494526300|4.8414104200|4.8414104200|261600|1575054.0000|4.8414104200
14350000|4.8494526300|4.8494526300|4.8333682100|4.8333682100|782900|4713266.0000|4.8333682100
14400000|4.8333682100|4.8414104200|4.8333682100|4.8333682100|183300|1102286.0000|4.8333682100
14450000|4.8333682100|4.8414104200|4.8333682100|4.8333682100|625200|3758424.0000|4.8333682100
14500000|4.8414104200|4.8414104200|4.8253260000|4.8333682100|1085863|6526881.0000|4.8333682100
14550000|4.8333682100|4.8333682100|4.8253260000|4.8333682100|503300|3023013.0000|4.8333682100
15000000|4.8253260000|4.8333682100|4.8253260000|4.8333682100|597366|3588921.0000|4.8333682100
