09350000|4.8553444400|4.8553444400|4.8326912000|4.8402422800|1337243|8576640.0000|4.8402422800
09400000|4.8402422800|4.8553444400|4.8326912000|4.8477933600|916400|5879066.0000|4.8477933600
09450000|4.8477933600|4.8553444400|4.8402422800|4.8553444400|1181200|7587451.0000|4.8553444400
09500000|4.8553444400|4.8553444400|4.8402422800|4.8477933600|482400|3098142.0000|4.8477933600
09550000|4.8477933600|4.8553444400|4.8477933600|4.8477933600|308896|1984842.0000|4.8477933600
10000000|4.8553444400|4.8628955200|4.8477933600|4.8553444400|746500|4799641.0000|4.8553444400
10050000|4.8553444400|4.8628955200|4.8477933600|4.8553444400|604600|3889221.0000|4.8553444400
10100000|4.8553444400|4.8628955200|4.8553444400|4.8628955200|447700|2880365.0000|4.8628955200
10150000|4.8628955200|4.8628955200|4.8402422800|4.8477933600|1050900|6750886.0000|4.8477933600
10200000|4.8402422800|4.8553444400|4.8402422800|4.8477933600|717542|4602707.0000|4.8477933600
10250000|4.8477933600|4.8477933600|4.8402422800|4.8402422800|270966|1737097.0000|4.8402422800
10300000|4.8402422800|4.8477933600|4.8402422800|4.8477933600|278800|1789400.0000|4.8477933600
10350000|4.8477933600|4.8477933600|4.8402422800|4.8402422800|172752|1107963.0000|4.8402422800
10400000|4.8402422800|4.8477933600|4.8402422800|4.8477933600|130100|834848.0000|4.8477933600
10450000|4.8477933600|4.8477933600|4.8402422800|4.8477933600|151900|974281.0000|4.8477933600
10500000|4.8477933600|4.8477933600|4.8402422800|4.8477933600|177900|1141379.0000|4.8477933600
10550000|4.8477933600|4.8477933600|4.8402422800|4.8477933600|81400|522558.0000|4.8477933600
11000000|4.8477933600|4.8477933600|4.8402422800|4.8477933600|169400|1087415.0000|4.8477933600
11050000|4.8477933600|4.8477933600|4.8402422800|4.8477933600|283000|1816482.0000|4.8477933600
11100000|4.8477933600|4.8477933600|4.8402422800|4.8402422800|304100|1950879.0000|4.8402422800
11150000|4.8402422800|4.8477933600|4.8402422800|4.8477933600|210900|1353477.0000|4.8477933600
11200000|4.8477933600|4.8477933600|4.8326912000|4.8477933600|491400|3150277.0000|4.8477933600
11250000|4.8402422800|4.8477933600|4.8326912000|4.8402422800|243000|1557257.0000|4.8402422800
11300000|4.8326912000|4.8402422800|4.8326912000|4.8326912000|334800|2145331.0000|4.8326912000
13050000|4.8402422800|4.8402422800|4.8326912000|4.8326912000|273794|1754576.0000|4.8326912000
13100000|4.8326912000|4.8402422800|4.8326912000|4.8402422800|338400|2168613.0000|4.8402422800
13150000|4.8402422800|4.8477933600|4.8402422800|4.8402422800|137700|883291.0000|4.8402422800
13200000|4.8402422800|4.8477933600|4.8402422800|4.8477933600|199700|1280655.0000|4.8477933600
13250000|4.8402422800|4.8477933600|4.8402422800|4.8402422800|253800|1628594.0000|4.8402422800
13300000|4.8402422800|4.8477933600|4.8402422800|4.8402422800|157300|1009055.0000|4.8402422800
13350000|4.8402422800|4.8477933600|4.8402422800|4.8477933600|666400|4273043.0000|4.8477933600
13400000|4.8477933600|4.8477933600|4.8402422800|4.8477933600|403100|2587111.0000|4.8477933600
13450000|4.8477933600|4.8477933600|4.8402422800|4.8402422800|100800|646545.0000|4.8402422800
13500000|4.8402422800|4.8477933600|4.8402422800|4.8402422800|239000|1533964.0000|4.8402422800
13550000|4.8402422800|4.8553444400|4.8402422800|4.8477933600|652200|4187153.0000|4.8477933600
14000000|4.8477933600|4.8553444400|4.8477933600|4.8553444400|115366|741028.0000|4.8553444400
14050000|4.8553444400|4.8553444400|4.8402422800|4.8477933600|475634|3052855.0000|4.8477933600
14100000|4.8402422800|4.8477933600|4.8402422800|4.8477933600|226700|1453829.0000|4.8477933600
14150000|4.8477933600|4.8477933600|4.8402422800|4.8402422800|303000|1942484.0000|4.8402422800
14200000|4.8402422800|4.8477933600|4.8402422800|4.8402422800|350800|2248826.0000|4.8402422800
14250000|4.8477933600|4.8477933600|4.8402422800|4.8477933600|108000|693076.0000|4.8477933600
14300000|4.8402422800|4.8477933600|4.8402422800|4.8477933600|194600|1248020.0000|4.8477933600
14350000|4.8402422800|4.8477933600|4.8402422800|4.8477933600|264700|1697936.0000|4.8477933600
14400000|4.8477933600|4.8477933600|4.8402422800|4.8402422800|580937|3728526.0000|4.8402422800
14450000|4.8402422800|4.8477933600|4.8402422800|4.8477933600|469500|3012808.0000|4.8477933600
14500000|4.8477933600|4.8553444400|4.8402422800|4.8402422800|420430|2697734.0000|4.8402422800
14550000|4.8402422800|4.8477933600|4.8402422800|4.8477933600|1235994|7925820.0000|4.8477933600
15000000|4.8477933600|4.8477933600|4.8402422800|4.8402422800|395511|2535820.0000|4.8402422800
