09350000|5.8624293600|5.8624293600|5.8452122400|5.8624293600|1141800|7769054.0000|5.8624293600
09400000|5.8538208000|5.8624293600|5.8366036800|5.8538208000|924000|6274366.0000|5.8538208000
09450000|5.8538208000|5.8882550400|5.8538208000|5.8710379200|1818500|12413673.0000|5.8710379200
09500000|5.8710379200|5.8796464800|5.8710379200|5.8710379200|939900|6413840.0000|5.8710379200
09550000|5.8710379200|5.8796464800|5.8710379200|5.8710379200|717600|4895470.0000|5.8710379200
10000000|5.8796464800|5.8882550400|5.8710379200|5.8710379200|1042700|7118284.0000|5.8710379200
10050000|5.8710379200|5.8796464800|5.8624293600|5.8624293600|803900|5478096.0000|5.8624293600
10100000|5.8624293600|5.8710379200|5.8538208000|5.8538208000|566600|3854800.0000|5.8538208000
10150000|5.8538208000|5.8710379200|5.8538208000|5.8624293600|269700|1837228.0000|5.8624293600
10200000|5.8710379200|5.8796464800|5.8624293600|5.8710379200|484300|3302436.0000|5.8710379200
10250000|5.8710379200|5.8710379200|5.8624293600|5.8710379200|471800|3213868.0000|5.8710379200
10300000|5.8710379200|5.8710379200|5.8624293600|5.8710379200|124300|846624.0000|5.8710379200
10350000|5.8624293600|5.8710379200|5.8538208000|5.8538208000|309100|2104120.0000|5.8538208000
10400000|5.8624293600|5.8624293600|5.8538208000|5.8538208000|205300|1396856.0000|5.8538208000
10450000|5.8538208000|5.8624293600|5.8366036800|5.8452122400|528400|3590416.0000|5.8452122400
10500000|5.8452122400|5.8452122400|5.8366036800|5.8366036800|314600|2135424.0000|5.8366036800
10550000|5.8452122400|5.8452122400|5.8193865600|5.8279951200|1068400|7239208.0000|5.8279951200
11000000|5.8279951200|5.8366036800|5.8193865600|5.8279951200|531000|3595656.0000|5.8279951200
11050000|5.8279951200|5.8366036800|5.8193865600|5.8366036800|500000|3385920.0000|5.8366036800
11100000|5.8366036800|5.8452122400|5.8279951200|5.8452122400|465400|3156096.0000|5.8452122400
11150000|5.8366036800|5.8452122400|5.8366036800|5.8366036800|271600|1842184.0000|5.8366036800
11200000|5.8366036800|5.8452122400|5.8366036800|5.8452122400|428400|2905664.0000|5.8452122400
11250000|5.8452122400|5.8452122400|5.8366036800|5.8452122400|153800|1043720.0000|5.8452122400
11300000|5.8452122400|5.8452122400|5.8366036800|5.8452122400|230400|1563368.0000|5.8452122400
13050000|5.8452122400|5.8538208000|5.8366036800|5.8366036800|591500|4012152.0000|5.8366036800
13100000|5.8452122400|5.8452122400|5.8366036800|5.8366036800|94800|644000.0000|5.8366036800
13150000|5.8366036800|5.8538208000|5.8366036800|5.8452122400|502600|3412368.0000|5.8452122400
13200000|5.8538208000|5.8538208000|5.8452122400|5.8538208000|96800|657848.0000|5.8538208000
13250000|5.8538208000|5.8624293600|5.8452122400|5.8452122400|503800|3426520.0000|5.8452122400
13300000|5.8538208000|5.8624293600|5.8452122400|5.8624293600|263700|1793376.0000|5.8624293600
13350000|5.8624293600|5.8624293600|5.8538208000|5.8538208000|204500|1391616.0000|5.8538208000
13400000|5.8538208000|5.8624293600|5.8452122400|5.8452122400|506200|3441288.0000|5.8452122400
13450000|5.8452122400|5.8538208000|5.8452122400|5.8452122400|271900|1846672.0000|5.8452122400
13500000|5.8452122400|5.8538208000|5.8452122400|5.8538208000|185000|1257288.0000|5.8538208000
13550000|5.8538208000|5.8538208000|5.8452122400|5.8538208000|179100|1217008.0000|5.8538208000
14000000|5.8452122400|5.8538208000|5.8452122400|5.8538208000|239200|1625992.0000|5.8538208000
14050000|5.8538208000|5.8624293600|5.8452122400|5.8624293600|361500|2458280.0000|5.8624293600
14100000|5.8624293600|5.8624293600|5.8538208000|5.8624293600|146700|998184.0000|5.8624293600
14150000|5.8538208000|5.8624293600|5.8538208000|5.8538208000|207600|1411968.0000|5.8538208000
14200000|5.8538208000|5.8624293600|5.8538208000|5.8624293600|177200|1205664.0000|5.8624293600
14250000|5.8624293600|5.8624293600|5.8452122400|5.8538208000|491600|3342552.0000|5.8538208000
14300000|5.8538208000|5.8624293600|5.8452122400|5.8538208000|461500|3138984.0000|5.8538208000
14350000|5.8538208000|5.8624293600|5.8452122400|5.8624293600|321700|2187968.0000|5.8624293600
14400000|5.8624293600|5.8624293600|5.8452122400|5.8624293600|442000|3005936.0000|5.8624293600
14450000|5.8624293600|5.8624293600|5.8538208000|5.8538208000|314500|2139664.0000|5.8538208000
14500000|5.8538208000|5.8624293600|5.8538208000|5.8538208000|337400|2295232.0000|5.8538208000
14550000|5.8538208000|5.8624293600|5.8452122400|5.8452122400|690700|4694448.0000|5.8452122400
15000000|5.8538208000|5.8624293600|5.8452122400|5.8452122400|277600|1886080.0000|5.8452122400
