093500|34.66|34.85|34.66|34.69|7001.0|24320154.0|34.65
094000|34.69|34.9|34.69|34.88|6353.0|22108282.0|34.69
094500|34.88|34.9|34.79|34.83|5789.0|20175971.0|34.88
095000|34.82|34.83|34.71|34.76|3515.0|12217071.0|34.83
095500|34.76|34.82|34.71|34.73|3177.0|11044704.0|34.76
100000|34.73|34.77|34.71|34.77|2225.0|7726216.0|34.73
100500|34.75|34.79|34.75|34.77|1710.0|5946385.0|34.77
101000|34.78|34.78|34.72|34.75|2998.0|10415218.0|34.77
101500|34.75|34.82|34.73|34.82|3062.0|10644156.0|34.75
102000|34.82|34.93|34.81|34.92|8723.0|30403230.0|34.82
102500|34.92|35.13|34.92|35.1|8066.0|28257749.0|34.92
103000|35.1|35.15|35.04|35.05|4361.0|15302829.0|35.1
103500|35.05|35.05|34.95|35.0|2399.0|8396636.0|35.05
104000|34.99|35.0|34.93|34.98|1761.0|6159667.0|35.0
104500|34.97|34.99|34.94|34.99|1834.0|6412903.0|34.98
105000|34.99|35.11|34.98|35.11|6253.0|21894601.0|34.99
105500|35.11|35.23|35.11|35.16|4744.0|16681883.0|35.11
110000|35.17|35.17|35.14|35.15|1604.0|5639396.0|35.16
110500|35.16|35.23|35.15|35.15|2773.0|9755220.0|35.15
111000|35.16|35.22|35.16|35.21|2419.0|8514501.0|35.15
111500|35.21|35.24|35.18|35.19|2711.0|9547874.0|35.21
112000|35.19|35.19|35.09|35.09|1333.0|4684115.0|35.19
112500|35.09|35.18|35.09|35.14|2574.0|9039663.0|35.09
113000|35.15|35.43|35.01|35.39|8299.0|29230234.0|35.14
130500|35.36|35.48|35.32|35.36|7729.0|27361607.0|35.39
131000|35.37|35.6|35.36|35.59|7625.0|27062540.0|35.36
131500|35.59|35.79|35.59|35.65|9642.0|34426141.0|35.59
132000|35.64|35.75|35.52|35.59|4164.0|14835059.0|35.65
132500|35.59|35.62|35.45|35.45|3876.0|13776210.0|35.59
133000|35.44|35.46|35.33|35.45|2436.0|8620519.0|35.45
133500|35.45|35.46|35.39|35.44|1610.0|5703846.0|35.45
134000|35.42|35.42|35.34|35.35|1597.0|5649395.0|35.44
134500|35.35|35.49|35.35|35.48|2170.0|7679790.0|35.35
135000|35.48|35.48|35.42|35.42|998.0|3538206.0|35.48
135500|35.42|35.49|35.41|35.46|979.0|3469986.0|35.42
140000|35.47|35.47|35.43|35.45|931.0|3299715.0|35.46
140500|35.45|35.48|35.41|35.42|1052.0|3728210.0|35.45
141000|35.43|35.46|35.43|35.45|560.0|1984813.0|35.42
141500|35.45|35.49|35.45|35.47|2226.0|7897837.0|35.45
142000|35.48|35.49|35.46|35.47|1363.0|4835030.0|35.47
142500|35.47|35.49|35.46|35.49|1872.0|6641839.0|35.47
143000|35.48|35.49|35.46|35.49|1758.0|6236817.0|35.49
143500|35.49|35.52|35.49|35.5|2356.0|8365136.0|35.49
144000|35.51|35.51|35.48|35.5|1350.0|4792154.0|35.5
144500|35.5|35.5|35.48|35.48|1780.0|6317157.0|35.5
145000|35.48|35.49|35.47|35.48|1611.0|5715914.0|35.48
145500|35.48|35.5|35.47|35.49|3345.0|11869783.0|35.48
150000|35.5|35.51|35.49|35.5|2883.0|10234145.0|35.49
