093500|21.82|21.87|21.76|21.76|2586.0|5698344.0|21.87
094000|21.76|21.76|21.7|21.72|1722.0|3776631.0|21.76
094500|21.72|21.72|21.67|21.69|3041.0|6659152.0|21.72
095000|21.69|21.7|21.62|21.63|4129.0|9032368.0|21.69
095500|21.63|21.64|21.61|21.64|2124.0|4636655.0|21.63
100000|21.64|21.72|21.63|21.72|1767.0|3864519.0|21.64
100500|21.72|21.76|21.69|21.72|1423.0|3124125.0|21.72
101000|21.73|21.74|21.69|21.73|912.0|1998931.0|21.72
101500|21.73|21.73|21.63|21.63|1039.0|2273729.0|21.73
102000|21.63|21.63|21.59|21.59|1893.0|4130929.0|21.63
102500|21.59|21.63|21.59|21.62|1550.0|3380189.0|21.59
103000|21.62|21.65|21.61|21.64|407.0|889063.0|21.62
103500|21.64|21.65|21.62|21.62|510.0|1114235.0|21.64
104000|21.62|21.63|21.6|21.61|517.0|1128377.0|21.62
104500|21.61|21.63|21.59|21.62|962.0|2099144.0|21.61
105000|21.63|21.63|21.6|21.62|2999.0|6545510.0|21.62
105500|21.61|21.63|21.61|21.63|510.0|1113393.0|21.62
110000|21.64|21.75|21.62|21.67|1859.0|4076020.0|21.63
110500|21.67|21.79|21.67|21.68|1670.0|3664848.0|21.67
111000|21.68|21.69|21.66|21.67|403.0|881520.0|21.68
111500|21.66|21.74|21.65|21.68|651.0|1425112.0|21.67
112000|21.68|21.69|21.66|21.67|185.0|404905.0|21.68
112500|21.66|21.66|21.62|21.63|1121.0|2450074.0|21.67
113000|21.63|21.64|21.63|21.63|290.0|633485.0|21.63
130500|21.64|21.68|21.62|21.64|2680.0|5853717.0|21.63
131000|21.62|21.64|21.59|21.63|2640.0|5758243.0|21.64
131500|21.59|21.64|21.58|21.63|3135.0|6836303.0|21.63
132000|21.63|21.65|21.58|21.59|2764.0|6027166.0|21.63
132500|21.59|21.67|21.58|21.66|2633.0|5745907.0|21.59
133000|21.65|21.66|21.59|21.64|2129.0|4646793.0|21.66
133500|21.64|21.64|21.59|21.59|2791.0|6088616.0|21.64
134000|21.59|21.61|21.58|21.59|1195.0|2605515.0|21.59
134500|21.6|21.6|21.58|21.6|1315.0|2866275.0|21.59
135000|21.58|21.59|21.57|21.59|1095.0|2386083.0|21.6
135500|21.59|21.59|21.56|21.56|2313.0|5037637.0|21.59
140000|21.56|21.57|21.54|21.54|2451.0|5333359.0|21.56
140500|21.54|21.54|21.47|21.48|3093.0|6715252.0|21.54
141000|21.48|21.49|21.46|21.49|2721.0|5902071.0|21.48
141500|21.48|21.49|21.46|21.48|1707.0|3701360.0|21.49
142000|21.47|21.48|21.46|21.47|881.0|1910215.0|21.48
142500|21.47|21.49|21.47|21.48|1016.0|2203818.0|21.47
143000|21.48|21.49|21.47|21.49|1289.0|2795636.0|21.48
143500|21.48|21.49|21.47|21.48|2131.0|4622060.0|21.49
144000|21.48|21.51|21.44|21.44|5509.0|11948109.0|21.48
144500|21.43|21.45|21.4|21.45|1989.0|4303216.0|21.44
145000|21.45|21.49|21.45|21.45|1885.0|4087190.0|21.45
145500|21.45|21.45|21.41|21.41|3030.0|6557047.0|21.45
150000|21.41|21.44|21.41|21.42|1343.0|2905130.0|21.41
