093500|24.2000|24.4200|24.1400|24.1800|748600|18161132.0000|24.1800
094000|24.2100|24.3400|24.1200|24.3400|472000|11418604.0000|24.3400
094500|24.3300|24.5800|24.3200|24.4600|965300|23623204.0000|24.4600
095000|24.4400|24.6100|24.4400|24.4800|774600|19002772.0000|24.4800
095500|24.4800|24.6000|24.4800|24.5600|510700|12534544.0000|24.5600
100000|24.5700|24.6100|24.4700|24.5600|516000|12668912.0000|24.5600
100500|24.5600|24.6600|24.5600|24.6600|669900|16491824.0000|24.6600
101000|24.6600|24.7000|24.6200|24.7000|677000|16698064.0000|24.7000
101500|24.7000|24.7500|24.6600|24.7400|726600|17959120.0000|24.7400
102000|24.7400|24.8000|24.7100|24.7600|864000|21395280.0000|24.7600
102500|24.7600|24.8000|24.7100|24.7600|652100|16150208.0000|24.7600
103000|24.7500|24.7700|24.7200|24.7500|484300|11985872.0000|24.7500
103500|24.7400|24.7400|24.6600|24.7100|331200|8180000.0000|24.7100
104000|24.7100|24.7400|24.6900|24.7000|337600|8345840.0000|24.7000
104500|24.7200|24.7400|24.6800|24.7000|311000|7685936.0000|24.7000
105000|24.7000|24.7400|24.6600|24.7100|272400|6732384.0000|24.7100
105500|24.7100|24.7500|24.6900|24.7500|287800|7116544.0000|24.7500
110000|24.7500|24.7500|24.6100|24.6500|405000|9994912.0000|24.6500
110500|24.6400|24.7000|24.6400|24.6600|286900|7076608.0000|24.6600
111000|24.6500|24.7500|24.6500|24.7200|374000|9241840.0000|24.7200
111500|24.7200|24.7400|24.6600|24.6700|323100|7979632.0000|24.6700
112000|24.6900|24.7500|24.6900|24.7300|317700|7854048.0000|24.7300
112500|24.7300|24.7700|24.7300|24.7700|261800|6480192.0000|24.7700
113000|24.7700|24.8200|24.7300|24.8100|512600|12698016.0000|24.8100
130500|24.8200|25.0200|24.8000|24.9100|1757900|43851296.0000|24.9100
131000|24.9000|24.9300|24.8500|24.9300|270700|6737760.0000|24.9300
131500|24.9400|24.9700|24.9100|24.9600|375000|9352608.0000|24.9600
132000|24.9500|24.9600|24.8600|24.9000|311800|7766144.0000|24.9000
132500|24.8900|24.9200|24.8300|24.8300|351500|8747136.0000|24.8300
133000|24.8200|24.9100|24.8100|24.8900|303300|7540704.0000|24.8900
133500|24.8900|24.9600|24.8600|24.9000|420300|10470784.0000|24.9000
134000|24.9000|24.9400|24.8600|24.8600|309800|7714144.0000|24.8600
134500|24.8700|24.8900|24.8300|24.8800|289600|7202208.0000|24.8800
135000|24.8900|24.8900|24.7800|24.8100|349200|8664192.0000|24.8100
135500|24.8000|24.8600|24.8000|24.8500|307300|7627456.0000|24.8500
140000|24.8600|24.8600|24.8200|24.8300|315500|7836256.0000|24.8300
140500|24.8300|24.8500|24.7900|24.7900|239000|5934752.0000|24.7900
141000|24.8000|24.8000|24.7500|24.7700|235100|5824032.0000|24.7700
141500|24.7600|24.7600|24.7200|24.7300|257500|6371424.0000|24.7300
142000|24.7300|24.7600|24.7100|24.7200|341800|8452352.0000|24.7200
142500|24.7200|24.7500|24.7100|24.7200|205100|5071264.0000|24.7200
143000|24.7100|24.7500|24.7100|24.7500|333500|8244864.0000|24.7500
143500|24.7500|24.7500|24.7000|24.7000|443000|10947776.0000|24.7000
144000|24.7100|24.7100|24.6700|24.7000|352000|8691936.0000|24.7000
144500|24.7000|24.7100|24.6500|24.6700|463000|11426112.0000|24.6700
145000|24.6700|24.6700|24.6000|24.6100|475500|11710016.0000|24.6100
145500|24.6000|24.6200|24.5800|24.5800|536800|13206720.0000|24.5800
150000|24.5800|24.6300|24.5700|24.6300|296400|7292288.0000|24.6300
