093500|38.71|39.15|38.03|38.51|64838.0|249064296.0|39.5
094000|38.51|38.62|38.3|38.35|28071.0|107825098.0|38.51
094500|38.32|38.38|38.12|38.25|27112.0|103639835.0|38.35
095000|38.25|38.35|38.16|38.19|20371.0|77891852.0|38.25
095500|38.2|38.31|38.0|38.05|31043.0|118304521.0|38.19
100000|38.05|38.2|38.04|38.19|14492.0|55208716.0|38.05
100500|38.19|38.5|38.19|38.39|12655.0|48578821.0|38.19
101000|38.38|38.38|38.2|38.26|7564.0|28932495.0|38.39
101500|38.25|38.45|38.23|38.44|8681.0|33278165.0|38.26
102000|38.44|38.44|38.3|38.36|7260.0|27856031.0|38.44
102500|38.36|38.47|38.36|38.47|6341.0|24366657.0|38.36
103000|38.49|38.83|38.48|38.59|14926.0|57744060.0|38.47
103500|38.58|38.64|38.47|38.53|7054.0|27186975.0|38.59
104000|38.53|38.68|38.53|38.68|3685.0|14214837.0|38.53
104500|38.68|38.87|38.55|38.86|10056.0|38931717.0|38.68
105000|38.85|38.85|38.62|38.68|8238.0|31904731.0|38.86
105500|38.68|38.8|38.67|38.74|5370.0|20796224.0|38.68
110000|38.74|38.77|38.63|38.63|6396.0|24762951.0|38.74
110500|38.6|38.65|38.55|38.58|4858.0|18745004.0|38.63
111000|38.58|38.62|38.51|38.51|3545.0|13675263.0|38.58
111500|38.51|38.52|38.41|38.5|5374.0|20671302.0|38.51
112000|38.52|38.54|38.49|38.49|2293.0|8830314.0|38.5
112500|38.49|38.6|38.47|38.6|2273.0|8751990.0|38.49
113000|38.59|38.6|38.52|38.55|2271.0|8754116.0|38.6
130500|38.55|38.94|38.54|38.85|9732.0|37721713.0|38.55
131000|38.86|38.92|38.84|38.86|7412.0|28825142.0|38.85
131500|38.85|39.07|38.84|38.89|9444.0|36774690.0|38.86
132000|38.9|38.96|38.83|38.88|4244.0|16503824.0|38.89
132500|38.87|38.88|38.75|38.76|5393.0|20939505.0|38.88
133000|38.76|38.85|38.75|38.8|3970.0|15404900.0|38.76
133500|38.81|38.82|38.74|38.77|3879.0|15046098.0|38.8
134000|38.76|38.77|38.67|38.67|4102.0|15883923.0|38.77
134500|38.67|38.88|38.67|38.88|4221.0|16374861.0|38.67
135000|38.87|38.88|38.76|38.81|3691.0|14326142.0|38.88
135500|38.81|38.81|38.75|38.77|4656.0|18056776.0|38.81
140000|38.77|38.78|38.72|38.77|5381.0|20847427.0|38.77
140500|38.78|38.85|38.78|38.81|3792.0|14721157.0|38.77
141000|38.81|38.83|38.77|38.79|4854.0|18827997.0|38.81
141500|38.79|38.86|38.79|38.85|4111.0|15963453.0|38.79
142000|38.86|38.95|38.85|38.91|5653.0|21996043.0|38.85
142500|38.91|39.13|38.89|39.13|7827.0|30519482.0|38.91
143000|39.14|39.14|38.88|38.91|7263.0|28331079.0|39.13
143500|38.92|38.92|38.82|38.82|5425.0|21087701.0|38.91
144000|38.82|38.92|38.82|38.87|4361.0|16953033.0|38.82
144500|38.87|38.96|38.87|38.91|5874.0|22854088.0|38.87
145000|38.92|38.94|38.9|38.92|7519.0|29259480.0|38.91
145500|38.92|38.95|38.92|38.94|12549.0|48849612.0|38.92
150000|38.95|38.96|38.93|38.95|13464.0|52437994.0|38.94
