093500|16.5100|16.8600|16.4700|16.5000|253000|4192313.0000|16.5000
094000|16.4800|16.6300|16.4500|16.5100|241912|3996288.0000|16.5100
094500|16.5000|16.5600|16.4400|16.5400|136766|2255815.0000|16.5400
095000|16.5300|16.5700|16.4700|16.5000|126900|2094871.0000|16.5000
095500|16.5000|16.5900|16.4700|16.4700|123000|2033125.0000|16.4700
100000|16.4700|16.4700|16.3700|16.3700|131300|2157268.0000|16.3700
100500|16.3700|16.3700|16.2600|16.3500|154300|2516161.0000|16.3500
101000|16.3500|16.4100|16.3200|16.3600|73500|1203401.0000|16.3600
101500|16.3600|16.3900|16.3300|16.3600|29900|488992.0000|16.3600
102000|16.3700|16.4400|16.3700|16.3700|50000|819609.0000|16.3700
102500|16.3700|16.4800|16.3700|16.4700|42100|691170.0000|16.4700
103000|16.4800|16.5200|16.4700|16.4900|69200|1141695.0000|16.4900
103500|16.4900|16.5500|16.4500|16.5000|63100|1041325.0000|16.5000
104000|16.5000|16.5100|16.4500|16.4700|12700|209182.0000|16.4700
104500|16.4600|16.5500|16.4600|16.5000|69800|1151224.0000|16.5000
105000|16.5000|16.5000|16.4700|16.4800|26300|433794.0000|16.4800
105500|16.4700|16.5100|16.4600|16.4600|22000|362633.0000|16.4600
110000|16.4600|16.5000|16.4600|16.4900|33400|550670.0000|16.4900
110500|16.4800|16.5100|16.4700|16.4900|44300|730555.0000|16.4900
111000|16.4900|16.5000|16.4700|16.4700|15300|252130.0000|16.4700
111500|16.4700|16.4900|16.4400|16.4400|30800|506726.0000|16.4400
112000|16.4400|16.4600|16.4300|16.4500|13400|220393.0000|16.4500
112500|16.4500|16.4900|16.4400|16.4600|17600|289813.0000|16.4600
113000|16.4600|16.4800|16.4000|16.4500|174100|2857387.0000|16.4500
130500|16.3900|16.4300|16.3500|16.4200|203000|3326522.0000|16.4200
131000|16.4200|16.4800|16.3900|16.4300|62500|1026423.0000|16.4300
131500|16.4300|16.4500|16.3700|16.3800|87600|1437124.0000|16.3800
132000|16.3800|16.4400|16.3800|16.3800|58700|962416.0000|16.3800
132500|16.3800|16.4000|16.3700|16.3700|20700|339051.0000|16.3700
133000|16.3700|16.3700|16.3100|16.3300|82100|1342538.0000|16.3300
133500|16.3300|16.3400|16.3100|16.3400|45500|742558.0000|16.3400
134000|16.3300|16.3700|16.3200|16.3500|42000|686434.0000|16.3500
134500|16.3500|16.3700|16.3400|16.3700|33900|554377.0000|16.3700
135000|16.3700|16.4000|16.3700|16.3900|26850|439915.0000|16.3900
135500|16.3900|16.4000|16.3500|16.3600|58400|957042.0000|16.3600
140000|16.3600|16.3700|16.3300|16.3300|52000|849669.0000|16.3300
140500|16.3300|16.3600|16.3200|16.3300|27200|444351.0000|16.3300
141000|16.3300|16.3800|16.3300|16.3600|40100|655817.0000|16.3600
141500|16.3600|16.3600|16.3200|16.3400|27800|454238.0000|16.3400
142000|16.3400|16.3400|16.2700|16.2800|204300|3332488.0000|16.2800
142500|16.2800|16.2800|16.2300|16.2400|111000|1804797.0000|16.2400
143000|16.2400|16.2600|16.2200|16.2300|77100|1251782.0000|16.2300
143500|16.2300|16.2800|16.2000|16.2400|136600|2217730.0000|16.2400
144000|16.2300|16.2400|16.2100|16.2300|44900|728417.0000|16.2300
144500|16.2300|16.2400|16.2000|16.2100|123000|1994734.0000|16.2100
145000|16.2200|16.2300|16.1800|16.2000|112700|1825646.0000|16.2000
145500|16.1800|16.2100|16.1700|16.1900|108988|1764443.0000|16.1900
150000|16.2000|16.2100|16.1400|16.1900|157612|2551348.0000|16.1900
