093500|17.0500|17.1800|16.9000|17.1400|120800|2057604.0000|17.1400
094000|17.1700|17.1800|17.0900|17.1300|68047|1165773.1700|17.1300
094500|17.1300|17.1800|17.1000|17.1700|56000|960641.0000|17.1700
095000|17.1700|17.2500|17.1400|17.2200|109300|1879459.0000|17.2200
095500|17.2200|17.2600|17.1900|17.2400|73000|1258122.0000|17.2400
100000|17.2300|17.3000|17.1900|17.2800|76200|1315505.0000|17.2800
100500|17.2800|17.3500|17.2800|17.3400|108142|1872112.1800|17.3400
101000|17.3400|17.3500|17.3000|17.3000|70900|1228606.0000|17.3000
101500|17.3000|17.3400|17.3000|17.3300|46100|798650.0000|17.3300
102000|17.3400|17.3700|17.3100|17.3700|79400|1376554.0000|17.3700
102500|17.3700|17.4200|17.3600|17.3600|77600|1349350.0000|17.3600
103000|17.3700|17.3700|17.3200|17.3300|42300|733727.0000|17.3300
103500|17.3300|17.3800|17.3300|17.3700|96200|1669434.0000|17.3700
104000|17.3800|17.4100|17.3200|17.3400|84600|1470440.0000|17.3400
104500|17.3700|17.3800|17.3200|17.3300|53300|924776.0000|17.3300
105000|17.3400|17.4000|17.3300|17.3600|61000|1059175.0000|17.3600
105500|17.3600|17.3900|17.3300|17.3600|65800|1142473.0000|17.3600
110000|17.3600|17.4000|17.3400|17.3600|52600|914175.0000|17.3600
110500|17.3600|17.3900|17.3200|17.3400|44800|777618.0000|17.3400
111000|17.3300|17.3500|17.3000|17.3000|45800|793412.0000|17.3000
111500|17.3000|17.3400|17.3000|17.3100|34900|604335.0000|17.3100
112000|17.3000|17.3200|17.2800|17.2800|50200|868466.0000|17.2800
112500|17.2800|17.3100|17.2600|17.3000|56500|976195.0000|17.3000
113000|17.2900|17.3100|17.2700|17.3000|38000|657109.0000|17.3000
130500|17.3000|17.3400|17.2300|17.2900|188800|3261749.0000|17.2900
131000|17.2900|17.3100|17.2700|17.3000|89400|1544923.0000|17.3000
131500|17.3000|17.3600|17.2800|17.3200|122000|2113497.0000|17.3200
132000|17.3100|17.3500|17.3000|17.3300|95200|1649115.0000|17.3300
132500|17.3200|17.3500|17.2100|17.2300|123400|2132348.0000|17.2300
133000|17.2300|17.3000|17.2100|17.2500|137100|2366877.0000|17.2500
133500|17.2500|17.2500|17.2100|17.2300|125500|2163790.0000|17.2300
134000|17.2300|17.2500|17.2100|17.2300|122100|2103462.2100|17.2300
134500|17.2300|17.3300|17.2300|17.2500|161079|2780456.9600|17.2500
135000|17.2500|17.2500|17.2200|17.2500|91121|1571493.0400|17.2500
135500|17.2500|17.2500|17.2300|17.2500|94800|1635104.0000|17.2500
140000|17.2400|17.2500|17.2200|17.2500|102300|1764041.0000|17.2500
140500|17.2500|17.3300|17.2400|17.2500|261800|4519955.0000|17.2500
141000|17.2500|17.3400|17.2500|17.3200|145600|2516702.0000|17.3200
141500|17.3200|17.3500|17.2900|17.3500|107800|1867547.0000|17.3500
142000|17.3200|17.3900|17.3100|17.3400|84600|1468674.0000|17.3400
142500|17.3600|17.4000|17.3200|17.4000|88300|1533754.0000|17.4000
143000|17.3900|17.4000|17.3400|17.3900|102700|1783815.0000|17.3900
143500|17.3600|17.3800|17.3000|17.3200|120000|2079579.0000|17.3200
144000|17.3400|17.3900|17.3200|17.3600|92600|1606922.0000|17.3600
144500|17.3500|17.3600|17.3100|17.3300|54500|944226.0000|17.3300
145000|17.3300|17.3400|17.2900|17.3000|96300|1666179.0000|17.3000
145500|17.2900|17.3000|17.2800|17.2900|167900|2903679.0000|17.2900
150000|17.2900|17.3400|17.2800|17.3400|65800|1140454.0000|17.3400
