093500|4.8700|4.9100|4.8500|4.8800|4100300|19991188.0000|4.8800
094000|4.8700|4.9000|4.8500|4.9000|2215000|10787317.0000|4.9000
094500|4.9000|4.9200|4.8800|4.8800|2189836|10728449.0000|4.8800
095000|4.8800|4.8900|4.8400|4.8600|2194700|10675057.0000|4.8600
095500|4.8600|4.8800|4.8400|4.8700|1839700|8930925.0000|4.8700
100000|4.8700|4.8700|4.8500|4.8600|1287900|6258210.0000|4.8600
100500|4.8600|4.8600|4.8300|4.8500|2495100|12084334.0000|4.8500
101000|4.8300|4.8700|4.8300|4.8600|1499800|7269590.0000|4.8600
101500|4.8500|4.9000|4.8500|4.9000|1191200|5817113.0000|4.9000
102000|4.9000|4.9000|4.8700|4.8700|1224100|5986566.0000|4.8700
102500|4.8800|4.9400|4.8700|4.9300|1569800|7695821.0000|4.9300
103000|4.9300|4.9400|4.9100|4.9200|1555000|7665063.0000|4.9200
103500|4.9200|4.9300|4.9000|4.9200|885400|4356831.0000|4.9200
104000|4.9200|4.9300|4.9000|4.9300|699800|3440695.0000|4.9300
104500|4.9200|4.9300|4.9000|4.9100|675700|3321865.0000|4.9100
105000|4.9100|4.9100|4.8900|4.8900|427900|2096512.0000|4.8900
105500|4.9000|4.9100|4.8900|4.8900|627900|3076777.0000|4.8900
110000|4.8900|4.9000|4.8800|4.9000|765500|3743937.0000|4.9000
110500|4.8900|4.9000|4.8800|4.9000|424800|2075966.0000|4.9000
111000|4.9000|4.9100|4.8900|4.9000|312500|1530690.0000|4.9000
111500|4.9000|4.9000|4.8700|4.8700|742900|3623798.0000|4.8700
112000|4.8700|4.8800|4.8600|4.8800|636600|3104461.0000|4.8800
112500|4.8700|4.8800|4.8600|4.8800|327800|1595447.0000|4.8800
113000|4.8800|4.8800|4.8700|4.8700|357800|1744246.0000|4.8700
130500|4.8800|4.8800|4.8500|4.8800|1123600|5463802.0000|4.8800
131000|4.8700|4.8900|4.8600|4.8700|332100|1620377.0000|4.8700
131500|4.8700|4.8800|4.8500|4.8500|719700|3498039.0000|4.8500
132000|4.8600|4.8600|4.8400|4.8500|793100|3846511.0000|4.8500
132500|4.8500|4.8600|4.8500|4.8600|341500|1656730.0000|4.8600
133000|4.8600|4.8600|4.8400|4.8500|935200|4536067.0000|4.8500
133500|4.8400|4.8600|4.8400|4.8400|666400|3230168.0000|4.8400
134000|4.8500|4.8600|4.8400|4.8500|288500|1398903.0000|4.8500
134500|4.8500|4.8600|4.8500|4.8500|365700|1776315.0000|4.8500
135000|4.8500|4.8600|4.8400|4.8400|1387800|6723374.0000|4.8400
135500|4.8400|4.8500|4.8300|4.8300|594500|2876070.0000|4.8300
140000|4.8300|4.8400|4.8300|4.8400|271300|1311397.0000|4.8400
140500|4.8300|4.8500|4.8300|4.8500|943100|4563250.0000|4.8500
141000|4.8500|4.8500|4.8300|4.8300|629000|3045792.0000|4.8300
141500|4.8300|4.8400|4.8300|4.8400|388400|1878254.0000|4.8400
142000|4.8400|4.8400|4.8300|4.8300|390100|1886660.0000|4.8300
142500|4.8400|4.8400|4.8200|4.8400|1750638|8452350.0000|4.8400
143000|4.8300|4.8500|4.8300|4.8500|602500|2914398.0000|4.8500
143500|4.8500|4.8700|4.8500|4.8700|712800|3463502.0000|4.8700
144000|4.8600|4.8800|4.8600|4.8800|1206800|5875282.0000|4.8800
144500|4.8800|4.8800|4.8600|4.8700|689600|3358015.0000|4.8700
145000|4.8700|4.8800|4.8600|4.8700|616200|3000968.0000|4.8700
145500|4.8700|4.8800|4.8600|4.8800|1118800|5449639.0000|4.8800
150000|4.8800|4.8900|4.8700|4.8800|1028000|5016508.0000|4.8800
