093500|18.7600|18.7600|18.4400|18.6700|182235|3384806.0000|18.6700
094000|18.6700|18.6800|18.4900|18.5000|145465|2701301.0000|18.5000
094500|18.5100|18.6100|18.5000|18.5300|112400|2085277.0000|18.5300
095000|18.5300|18.6100|18.4900|18.5500|68600|1271999.0000|18.5500
095500|18.5500|18.5600|18.4500|18.5000|86500|1599286.0000|18.5000
100000|18.5000|18.5500|18.4400|18.5500|61435|1134616.0000|18.5500
100500|18.5500|18.5800|18.4000|18.4600|68200|1260332.0000|18.4600
101000|18.4300|18.5100|18.4000|18.4400|142200|2621679.0000|18.4400
101500|18.4400|18.6200|18.4300|18.5800|181800|3364510.0000|18.5800
102000|18.5800|18.5800|18.5100|18.5300|25600|474708.0000|18.5300
102500|18.5300|18.5300|18.4300|18.4800|52300|966186.0000|18.4800
103000|18.4900|18.5800|18.4700|18.5500|24600|456300.0000|18.5500
103500|18.5500|18.6200|18.4900|18.6200|68200|1263705.0000|18.6200
104000|18.6200|18.7200|18.5300|18.6900|157400|2936196.0000|18.6900
104500|18.6900|18.6900|18.6000|18.6600|28000|522476.0000|18.6600
105000|18.6200|18.6600|18.6100|18.6500|36000|671124.0000|18.6500
105500|18.6500|18.7300|18.6400|18.7000|98100|1833331.0000|18.7000
110000|18.7000|18.7300|18.6200|18.7000|112700|2105526.0000|18.7000
110500|18.6800|18.7600|18.6800|18.7400|124600|2332891.0000|18.7400
111000|18.7500|18.9000|18.7500|18.9000|245400|4624526.0000|18.9000
111500|18.8800|18.9200|18.8500|18.9000|369778|6986801.0000|18.9000
112000|18.9100|18.9100|18.8200|18.8600|180300|3402025.0000|18.8600
112500|18.8600|18.8600|18.6000|18.6800|221800|4156023.0000|18.6800
113000|18.6700|18.7200|18.6100|18.6100|86200|1608286.0000|18.6100
130500|18.6100|18.9000|18.6100|18.9000|274600|5155565.0000|18.9000
131000|18.9000|19.0000|18.8900|18.9100|189400|3587727.0000|18.9100
131500|18.9000|18.9500|18.8700|18.9500|201200|3806479.0000|18.9500
132000|18.9500|19.1000|18.9200|19.0800|406650|7721761.0000|19.0800
132500|19.0800|19.2000|19.0400|19.1700|346401|6624049.0000|19.1700
133000|19.1700|19.1700|18.8600|18.8600|297000|5645590.0000|18.8600
133500|18.8300|18.8800|18.7200|18.7200|239500|4505560.0000|18.7200
134000|18.7400|18.7400|18.6700|18.7300|111200|2079416.0000|18.7300
134500|18.7200|18.7600|18.6500|18.6800|129700|2426770.0000|18.6800
135000|18.6800|18.8100|18.6700|18.8000|133400|2503118.0000|18.8000
135500|18.8000|18.8100|18.7500|18.8100|91600|1720351.0000|18.8100
140000|18.8400|18.8400|18.7700|18.8400|83482|1569481.0000|18.8400
140500|18.8400|18.9300|18.8100|18.8800|103000|1944358.0000|18.8800
141000|18.8600|18.8900|18.8000|18.8300|96300|1815746.0000|18.8300
141500|18.8400|18.9200|18.8300|18.8600|73500|1387273.0000|18.8600
142000|18.8500|18.9100|18.8300|18.8500|95200|1796667.0000|18.8500
142500|18.8400|18.9200|18.8400|18.8700|96700|1825518.0000|18.8700
143000|18.8800|18.8900|18.8400|18.8400|84000|1584879.0000|18.8400
143500|18.8300|18.8300|18.6600|18.7000|145600|2726072.0000|18.7000
144000|18.6600|18.7500|18.6600|18.7500|141600|2647345.0000|18.7500
144500|18.7500|18.7700|18.6900|18.7300|138600|2598378.0000|18.7300
145000|18.7300|18.7800|18.7100|18.7500|82600|1548264.0000|18.7500
145500|18.7000|18.7600|18.7000|18.7300|266917|4998436.0000|18.7300
150000|18.7300|18.7600|18.7100|18.7100|77500|1451537.0000|18.7100
