093500|9.0300|9.1600|9.0300|9.1500|253200|2304769.0000|9.1500
094000|9.1500|9.1900|9.1500|9.1700|258400|2369848.0000|9.1700
094500|9.1700|9.2100|9.1300|9.2000|368900|3383948.0000|9.2000
095000|9.2000|9.2100|9.1400|9.1500|103400|949055.0000|9.1500
095500|9.1400|9.1400|9.1100|9.1300|288500|2631848.0000|9.1300
100000|9.1300|9.1600|9.1200|9.1600|233700|2135438.0000|9.1600
100500|9.1600|9.1700|9.1500|9.1600|97200|890300.0000|9.1600
101000|9.1600|9.1700|9.1500|9.1500|117300|1074467.0000|9.1500
101500|9.1600|9.2100|9.1500|9.2000|250700|2302760.0000|9.2000
102000|9.2100|9.2100|9.1800|9.2000|262200|2408304.0000|9.2000
102500|9.1900|9.2100|9.1800|9.1800|154600|1422132.0000|9.1800
103000|9.1800|9.2000|9.1700|9.1900|106500|977952.0000|9.1900
103500|9.1900|9.2100|9.1900|9.2000|62500|574852.0000|9.2000
104000|9.2000|9.2000|9.1700|9.1700|81900|752384.0000|9.1700
104500|9.1700|9.1900|9.1700|9.1900|33300|305896.0000|9.1900
105000|9.1900|9.2100|9.1900|9.2100|217300|1999688.0000|9.2100
105500|9.2100|9.2100|9.2000|9.2100|102800|946084.0000|9.2100
110000|9.2100|9.2100|9.1900|9.2000|111900|1029562.0000|9.2000
110500|9.2000|9.2100|9.1700|9.2000|129500|1190376.0000|9.2000
111000|9.2100|9.2200|9.2000|9.2000|97000|893180.0000|9.2000
111500|9.2000|9.2000|9.1800|9.1800|90600|832332.0000|9.1800
112000|9.1800|9.2100|9.1800|9.2000|88700|815812.0000|9.2000
112500|9.2000|9.2100|9.1900|9.2000|111800|1028864.0000|9.2000
113000|9.2000|9.2200|9.1900|9.2200|113600|1045816.0000|9.2200
130500|9.2100|9.2400|9.2000|9.2400|216500|1997628.0000|9.2400
131000|9.2400|9.2700|9.2400|9.2700|204400|1892836.0000|9.2700
131500|9.2700|9.3300|9.2700|9.3200|376600|3502472.0000|9.3200
132000|9.3200|9.3200|9.3000|9.3200|272700|2538972.0000|9.3200
132500|9.3200|9.3200|9.2900|9.3000|239400|2226512.0000|9.3000
133000|9.3000|9.3000|9.2700|9.2800|206300|1914488.0000|9.2800
133500|9.2800|9.3100|9.2800|9.3000|183500|1705252.0000|9.3000
134000|9.3000|9.3100|9.2800|9.2800|130400|1212136.0000|9.2800
134500|9.2800|9.2800|9.2600|9.2700|106100|983568.0000|9.2700
135000|9.2600|9.2900|9.2600|9.2700|138100|1281716.0000|9.2700
135500|9.2800|9.2900|9.2600|9.2800|82900|769040.0000|9.2800
140000|9.2800|9.2900|9.2700|9.2900|116100|1077968.0000|9.2900
140500|9.2900|9.2900|9.2700|9.2800|91500|849184.0000|9.2800
141000|9.2800|9.3000|9.2800|9.2900|111600|1036692.0000|9.2900
141500|9.2900|9.3000|9.2800|9.2800|119100|1106464.0000|9.2800
142000|9.2800|9.3000|9.2800|9.2900|81300|755620.0000|9.2900
142500|9.2900|9.3000|9.2900|9.3000|92400|859060.0000|9.3000
143000|9.3000|9.3100|9.2900|9.3000|159000|1478756.0000|9.3000
143500|9.3000|9.3200|9.3000|9.3200|98200|914328.0000|9.3200
144000|9.3200|9.3400|9.3100|9.3300|299000|2789000.0000|9.3300
144500|9.3300|9.3400|9.3200|9.3300|104100|971484.0000|9.3300
145000|9.3400|9.3400|9.3200|9.3400|219200|2044964.0000|9.3400
145500|9.3400|9.3600|9.3300|9.3500|418000|3906048.0000|9.3500
150000|9.3500|9.3700|9.3500|9.3700|307100|2874864.0000|9.3700
