093500|9.0600|9.1700|9.0200|9.0200|4097126|37244846.0000|9.0200
094000|9.0300|9.0600|9.0100|9.0200|1966640|17778697.0000|9.0200
094500|9.0100|9.0800|8.9800|9.0600|2043683|18455387.0000|9.0600
095000|9.0500|9.0600|9.0000|9.0100|894415|8073839.0000|9.0100
095500|9.0100|9.0700|8.9900|9.0700|1078200|9742262.0000|9.0700
100000|9.0700|9.0800|9.0000|9.0300|652600|5893624.0000|9.0300
100500|9.0300|9.0700|9.0300|9.0600|1037662|9388845.0000|9.0600
101000|9.0600|9.1300|9.0500|9.1200|1797435|16339994.0000|9.1200
101500|9.1100|9.2100|9.1100|9.1900|3659386|33514200.0000|9.1900
102000|9.1900|9.1900|9.1400|9.1400|2003716|18386771.0000|9.1400
102500|9.1400|9.1600|9.1100|9.1300|1331062|12159294.0000|9.1300
103000|9.1300|9.1700|9.1100|9.1600|626261|5724659.0000|9.1600
103500|9.1600|9.1900|9.1300|9.1500|993480|9103356.0000|9.1500
104000|9.1600|9.1600|9.1200|9.1300|529900|4843922.0000|9.1300
104500|9.1300|9.1600|9.0900|9.1300|991988|9043738.0000|9.1300
105000|9.1300|9.1400|9.1100|9.1200|507575|4631389.0000|9.1200
105500|9.1200|9.1500|9.1100|9.1300|445835|4069643.0000|9.1300
110000|9.1300|9.1400|9.1200|9.1300|261200|2386029.0000|9.1300
110500|9.1300|9.1300|9.0900|9.0900|967300|8806815.0000|9.0900
111000|9.0900|9.1000|9.0800|9.0900|485305|4410231.0000|9.0900
111500|9.0900|9.0900|9.0600|9.0700|546905|4962177.0000|9.0700
112000|9.0600|9.0800|9.0400|9.0600|844155|7645319.0000|9.0600
112500|9.0700|9.1000|9.0500|9.0800|593451|5386637.0000|9.0800
113000|9.0900|9.0900|9.0600|9.0600|343200|3115257.0000|9.0600
130500|9.0700|9.1400|9.0500|9.1400|869585|7902493.0000|9.1400
131000|9.1300|9.1300|9.1000|9.1100|779115|7102480.0000|9.1100
131500|9.1100|9.1100|9.0700|9.0800|451100|4098880.0000|9.0800
132000|9.0800|9.0800|9.0500|9.0500|480400|4354352.0000|9.0500
132500|9.0500|9.0500|9.0200|9.0200|1048840|9468080.0000|9.0200
133000|9.0400|9.0500|9.0200|9.0300|348400|3146128.0000|9.0300
133500|9.0200|9.0400|9.0100|9.0200|294565|2658928.0000|9.0200
134000|9.0200|9.0200|9.0000|9.0100|362600|3267744.0000|9.0100
134500|9.0200|9.0300|9.0000|9.0200|545400|4917264.0000|9.0200
135000|9.0100|9.0200|9.0100|9.0200|253400|2284512.0000|9.0200
135500|9.0200|9.0200|8.9900|9.0000|799850|7201968.0000|9.0000
140000|9.0000|9.0000|8.9600|8.9600|550700|4948768.0000|8.9600
140500|8.9700|8.9900|8.9600|8.9800|535845|4808464.0000|8.9800
141000|8.9800|9.0100|8.9700|9.0000|432365|3886080.0000|9.0000
141500|9.0000|9.0000|8.9800|8.9900|372640|3349504.0000|8.9900
142000|8.9900|8.9900|8.9700|8.9900|446055|4005648.0000|8.9900
142500|8.9900|9.0000|8.9800|8.9900|374900|3369168.0000|8.9900
143000|8.9900|9.0000|8.9600|8.9800|481815|4325264.0000|8.9800
143500|8.9900|8.9900|8.9400|8.9600|851400|7630960.0000|8.9600
144000|8.9500|8.9600|8.9300|8.9500|587900|5258768.0000|8.9500
144500|8.9500|8.9800|8.9500|8.9800|560320|5023264.0000|8.9800
145000|8.9700|9.0100|8.9400|9.0000|1092473|9809776.0000|9.0000
145500|9.0000|9.0400|8.9900|9.0300|1121570|10106736.0000|9.0300
150000|9.0200|9.0200|8.9900|8.9900|1195420|10757216.0000|8.9900
