093500|1.72|1.73|1.7|1.7|181785.0|31087134.0|1.69
094000|1.69|1.7|1.69|1.69|32683.0|5545932.0|1.7
094500|1.69|1.71|1.69|1.71|56240.0|9593002.0|1.69
095000|1.71|1.72|1.7|1.71|36679.0|6272009.0|1.71
095500|1.71|1.71|1.7|1.71|7765.0|1323894.0|1.71
100000|1.71|1.71|1.7|1.7|11437.0|1950918.0|1.71
100500|1.71|1.71|1.7|1.7|10831.0|1843801.0|1.7
101000|1.7|1.71|1.69|1.7|65372.0|11114059.0|1.7
101500|1.71|1.71|1.7|1.7|28100.0|4778564.0|1.7
102000|1.7|1.71|1.69|1.7|52278.0|8888048.0|1.7
102500|1.71|1.71|1.69|1.71|20659.0|3512701.0|1.7
103000|1.7|1.71|1.7|1.71|8200.0|1396856.0|1.71
103500|1.7|1.71|1.7|1.71|8020.0|1366809.0|1.71
104000|1.71|1.71|1.7|1.71|6952.0|1185758.0|1.71
104500|1.71|1.71|1.7|1.71|8907.0|1516909.0|1.71
105000|1.71|1.71|1.7|1.71|3111.0|530727.0|1.71
105500|1.71|1.71|1.7|1.71|7058.0|1202773.0|1.71
110000|1.71|1.71|1.7|1.7|26939.0|4580812.0|1.71
110500|1.69|1.71|1.69|1.69|20041.0|3407352.0|1.7
111000|1.7|1.7|1.69|1.7|5173.0|876894.0|1.69
111500|1.69|1.7|1.69|1.7|6408.0|1084975.0|1.7
112000|1.69|1.7|1.69|1.7|5156.0|872626.0|1.7
112500|1.69|1.7|1.69|1.69|3097.0|524082.0|1.7
113000|1.69|1.7|1.69|1.7|10988.0|1865044.0|1.69
130500|1.69|1.7|1.69|1.7|24419.0|4148622.0|1.7
131000|1.69|1.7|1.69|1.7|12429.0|2114494.0|1.7
131500|1.7|1.7|1.69|1.7|3564.0|605317.0|1.7
132000|1.7|1.7|1.69|1.7|5711.0|969600.0|1.7
132500|1.69|1.7|1.69|1.7|3951.0|669425.0|1.7
133000|1.7|1.7|1.69|1.7|5531.0|936918.0|1.7
133500|1.7|1.71|1.69|1.71|33990.0|5777575.0|1.7
134000|1.71|1.71|1.7|1.7|13349.0|2279219.0|1.71
134500|1.7|1.71|1.7|1.71|5409.0|922408.0|1.7
135000|1.71|1.71|1.7|1.7|5906.0|1006187.0|1.71
135500|1.71|1.71|1.69|1.7|16662.0|2832711.0|1.7
140000|1.7|1.7|1.69|1.7|3614.0|613022.0|1.7
140500|1.7|1.7|1.69|1.7|6051.0|1025506.0|1.7
141000|1.7|1.7|1.69|1.7|1927.0|327063.0|1.7
141500|1.7|1.7|1.69|1.7|5005.0|848513.0|1.7
142000|1.7|1.71|1.69|1.7|17666.0|3005255.0|1.7
142500|1.7|1.71|1.7|1.71|5914.0|1007328.0|1.7
143000|1.7|1.71|1.7|1.7|7424.0|1263283.0|1.71
143500|1.7|1.71|1.7|1.71|8584.0|1465487.0|1.7
144000|1.71|1.71|1.69|1.69|25018.0|4253282.0|1.71
144500|1.7|1.7|1.69|1.7|13523.0|2296194.0|1.69
145000|1.7|1.7|1.69|1.69|12117.0|2056123.0|1.7
145500|1.7|1.71|1.69|1.7|33643.0|5722931.0|1.69
150000|1.7|1.71|1.7|1.71|18214.0|3110740.0|1.7
