093500|42.4000|43.1400|42.2100|42.8600|601400|25725260.0000|42.8600
094000|42.9500|42.9500|42.7000|42.8600|234000|10011592.0000|42.8600
094500|42.8500|43.0400|42.6500|42.7800|207700|8897588.0000|42.7800
095000|42.7800|42.7800|42.5900|42.6400|143800|6131444.0000|42.6400
095500|42.6400|42.7700|42.5700|42.6900|157200|6705884.0000|42.6900
100000|42.6300|42.7700|42.5600|42.6700|121800|5196272.0000|42.6700
100500|42.6200|42.6300|42.4200|42.4500|102600|4365524.0000|42.4500
101000|42.4500|42.5300|42.4000|42.4600|74000|3139636.0000|42.4600
101500|42.4600|42.6800|42.4300|42.6600|87300|3712096.0000|42.6600
102000|42.6700|42.7600|42.5700|42.6300|77200|3293848.0000|42.6300
102500|42.6300|42.7000|42.5500|42.5500|84500|3601336.0000|42.5500
103000|42.5600|42.5600|42.4700|42.5000|53900|2292112.0000|42.5000
103500|42.5000|42.5800|42.5000|42.5500|67300|2862752.0000|42.5500
104000|42.5600|42.5900|42.5100|42.5200|77100|3280296.0000|42.5200
104500|42.5200|42.6700|42.4100|42.6200|72600|3087216.0000|42.6200
105000|42.6200|42.6400|42.4800|42.5000|33600|1430024.0000|42.5000
105500|42.4900|42.9000|42.4900|42.7000|133800|5719440.0000|42.7000
110000|42.6800|42.7900|42.5600|42.5900|84700|3618840.0000|42.5900
110500|42.5900|42.7300|42.5900|42.7100|36500|1556320.0000|42.7100
111000|42.7100|42.9100|42.7000|42.9000|85100|3645768.0000|42.9000
111500|42.9000|42.9900|42.7700|42.8500|143900|6175792.0000|42.8500
112000|42.8400|43.0000|42.7700|42.9900|127700|5475968.0000|42.9900
112500|43.0000|43.0000|42.8100|42.9900|92100|3953888.0000|42.9900
113000|43.0000|43.0000|42.7000|42.7100|134000|5741584.0000|42.7100
130500|42.7200|42.7400|42.5100|42.5200|89000|3794112.0000|42.5200
131000|42.5000|42.5900|42.4800|42.4800|91100|3873328.0000|42.4800
131500|42.4600|42.5100|42.3300|42.3600|87800|3724144.0000|42.3600
132000|42.3500|42.4100|42.2900|42.3300|85200|3607664.0000|42.3300
132500|42.3400|42.4000|42.3200|42.3300|41900|1774336.0000|42.3300
133000|42.3400|42.3500|42.2500|42.2800|89500|3782848.0000|42.2800
133500|42.2800|42.3400|42.2000|42.3200|90000|3804320.0000|42.3200
134000|42.3500|42.4200|42.3200|42.3600|59400|2515360.0000|42.3600
134500|42.3600|42.4400|42.3600|42.3900|35700|1513984.0000|42.3900
135000|42.4000|42.4000|42.3600|42.3900|28900|1224912.0000|42.3900
135500|42.3700|42.3900|42.3100|42.3400|39500|1672832.0000|42.3400
140000|42.3400|42.4100|42.3200|42.4100|23800|1008192.0000|42.4100
140500|42.4000|42.4500|42.3600|42.3900|42500|1802304.0000|42.3900
141000|42.4100|42.4400|42.3600|42.4000|28800|1221040.0000|42.4000
141500|42.4000|42.4300|42.3400|42.4100|27200|1152944.0000|42.4100
142000|42.4100|42.4500|42.3500|42.3700|55600|2357696.0000|42.3700
142500|42.3900|42.4300|42.3700|42.3800|29600|1255104.0000|42.3800
143000|42.4100|42.5400|42.4000|42.5300|39700|1687136.0000|42.5300
143500|42.5300|42.5600|42.3800|42.4400|50600|2149696.0000|42.4400
144000|42.4400|42.4500|42.3200|42.3500|40100|1698752.0000|42.3500
144500|42.3200|42.3600|42.3100|42.3300|54700|2315504.0000|42.3300
145000|42.3400|42.3500|42.2400|42.3100|154100|6516784.0000|42.3100
145500|42.2800|42.3100|42.2400|42.2400|193100|8162112.0000|42.2400
150000|42.2400|42.3200|42.2100|42.2500|163900|6924256.0000|42.2500
