093500|5.6700|5.6800|5.6400|5.6600|6073000|34354764.0000|5.6600
094000|5.6500|5.6600|5.6400|5.6600|3368200|19033648.0000|5.6600
094500|5.6500|5.6800|5.6500|5.6700|1874500|10619852.0000|5.6700
095000|5.6700|5.6700|5.6600|5.6600|1331500|7542568.0000|5.6600
095500|5.6700|5.6700|5.6500|5.6600|2375000|13438952.0000|5.6600
100000|5.6600|5.6700|5.6600|5.6600|1144900|6486640.0000|5.6600
100500|5.6600|5.6700|5.6600|5.6600|2165900|12261848.0000|5.6600
101000|5.6700|5.6700|5.6600|5.6700|1093900|6193808.0000|5.6700
101500|5.6700|5.6700|5.6600|5.6700|697900|3951680.0000|5.6700
102000|5.6700|5.6700|5.6600|5.6700|1184800|6711992.0000|5.6700
102500|5.6700|5.6800|5.6700|5.6700|902900|5124984.0000|5.6700
103000|5.6800|5.6800|5.6600|5.6700|919800|5215512.0000|5.6700
103500|5.6700|5.6700|5.6600|5.6700|1035800|5868824.0000|5.6700
104000|5.6700|5.6900|5.6600|5.6900|1083100|6144688.0000|5.6900
104500|5.6900|5.6900|5.6600|5.6700|1403800|7963280.0000|5.6700
105000|5.6700|5.6700|5.6600|5.6700|554400|3140432.0000|5.6700
105500|5.6600|5.6700|5.6600|5.6700|935500|5301136.0000|5.6700
110000|5.6700|5.6800|5.6600|5.6700|901300|5108976.0000|5.6700
110500|5.6700|5.6900|5.6600|5.6800|1535200|8707440.0000|5.6800
111000|5.6800|5.6900|5.6700|5.6800|839700|4769680.0000|5.6800
111500|5.6800|5.6800|5.6700|5.6800|662100|3755168.0000|5.6800
112000|5.6700|5.6800|5.6700|5.6700|670100|3801024.0000|5.6700
112500|5.6700|5.6800|5.6700|5.6700|561300|3183808.0000|5.6700
113000|5.6800|5.6800|5.6700|5.6800|713200|4046544.0000|5.6800
130500|5.6700|5.6800|5.6700|5.6700|1192000|6763280.0000|5.6700
131000|5.6700|5.6800|5.6600|5.6700|946600|5366096.0000|5.6700
131500|5.6600|5.6700|5.6600|5.6700|887400|5028512.0000|5.6700
132000|5.6700|5.6700|5.6600|5.6700|394800|2236320.0000|5.6700
132500|5.6700|5.6800|5.6600|5.6600|1485300|8420304.0000|5.6600
133000|5.6600|5.6700|5.6600|5.6700|397600|2252000.0000|5.6700
133500|5.6700|5.6700|5.6600|5.6600|739000|4183936.0000|5.6600
134000|5.6600|5.6700|5.6600|5.6600|505400|2861936.0000|5.6600
134500|5.6600|5.6700|5.6600|5.6700|1154100|6535184.0000|5.6700
135000|5.6700|5.6700|5.6500|5.6600|1551700|8782592.0000|5.6600
135500|5.6500|5.6700|5.6500|5.6700|1021900|5780816.0000|5.6700
140000|5.6600|5.6700|5.6600|5.6600|639000|3617232.0000|5.6600
140500|5.6600|5.6700|5.6600|5.6700|278400|1576432.0000|5.6700
141000|5.6700|5.6700|5.6600|5.6700|348400|1972208.0000|5.6700
141500|5.6700|5.6800|5.6600|5.6700|1152900|6541920.0000|5.6700
142000|5.6700|5.7000|5.6700|5.7000|2043300|11627872.0000|5.7000
142500|5.7000|5.7100|5.7000|5.7100|1840300|10492736.0000|5.7100
143000|5.7100|5.7200|5.7000|5.7200|1491100|8518688.0000|5.7200
143500|5.7200|5.7200|5.7100|5.7100|659900|3773344.0000|5.7100
144000|5.7100|5.7300|5.7100|5.7300|1194800|6836832.0000|5.7300
144500|5.7300|5.7300|5.7100|5.7200|1049600|6003424.0000|5.7200
145000|5.7100|5.7200|5.7100|5.7200|612100|3496320.0000|5.7200
145500|5.7100|5.7200|5.7100|5.7100|1417900|8100096.0000|5.7100
150000|5.7200|5.7200|5.7100|5.7200|1425300|8148864.0000|5.7200
