093500|18.81|18.9|18.74|18.78|13334.0|25101373.0|18.8
094000|18.77|18.86|18.75|18.77|5422.0|10192358.0|18.78
094500|18.75|18.77|18.6|18.63|7410.0|13826605.0|18.77
095000|18.63|18.63|18.55|18.55|6480.0|12054074.0|18.63
095500|18.55|18.58|18.52|18.53|3793.0|7034347.0|18.55
100000|18.53|18.53|18.48|18.48|5940.0|10992043.0|18.53
100500|18.48|18.53|18.43|18.43|7251.0|13407066.0|18.48
101000|18.43|18.51|18.43|18.51|4059.0|7501786.0|18.43
101500|18.51|18.52|18.46|18.48|2955.0|5463672.0|18.51
102000|18.48|18.48|18.43|18.48|3582.0|6611850.0|18.48
102500|18.48|18.53|18.47|18.5|2279.0|4217147.0|18.48
103000|18.49|18.51|18.49|18.49|2002.0|3703223.0|18.5
103500|18.49|18.52|18.48|18.51|1486.0|2748831.0|18.49
104000|18.5|18.53|18.49|18.53|1362.0|2521470.0|18.51
104500|18.53|18.56|18.49|18.56|2562.0|4745064.0|18.53
105000|18.55|18.6|18.54|18.6|1244.0|2310464.0|18.56
105500|18.6|18.65|18.6|18.63|2308.0|4299361.0|18.6
110000|18.64|18.68|18.63|18.66|2772.0|5170083.0|18.63
110500|18.66|18.68|18.62|18.68|2342.0|4367027.0|18.66
111000|18.67|18.69|18.59|18.59|1238.0|2308724.0|18.68
111500|18.59|18.61|18.55|18.56|1209.0|2245490.0|18.59
112000|18.57|18.58|18.53|18.53|860.0|1595289.0|18.56
112500|18.52|18.55|18.5|18.53|954.0|1766741.0|18.53
113000|18.51|18.57|18.51|18.54|899.0|1666284.0|18.53
130500|18.57|18.59|18.54|18.58|1001.0|1857802.0|18.54
131000|18.58|18.59|18.56|18.57|1250.0|2321986.0|18.58
131500|18.57|18.6|18.56|18.59|596.0|1107186.0|18.57
132000|18.6|18.66|18.57|18.66|1409.0|2621429.0|18.59
132500|18.66|18.66|18.63|18.64|1034.0|1927642.0|18.66
133000|18.64|18.64|18.6|18.62|1121.0|2086622.0|18.64
133500|18.6|18.62|18.56|18.58|1690.0|3140009.0|18.62
134000|18.57|18.6|18.55|18.57|878.0|1629776.0|18.58
134500|18.56|18.57|18.53|18.55|1487.0|2757955.0|18.57
135000|18.55|18.57|18.54|18.54|1012.0|1878954.0|18.55
135500|18.54|18.55|18.53|18.55|1263.0|2341368.0|18.54
140000|18.55|18.56|18.53|18.54|1115.0|2067853.0|18.55
140500|18.54|18.55|18.5|18.53|2424.0|4488818.0|18.54
141000|18.52|18.55|18.5|18.51|1439.0|2664644.0|18.53
141500|18.51|18.53|18.51|18.53|938.0|1736825.0|18.51
142000|18.53|18.55|18.51|18.54|1000.0|1852667.0|18.53
142500|18.53|18.53|18.47|18.48|3196.0|5911186.0|18.54
143000|18.48|18.5|18.45|18.49|3002.0|5544934.0|18.48
143500|18.5|18.53|18.45|18.45|2899.0|5359871.0|18.49
144000|18.46|18.49|18.43|18.45|3866.0|7133768.0|18.45
144500|18.45|18.51|18.44|18.49|2670.0|4934049.0|18.45
145000|18.5|18.54|18.46|18.53|1738.0|3216814.0|18.49
145500|18.53|18.59|18.53|18.58|2565.0|4762217.0|18.53
150000|18.58|18.6|18.56|18.56|1682.0|3123636.0|18.58
