09350000|6.9877475000|7.0231285000|6.9789022500|7.0142832500|147600|1168850.0000|7.0142832500
09400000|7.0142832500|7.0142832500|6.9965927500|6.9965927500|53800|426013.0000|6.9965927500
09450000|7.0054380000|7.0142832500|6.9877475000|7.0054380000|72300|572460.0000|7.0054380000
09500000|7.0142832500|7.0142832500|6.9877475000|6.9965927500|82200|650719.0000|6.9965927500
09550000|7.0054380000|7.0054380000|6.9877475000|7.0054380000|88491|700056.0000|7.0054380000
10000000|7.0054380000|7.0142832500|6.9877475000|7.0142832500|47700|377550.0000|7.0142832500
10050000|7.0142832500|7.0585095000|7.0054380000|7.0585095000|227905|1811963.0000|7.0585095000
10100000|7.0496642500|7.0585095000|7.0231285000|7.0231285000|128100|1019903.0000|7.0231285000
10150000|7.0231285000|7.0319737500|7.0231285000|7.0231285000|54200|430399.0000|7.0231285000
10200000|7.0231285000|7.0319737500|7.0142832500|7.0231285000|36600|290412.0000|7.0231285000
10250000|7.0231285000|7.0231285000|6.9877475000|7.0054380000|63700|504326.0000|7.0054380000
10300000|7.0054380000|7.0142832500|7.0054380000|7.0054380000|17500|138715.0000|7.0054380000
10350000|7.0054380000|7.0054380000|6.9965927500|7.0054380000|20100|159187.0000|7.0054380000
10400000|7.0142832500|7.0142832500|6.9877475000|6.9877475000|49400|390782.0000|6.9877475000
10450000|6.9965927500|6.9965927500|6.9877475000|6.9877475000|20700|163642.0000|6.9877475000
10500000|6.9877475000|7.0142832500|6.9789022500|7.0142832500|54900|434390.0000|7.0142832500
10550000|7.0142832500|7.0142832500|7.0054380000|7.0054380000|18400|145814.0000|7.0054380000
11000000|7.0054380000|7.0142832500|6.9965927500|7.0054380000|38900|308086.0000|7.0054380000
11050000|7.0054380000|7.0142832500|6.9877475000|7.0054380000|43200|341839.0000|7.0054380000
11100000|7.0054380000|7.0319737500|7.0054380000|7.0231285000|441000|3496647.0000|7.0231285000
11150000|7.0231285000|7.0319737500|7.0142832500|7.0142832500|48700|386538.0000|7.0142832500
11200000|7.0142832500|7.0319737500|7.0142832500|7.0319737500|51600|409648.0000|7.0319737500
11250000|7.0319737500|7.0408190000|7.0319737500|7.0408190000|41600|331064.0000|7.0408190000
11300000|7.0408190000|7.0585095000|7.0319737500|7.0585095000|98500|784580.0000|7.0585095000
13050000|7.0585095000|7.1115810000|7.0585095000|7.1115810000|436443|3494367.0000|7.1115810000
13100000|7.1115810000|7.1204262500|7.0850452500|7.0850452500|156079|1254060.0000|7.0850452500
13150000|7.0850452500|7.1027357500|7.0762000000|7.0938905000|70500|565132.0000|7.0938905000
13200000|7.0938905000|7.1115810000|7.0850452500|7.1027357500|149800|1203461.0000|7.1027357500
13250000|7.1027357500|7.1027357500|7.0850452500|7.0850452500|94400|757572.0000|7.0850452500
13300000|7.0850452500|7.2088787500|7.0850452500|7.1646525000|853856|6915113.0000|7.1646525000
13350000|7.1646525000|7.1734977500|7.1469620000|7.1558072500|164500|1331105.0000|7.1558072500
13400000|7.1469620000|7.1646525000|7.1381167500|7.1469620000|178186|1440971.0000|7.1469620000
13450000|7.1469620000|7.1558072500|7.1292715000|7.1381167500|99100|800173.0000|7.1381167500
13500000|7.1381167500|7.1469620000|7.1292715000|7.1292715000|82300|664456.0000|7.1292715000
13550000|7.1292715000|7.1381167500|7.1115810000|7.1115810000|197618|1591060.0000|7.1115810000
14000000|7.1115810000|7.1292715000|7.1115810000|7.1204262500|67600|543747.0000|7.1204262500
14050000|7.1204262500|7.1381167500|7.1115810000|7.1115810000|133700|1076898.0000|7.1115810000
14100000|7.1204262500|7.1204262500|7.0850452500|7.0938905000|226400|1816363.0000|7.0938905000
14150000|7.0938905000|7.1115810000|7.0850452500|7.1027357500|158986|1273240.0000|7.1027357500
14200000|7.1027357500|7.1115810000|7.0938905000|7.1115810000|53522|430100.0000|7.1115810000
14250000|7.1204262500|7.1204262500|7.1115810000|7.1115810000|58200|468098.0000|7.1115810000
14300000|7.1204262500|7.1204262500|7.1115810000|7.1204262500|69800|561734.0000|7.1204262500
14350000|7.1204262500|7.1204262500|7.0938905000|7.1027357500|78300|628948.0000|7.1027357500
14400000|7.1027357500|7.1204262500|7.0850452500|7.1027357500|67700|543837.0000|7.1027357500
14450000|7.1115810000|7.1204262500|7.0938905000|7.1115810000|116269|934444.0000|7.1115810000
14500000|7.1115810000|7.1204262500|7.1027357500|7.1204262500|33400|268521.0000|7.1204262500
14550000|7.1204262500|7.1204262500|7.1115810000|7.1204262500|112670|906473.0000|7.1204262500
15000000|7.1204262500|7.1292715000|7.1115810000|7.1292715000|185847|1497143.0000|7.1292715000
