093500|24.7000|24.7500|24.5300|24.6700|142200|3509772.0000|24.6700
094000|24.6500|24.6600|24.5400|24.5800|88200|2169952.0000|24.5800
094500|24.5800|24.6300|24.5200|24.5500|134300|3297357.0000|24.5500
095000|24.5500|24.6200|24.5300|24.6100|55200|1355024.0000|24.6100
095500|24.6400|24.6500|24.5900|24.6000|53900|1327323.0000|24.6000
100000|24.5900|24.6500|24.5200|24.5300|81400|1999795.0000|24.5300
100500|24.5400|24.5600|24.5200|24.5400|51800|1270893.0000|24.5400
101000|24.5400|24.6200|24.5300|24.5900|48000|1178849.0000|24.5900
101500|24.5900|24.6000|24.5400|24.5400|21700|533126.0000|24.5400
102000|24.5400|24.5600|24.5000|24.5000|98100|2406146.0000|24.5000
102500|24.4800|24.4800|24.4100|24.4100|63200|1545176.0000|24.4100
103000|24.4200|24.4300|24.4000|24.4000|74300|1813982.0000|24.4000
103500|24.4000|24.4300|24.4000|24.4000|30600|746934.0000|24.4000
104000|24.4000|24.4000|24.3700|24.3800|62300|1519184.0000|24.3800
104500|24.3800|24.4100|24.3700|24.4000|36100|882532.0000|24.4000
105000|24.4000|24.4100|24.3800|24.4000|27400|668244.0000|24.4000
105500|24.4100|24.4300|24.4000|24.4000|26300|642060.0000|24.4000
110000|24.4100|24.4100|24.3700|24.3800|46500|1134114.0000|24.3800
110500|24.3700|24.4000|24.3700|24.4000|164900|4021118.0000|24.4000
111000|24.4000|24.4000|24.3700|24.3800|14200|346184.0000|24.3800
111500|24.3800|24.3800|24.3600|24.3800|23400|568184.0000|24.3800
112000|24.3800|24.3800|24.3600|24.3700|23900|582312.0000|24.3700
112500|24.3700|24.3800|24.3700|24.3700|14900|363192.0000|24.3700
113000|24.3700|24.3800|24.3600|24.3800|17000|414360.0000|24.3800
130500|24.3800|24.4100|24.3500|24.3900|200200|4877432.0000|24.3900
131000|24.3800|24.4000|24.3400|24.4000|42900|1044668.0000|24.4000
131500|24.4000|24.4000|24.3500|24.3500|26100|636012.0000|24.3500
132000|24.3500|24.3500|24.3000|24.3200|82600|2008232.0000|24.3200
132500|24.3200|24.3300|24.3100|24.3300|21600|525324.0000|24.3300
133000|24.3300|24.3300|24.2900|24.3000|39500|960260.0000|24.3000
133500|24.2900|24.3000|24.2600|24.2700|63200|1534844.0000|24.2700
134000|24.2700|24.2800|24.2100|24.2700|102000|2471748.0000|24.2700
134500|24.2800|24.2800|24.2100|24.2600|82900|2008756.0000|24.2600
135000|24.2400|24.2700|24.2400|24.2600|25800|625748.0000|24.2600
135500|24.2600|24.2800|24.2600|24.2800|14400|349500.0000|24.2800
140000|24.2800|24.2800|24.1800|24.1900|161700|3917264.0000|24.1900
140500|24.1900|24.2400|24.1900|24.2000|56800|1374920.0000|24.2000
141000|24.2100|24.2500|24.2100|24.2400|30500|738936.0000|24.2400
141500|24.2300|24.2500|24.2100|24.2100|53000|1283952.0000|24.2100
142000|24.2200|24.2600|24.2200|24.2500|34900|845772.0000|24.2500
142500|24.2500|24.2500|24.2100|24.2300|42200|1022436.0000|24.2300
143000|24.2300|24.2300|24.2100|24.2200|44200|1070456.0000|24.2200
143500|24.2300|24.2400|24.2000|24.2100|102200|2474120.0000|24.2100
144000|24.2100|24.2300|24.2000|24.2200|52600|1273464.0000|24.2200
144500|24.2200|24.2300|24.2000|24.2200|52300|1266352.0000|24.2200
145000|24.2100|24.2300|24.2000|24.2100|66600|1612352.0000|24.2100
145500|24.2100|24.2200|24.1600|24.1900|229900|5560264.0000|24.1900
150000|24.1900|24.2100|24.1600|24.1600|104600|2528936.0000|24.1600
