093500|16.1600|16.1600|16.0100|16.1100|1612800|25934112.0000|16.1100
094000|16.1200|16.2100|16.0200|16.1800|934600|15067192.0000|16.1800
094500|16.1800|16.2500|16.1500|16.1600|699400|11329704.0000|16.1600
095000|16.1600|16.3900|16.1500|16.2400|1048300|17081680.0000|16.2400
095500|16.2400|16.2600|16.1500|16.2000|520400|8432584.0000|16.2000
100000|16.2000|16.2100|16.1000|16.1200|470900|7598272.0000|16.1200
100500|16.1100|16.1600|16.0800|16.0800|383600|6182088.0000|16.0800
101000|16.0800|16.1300|16.0800|16.1300|316700|5100808.0000|16.1300
101500|16.1300|16.1500|16.0800|16.1200|340300|5483136.0000|16.1200
102000|16.1200|16.1400|16.1000|16.1100|195000|3143288.0000|16.1100
102500|16.1200|16.1800|16.1200|16.1700|199100|3215376.0000|16.1700
103000|16.1700|16.2000|16.1400|16.1400|241000|3897680.0000|16.1400
103500|16.1400|16.1700|16.1100|16.1600|193100|3116064.0000|16.1600
104000|16.1700|16.2200|16.1700|16.2000|196400|3179744.0000|16.2000
104500|16.1900|16.2000|16.1400|16.1400|121900|1970768.0000|16.1400
105000|16.1400|16.1800|16.1400|16.1800|101100|1633712.0000|16.1800
105500|16.1700|16.1900|16.1500|16.1700|184500|2983288.0000|16.1700
110000|16.1700|16.1900|16.1300|16.1300|232200|3752968.0000|16.1300
110500|16.1300|16.1800|16.1300|16.1800|191100|3086680.0000|16.1800
111000|16.1700|16.2400|16.1600|16.2200|204700|3314328.0000|16.2200
111500|16.2200|16.2400|16.1700|16.1900|223700|3627472.0000|16.1900
112000|16.1800|16.2700|16.1500|16.2700|366800|5941536.0000|16.2700
112500|16.2800|16.2900|16.2300|16.2500|259100|4214000.0000|16.2500
113000|16.2500|16.2800|16.2100|16.2100|358400|5827936.0000|16.2100
130500|16.2300|16.2300|16.1700|16.1700|246900|3998208.0000|16.1700
131000|16.1800|16.1900|16.1300|16.1300|124600|2014000.0000|16.1300
131500|16.1300|16.1300|16.0500|16.0500|358700|5770480.0000|16.0500
132000|16.0500|16.0700|16.0200|16.0200|406400|6518992.0000|16.0200
132500|16.0300|16.0500|16.0200|16.0200|259500|4159712.0000|16.0200
133000|16.0200|16.0400|16.0000|16.0300|370300|5931600.0000|16.0300
133500|16.0200|16.0600|16.0200|16.0500|399700|6412000.0000|16.0500
134000|16.0600|16.1100|16.0500|16.1100|337700|5427440.0000|16.1100
134500|16.1100|16.1500|16.0800|16.1200|301300|4854816.0000|16.1200
135000|16.1300|16.1900|16.1100|16.1500|264400|4268048.0000|16.1500
135500|16.1500|16.1900|16.1200|16.1400|206800|3342656.0000|16.1400
140000|16.1400|16.1400|16.0800|16.1000|197800|3185904.0000|16.1000
140500|16.1000|16.1000|16.0800|16.0900|209200|3366000.0000|16.0900
141000|16.0900|16.0900|16.0500|16.0700|187500|3014592.0000|16.0700
141500|16.0700|16.1100|16.0700|16.1100|307100|4939744.0000|16.1100
142000|16.1100|16.1200|16.0800|16.0900|211800|3410736.0000|16.0900
142500|16.0900|16.1000|16.0700|16.0800|226800|3648608.0000|16.0800
143000|16.0700|16.1000|16.0600|16.0900|326400|5249104.0000|16.0900
143500|16.1000|16.1300|16.0900|16.1300|334000|5377920.0000|16.1300
144000|16.1300|16.1500|16.1200|16.1400|164900|2661232.0000|16.1400
144500|16.1400|16.1400|16.1100|16.1300|177300|2858672.0000|16.1300
145000|16.1300|16.1600|16.1100|16.1500|214000|3453712.0000|16.1500
145500|16.1500|16.1500|16.1300|16.1400|321800|5193760.0000|16.1400
150000|16.1400|16.1500|16.1300|16.1300|240800|3885536.0000|16.1300
