093500|15.34|15.39|15.03|15.07|12679.0|19303173.0|15.3
094000|15.05|15.14|15.05|15.14|8732.0|13193747.0|15.07
094500|15.14|15.22|15.14|15.2|6719.0|10199027.0|15.14
095000|15.2|15.2|15.08|15.09|7336.0|11091341.0|15.2
095500|15.08|15.08|15.03|15.06|10607.0|15966300.0|15.09
100000|15.06|15.16|15.06|15.13|10675.0|16103124.0|15.06
100500|15.14|15.2|15.12|15.18|6850.0|10383299.0|15.13
101000|15.19|15.19|15.11|15.11|4080.0|6180250.0|15.18
101500|15.11|15.18|15.1|15.14|5629.0|8524064.0|15.11
102000|15.14|15.15|15.09|15.11|5807.0|8779326.0|15.14
102500|15.11|15.13|15.08|15.09|4632.0|6997502.0|15.11
103000|15.09|15.09|15.06|15.07|5638.0|8497995.0|15.09
103500|15.09|15.11|15.08|15.09|4320.0|6519463.0|15.07
104000|15.09|15.13|15.09|15.12|5347.0|8076534.0|15.09
104500|15.12|15.16|15.08|15.15|4805.0|7263008.0|15.12
105000|15.15|15.17|15.14|15.15|3514.0|5323054.0|15.15
105500|15.15|15.18|15.14|15.16|3237.0|4906031.0|15.15
110000|15.16|15.17|15.15|15.15|3391.0|5139902.0|15.16
110500|15.16|15.2|15.14|15.16|4392.0|6659760.0|15.15
111000|15.17|15.17|15.1|15.11|4935.0|7467777.0|15.16
111500|15.12|15.23|15.1|15.22|8020.0|12160009.0|15.11
112000|15.22|15.22|15.15|15.15|4236.0|6436581.0|15.22
112500|15.16|15.18|15.12|15.13|3540.0|5360564.0|15.15
113000|15.13|15.14|15.11|15.14|4769.0|7209528.0|15.13
130500|15.14|15.25|15.13|15.17|6644.0|10083910.0|15.14
131000|15.16|15.17|15.12|15.13|5922.0|8967261.0|15.17
131500|15.13|15.16|15.12|15.16|7885.0|11938564.0|15.13
132000|15.16|15.2|15.14|15.16|7500.0|11379563.0|15.16
132500|15.16|15.18|15.15|15.15|6200.0|9398494.0|15.16
133000|15.15|15.18|15.13|15.15|7168.0|10856014.0|15.15
133500|15.15|15.19|15.15|15.17|6813.0|10337057.0|15.15
134000|15.17|15.3|15.17|15.26|9413.0|14334262.0|15.17
134500|15.25|15.29|15.24|15.24|8806.0|13434439.0|15.26
135000|15.24|15.25|15.16|15.2|8687.0|13200573.0|15.24
135500|15.19|15.29|15.19|15.26|8756.0|13356006.0|15.2
140000|15.27|15.3|15.24|15.29|8011.0|12234257.0|15.26
140500|15.3|15.32|15.28|15.29|9568.0|14640434.0|15.29
141000|15.29|15.31|15.25|15.27|9137.0|13965257.0|15.29
141500|15.27|15.29|15.24|15.29|9279.0|14161642.0|15.27
142000|15.29|15.31|15.28|15.31|8256.0|12625203.0|15.29
142500|15.31|15.31|15.25|15.27|9276.0|14177777.0|15.31
143000|15.27|15.3|15.27|15.27|8126.0|12418799.0|15.27
143500|15.28|15.28|15.25|15.27|11501.0|17561799.0|15.27
144000|15.27|15.27|15.24|15.26|9975.0|15218318.0|15.27
144500|15.25|15.28|15.23|15.28|9716.0|14824521.0|15.26
145000|15.27|15.28|15.23|15.27|16008.0|24433699.0|15.28
145500|15.26|15.34|15.26|15.34|9670.0|14799645.0|15.27
150000|15.33|15.57|15.32|15.57|51013.0|79320920.0|15.34
