09350000|3.2800981500|3.2892861000|3.2065945500|3.2157825000|4104900|14470598.0000|3.2157825000
09400000|3.2157825000|3.2433463500|3.2157825000|3.2433463500|2221841|7795198.0000|3.2433463500
09450000|3.2341584000|3.2433463500|3.2249704500|3.2341584000|855100|3010875.0000|3.2341584000
09500000|3.2433463500|3.2433463500|3.2157825000|3.2249704500|2935900|10299282.0000|3.2249704500
09550000|3.2157825000|3.2249704500|3.2065945500|3.2157825000|2220959|7764306.0000|3.2157825000
10000000|3.2157825000|3.2157825000|3.2065945500|3.2065945500|1454000|5076735.0000|3.2065945500
10050000|3.2065945500|3.2157825000|3.1974066000|3.1974066000|2446600|8528415.0000|3.1974066000
10100000|3.1974066000|3.2157825000|3.1882186500|3.2157825000|1381900|4813292.0000|3.2157825000
10150000|3.2065945500|3.2157825000|3.1882186500|3.2065945500|1414100|4923996.0000|3.2065945500
10200000|3.2065945500|3.2065945500|3.1882186500|3.1974066000|716300|2491431.0000|3.1974066000
10250000|3.1882186500|3.2065945500|3.1882186500|3.1974066000|637300|2216934.0000|3.1974066000
10300000|3.2065945500|3.2065945500|3.1974066000|3.2065945500|301700|1051013.0000|3.2065945500
10350000|3.1974066000|3.2065945500|3.1974066000|3.1974066000|346600|1207201.0000|3.1974066000
10400000|3.1974066000|3.2065945500|3.1974066000|3.1974066000|323700|1126881.0000|3.1974066000
10450000|3.1974066000|3.2065945500|3.1974066000|3.1974066000|217100|756709.0000|3.1974066000
10500000|3.2065945500|3.2065945500|3.1882186500|3.1882186500|675000|2349709.0000|3.1882186500
10550000|3.1882186500|3.2065945500|3.1882186500|3.1974066000|438900|1526856.0000|3.1974066000
11000000|3.1974066000|3.2065945500|3.1882186500|3.1974066000|532600|1853987.0000|3.1974066000
11050000|3.1974066000|3.2065945500|3.1882186500|3.2065945500|524900|1827350.0000|3.2065945500
11100000|3.2065945500|3.2065945500|3.1974066000|3.1974066000|237400|827453.0000|3.1974066000
11150000|3.1974066000|3.2065945500|3.1882186500|3.1974066000|874700|3044445.0000|3.1974066000
11200000|3.1974066000|3.1974066000|3.1882186500|3.1974066000|339300|1179460.0000|3.1974066000
11250000|3.1974066000|3.1974066000|3.1882186500|3.1882186500|308100|1070051.0000|3.1882186500
11300000|3.1974066000|3.1974066000|3.1882186500|3.1882186500|330200|1147854.0000|3.1882186500
13050000|3.1974066000|3.1974066000|3.1698427500|3.1882186500|2934500|10165534.0000|3.1882186500
13100000|3.1790307000|3.1882186500|3.1790307000|3.1790307000|458500|1587299.0000|3.1790307000
13150000|3.1882186500|3.1974066000|3.1790307000|3.1974066000|761100|2639981.0000|3.1974066000
13200000|3.1882186500|3.1974066000|3.1882186500|3.1974066000|354335|1231162.0000|3.1974066000
13250000|3.1882186500|3.1974066000|3.1790307000|3.1882186500|563400|1955414.0000|3.1882186500
13300000|3.1790307000|3.1882186500|3.1790307000|3.1882186500|346200|1200101.0000|3.1882186500
13350000|3.1790307000|3.1882186500|3.1790307000|3.1790307000|261700|906536.0000|3.1790307000
13400000|3.1790307000|3.1882186500|3.1698427500|3.1790307000|1235465|4273581.0000|3.1790307000
13450000|3.1790307000|3.1882186500|3.1698427500|3.1882186500|618900|2140488.0000|3.1882186500
13500000|3.1882186500|3.1882186500|3.1698427500|3.1698427500|318900|1103306.0000|3.1698427500
13550000|3.1698427500|3.1882186500|3.1698427500|3.1882186500|795400|2755835.0000|3.1882186500
14000000|3.1790307000|3.1882186500|3.1790307000|3.1790307000|340800|1179998.0000|3.1790307000
14050000|3.1790307000|3.1882186500|3.1790307000|3.1790307000|323500|1120179.0000|3.1790307000
14100000|3.1790307000|3.1882186500|3.1790307000|3.1790307000|673800|2331547.0000|3.1790307000
14150000|3.1882186500|3.1882186500|3.1790307000|3.1882186500|417500|1444946.0000|3.1882186500
14200000|3.1790307000|3.1882186500|3.1790307000|3.1882186500|327700|1134618.0000|3.1882186500
14250000|3.1790307000|3.1882186500|3.1698427500|3.1790307000|466100|1613019.0000|3.1790307000
14300000|3.1790307000|3.1882186500|3.1790307000|3.1790307000|181900|629992.0000|3.1790307000
14350000|3.1882186500|3.1882186500|3.1790307000|3.1790307000|336200|1164362.0000|3.1790307000
14400000|3.1882186500|3.1974066000|3.1790307000|3.1882186500|843800|2928047.0000|3.1882186500
14450000|3.1882186500|3.1974066000|3.1790307000|3.1882186500|371100|1288170.0000|3.1882186500
14500000|3.1974066000|3.1974066000|3.1882186500|3.1974066000|1026500|3570757.0000|3.1974066000
14550000|3.1974066000|3.2065945500|3.1882186500|3.2065945500|703100|2442785.0000|3.2065945500
15000000|3.1882186500|3.2065945500|3.1882186500|3.1882186500|568000|1972725.0000|3.1882186500
