09350000|4.2166290000|4.2554026000|4.2069356000|4.2457092000|2443900|10667151.0000|4.2457092000
09400000|4.2650960000|4.3135630000|4.2554026000|4.2747894000|4429000|19556177.0000|4.2747894000
09450000|4.2747894000|4.2747894000|4.2360158000|4.2650960000|1891700|8302780.0000|4.2650960000
09500000|4.2554026000|4.2554026000|4.2360158000|4.2360158000|801400|3510400.0000|4.2360158000
09550000|4.2457092000|4.2650960000|4.2360158000|4.2650960000|562500|2467708.0000|4.2650960000
10000000|4.2554026000|4.2844828000|4.2457092000|4.2650960000|1080400|4754796.0000|4.2650960000
10050000|4.2747894000|4.2941762000|4.2650960000|4.2844828000|1359600|6007428.0000|4.2844828000
10100000|4.2844828000|4.2941762000|4.2650960000|4.2650960000|817700|3612896.0000|4.2650960000
10150000|4.2747894000|4.2844828000|4.2650960000|4.2747894000|633500|2795800.0000|4.2747894000
10200000|4.2747894000|4.3426432000|4.2747894000|4.3232564000|4472900|19913136.0000|4.3232564000
10250000|4.3329498000|4.3329498000|4.3038696000|4.3038696000|900800|4013856.0000|4.3038696000
10300000|4.3038696000|4.3232564000|4.3038696000|4.3232564000|672500|2993360.0000|4.3232564000
10350000|4.3232564000|4.3232564000|4.3038696000|4.3038696000|782800|3485872.0000|4.3038696000
10400000|4.3135630000|4.3135630000|4.2844828000|4.2844828000|1351400|5986528.0000|4.2844828000
10450000|4.2844828000|4.2941762000|4.2747894000|4.2844828000|539900|2384032.0000|4.2844828000
10500000|4.2747894000|4.2747894000|4.2650960000|4.2650960000|516200|2273752.0000|4.2650960000
10550000|4.2650960000|4.2747894000|4.2457092000|4.2650960000|852200|3743360.0000|4.2650960000
11000000|4.2554026000|4.2650960000|4.2457092000|4.2554026000|535100|2347208.0000|4.2554026000
11050000|4.2554026000|4.2747894000|4.2457092000|4.2650960000|438500|1927936.0000|4.2650960000
11100000|4.2650960000|4.2747894000|4.2554026000|4.2747894000|166500|733120.0000|4.2747894000
11150000|4.2747894000|4.2747894000|4.2650960000|4.2650960000|129900|572360.0000|4.2650960000
11200000|4.2650960000|4.2747894000|4.2554026000|4.2747894000|498200|2192112.0000|4.2747894000
11250000|4.2747894000|4.2747894000|4.2650960000|4.2650960000|126400|556968.0000|4.2650960000
11300000|4.2650960000|4.2747894000|4.2650960000|4.2650960000|216700|954056.0000|4.2650960000
13050000|4.2747894000|4.2844828000|4.2554026000|4.2747894000|1678200|7382848.0000|4.2747894000
13100000|4.2747894000|4.2747894000|4.2554026000|4.2747894000|698100|3071592.0000|4.2747894000
13150000|4.2747894000|4.2844828000|4.2650960000|4.2747894000|650700|2871440.0000|4.2747894000
13200000|4.2747894000|4.2941762000|4.2747894000|4.2844828000|406900|1799656.0000|4.2844828000
13250000|4.2844828000|4.2941762000|4.2747894000|4.2747894000|516300|2283496.0000|4.2747894000
13300000|4.2747894000|4.2941762000|4.2747894000|4.2941762000|488900|2162824.0000|4.2941762000
13350000|4.2941762000|4.3038696000|4.2844828000|4.3038696000|922000|4088656.0000|4.3038696000
13400000|4.3038696000|4.3038696000|4.2941762000|4.3038696000|337000|1495648.0000|4.3038696000
13450000|4.3038696000|4.3038696000|4.2844828000|4.2844828000|459700|2035984.0000|4.2844828000
13500000|4.2844828000|4.2844828000|4.2650960000|4.2747894000|601600|2654416.0000|4.2747894000
13550000|4.2747894000|4.2844828000|4.2650960000|4.2844828000|714200|3150928.0000|4.2844828000
14000000|4.2844828000|4.2941762000|4.2747894000|4.2941762000|694400|3069616.0000|4.2941762000
14050000|4.2941762000|4.2941762000|4.2844828000|4.2941762000|477500|2114688.0000|4.2941762000
14100000|4.2941762000|4.3038696000|4.2844828000|4.3038696000|638500|2829312.0000|4.3038696000
14150000|4.3038696000|4.3135630000|4.2941762000|4.2941762000|1228700|5454976.0000|4.2941762000
14200000|4.2941762000|4.3135630000|4.2941762000|4.3135630000|653000|2901712.0000|4.3135630000
14250000|4.3038696000|4.3135630000|4.2941762000|4.3038696000|819100|3638800.0000|4.3038696000
14300000|4.3038696000|4.3135630000|4.3038696000|4.3135630000|568300|2528272.0000|4.3135630000
14350000|4.3135630000|4.3232564000|4.2941762000|4.3038696000|843400|3748000.0000|4.3038696000
14400000|4.3038696000|4.3135630000|4.2941762000|4.3038696000|809500|3595952.0000|4.3038696000
14450000|4.3038696000|4.3038696000|4.2941762000|4.3038696000|649700|2884464.0000|4.3038696000
14500000|4.3038696000|4.3038696000|4.2844828000|4.2941762000|1371400|6080864.0000|4.2941762000
14550000|4.2941762000|4.3038696000|4.2941762000|4.2941762000|1325400|5875360.0000|4.2941762000
15000000|4.2941762000|4.3038696000|4.2941762000|4.3038696000|991200|4396720.0000|4.3038696000
