09350000|3.9100000000|3.9200000000|3.9000000000|3.9100000000|3077800|12032881.0000|3.9100000000
09400000|3.9200000000|3.9200000000|3.9000000000|3.9200000000|2562400|10031357.0000|3.9200000000
09450000|3.9100000000|3.9300000000|3.9100000000|3.9200000000|2215700|8679909.0000|3.9200000000
09500000|3.9200000000|3.9300000000|3.9100000000|3.9300000000|2672600|10477176.0000|3.9300000000
09550000|3.9300000000|3.9300000000|3.9000000000|3.9000000000|2446700|9578714.0000|3.9000000000
10000000|3.9000000000|3.9100000000|3.9000000000|3.9000000000|584700|2282052.0000|3.9000000000
10050000|3.9000000000|3.9100000000|3.9000000000|3.9100000000|747800|2921751.0000|3.9100000000
10100000|3.9100000000|3.9100000000|3.8900000000|3.9000000000|3057000|11923459.0000|3.9000000000
10150000|3.9100000000|3.9200000000|3.9000000000|3.9000000000|2650200|10368628.0000|3.9000000000
10200000|3.9000000000|3.9200000000|3.9000000000|3.9100000000|1215800|4752275.0000|3.9100000000
10250000|3.9100000000|3.9200000000|3.9000000000|3.9100000000|721600|2821224.0000|3.9100000000
10300000|3.9100000000|3.9200000000|3.9100000000|3.9100000000|718700|2810546.0000|3.9100000000
10350000|3.9100000000|3.9200000000|3.9000000000|3.9000000000|935100|3655930.0000|3.9000000000
10400000|3.9000000000|3.9100000000|3.9000000000|3.9000000000|386200|1509146.0000|3.9000000000
10450000|3.9100000000|3.9100000000|3.9000000000|3.9100000000|317900|1241588.0000|3.9100000000
10500000|3.9100000000|3.9300000000|3.9000000000|3.9300000000|4634800|18163205.0000|3.9300000000
10550000|3.9200000000|3.9400000000|3.9200000000|3.9400000000|4997600|19643174.0000|3.9400000000
11000000|3.9300000000|3.9500000000|3.9300000000|3.9400000000|3644700|14372759.0000|3.9400000000
11050000|3.9400000000|3.9500000000|3.9300000000|3.9500000000|1768800|6968442.0000|3.9500000000
11100000|3.9500000000|3.9500000000|3.9300000000|3.9500000000|1363700|5373256.0000|3.9500000000
11150000|3.9500000000|3.9500000000|3.9400000000|3.9500000000|1632600|6444247.0000|3.9500000000
11200000|3.9500000000|3.9500000000|3.9400000000|3.9500000000|366500|1446442.0000|3.9500000000
11250000|3.9500000000|3.9500000000|3.9400000000|3.9500000000|453000|1786412.0000|3.9500000000
11300000|3.9400000000|3.9500000000|3.9400000000|3.9500000000|878900|3467506.0000|3.9500000000
13050000|3.9500000000|3.9500000000|3.9300000000|3.9400000000|2506500|9879166.0000|3.9400000000
13100000|3.9400000000|3.9500000000|3.9300000000|3.9300000000|896000|3527622.0000|3.9300000000
13150000|3.9300000000|3.9400000000|3.9200000000|3.9300000000|1562400|6138491.0000|3.9300000000
13200000|3.9300000000|3.9300000000|3.9200000000|3.9200000000|445200|1746815.0000|3.9200000000
13250000|3.9200000000|3.9300000000|3.9200000000|3.9200000000|589100|2310953.0000|3.9200000000
13300000|3.9200000000|3.9300000000|3.9100000000|3.9100000000|1801100|7058993.0000|3.9100000000
13350000|3.9200000000|3.9200000000|3.9100000000|3.9200000000|598000|2343485.0000|3.9200000000
13400000|3.9200000000|3.9200000000|3.9100000000|3.9100000000|288500|1130129.0000|3.9100000000
13450000|3.9200000000|3.9200000000|3.9100000000|3.9200000000|357000|1399129.0000|3.9200000000
13500000|3.9100000000|3.9200000000|3.9100000000|3.9200000000|672900|2636641.0000|3.9200000000
13550000|3.9300000000|3.9300000000|3.9200000000|3.9300000000|251700|988807.0000|3.9300000000
14000000|3.9300000000|3.9300000000|3.9200000000|3.9200000000|131100|514929.0000|3.9200000000
14050000|3.9200000000|3.9300000000|3.9200000000|3.9300000000|186300|731094.0000|3.9300000000
14100000|3.9300000000|3.9300000000|3.9100000000|3.9100000000|1509600|5917747.0000|3.9100000000
14150000|3.9200000000|3.9200000000|3.9100000000|3.9100000000|311800|1221294.0000|3.9100000000
14200000|3.9200000000|3.9200000000|3.9100000000|3.9200000000|430000|1685031.0000|3.9200000000
14250000|3.9200000000|3.9200000000|3.9100000000|3.9200000000|417800|1636456.0000|3.9200000000
14300000|3.9200000000|3.9200000000|3.9100000000|3.9200000000|258600|1013385.0000|3.9200000000
14350000|3.9200000000|3.9200000000|3.9100000000|3.9200000000|558100|2187102.0000|3.9200000000
14400000|3.9200000000|3.9200000000|3.9100000000|3.9100000000|395900|1550654.0000|3.9100000000
14450000|3.9100000000|3.9200000000|3.9100000000|3.9100000000|851400|3332359.0000|3.9100000000
14500000|3.9100000000|3.9200000000|3.9000000000|3.9100000000|2991700|11692605.0000|3.9100000000
14550000|3.9100000000|3.9100000000|3.9000000000|3.9100000000|1038400|4059020.0000|3.9100000000
15000000|3.9100000000|3.9200000000|3.9000000000|3.9100000000|1630216|6373922.0000|3.9100000000
