09350000|11.1308832300|11.1706719100|10.8623096400|10.9816756800|1524600|16850626.0000|10.9816756800
09400000|10.9816756800|11.0115171900|10.8623096400|10.8623096400|412000|4520248.0000|10.8623096400
09450000|10.8623096400|10.8623096400|10.8225209600|10.8523624700|498500|5432944.0000|10.8523624700
09500000|10.8424153000|10.8523624700|10.7827322800|10.8324681300|679600|7387430.0000|10.8324681300
09550000|10.8225209600|10.8822039800|10.7628379400|10.7827322800|399100|4337416.0000|10.7827322800
10000000|10.7827322800|10.9020983200|10.7727851100|10.8523624700|413100|4496032.0000|10.8523624700
10050000|10.8523624700|10.9319398300|10.8523624700|10.8921511500|449000|4920524.0000|10.8921511500
10100000|10.8822039800|11.0314115300|10.8822039800|11.0015700200|419100|4623524.0000|11.0015700200
10150000|11.0015700200|11.0413587000|10.9717285100|11.0314115300|156500|1731444.0000|11.0314115300
10200000|11.0115171900|11.0115171900|10.9518341700|10.9717285100|305100|3372080.0000|10.9717285100
10250000|10.9816756800|10.9916228500|10.9617813400|10.9717285100|87600|966876.0000|10.9717285100
10300000|10.9717285100|10.9717285100|10.9219926600|10.9219926600|84500|929764.0000|10.9219926600
10350000|10.9219926600|10.9418870000|10.9120454900|10.9219926600|159200|1747836.0000|10.9219926600
10400000|10.9219926600|10.9418870000|10.9020983200|10.9120454900|72500|796008.0000|10.9120454900
10450000|10.9120454900|10.9319398300|10.9020983200|10.9120454900|47100|516636.0000|10.9120454900
10500000|10.9120454900|10.9120454900|10.8822039800|10.9020983200|106000|1161440.0000|10.9020983200
10550000|10.8921511500|10.9020983200|10.8424153000|10.8623096400|174500|1905076.0000|10.8623096400
11000000|10.8722568100|10.8822039800|10.8523624700|10.8623096400|60000|655240.0000|10.8623096400
11050000|10.8623096400|10.8623096400|10.8125737900|10.8424153000|248200|2703936.0000|10.8424153000
11100000|10.8424153000|10.8523624700|10.8125737900|10.8324681300|223600|2434744.0000|10.8324681300
11150000|10.8324681300|10.8623096400|10.8225209600|10.8623096400|75300|820368.0000|10.8623096400
11200000|10.8523624700|10.8623096400|10.8324681300|10.8523624700|73500|801496.0000|10.8523624700
11250000|10.8523624700|10.8523624700|10.8324681300|10.8324681300|79900|870848.0000|10.8324681300
11300000|10.8523624700|10.8523624700|10.8225209600|10.8225209600|37200|405416.0000|10.8225209600
13050000|10.8225209600|10.8722568100|10.8225209600|10.8424153000|130500|1422672.0000|10.8424153000
13100000|10.8424153000|10.8623096400|10.8424153000|10.8523624700|53000|577944.0000|10.8523624700
13150000|10.8623096400|10.8921511500|10.8523624700|10.8921511500|72400|791432.0000|10.8921511500
13200000|10.8921511500|10.8921511500|10.8623096400|10.8722568100|139400|1523608.0000|10.8722568100
13250000|10.8722568100|10.8822039800|10.8623096400|10.8623096400|54800|599312.0000|10.8623096400
13300000|10.8722568100|10.8822039800|10.8623096400|10.8822039800|51200|559760.0000|10.8822039800
13350000|10.8822039800|10.8921511500|10.8722568100|10.8822039800|26700|291992.0000|10.8822039800
13400000|10.8822039800|10.8822039800|10.8623096400|10.8722568100|52000|568480.0000|10.8722568100
13450000|10.8623096400|10.8822039800|10.8523624700|10.8523624700|78300|855520.0000|10.8523624700
13500000|10.8523624700|10.8623096400|10.8523624700|10.8623096400|61100|667184.0000|10.8623096400
13550000|10.8623096400|10.8623096400|10.8424153000|10.8523624700|77600|845760.0000|10.8523624700
14000000|10.8523624700|10.8523624700|10.8225209600|10.8225209600|258100|2811760.0000|10.8225209600
14050000|10.8125737900|10.8125737900|10.8026266200|10.8026266200|97000|1054072.0000|10.8026266200
14100000|10.8026266200|10.8125737900|10.7827322800|10.7827322800|144200|1564568.0000|10.7827322800
14150000|10.7827322800|10.7827322800|10.7628379400|10.7628379400|252600|2736456.0000|10.7628379400
14200000|10.7628379400|10.7727851100|10.7528907700|10.7628379400|154800|1675184.0000|10.7628379400
14250000|10.7628379400|10.7727851100|10.7528907700|10.7727851100|221800|2399480.0000|10.7727851100
14300000|10.7727851100|10.7727851100|10.7528907700|10.7628379400|171600|1856632.0000|10.7628379400
14350000|10.7628379400|10.7628379400|10.7429436000|10.7528907700|221000|2388672.0000|10.7528907700
14400000|10.7528907700|10.7628379400|10.7429436000|10.7628379400|212900|2303000.0000|10.7628379400
14450000|10.7628379400|10.7628379400|10.7131020900|10.7131020900|373300|4029784.0000|10.7131020900
14500000|10.7131020900|10.7429436000|10.7131020900|10.7329964300|280400|3023280.0000|10.7329964300
14550000|10.7329964300|10.7429436000|10.6932077500|10.7429436000|330200|3558560.0000|10.7429436000
15000000|10.7429436000|10.7429436000|10.7131020900|10.7131020900|312500|3367816.0000|10.7131020900
