093500|23.53|24.48|23.24|23.68|87050.0|207652237.0|22.73
094000|23.61|23.73|23.15|23.57|42250.0|99352601.0|23.68
094500|23.55|23.77|23.43|23.49|21529.0|50973155.0|23.57
095000|23.47|23.59|23.26|23.26|13364.0|31415880.0|23.49
095500|23.26|23.29|23.09|23.11|14216.0|33082302.0|23.26
100000|23.12|23.39|23.05|23.39|12512.0|29032819.0|23.11
100500|23.37|23.47|23.23|23.45|11803.0|27614897.0|23.39
101000|23.45|23.6|23.38|23.52|11969.0|28186841.0|23.45
101500|23.48|23.48|23.16|23.18|5119.0|11955793.0|23.52
102000|23.13|23.24|23.1|23.2|6294.0|14619194.0|23.18
102500|23.19|23.4|23.19|23.27|4149.0|9682076.0|23.2
103000|23.28|23.28|23.18|23.22|3265.0|7603144.0|23.27
103500|23.21|23.31|23.19|23.28|3941.0|9181274.0|23.22
104000|23.27|23.44|23.27|23.42|3653.0|8560059.0|23.28
104500|23.43|23.43|23.25|23.33|4830.0|11286570.0|23.42
105000|23.34|23.41|23.29|23.3|3072.0|7189367.0|23.33
105500|23.3|23.3|23.15|23.17|4769.0|11101035.0|23.3
110000|23.15|23.15|22.99|23.0|5395.0|12470202.0|23.17
110500|23.0|23.05|22.94|22.94|5893.0|13583448.0|23.0
111000|22.95|23.06|22.94|22.99|7889.0|18191367.0|22.94
111500|22.99|23.01|22.87|22.99|4292.0|9872992.0|22.99
112000|22.99|23.01|22.9|22.98|3846.0|8848506.0|22.99
112500|22.98|23.01|22.91|22.96|2056.0|4731240.0|22.98
113000|22.96|23.08|22.9|23.08|4305.0|9918393.0|22.96
130500|23.04|23.09|23.0|23.05|3577.0|8267467.0|23.08
131000|23.05|23.15|23.03|23.03|2682.0|6209080.0|23.05
131500|23.04|23.06|22.94|22.97|3453.0|7964129.0|23.03
132000|22.94|22.97|22.81|22.82|3902.0|8957192.0|22.97
132500|22.82|22.84|22.76|22.79|3111.0|7114076.0|22.82
133000|22.79|22.82|22.77|22.78|3239.0|7398314.0|22.79
133500|22.8|22.84|22.72|22.84|5272.0|12037193.0|22.78
134000|22.83|22.84|22.75|22.75|4308.0|9839895.0|22.84
134500|22.74|22.76|22.65|22.75|5879.0|13387443.0|22.75
135000|22.76|22.76|22.67|22.76|5347.0|12171059.0|22.75
135500|22.76|22.76|22.72|22.73|1649.0|3759315.0|22.76
140000|22.75|22.88|22.75|22.88|3428.0|7836581.0|22.73
140500|22.88|22.94|22.82|22.91|2402.0|5508279.0|22.88
141000|22.92|23.04|22.9|22.98|2822.0|6502937.0|22.91
141500|22.97|22.99|22.89|22.97|2295.0|5278837.0|22.98
142000|22.96|22.97|22.85|22.91|2572.0|5905220.0|22.97
142500|22.91|23.03|22.85|22.94|4012.0|9232498.0|22.91
143000|22.96|23.11|22.94|23.09|3787.0|8742709.0|22.94
143500|23.09|23.24|23.09|23.15|9263.0|21511693.0|23.09
144000|23.17|23.21|23.13|23.15|4970.0|11546245.0|23.15
144500|23.15|23.31|23.15|23.23|7402.0|17247207.0|23.15
145000|23.23|23.26|23.17|23.21|4950.0|11517345.0|23.23
145500|23.21|23.23|23.12|23.18|7636.0|17749968.0|23.21
150000|23.19|23.24|23.18|23.22|8168.0|19012347.0|23.18
