093500|8.2200|8.4500|8.2200|8.3200|16035500|134251696.0000|8.3200
094000|8.3300|8.3500|8.2900|8.3500|6243300|52018016.0000|8.3500
094500|8.3500|8.4500|8.3500|8.4500|8517700|71619568.0000|8.4500
095000|8.4400|8.4600|8.4100|8.4100|7495400|63246912.0000|8.4100
095500|8.4100|8.4300|8.3800|8.4200|4087100|34347904.0000|8.4200
100000|8.4100|8.4300|8.3500|8.3600|2798700|23498624.0000|8.3600
100500|8.3600|8.3800|8.3400|8.3500|1695000|14167232.0000|8.3500
101000|8.3500|8.3600|8.3200|8.3400|2088100|17398944.0000|8.3400
101500|8.3300|8.3400|8.3100|8.3200|1564600|13027456.0000|8.3200
102000|8.3200|8.3700|8.3200|8.3500|1720700|14362624.0000|8.3500
102500|8.3500|8.3700|8.3400|8.3600|1944000|16244896.0000|8.3600
103000|8.3500|8.3600|8.3200|8.3300|1396100|11634720.0000|8.3300
103500|8.3300|8.3300|8.2900|8.2900|2244800|18647488.0000|8.2900
104000|8.2900|8.3000|8.2700|8.2800|1633000|13530496.0000|8.2800
104500|8.2800|8.2900|8.2600|8.2600|1281000|10602336.0000|8.2600
105000|8.2600|8.2700|8.2500|8.2700|1008700|8332064.0000|8.2700
105500|8.2700|8.2700|8.2500|8.2600|841300|6949120.0000|8.2600
110000|8.2600|8.2700|8.2500|8.2600|744000|6148832.0000|8.2600
110500|8.2600|8.2700|8.2300|8.2500|1245900|10275008.0000|8.2500
111000|8.2500|8.2600|8.2400|8.2500|646700|5334850.0000|8.2500
111500|8.2500|8.2600|8.2400|8.2500|1015200|8370754.0000|8.2500
112000|8.2500|8.2700|8.2400|8.2600|976800|8065915.0000|8.2600
112500|8.2600|8.2800|8.2500|8.2500|562000|4645889.0000|8.2500
113000|8.2500|8.2700|8.2500|8.2600|569000|4700228.0000|8.2600
130500|8.2700|8.2700|8.2400|8.2400|1687700|13930296.0000|8.2400
131000|8.2500|8.2600|8.2400|8.2600|579100|4776448.0000|8.2600
131500|8.2500|8.2600|8.2500|8.2600|449700|3713412.0000|8.2600
132000|8.2500|8.2600|8.2400|8.2600|837900|6909319.0000|8.2600
132500|8.2500|8.2600|8.2400|8.2500|722900|5961856.0000|8.2500
133000|8.2400|8.2800|8.2400|8.2700|956100|7901620.0000|8.2700
133500|8.2800|8.2900|8.2600|8.2700|737100|6100999.0000|8.2700
134000|8.2700|8.2900|8.2600|8.2600|733900|6067706.0000|8.2600
134500|8.2700|8.2700|8.2500|8.2700|661500|5465544.0000|8.2700
135000|8.2700|8.2700|8.2400|8.2400|1015500|8378432.0000|8.2400
135500|8.2500|8.2600|8.2300|8.2500|751000|6191735.0000|8.2500
140000|8.2400|8.2500|8.2300|8.2400|887900|7319303.0000|8.2400
140500|8.2400|8.2900|8.2400|8.2900|1701900|14079360.0000|8.2900
141000|8.2900|8.2900|8.2500|8.2900|2038000|16844994.0000|8.2900
141500|8.2900|8.2900|8.2500|8.2700|1517300|12553284.0000|8.2700
142000|8.2800|8.2800|8.2500|8.2600|1369800|11320374.0000|8.2600
142500|8.2600|8.2800|8.2500|8.2700|1917100|15845184.0000|8.2700
143000|8.2700|8.3100|8.2600|8.3000|4408000|36544324.0000|8.3000
143500|8.3000|8.3000|8.2500|8.2700|1932300|15987258.0000|8.2700
144000|8.2700|8.2700|8.2500|8.2600|1546100|12774656.0000|8.2600
144500|8.2500|8.2800|8.2500|8.2700|1478200|12220288.0000|8.2700
145000|8.2700|8.2800|8.2600|8.2700|1756100|14522431.0000|8.2700
145500|8.2700|8.2800|8.2700|8.2700|2657500|21996490.0000|8.2700
150000|8.2800|8.2900|8.2600|8.2600|3485100|28818679.0000|8.2600
