093500|131.9800|131.9800|129.1000|130.1100|319900|41721734.0000|130.1100
094000|130.1200|130.2000|128.8100|129.1700|257000|33265507.0000|129.1700
094500|129.2700|130.5000|129.2700|130.2600|106500|13834280.0000|130.2600
095000|130.2500|130.2700|129.6000|129.9600|71100|9238832.0000|129.9600
095500|129.9600|130.0000|129.2900|129.2900|76400|9906196.0000|129.2900
100000|129.4500|129.4900|129.2200|129.3300|46800|6052335.0000|129.3300
100500|129.3300|129.4800|129.3000|129.3500|49500|6402863.0000|129.3500
101000|129.3500|129.7000|129.3200|129.3500|46900|6066268.0000|129.3500
101500|129.3500|129.8800|129.3100|129.8800|37200|4815670.0000|129.8800
102000|129.9200|130.8200|129.8800|130.1900|31000|4036852.0000|130.1900
102500|130.1900|130.1900|129.7000|129.9800|30800|4002025.0000|129.9800
103000|129.9900|129.9900|129.5900|129.5900|16300|2115288.0000|129.5900
103500|129.5800|129.5800|129.3100|129.3500|34700|4490093.0000|129.3500
104000|129.3400|129.4200|129.1000|129.3100|82300|10641195.0000|129.3100
104500|129.3100|129.3900|129.2100|129.3100|40700|5263044.0000|129.3100
105000|129.2000|129.5000|129.2000|129.5000|19700|2546654.0000|129.5000
105500|129.6000|129.6000|129.3200|129.3400|15500|2005092.0000|129.3400
110000|129.3500|129.7000|129.3300|129.6100|13000|1682484.0000|129.6100
110500|129.6100|129.6100|129.3300|129.3300|11200|1449096.0000|129.3300
111000|129.3300|129.6700|129.3300|129.6700|5900|764157.0000|129.6700
111500|129.6200|130.2000|129.6200|130.0000|14400|1871784.0000|130.0000
112000|130.0000|130.2400|129.8100|130.2400|4600|597695.0000|130.2400
112500|130.2400|130.2500|130.0000|130.0000|7100|924294.0000|130.0000
113000|130.0500|130.5000|130.0000|130.2500|14100|1835959.0000|130.2500
130500|130.0600|130.4000|129.8700|130.0000|20600|2679388.0000|130.0000
131000|130.1700|130.7000|129.9100|130.7000|19200|2499848.0000|130.7000
131500|130.6000|130.7000|130.1500|130.6700|15800|2061764.0000|130.6700
132000|130.6700|130.7500|130.0800|130.6900|34500|4502661.0000|130.6900
132500|130.4500|130.6200|130.4500|130.5700|9400|1227048.0000|130.5700
133000|130.5700|130.7800|130.5000|130.5000|18800|2454631.0000|130.5000
133500|130.2800|130.2800|129.9000|129.9800|15300|1989724.0000|129.9800
134000|130.2000|130.3700|130.0000|130.0200|15300|1990870.0000|130.0200
134500|130.0200|130.4500|130.0200|130.4000|7200|938242.0000|130.4000
135000|130.4000|130.4300|130.0200|130.0200|11100|1446930.0000|130.0200
135500|130.0200|130.3800|130.0000|130.1500|9000|1171283.0000|130.1500
140000|130.1000|130.3500|130.0200|130.0400|14300|1860742.0000|130.0400
140500|130.0400|130.3000|130.0400|130.2800|7600|989867.0000|130.2800
141000|130.2800|130.2800|130.1000|130.1000|7700|1002200.0000|130.1000
141500|130.0800|130.0800|129.9400|129.9900|21700|2821192.0000|129.9900
142000|129.9900|130.1500|129.9900|130.0200|16100|2093357.0000|130.0200
142500|130.0200|130.2700|130.0200|130.2600|10300|1340471.0000|130.2600
143000|130.2600|130.2600|130.1300|130.1300|15400|2004631.0000|130.1300
143500|130.1300|130.1300|130.0100|130.0700|17000|2210840.0000|130.0700
144000|130.0600|130.0800|129.3000|129.3300|55400|7186387.0000|129.3300
144500|129.3300|129.3300|129.0000|129.0800|90700|11714637.0000|129.0800
145000|129.0800|129.0800|128.9000|128.9200|88100|11361973.0000|128.9200
145500|128.9000|128.9200|128.5500|128.6700|126400|16281735.0000|128.6700
150000|128.6700|128.7000|128.5100|128.6000|94100|12101350.0000|128.6000
