093500|54.35|54.51|54.02|54.51|574.0|4534614.0|54.35
094000|54.49|54.64|54.3|54.57|335.0|2654035.0|54.51
094500|54.53|54.61|54.31|54.4|369.0|2924612.0|54.57
095000|54.35|54.48|54.3|54.3|152.0|1201673.0|54.4
095500|54.3|54.3|54.0|54.04|344.0|2710383.0|54.3
100000|54.0|54.15|53.98|54.15|166.0|1305610.0|54.04
100500|54.15|54.5|54.11|54.3|292.0|2307884.0|54.15
101000|54.43|54.43|54.22|54.23|93.0|734275.0|54.3
101500|54.35|54.35|54.16|54.23|69.0|544169.0|54.23
102000|54.17|54.23|54.11|54.15|58.0|457157.0|54.23
102500|54.15|54.22|54.15|54.18|47.0|370479.0|54.15
103000|54.16|54.16|54.12|54.13|36.0|283581.0|54.18
103500|54.17|54.27|54.17|54.27|38.0|299749.0|54.13
104000|54.27|54.32|54.17|54.23|59.0|465694.0|54.27
104500|54.23|54.34|54.23|54.34|55.0|434553.0|54.23
105000|54.34|54.35|54.27|54.34|23.0|181810.0|54.34
105500|54.3|54.55|54.3|54.55|108.0|855347.0|54.34
110000|54.55|54.64|54.49|54.57|163.0|1295067.0|54.55
110500|54.54|54.54|54.45|54.46|72.0|570535.0|54.57
111000|54.49|54.49|54.33|54.4|239.0|1890594.0|54.46
111500|54.39|54.49|54.33|54.49|43.0|340461.0|54.4
112000|54.49|54.51|54.33|54.35|69.0|546232.0|54.49
112500|54.39|54.44|54.35|54.35|40.0|316514.0|54.35
113000|54.35|54.35|54.34|54.34|39.0|308366.0|54.35
130500|54.37|54.42|54.25|54.29|153.0|1208999.0|54.34
131000|54.26|54.46|54.26|54.44|54.0|427320.0|54.29
131500|54.43|54.43|54.4|54.4|6.0|47503.0|54.44
132000|54.37|54.37|54.34|54.35|39.0|308425.0|54.4
132500|54.33|54.38|54.33|54.34|25.0|197743.0|54.35
133000|54.35|54.38|54.35|54.38|5.0|39550.0|54.34
133500|54.37|54.39|54.35|54.39|31.0|245214.0|54.38
134000|54.39|54.47|54.39|54.46|45.0|356319.0|54.39
134500|54.4|54.45|54.4|54.42|47.0|372244.0|54.46
135000|54.45|54.45|54.41|54.42|17.0|134608.0|54.42
135500|54.41|54.44|54.41|54.44|15.0|118766.0|54.42
140000|54.42|54.43|54.37|54.4|79.0|625229.0|54.44
140500|54.37|54.37|54.37|54.37|19.0|150301.0|54.4
141000|54.39|54.48|54.37|54.4|76.0|601886.0|54.37
141500|54.44|54.49|54.44|54.47|83.0|657830.0|54.4
142000|54.47|54.47|54.42|54.42|78.0|617875.0|54.47
142500|54.41|54.42|54.4|54.42|70.0|554033.0|54.42
143000|54.4|54.41|54.37|54.39|59.0|466861.0|54.42
143500|54.39|54.45|54.39|54.45|57.0|451353.0|54.39
144000|54.45|54.45|54.42|54.45|39.0|308922.0|54.45
144500|54.44|54.46|54.42|54.45|130.0|1029688.0|54.45
145000|54.45|54.45|54.42|54.44|91.0|722892.0|54.45
145500|54.45|54.54|54.44|54.53|271.0|2148876.0|54.44
150000|54.49|54.53|54.48|54.53|266.0|2109472.0|54.53
