093500|58.8000|59.1800|58.6600|58.9200|673400|39659920.0000|58.9200
094000|58.9200|59.2500|58.8000|59.2000|431800|25500000.0000|59.2000
094500|59.2000|59.2000|58.9400|59.2000|382000|22570484.0000|59.2000
095000|59.2000|59.6500|59.2000|59.4300|812600|48351280.0000|59.4300
095500|59.4300|59.6800|59.3900|59.6800|469700|27961680.0000|59.6800
100000|59.6800|60.0100|59.5100|59.9800|747500|44734352.0000|59.9800
100500|59.9800|60.8100|59.9800|60.8000|1639400|99092496.0000|60.8000
101000|60.8000|61.1800|60.7700|60.7700|1580100|96333728.0000|60.7700
101500|60.7700|60.7800|60.4100|60.7000|706200|42778208.0000|60.7000
102000|60.7000|60.7400|60.4000|60.5200|353700|21416288.0000|60.5200
102500|60.5200|60.9800|60.3600|60.8900|335600|20326880.0000|60.8900
103000|60.8900|61.0400|60.7600|61.0400|603300|36756288.0000|61.0400
103500|61.0400|61.1400|60.8200|60.8500|344500|21014076.0000|60.8500
104000|60.8500|60.8500|60.5800|60.6800|126800|7692742.0000|60.6800
104500|60.6800|60.9100|60.6400|60.8000|274700|16704251.0000|60.8000
105000|60.8000|60.8500|60.7200|60.7500|141500|8604159.0000|60.7500
105500|60.7500|60.8100|60.7200|60.7700|129300|7854274.0000|60.7700
110000|60.7700|60.7900|60.6700|60.6800|102500|6223296.0000|60.6800
110500|60.6800|60.6800|60.5000|60.5900|180200|10913350.0000|60.5900
111000|60.5900|60.6000|60.5100|60.5300|68800|4166399.0000|60.5300
111500|60.5300|60.5600|60.4800|60.4800|135200|8182523.0000|60.4800
112000|60.4800|60.5100|60.4300|60.4300|86400|5225538.0000|60.4300
112500|60.4200|60.4400|60.3600|60.3900|119200|7198976.0000|60.3900
113000|60.3900|60.5000|60.3900|60.5000|92400|5581824.0000|60.5000
130500|60.5300|60.6000|60.4300|60.4300|153100|9264708.0000|60.4300
131000|60.4300|60.4800|60.3500|60.4700|139900|8453748.0000|60.4700
131500|60.4700|60.4700|60.3800|60.3900|61100|3691722.0000|60.3900
132000|60.3900|60.4000|60.3500|60.3600|93700|5657348.0000|60.3600
132500|60.3600|60.3700|60.2100|60.2400|201800|12164282.0000|60.2400
133000|60.2400|60.3900|60.2400|60.2400|113400|6838848.0000|60.2400
133500|60.2400|60.2600|60.1800|60.2500|222800|13415680.0000|60.2500
134000|60.2500|60.2800|60.1800|60.2000|177800|10707967.0000|60.2000
134500|60.2000|60.2500|60.1900|60.2500|173800|10466181.0000|60.2500
135000|60.2500|60.4200|60.2400|60.4200|127300|7676673.0000|60.4200
135500|60.4200|60.5000|60.3000|60.3600|293600|17733051.0000|60.3600
140000|60.3600|60.4300|60.3400|60.3500|168500|10172666.0000|60.3500
140500|60.3500|60.3800|60.3300|60.3800|105800|6386048.0000|60.3800
141000|60.3800|60.4300|60.3400|60.3900|114200|6899590.0000|60.3900
141500|60.3900|60.4000|60.2800|60.2900|95400|5753984.0000|60.2900
142000|60.2900|60.3900|60.2700|60.3600|99800|6025593.0000|60.3600
142500|60.3600|60.4100|60.3500|60.4000|97700|5899719.0000|60.4000
143000|60.4000|60.4100|60.3200|60.3300|124100|7491326.0000|60.3300
143500|60.3300|60.3800|60.3100|60.3700|195600|11801602.0000|60.3700
144000|60.3700|60.3700|60.3000|60.3400|172900|10431685.0000|60.3400
144500|60.3400|60.4000|60.3000|60.4000|256700|15485690.0000|60.4000
145000|60.4000|60.5700|60.4000|60.5000|298000|18030783.0000|60.5000
145500|60.5000|60.5000|60.4000|60.4100|336200|20318138.0000|60.4100
150000|60.4100|60.4600|60.4000|60.4300|384700|23247242.0000|60.4300
