093500|45.4000|45.7800|45.4000|45.5200|834000|38034052.0000|45.5200
094000|45.5200|45.5800|45.3800|45.4300|570900|25946648.0000|45.4300
094500|45.4300|45.5400|45.3500|45.3500|384700|17475680.0000|45.3500
095000|45.3500|45.4600|45.2400|45.4200|455100|20630032.0000|45.4200
095500|45.4200|45.4200|45.2500|45.3000|342700|15531576.0000|45.3000
100000|45.3000|45.4000|45.2800|45.3600|286500|12987880.0000|45.3600
100500|45.3600|45.5200|45.2700|45.4400|413300|18744256.0000|45.4400
101000|45.4400|45.4600|45.2400|45.3100|430900|19525872.0000|45.3100
101500|45.3100|45.3100|45.1200|45.1600|506300|22882240.0000|45.1600
102000|45.1600|45.1600|45.0400|45.1000|600800|27094288.0000|45.1000
102500|45.1000|45.1000|44.9800|44.9800|736300|33150416.0000|44.9800
103000|44.9800|44.9800|44.8300|44.9100|649500|29154544.0000|44.9100
103500|44.9100|44.9300|44.8400|44.9300|344800|15475872.0000|44.9300
104000|44.9300|45.0100|44.8200|45.0100|425400|19097376.0000|45.0100
104500|45.0100|45.0400|44.9200|44.9200|203100|9138496.0000|44.9200
105000|44.9200|44.9200|44.7500|44.7500|489100|21925440.0000|44.7500
105500|44.7500|44.7600|44.6700|44.7100|431600|19296160.0000|44.7100
110000|44.7200|44.7200|44.5700|44.6800|387500|17297600.0000|44.6800
110500|44.6800|44.7500|44.6300|44.7000|257600|11514912.0000|44.7000
111000|44.7000|44.7200|44.6200|44.6600|194600|8688448.0000|44.6600
111500|44.6600|44.7300|44.6600|44.7000|180900|8082208.0000|44.7000
112000|44.7000|44.7700|44.6900|44.6900|187200|8374144.0000|44.6900
112500|44.6900|44.7000|44.6400|44.6400|187400|8373472.0000|44.6400
113000|44.6400|44.6500|44.6300|44.6500|125900|5623040.0000|44.6500
130500|44.6500|44.6800|44.6100|44.6500|208300|9298528.0000|44.6500
131000|44.6500|44.7500|44.6400|44.7500|119200|5325696.0000|44.7500
131500|44.7500|44.7800|44.7000|44.7800|111000|4966624.0000|44.7800
132000|44.7800|44.8200|44.7600|44.7600|238900|10700928.0000|44.7600
132500|44.7600|44.7600|44.7100|44.7300|154900|6933312.0000|44.7300
133000|44.7300|44.7400|44.7100|44.7100|65100|2911488.0000|44.7100
133500|44.7100|44.7400|44.6600|44.7000|143300|6403456.0000|44.7000
134000|44.7000|44.8100|44.6800|44.8000|239400|10715200.0000|44.8000
134500|44.8000|44.9100|44.7900|44.8700|142500|6388480.0000|44.8700
135000|44.8600|44.8800|44.8300|44.8400|94500|4238080.0000|44.8400
135500|44.8400|44.9500|44.8300|44.9500|101000|4535296.0000|44.9500
140000|44.9500|44.9500|44.8600|44.8600|105400|4732288.0000|44.8600
140500|44.8600|44.8600|44.7800|44.7900|122200|5476064.0000|44.7900
141000|44.7800|44.7800|44.7300|44.7300|156200|6991552.0000|44.7300
141500|44.7300|44.7600|44.7200|44.7500|102800|4599232.0000|44.7500
142000|44.7500|44.7700|44.7300|44.7500|146300|6546720.0000|44.7500
142500|44.7500|44.7800|44.7500|44.7500|179500|8034560.0000|44.7500
143000|44.7500|44.8300|44.7400|44.8300|234000|10474432.0000|44.8300
143500|44.8400|44.9200|44.8400|44.8700|181700|8153788.0000|44.8700
144000|44.8700|44.8800|44.7800|44.7800|205100|9196488.0000|44.7800
144500|44.7800|44.8400|44.7800|44.8400|202200|9058230.0000|44.8400
145000|44.8400|44.8400|44.7400|44.7600|278200|12455626.0000|44.7600
145500|44.7600|44.7700|44.7200|44.7300|364600|16310786.0000|44.7300
150000|44.7300|44.7400|44.7200|44.7200|320400|14329722.0000|44.7200
