093500|29.2|29.23|29.09|29.12|6712.0|19570055.0|29.24
094000|29.13|29.2|29.12|29.14|4226.0|12322108.0|29.12
094500|29.13|29.25|29.13|29.23|4127.0|12048381.0|29.14
095000|29.22|29.31|29.22|29.24|5593.0|16372714.0|29.23
095500|29.24|29.28|29.23|29.28|2344.0|6856031.0|29.24
100000|29.28|29.35|29.22|29.25|3896.0|11411149.0|29.28
100500|29.26|29.45|29.23|29.42|6957.0|20411441.0|29.25
101000|29.46|29.73|29.46|29.51|15223.0|45041190.0|29.42
101500|29.5|29.54|29.46|29.54|4253.0|12548040.0|29.51
102000|29.51|29.57|29.43|29.57|5482.0|16173777.0|29.54
102500|29.56|29.56|29.35|29.42|6953.0|20477816.0|29.57
103000|29.44|29.52|29.36|29.52|2748.0|8081095.0|29.42
103500|29.53|29.68|29.5|29.63|7654.0|22649610.0|29.52
104000|29.63|29.7|29.58|29.64|7176.0|21284933.0|29.63
104500|29.64|29.65|29.55|29.58|3950.0|11693888.0|29.64
105000|29.58|29.65|29.57|29.65|2694.0|7976700.0|29.58
105500|29.66|29.71|29.65|29.65|5743.0|17048588.0|29.65
110000|29.67|29.68|29.63|29.66|2203.0|6532556.0|29.65
110500|29.64|29.78|29.62|29.77|6939.0|20622912.0|29.66
111000|29.77|29.77|29.71|29.77|3985.0|11857480.0|29.77
111500|29.77|29.78|29.69|29.71|3097.0|9211551.0|29.77
112000|29.72|29.83|29.72|29.8|5898.0|17556218.0|29.71
112500|29.81|29.86|29.75|29.75|5690.0|16955527.0|29.8
113000|29.75|29.86|29.75|29.78|3445.0|10275896.0|29.75
130500|29.8|29.81|29.63|29.63|4368.0|12980613.0|29.78
131000|29.65|29.69|29.61|29.62|3070.0|9096627.0|29.63
131500|29.63|29.68|29.61|29.68|1871.0|5545347.0|29.62
132000|29.66|29.66|29.6|29.63|3169.0|9388539.0|29.68
132500|29.64|29.67|29.6|29.66|1780.0|5273861.0|29.63
133000|29.66|29.66|29.6|29.6|1755.0|5199869.0|29.66
133500|29.6|29.6|29.55|29.59|3821.0|11302000.0|29.6
134000|29.59|29.63|29.57|29.59|3276.0|9696249.0|29.59
134500|29.59|29.62|29.56|29.58|1903.0|5631152.0|29.59
135000|29.58|29.59|29.56|29.58|1565.0|4628255.0|29.58
135500|29.59|29.61|29.58|29.59|2024.0|5990112.0|29.58
140000|29.6|29.61|29.53|29.53|3875.0|11460521.0|29.59
140500|29.53|29.55|29.5|29.51|2889.0|8527637.0|29.53
141000|29.53|29.54|29.47|29.5|2760.0|8141330.0|29.51
141500|29.5|29.55|29.49|29.53|1941.0|5728733.0|29.5
142000|29.54|29.58|29.54|29.58|1801.0|5324394.0|29.53
142500|29.56|29.6|29.56|29.6|1400.0|4140884.0|29.58
143000|29.6|29.6|29.58|29.59|2008.0|5941644.0|29.6
143500|29.59|29.59|29.56|29.58|2802.0|8288021.0|29.59
144000|29.57|29.6|29.57|29.58|5432.0|16074272.0|29.58
144500|29.58|29.59|29.57|29.58|2774.0|8204888.0|29.58
145000|29.58|29.6|29.58|29.59|3785.0|11199200.0|29.58
145500|29.58|29.6|29.58|29.58|5141.0|15212704.0|29.59
150000|29.59|29.6|29.57|29.59|3160.0|9352438.0|29.58
