09350000|1.7800000000|1.7800000000|1.7700000000|1.7700000000|1675700|2971049.0000|1.7700000000
09400000|1.7700000000|1.7800000000|1.7700000000|1.7700000000|2430100|4317079.0000|1.7700000000
09450000|1.7700000000|1.7800000000|1.7700000000|1.7700000000|770400|1367866.0000|1.7700000000
09500000|1.7700000000|1.7800000000|1.7700000000|1.7700000000|557900|988114.0000|1.7700000000
09550000|1.7700000000|1.7800000000|1.7700000000|1.7700000000|688300|1219163.0000|1.7700000000
10000000|1.7700000000|1.7800000000|1.7700000000|1.7800000000|514600|912823.0000|1.7800000000
10050000|1.7700000000|1.7800000000|1.7700000000|1.7800000000|436600|773264.0000|1.7800000000
10100000|1.7700000000|1.7800000000|1.7600000000|1.7700000000|6388600|11304352.0000|1.7700000000
10150000|1.7700000000|1.7800000000|1.7700000000|1.7700000000|901700|1597114.0000|1.7700000000
10200000|1.7700000000|1.7800000000|1.7700000000|1.7700000000|328700|582066.0000|1.7700000000
10250000|1.7700000000|1.7800000000|1.7600000000|1.7700000000|1524600|2698158.0000|1.7700000000
10300000|1.7800000000|1.7800000000|1.7700000000|1.7800000000|409200|724708.0000|1.7800000000
10350000|1.7700000000|1.7800000000|1.7700000000|1.7700000000|444700|787536.0000|1.7700000000
10400000|1.7700000000|1.7800000000|1.7600000000|1.7600000000|877700|1550776.0000|1.7600000000
10450000|1.7600000000|1.7700000000|1.7600000000|1.7600000000|403900|712612.0000|1.7600000000
10500000|1.7600000000|1.7700000000|1.7600000000|1.7700000000|132300|233352.0000|1.7700000000
10550000|1.7600000000|1.7700000000|1.7600000000|1.7700000000|823100|1452544.0000|1.7700000000
11000000|1.7700000000|1.7700000000|1.7600000000|1.7600000000|778100|1370620.0000|1.7600000000
11050000|1.7700000000|1.7800000000|1.7600000000|1.7700000000|2424400|4286560.0000|1.7700000000
11100000|1.7700000000|1.7800000000|1.7700000000|1.7700000000|174800|309776.0000|1.7700000000
11150000|1.7700000000|1.7800000000|1.7700000000|1.7700000000|324200|574492.0000|1.7700000000
11200000|1.7700000000|1.7800000000|1.7700000000|1.7800000000|242000|430752.0000|1.7800000000
11250000|1.7800000000|1.7800000000|1.7700000000|1.7700000000|471100|836712.0000|1.7700000000
11300000|1.7700000000|1.7800000000|1.7700000000|1.7800000000|150000|266440.0000|1.7800000000
13050000|1.7700000000|1.7800000000|1.7700000000|1.7800000000|365300|648456.0000|1.7800000000
13100000|1.7800000000|1.7800000000|1.7700000000|1.7700000000|228100|405124.0000|1.7700000000
13150000|1.7700000000|1.7800000000|1.7700000000|1.7700000000|321600|569808.0000|1.7700000000
13200000|1.7700000000|1.7800000000|1.7700000000|1.7700000000|192100|340644.0000|1.7700000000
13250000|1.7700000000|1.7800000000|1.7700000000|1.7700000000|149500|265048.0000|1.7700000000
13300000|1.7700000000|1.7800000000|1.7700000000|1.7700000000|372600|659848.0000|1.7700000000
13350000|1.7800000000|1.7800000000|1.7700000000|1.7700000000|304600|539616.0000|1.7700000000
13400000|1.7800000000|1.7800000000|1.7700000000|1.7700000000|213300|378116.0000|1.7700000000
13450000|1.7700000000|1.7800000000|1.7700000000|1.7800000000|222300|394464.0000|1.7800000000
13500000|1.7800000000|1.7800000000|1.7700000000|1.7700000000|305000|540096.0000|1.7700000000
13550000|1.7700000000|1.7800000000|1.7700000000|1.7800000000|146000|259044.0000|1.7800000000
14000000|1.7700000000|1.7800000000|1.7600000000|1.7700000000|2221800|3933292.0000|1.7700000000
14050000|1.7700000000|1.7700000000|1.7600000000|1.7600000000|216000|381484.0000|1.7600000000
14100000|1.7700000000|1.7700000000|1.7600000000|1.7600000000|267000|470912.0000|1.7600000000
14150000|1.7600000000|1.7700000000|1.7600000000|1.7700000000|247400|436568.0000|1.7700000000
14200000|1.7600000000|1.7700000000|1.7600000000|1.7600000000|233100|411468.0000|1.7600000000
14250000|1.7600000000|1.7700000000|1.7600000000|1.7700000000|976000|1724600.0000|1.7700000000
14300000|1.7700000000|1.7700000000|1.7600000000|1.7600000000|415600|733092.0000|1.7600000000
14350000|1.7700000000|1.7700000000|1.7600000000|1.7600000000|1383700|2436308.0000|1.7600000000
14400000|1.7600000000|1.7700000000|1.7600000000|1.7600000000|419800|739568.0000|1.7600000000
14450000|1.7600000000|1.7600000000|1.7500000000|1.7500000000|5613100|9871272.0000|1.7500000000
14500000|1.7500000000|1.7600000000|1.7400000000|1.7500000000|5007400|8760928.0000|1.7500000000
14550000|1.7500000000|1.7500000000|1.7400000000|1.7400000000|1249100|2179512.0000|1.7400000000
15000000|1.7400000000|1.7500000000|1.7400000000|1.7400000000|2572000|4482272.0000|1.7400000000
