09350000|7.6400000000|7.7300000000|7.6400000000|7.7100000000|961700|7397838.0000|7.7100000000
09400000|7.7100000000|7.7600000000|7.7100000000|7.7500000000|769300|5945525.0000|7.7500000000
09450000|7.7500000000|7.7700000000|7.7400000000|7.7600000000|794100|6162087.0000|7.7600000000
09500000|7.7600000000|7.7900000000|7.7600000000|7.7800000000|968000|7525470.0000|7.7800000000
09550000|7.7800000000|7.7900000000|7.7500000000|7.7700000000|707200|5493606.0000|7.7700000000
10000000|7.7700000000|7.7700000000|7.7500000000|7.7600000000|549800|4265012.0000|7.7600000000
10050000|7.7600000000|7.7600000000|7.7400000000|7.7500000000|445900|3456692.0000|7.7500000000
10100000|7.7500000000|7.7600000000|7.7300000000|7.7300000000|327800|2538824.0000|7.7300000000
10150000|7.7300000000|7.7400000000|7.7300000000|7.7400000000|137400|1062440.0000|7.7400000000
10200000|7.7300000000|7.7400000000|7.7200000000|7.7400000000|342500|2648344.0000|7.7400000000
10250000|7.7400000000|7.7600000000|7.7400000000|7.7600000000|298000|2308812.0000|7.7600000000
10300000|7.7600000000|7.7600000000|7.7400000000|7.7500000000|276800|2144472.0000|7.7500000000
10350000|7.7500000000|7.7600000000|7.7400000000|7.7400000000|180900|1402672.0000|7.7400000000
10400000|7.7400000000|7.7600000000|7.7300000000|7.7400000000|258000|1997304.0000|7.7400000000
10450000|7.7400000000|7.7500000000|7.7400000000|7.7500000000|186900|1448048.0000|7.7500000000
10500000|7.7500000000|7.7600000000|7.7300000000|7.7400000000|391500|3030404.0000|7.7400000000
10550000|7.7400000000|7.7500000000|7.7300000000|7.7400000000|117600|910400.0000|7.7400000000
11000000|7.7400000000|7.7600000000|7.7300000000|7.7600000000|242900|1881756.0000|7.7600000000
11050000|7.7600000000|7.7600000000|7.7500000000|7.7600000000|254200|1971636.0000|7.7600000000
11100000|7.7600000000|7.7700000000|7.7500000000|7.7600000000|332500|2579664.0000|7.7600000000
11150000|7.7600000000|7.7700000000|7.7400000000|7.7600000000|356100|2761984.0000|7.7600000000
11200000|7.7500000000|7.7800000000|7.7500000000|7.7700000000|585900|4552448.0000|7.7700000000
11250000|7.7700000000|7.7800000000|7.7700000000|7.7800000000|183700|1428256.0000|7.7800000000
11300000|7.7800000000|7.7800000000|7.7700000000|7.7700000000|141800|1102424.0000|7.7700000000
13050000|7.7800000000|7.7800000000|7.7400000000|7.7600000000|560800|4351456.0000|7.7600000000
13100000|7.7500000000|7.7500000000|7.7300000000|7.7400000000|209700|1623408.0000|7.7400000000
13150000|7.7300000000|7.7400000000|7.7300000000|7.7300000000|202700|1567088.0000|7.7300000000
13200000|7.7300000000|7.7400000000|7.7300000000|7.7300000000|224400|1736216.0000|7.7300000000
13250000|7.7400000000|7.7500000000|7.7200000000|7.7300000000|312100|2413896.0000|7.7300000000
13300000|7.7200000000|7.7300000000|7.7100000000|7.7200000000|236300|1823872.0000|7.7200000000
13350000|7.7100000000|7.7200000000|7.7000000000|7.7100000000|249700|1925296.0000|7.7100000000
13400000|7.7100000000|7.7300000000|7.7000000000|7.7200000000|147700|1139728.0000|7.7200000000
13450000|7.7200000000|7.7200000000|7.7000000000|7.7000000000|286400|2208344.0000|7.7000000000
13500000|7.7000000000|7.7300000000|7.7000000000|7.7100000000|173000|1334528.0000|7.7100000000
13550000|7.7100000000|7.7200000000|7.7000000000|7.7000000000|229700|1770896.0000|7.7000000000
14000000|7.7000000000|7.7100000000|7.6900000000|7.7100000000|386000|2972672.0000|7.7100000000
14050000|7.7000000000|7.7100000000|7.6900000000|7.7000000000|183000|1409136.0000|7.7000000000
14100000|7.7000000000|7.7200000000|7.7000000000|7.7100000000|250400|1929248.0000|7.7100000000
14150000|7.7100000000|7.7300000000|7.6900000000|7.7200000000|363000|2798976.0000|7.7200000000
14200000|7.7200000000|7.7300000000|7.7200000000|7.7200000000|308400|2382144.0000|7.7200000000
14250000|7.7200000000|7.7400000000|7.7200000000|7.7300000000|130600|1009840.0000|7.7300000000
14300000|7.7300000000|7.7300000000|7.7200000000|7.7300000000|258700|1997720.0000|7.7300000000
14350000|7.7300000000|7.7300000000|7.7200000000|7.7300000000|138400|1068736.0000|7.7300000000
14400000|7.7300000000|7.7300000000|7.7100000000|7.7200000000|205800|1588784.0000|7.7200000000
14450000|7.7200000000|7.7200000000|7.7000000000|7.7100000000|397300|3062144.0000|7.7100000000
14500000|7.7100000000|7.7200000000|7.7000000000|7.7100000000|215800|1663744.0000|7.7100000000
14550000|7.7100000000|7.7100000000|7.7000000000|7.7100000000|497700|3834848.0000|7.7100000000
15000000|7.7100000000|7.7200000000|7.7000000000|7.7100000000|367700|2834120.0000|7.7100000000
