093500|43.41|43.41|42.84|43.38|20822.0|89790379.0|43.62
094000|43.37|44.22|43.13|43.84|24201.0|105783656.0|43.38
094500|43.8|45.11|43.73|45.08|43415.0|192955399.0|43.84
095000|45.15|45.26|44.16|44.32|46608.0|208426136.0|45.08
095500|44.33|44.33|43.8|43.84|17434.0|76813107.0|44.32
100000|43.85|44.19|43.84|43.93|12137.0|53356747.0|43.84
100500|43.93|43.93|43.62|43.74|10041.0|43946052.0|43.93
101000|43.74|43.96|43.73|43.96|6902.0|30256486.0|43.74
101500|43.97|43.98|43.78|43.86|6226.0|27325105.0|43.96
102000|43.88|44.21|43.88|44.07|6293.0|27717257.0|43.86
102500|44.08|44.76|44.08|44.6|14297.0|63698965.0|44.07
103000|44.57|44.57|44.29|44.29|8234.0|36601545.0|44.6
103500|44.29|44.36|44.18|44.27|4606.0|20392189.0|44.29
104000|44.27|44.34|44.26|44.27|5458.0|24173996.0|44.27
104500|44.29|45.0|44.29|44.85|13482.0|60420095.0|44.27
105000|44.85|44.87|44.66|44.68|7245.0|32441450.0|44.85
105500|44.68|44.74|44.4|44.58|4839.0|21573811.0|44.68
110000|44.58|44.66|44.5|44.65|4323.0|19281471.0|44.58
110500|44.64|45.2|44.59|45.02|18346.0|82541725.0|44.65
111000|45.01|45.18|45.01|45.03|11463.0|51702343.0|45.02
111500|45.03|45.17|44.87|45.17|8116.0|36566420.0|45.03
112000|45.16|46.7|45.16|46.7|27399.0|125353220.0|45.17
112500|46.71|47.62|46.59|47.34|42161.0|198681529.0|46.7
113000|47.33|47.33|46.26|46.26|17913.0|83866111.0|47.34
130500|46.26|46.33|45.74|46.33|10288.0|47344132.0|46.26
131000|46.34|46.57|45.86|46.11|7835.0|36180633.0|46.33
131500|46.11|46.21|46.0|46.11|5799.0|26738985.0|46.11
132000|46.11|46.57|46.11|46.57|6513.0|30203651.0|46.11
132500|46.57|46.58|46.1|46.34|6195.0|28709689.0|46.57
133000|46.33|46.34|46.11|46.11|4537.0|20983656.0|46.34
133500|46.11|46.13|46.0|46.13|5559.0|25602813.0|46.11
134000|46.13|46.28|46.13|46.28|3805.0|17587883.0|46.13
134500|46.28|46.31|46.0|46.0|5217.0|24093894.0|46.28
135000|46.0|46.0|45.69|45.94|6015.0|27571150.0|46.0
135500|45.94|45.98|45.76|45.81|4475.0|20526021.0|45.94
140000|45.81|45.9|45.81|45.85|2510.0|11511222.0|45.81
140500|45.84|45.85|45.8|45.81|3455.0|15828231.0|45.85
141000|45.82|45.82|45.61|45.61|4764.0|21796057.0|45.81
141500|45.6|45.69|45.15|45.69|6382.0|28977177.0|45.61
142000|45.7|45.71|45.35|45.49|4369.0|19867483.0|45.69
142500|45.49|45.65|45.49|45.51|4284.0|19524627.0|45.49
143000|45.51|45.51|45.3|45.31|5176.0|23501376.0|45.51
143500|45.31|45.43|45.2|45.43|5872.0|26584928.0|45.31
144000|45.43|45.81|45.43|45.57|7772.0|35515405.0|45.43
144500|45.58|45.58|45.45|45.5|6703.0|30491805.0|45.57
145000|45.49|45.5|45.33|45.33|8428.0|38283998.0|45.5
145500|45.33|45.62|45.3|45.62|11702.0|53176303.0|45.33
150000|45.62|45.7|45.62|45.7|14596.0|66658373.0|45.62
