09350000|13.8800000000|13.9700000000|13.7300000000|13.9200000000|1648000|22828044.0000|13.9200000000
09400000|13.9200000000|14.2100000000|13.9000000000|14.2100000000|2686000|37867196.0000|14.2100000000
09450000|14.2100000000|14.2100000000|14.0500000000|14.1500000000|1370500|19351544.0000|14.1500000000
09500000|14.1500000000|14.1900000000|14.0300000000|14.0300000000|1036700|14638368.0000|14.0300000000
09550000|14.0300000000|14.0500000000|13.9700000000|14.0000000000|915200|12827360.0000|14.0000000000
10000000|14.0000000000|14.0000000000|13.9300000000|13.9500000000|702600|9807128.0000|13.9500000000
10050000|13.9500000000|13.9700000000|13.8900000000|13.9400000000|712200|9924024.0000|13.9400000000
10100000|13.9400000000|13.9600000000|13.8300000000|13.9000000000|765000|10612472.0000|13.9000000000
10150000|13.9000000000|13.9800000000|13.9000000000|13.9800000000|445300|6208240.0000|13.9800000000
10200000|13.9800000000|14.0200000000|13.9000000000|13.9200000000|373700|5212000.0000|13.9200000000
10250000|13.9200000000|13.9300000000|13.8800000000|13.9100000000|235900|3281376.0000|13.9100000000
10300000|13.9100000000|13.9200000000|13.8300000000|13.9000000000|287600|3991568.0000|13.9000000000
10350000|13.9000000000|13.9900000000|13.9000000000|13.9800000000|358100|4995472.0000|13.9800000000
10400000|13.9800000000|14.0600000000|13.9200000000|14.0400000000|476600|6684096.0000|14.0400000000
10450000|14.0400000000|14.1000000000|13.9400000000|14.0200000000|315300|4419504.0000|14.0200000000
10500000|14.0200000000|14.1600000000|14.0200000000|14.1000000000|631200|8913536.0000|14.1000000000
10550000|14.1000000000|14.2300000000|14.1000000000|14.2200000000|730900|10360720.0000|14.2200000000
11000000|14.2200000000|14.2200000000|14.0800000000|14.0900000000|241700|3421680.0000|14.0900000000
11050000|14.0900000000|14.1100000000|14.0100000000|14.0800000000|260100|3660320.0000|14.0800000000
11100000|14.0700000000|14.0900000000|14.0600000000|14.0900000000|87600|1232624.0000|14.0900000000
11150000|14.0900000000|14.1500000000|14.0300000000|14.0600000000|263100|3708368.0000|14.0600000000
11200000|14.0600000000|14.0900000000|14.0300000000|14.0900000000|137700|1936224.0000|14.0900000000
11250000|14.0900000000|14.1100000000|14.0500000000|14.1000000000|236200|3330176.0000|14.1000000000
11300000|14.1000000000|14.1800000000|14.0800000000|14.1700000000|150800|2130784.0000|14.1700000000
13050000|14.1700000000|14.2800000000|14.1100000000|14.2700000000|837600|11899264.0000|14.2700000000
13100000|14.2700000000|14.2700000000|14.1600000000|14.1800000000|390400|5549776.0000|14.1800000000
13150000|14.1800000000|14.2700000000|14.1400000000|14.2500000000|389800|5536832.0000|14.2500000000
13200000|14.2500000000|14.3000000000|14.2400000000|14.3000000000|531900|7591424.0000|14.3000000000
13250000|14.3000000000|14.3800000000|14.3000000000|14.3600000000|745200|10686112.0000|14.3600000000
13300000|14.3600000000|14.3900000000|14.3000000000|14.3700000000|525100|7536128.0000|14.3700000000
13350000|14.3700000000|14.3700000000|14.2800000000|14.2800000000|387500|5549008.0000|14.2800000000
13400000|14.2800000000|14.3600000000|14.2800000000|14.3400000000|296600|4249008.0000|14.3400000000
13450000|14.3400000000|14.3600000000|14.2600000000|14.3000000000|296200|4235200.0000|14.3000000000
13500000|14.2900000000|14.3000000000|14.2300000000|14.2600000000|317400|4529280.0000|14.2600000000
13550000|14.2600000000|14.3000000000|14.2500000000|14.3000000000|647400|9238080.0000|14.3000000000
14000000|14.3000000000|14.3500000000|14.2700000000|14.3500000000|303600|4343328.0000|14.3500000000
14050000|14.3400000000|14.3400000000|14.2700000000|14.2800000000|481700|6896032.0000|14.2800000000
14100000|14.2800000000|14.3200000000|14.2700000000|14.2800000000|177100|2531936.0000|14.2800000000
14150000|14.2800000000|14.3000000000|14.2200000000|14.2600000000|395400|5636448.0000|14.2600000000
14200000|14.2600000000|14.2700000000|14.2200000000|14.2500000000|253700|3614080.0000|14.2500000000
14250000|14.2500000000|14.2900000000|14.2400000000|14.2900000000|164800|2351424.0000|14.2900000000
14300000|14.2800000000|14.3000000000|14.2600000000|14.2900000000|163500|2335712.0000|14.2900000000
14350000|14.2900000000|14.3400000000|14.2900000000|14.3000000000|351100|5024832.0000|14.3000000000
14400000|14.3100000000|14.3200000000|14.2900000000|14.3200000000|316700|4530880.0000|14.3200000000
14450000|14.3200000000|14.4300000000|14.3100000000|14.4300000000|925800|13304512.0000|14.4300000000
14500000|14.4300000000|14.4600000000|14.4100000000|14.4500000000|703600|10154560.0000|14.4500000000
14550000|14.4500000000|14.4500000000|14.4200000000|14.4400000000|522600|7543968.0000|14.4400000000
15000000|14.4400000000|14.4600000000|14.4300000000|14.4600000000|562100|8123424.0000|14.4600000000
