09350000|9.5604610400|10.0926729400|9.5314313000|10.0346134600|53651000|546316992.0000|10.0346134600
09400000|10.0152603000|10.0442900400|9.7926989600|9.8120521200|15776800|161612408.0000|9.8120521200
09450000|9.8314052800|10.0636432000|9.8314052800|9.9184945000|19552400|201565960.0000|9.9184945000
09500000|9.9184945000|9.9281710800|9.8023755400|9.8023755400|7299400|74394809.0000|9.8023755400
09550000|9.8120521200|9.8410818600|9.7539926400|9.7926989600|7997000|80956287.0000|9.7926989600
10000000|9.7830223800|9.8217287000|9.7636692200|9.8217287000|4439600|44909198.0000|9.8217287000
10050000|9.8120521200|9.8410818600|9.7539926400|9.7830223800|4234400|42875130.0000|9.7830223800
10100000|9.7926989600|9.8120521200|9.7443160600|9.7539926400|4309100|43520128.0000|9.7539926400
10150000|9.7539926400|9.7636692200|9.6572268400|9.6765800000|3326100|33371776.0000|9.6765800000
10200000|9.6862565800|9.7056097400|9.6572268400|9.6572268400|2653000|26519424.0000|9.6572268400
10250000|9.6669034200|9.6669034200|9.6378736800|9.6475502600|1467800|14638208.0000|9.6475502600
10300000|9.6378736800|9.6669034200|9.6378736800|9.6475502600|1888600|18826624.0000|9.6475502600
10350000|9.6475502600|9.6572268400|9.5604610400|9.5604610400|3239600|32150912.0000|9.5604610400
10400000|9.5701376200|9.6088439400|9.5604610400|9.5701376200|1910300|18927616.0000|9.5701376200
10450000|9.5604610400|9.5894907800|9.5411078800|9.5411078800|2380500|23538944.0000|9.5411078800
10500000|9.5604610400|9.6378736800|9.5604610400|9.6378736800|2280400|22615040.0000|9.6378736800
10550000|9.6378736800|9.6475502600|9.5798142000|9.5991673600|1107000|10992512.0000|9.5991673600
11000000|9.5991673600|9.6572268400|9.5991673600|9.6281971000|1293600|12893056.0000|9.6281971000
11050000|9.6281971000|9.6281971000|9.5701376200|9.5894907800|1119400|11096704.0000|9.5894907800
11100000|9.5894907800|9.5991673600|9.5798142000|9.5798142000|833000|8253440.0000|9.5798142000
11150000|9.5798142000|9.5798142000|9.5604610400|9.5701376200|799000|7904128.0000|9.5701376200
11200000|9.5701376200|9.6475502600|9.5701376200|9.6281971000|1303600|12946688.0000|9.6281971000
11250000|9.6281971000|9.6475502600|9.6185205200|9.6378736800|984200|9797120.0000|9.6378736800
11300000|9.6378736800|9.7539926400|9.6378736800|9.7539926400|3789100|37946624.0000|9.7539926400
13050000|9.8507584400|9.8507584400|9.7539926400|9.7830223800|7105600|71851008.0000|9.7830223800
13100000|9.7830223800|9.8023755400|9.6959331600|9.6959331600|2130600|21493760.0000|9.6959331600
13150000|9.7056097400|9.7636692200|9.6765800000|9.6765800000|1450600|14571520.0000|9.6765800000
13200000|9.6862565800|9.7056097400|9.6669034200|9.6862565800|865500|8659072.0000|9.6862565800
13250000|9.6959331600|9.7249629000|9.6669034200|9.7249629000|833900|8349184.0000|9.7249629000
13300000|9.7249629000|9.7249629000|9.6572268400|9.6572268400|1253300|12541312.0000|9.6572268400
13350000|9.6572268400|9.6765800000|9.6475502600|9.6572268400|735500|7340032.0000|9.6572268400
13400000|9.6572268400|9.6669034200|9.6185205200|9.6378736800|885800|8818304.0000|9.6378736800
13450000|9.6378736800|9.6669034200|9.6281971000|9.6669034200|1008800|10056064.0000|9.6669034200
13500000|9.6572268400|9.6669034200|9.6185205200|9.6475502600|940600|9366656.0000|9.6475502600
13550000|9.6378736800|9.6475502600|9.6281971000|9.6378736800|828800|8257536.0000|9.6378736800
14000000|9.6281971000|9.6378736800|9.6185205200|9.6185205200|575300|5726592.0000|9.6185205200
14050000|9.6185205200|9.6281971000|9.5991673600|9.6088439400|837200|8320256.0000|9.6088439400
14100000|9.6088439400|9.6185205200|9.5894907800|9.5991673600|672800|6676864.0000|9.5991673600
14150000|9.5991673600|9.6088439400|9.5894907800|9.6088439400|413700|4105216.0000|9.6088439400
14200000|9.6088439400|9.6088439400|9.5701376200|9.5798142000|1563900|15494144.0000|9.5798142000
14250000|9.5894907800|9.5991673600|9.5798142000|9.5991673600|706300|7000832.0000|9.5991673600
14300000|9.5991673600|9.5991673600|9.5798142000|9.5894907800|1661100|16470016.0000|9.5894907800
14350000|9.5894907800|9.5991673600|9.5701376200|9.5798142000|1122000|11107328.0000|9.5798142000
14400000|9.5798142000|9.5894907800|9.5604610400|9.5701376200|1032500|10214272.0000|9.5701376200
14450000|9.5701376200|9.5701376200|9.5507844600|9.5604610400|1421100|14040192.0000|9.5604610400
14500000|9.5507844600|9.5604610400|9.5411078800|9.5411078800|2022500|19956864.0000|9.5411078800
14550000|9.5411078800|9.5604610400|9.5411078800|9.5604610400|2196300|21685376.0000|9.5604610400
15000000|9.5604610400|9.5701376200|9.5411078800|9.5411078800|2670000|26349312.0000|9.5411078800
