093500|15.95|15.96|15.77|15.96|1904.0|3052761.0|15.95
094000|15.95|16.0|15.92|15.93|1125.0|1810534.0|15.96
094500|15.93|15.93|15.84|15.9|1099.0|1759364.0|15.93
095000|15.9|15.99|15.88|15.97|853.0|1369887.0|15.9
095500|15.98|16.03|15.96|15.99|1040.0|1678153.0|15.97
100000|16.0|16.07|16.0|16.02|1440.0|2328847.0|15.99
100500|16.02|16.02|15.96|15.96|1011.0|1631759.0|16.02
101000|15.98|15.98|15.91|15.92|1363.0|2191475.0|15.96
101500|15.95|15.95|15.88|15.91|556.0|892525.0|15.92
102000|15.93|15.97|15.92|15.94|805.0|1294742.0|15.91
102500|15.93|15.94|15.87|15.88|596.0|956118.0|15.94
103000|15.89|15.89|15.82|15.87|2660.0|4248792.0|15.88
103500|15.84|15.88|15.83|15.84|583.0|932568.0|15.87
104000|15.84|15.86|15.78|15.78|842.0|1343004.0|15.84
104500|15.79|15.8|15.76|15.8|649.0|1033008.0|15.78
105000|15.8|15.81|15.77|15.78|403.0|641789.0|15.8
105500|15.79|15.81|15.75|15.8|397.0|631719.0|15.78
110000|15.8|15.8|15.75|15.75|716.0|1138950.0|15.8
110500|15.75|15.77|15.72|15.77|479.0|760971.0|15.75
111000|15.77|15.77|15.7|15.74|725.0|1150465.0|15.77
111500|15.75|15.78|15.73|15.75|587.0|933212.0|15.74
112000|15.75|15.79|15.73|15.78|275.0|437317.0|15.75
112500|15.78|15.78|15.76|15.78|201.0|319742.0|15.78
113000|15.76|15.81|15.76|15.79|396.0|630489.0|15.78
130500|15.81|15.84|15.75|15.75|660.0|1050484.0|15.79
131000|15.75|15.77|15.74|15.77|436.0|693027.0|15.75
131500|15.77|15.77|15.75|15.77|173.0|275060.0|15.77
132000|15.77|15.81|15.75|15.76|2072.0|3297819.0|15.77
132500|15.76|15.76|15.73|15.75|567.0|900402.0|15.76
133000|15.75|15.76|15.74|15.74|286.0|454457.0|15.75
133500|15.76|15.76|15.71|15.71|622.0|987083.0|15.74
134000|15.72|15.75|15.71|15.73|209.0|331651.0|15.71
134500|15.73|15.74|15.7|15.72|1025.0|1625631.0|15.73
135000|15.72|15.74|15.71|15.74|711.0|1127646.0|15.72
135500|15.74|15.78|15.73|15.78|270.0|429259.0|15.74
140000|15.79|15.88|15.79|15.84|1560.0|2488921.0|15.78
140500|15.86|15.87|15.84|15.84|248.0|396762.0|15.84
141000|15.84|15.9|15.8|15.88|742.0|1185595.0|15.84
141500|15.88|15.91|15.86|15.89|649.0|1040544.0|15.88
142000|15.88|15.92|15.87|15.88|603.0|966480.0|15.89
142500|15.88|15.93|15.87|15.91|443.0|710859.0|15.88
143000|15.91|15.92|15.89|15.9|1081.0|1734645.0|15.91
143500|15.9|15.9|15.85|15.87|1297.0|2076771.0|15.9
144000|15.88|15.92|15.87|15.91|668.0|1071019.0|15.87
144500|15.91|15.92|15.89|15.9|722.0|1158336.0|15.91
145000|15.9|15.91|15.88|15.89|1064.0|1706569.0|15.9
145500|15.89|15.89|15.87|15.89|773.0|1238756.0|15.89
150000|15.88|15.9|15.88|15.89|1677.0|2687672.0|15.89
