093500|27.2600|27.4000|27.1900|27.1900|812200|22134284.0000|27.1900
094000|27.1900|27.1900|26.9100|27.0200|871700|23561328.0000|27.0200
094500|27.0200|27.2100|26.9900|27.1300|389600|10563328.0000|27.1300
095000|27.1300|27.2700|27.1000|27.1900|275200|7483292.0000|27.1900
095500|27.1900|27.2400|27.0000|27.0600|310800|8420348.0000|27.0600
100000|27.0600|27.1000|27.0100|27.0200|241400|6527944.0000|27.0200
100500|27.0200|27.1500|27.0100|27.0600|231200|6261928.0000|27.0600
101000|27.0600|27.1400|27.0600|27.0900|273000|7396224.0000|27.0900
101500|27.0900|27.1000|27.0300|27.0900|293500|7943752.0000|27.0900
102000|27.0900|27.1300|27.0700|27.1100|173300|4695736.0000|27.1100
102500|27.1100|27.1800|27.0800|27.1700|279500|7578872.0000|27.1700
103000|27.1700|27.1700|26.9800|27.0000|458900|12409216.0000|27.0000
103500|27.0000|27.0600|26.9900|27.0500|168000|4538808.0000|27.0500
104000|27.0500|27.0500|27.0100|27.0400|120600|3259960.0000|27.0400
104500|27.0500|27.1000|27.0300|27.0900|86000|2328336.0000|27.0900
105000|27.1000|27.1000|27.0500|27.1000|93100|2520688.0000|27.1000
105500|27.1000|27.1900|27.0800|27.1000|127300|3454832.0000|27.1000
110000|27.1100|27.1100|27.0500|27.0800|131900|3571184.0000|27.0800
110500|27.0700|27.0700|27.0100|27.0100|155800|4211472.0000|27.0100
111000|27.0100|27.0300|26.9800|26.9800|243400|6571904.0000|26.9800
111500|26.9800|26.9900|26.9600|26.9800|175300|4728528.0000|26.9800
112000|26.9800|27.0300|26.9700|27.0300|91700|2474496.0000|27.0300
112500|27.0300|27.0300|27.0000|27.0200|63900|1726096.0000|27.0200
113000|27.0200|27.0300|27.0100|27.0200|50200|1356336.0000|27.0200
130500|27.0200|27.0600|26.9300|26.9300|334300|9021664.0000|26.9300
131000|26.9300|26.9500|26.9300|26.9500|105400|2839360.0000|26.9500
131500|26.9500|26.9900|26.9500|26.9600|84200|2270768.0000|26.9600
132000|26.9600|26.9700|26.8800|26.8900|355700|9574176.0000|26.8900
132500|26.8900|26.9000|26.8100|26.8500|275700|7404784.0000|26.8500
133000|26.8500|26.8500|26.8200|26.8200|123000|3299904.0000|26.8200
133500|26.8200|26.8900|26.8200|26.8600|148000|3975424.0000|26.8600
134000|26.8600|26.9500|26.8600|26.9200|124100|3339584.0000|26.9200
134500|26.9200|27.0200|26.9000|26.9900|141900|3825840.0000|26.9900
135000|26.9900|27.0500|26.9800|27.0300|129600|3501920.0000|27.0300
135500|27.0300|27.0500|27.0000|27.0000|111300|3008112.0000|27.0000
140000|27.0000|27.0200|26.9900|27.0100|66100|1784800.0000|27.0100
140500|27.0100|27.1400|27.0100|27.1400|169700|4597824.0000|27.1400
141000|27.1400|27.1700|27.1100|27.1700|179100|4861664.0000|27.1700
141500|27.1700|27.1900|27.1400|27.1400|124900|3393488.0000|27.1400
142000|27.1300|27.1500|27.1200|27.1200|66900|1815280.0000|27.1200
142500|27.1200|27.1300|27.1100|27.1200|102000|2765536.0000|27.1200
143000|27.1300|27.1300|27.0800|27.1000|127200|3447232.0000|27.1000
143500|27.1000|27.1500|27.1000|27.1300|185700|5037408.0000|27.1300
144000|27.1300|27.1800|27.1300|27.1600|146600|3981392.0000|27.1600
144500|27.1600|27.2100|27.1500|27.2100|240500|6538640.0000|27.2100
145000|27.2100|27.2400|27.1900|27.2400|310900|8461408.0000|27.2400
145500|27.2400|27.2500|27.1800|27.1900|241500|6572752.0000|27.1900
150000|27.1900|27.2600|27.1900|27.2600|321000|8745120.0000|27.2600
