093500|54.4000|54.8800|53.4800|53.4800|2769900|150502307.0000|53.4800
094000|53.5100|53.6400|53.3400|53.5500|660500|35334130.0000|53.5500
094500|53.5900|53.7900|53.4300|53.5100|542892|29116511.6800|53.5100
095000|53.5100|53.9500|53.4600|53.5400|381000|20448556.0000|53.5400
095500|53.5400|53.7900|53.4000|53.7800|380400|20372883.0000|53.7800
100000|53.7300|53.7300|53.2500|53.2900|374500|20010373.0000|53.2900
100500|53.3000|53.4800|53.1700|53.3100|361600|19271068.0000|53.3100
101000|53.2800|53.3200|52.9900|53.0200|396300|21048789.0000|53.0200
101500|53.0200|53.0700|52.7200|52.7200|567600|30030534.0000|52.7200
102000|52.7600|53.0800|52.7500|52.7900|448600|23714893.4000|52.7900
102500|52.8200|53.0600|52.5100|52.5100|395500|20903105.0000|52.5100
103000|52.5100|52.6900|52.5100|52.5300|397500|20902728.0000|52.5300
103500|52.5200|52.6800|52.5000|52.5500|264700|13911272.0000|52.5500
104000|52.5200|52.6400|52.4800|52.5200|282400|14830357.0000|52.5200
104500|52.5500|52.7900|52.5500|52.7100|169500|8926962.5000|52.7100
105000|52.6900|52.7100|52.5200|52.7100|190100|10008268.0000|52.7100
105500|52.7100|52.8800|52.5900|52.6800|146000|7704141.0000|52.6800
110000|52.6800|52.7600|52.5500|52.5900|142000|7476853.0000|52.5900
110500|52.5800|52.8500|52.5800|52.7400|191480|10101287.0000|52.7400
111000|52.7300|52.8500|52.5400|52.8300|239900|12632355.0000|52.8300
111500|52.8200|52.8200|52.1700|52.1700|467000|24494604.0000|52.1700
112000|52.1400|52.1800|52.0500|52.1000|447700|23322548.0000|52.1000
112500|52.1400|52.4000|52.1400|52.4000|210706|11015293.9800|52.4000
113000|52.4000|52.4000|52.0200|52.1100|253894|13246273.8400|52.1100
130500|52.1100|52.4400|51.8900|51.9000|893400|46502784.0000|51.9000
131000|51.9000|52.3500|51.8500|52.2400|268700|13984085.0000|52.2400
131500|52.2300|52.5200|52.2100|52.5000|194500|10188112.0000|52.5000
132000|52.4600|52.8000|52.4600|52.7500|172200|9068192.0000|52.7500
132500|52.7400|52.9800|52.7400|52.9500|176700|9345823.0000|52.9500
133000|52.9700|53.0600|52.7000|52.7500|221900|11733911.0000|52.7500
133500|52.7500|53.0800|52.7500|53.0800|113200|5986017.0000|53.0800
134000|53.1000|53.2000|53.0300|53.0500|242800|12894960.0000|53.0500
134500|53.0900|53.1000|52.9400|53.0600|116000|6152256.0000|53.0600
135000|53.0500|53.3900|53.0500|53.2500|345100|18365396.0000|53.2500
135500|53.2500|53.2500|52.9500|53.0400|142300|7546227.3800|53.0400
140000|53.0600|53.4300|53.0600|53.3500|253900|13534365.0000|53.3500
140500|53.3500|53.3500|53.0500|53.2000|152800|8130720.3100|53.2000
141000|53.2000|53.3300|53.0900|53.2700|145100|7723550.0000|53.2700
141500|53.2500|53.7900|53.1200|53.7100|547500|29318156.0000|53.7100
142000|53.6600|53.7100|53.4600|53.6700|228800|12266842.0000|53.6700
142500|53.6600|53.7200|53.5200|53.5200|200300|10745146.0000|53.5200
143000|53.5200|53.5500|53.4100|53.4300|131700|7043519.0000|53.4300
143500|53.4200|53.5200|53.3100|53.5000|146200|7805239.0000|53.5000
144000|53.5200|53.6600|53.3300|53.3900|210000|11233151.0000|53.3900
144500|53.3600|53.6700|53.2500|53.5700|408800|21869770.0000|53.5700
145000|53.5500|53.9000|53.5000|53.8800|639400|34332012.0000|53.8800
145500|53.8600|53.8600|53.6000|53.6400|362080|19459310.6000|53.6400
150000|53.6400|53.6500|53.6000|53.6000|258500|13860070.0000|53.6000
