093500|13.2900|13.3000|13.1100|13.1200|3684500|48607618.0000|13.1200
094000|13.1100|13.1200|13.0700|13.0800|2364200|30965473.0000|13.0800
094500|13.0800|13.1200|13.0800|13.1000|1187207|15544412.0000|13.1000
095000|13.1000|13.1500|13.0800|13.1300|817300|10718882.0000|13.1300
095500|13.1200|13.1500|13.1000|13.1400|972500|12759562.0000|13.1400
100000|13.1400|13.1400|13.1100|13.1200|687500|9023805.0000|13.1200
100500|13.1200|13.1300|13.1000|13.1000|705400|9247305.0000|13.1000
101000|13.1100|13.1100|13.0800|13.0800|710700|9304296.0000|13.0800
101500|13.0800|13.1400|13.0700|13.1300|636318|8333166.0000|13.1300
102000|13.1300|13.1500|13.1000|13.1500|660163|8665823.0000|13.1500
102500|13.1500|13.1600|13.1300|13.1500|526645|6921957.0000|13.1500
103000|13.1400|13.1800|13.1400|13.1700|505700|6658917.0000|13.1700
103500|13.1800|13.2000|13.1700|13.1700|511200|6741400.0000|13.1700
104000|13.1700|13.1900|13.1600|13.1900|410000|5401667.0000|13.1900
104500|13.1800|13.1800|13.1600|13.1700|255200|3361286.0000|13.1700
105000|13.1700|13.1700|13.1400|13.1400|398900|5244716.0000|13.1400
105500|13.1400|13.1800|13.1100|13.1800|920637|12093165.0000|13.1800
110000|13.1800|13.1800|13.1400|13.1600|388800|5116568.0000|13.1600
110500|13.1600|13.1800|13.1500|13.1700|154200|2030161.0000|13.1700
111000|13.1800|13.2000|13.1700|13.1800|423000|5579069.0000|13.1800
111500|13.1800|13.2000|13.1800|13.1900|200000|2637633.0000|13.1900
112000|13.1900|13.1900|13.1600|13.1700|319000|4203390.0000|13.1700
112500|13.1800|13.1900|13.1700|13.1800|193500|2550136.0000|13.1800
113000|13.1800|13.1800|13.1600|13.1700|178400|2349322.0000|13.1700
130500|13.1700|13.1800|13.1400|13.1500|569000|7487847.0000|13.1500
131000|13.1600|13.1600|13.1400|13.1600|287800|3783864.0000|13.1600
131500|13.1600|13.1600|13.1400|13.1500|160300|2107586.0000|13.1500
132000|13.1600|13.1800|13.1500|13.1700|309500|4074239.0000|13.1700
132500|13.1700|13.1900|13.1700|13.1700|309400|4078388.0000|13.1700
133000|13.1700|13.1900|13.1600|13.1800|245300|3230641.0000|13.1800
133500|13.1800|13.1800|13.1500|13.1600|469612|6181121.0000|13.1600
134000|13.1600|13.1600|13.1400|13.1500|442288|5815433.0000|13.1500
134500|13.1600|13.1600|13.1300|13.1300|411800|5412336.0000|13.1300
135000|13.1300|13.1400|13.1100|13.1200|631500|8286080.0000|13.1200
135500|13.1200|13.1300|13.1200|13.1300|224222|2943152.0000|13.1300
140000|13.1300|13.1300|13.1100|13.1200|330400|4334016.0000|13.1200
140500|13.1100|13.1100|13.0000|13.0000|2829778|36927424.0000|13.0000
141000|13.0000|13.0200|12.9600|12.9800|1190700|15470288.0000|12.9800
141500|12.9800|12.9900|12.9000|12.9300|1228997|15907856.0000|12.9300
142000|12.9200|12.9600|12.8900|12.9500|1286600|16629344.0000|12.9500
142500|12.9500|12.9500|12.8500|12.8700|1288626|16617440.0000|12.8700
143000|12.8700|12.8700|12.8000|12.8300|1579490|20271328.0000|12.8300
143500|12.8200|12.8300|12.7600|12.8000|1924510|24629536.0000|12.8000
144000|12.8000|12.8100|12.7100|12.7100|1637000|20888112.0000|12.7100
144500|12.7100|12.7800|12.6700|12.7800|2104000|26803808.0000|12.7800
145000|12.7800|12.8300|12.7600|12.7900|1692100|21653744.0000|12.7900
145500|12.7900|12.8600|12.7800|12.8200|1265239|16218752.0000|12.8200
150000|12.8100|12.8400|12.8100|12.8200|1032261|13232384.0000|12.8200
