093500|16.36|16.45|16.3|16.33|4662.0|7638898.0|16.38
094000|16.32|16.37|16.24|16.26|3516.0|5729057.0|16.33
094500|16.25|16.28|16.16|16.16|5032.0|8159600.0|16.26
095000|16.17|16.28|16.16|16.22|3462.0|5608304.0|16.16
095500|16.21|16.29|16.21|16.22|1598.0|2597735.0|16.22
100000|16.22|16.25|16.13|16.13|2820.0|4563180.0|16.22
100500|16.14|16.16|16.09|16.16|5285.0|8519144.0|16.13
101000|16.15|16.2|16.14|16.2|1225.0|1980165.0|16.16
101500|16.2|16.24|16.19|16.22|830.0|1346419.0|16.2
102000|16.23|16.28|16.22|16.28|1264.0|2054934.0|16.22
102500|16.29|16.36|16.29|16.31|2444.0|3988810.0|16.28
103000|16.3|16.35|16.29|16.33|1329.0|2168524.0|16.31
103500|16.32|16.37|16.3|16.32|1079.0|1762188.0|16.33
104000|16.33|16.36|16.31|16.34|684.0|1117166.0|16.32
104500|16.34|16.36|16.28|16.3|917.0|1497220.0|16.34
105000|16.29|16.4|16.29|16.4|2215.0|3623206.0|16.3
105500|16.4|16.43|16.36|16.36|1974.0|3235585.0|16.4
110000|16.37|16.4|16.36|16.4|1188.0|1946033.0|16.36
110500|16.4|16.44|16.37|16.4|2990.0|4908278.0|16.4
111000|16.4|16.42|16.38|16.39|846.0|1388157.0|16.4
111500|16.39|16.4|16.36|16.36|914.0|1498689.0|16.39
112000|16.37|16.39|16.34|16.39|1240.0|2032201.0|16.36
112500|16.38|16.42|16.38|16.41|1285.0|2108253.0|16.39
113000|16.4|16.47|16.4|16.47|2306.0|3790816.0|16.41
130500|16.47|16.63|16.46|16.57|7308.0|12103133.0|16.47
131000|16.59|16.59|16.5|16.55|1227.0|2031094.0|16.57
131500|16.53|16.56|16.52|16.55|1084.0|1793435.0|16.55
132000|16.56|16.59|16.55|16.55|2026.0|3357859.0|16.55
132500|16.55|16.57|16.54|16.56|1125.0|1862422.0|16.55
133000|16.56|16.57|16.55|16.56|764.0|1264872.0|16.56
133500|16.54|16.56|16.53|16.55|883.0|1461550.0|16.56
134000|16.55|16.58|16.55|16.56|1733.0|2869705.0|16.55
134500|16.57|16.57|16.47|16.49|1640.0|2708032.0|16.56
135000|16.49|16.5|16.43|16.44|1087.0|1790013.0|16.49
135500|16.43|16.46|16.43|16.46|994.0|1634960.0|16.44
140000|16.44|16.51|16.44|16.48|1666.0|2746796.0|16.46
140500|16.48|16.52|16.48|16.52|772.0|1273856.0|16.48
141000|16.51|16.59|16.51|16.58|3095.0|5126876.0|16.52
141500|16.58|16.64|16.57|16.63|4434.0|7360499.0|16.58
142000|16.62|16.62|16.6|16.6|1398.0|2322671.0|16.63
142500|16.6|16.63|16.59|16.59|1323.0|2197742.0|16.6
143000|16.59|16.62|16.58|16.62|1342.0|2227648.0|16.59
143500|16.61|16.63|16.6|16.61|1132.0|1881009.0|16.62
144000|16.61|16.63|16.59|16.59|2466.0|4095409.0|16.61
144500|16.6|16.61|16.58|16.59|1214.0|2015108.0|16.59
145000|16.59|16.62|16.58|16.61|1466.0|2433442.0|16.59
145500|16.61|16.63|16.6|16.63|2306.0|3832264.0|16.61
150000|16.61|16.63|16.61|16.63|2181.0|3625838.0|16.63
