093500|14.61|14.74|14.57|14.59|12470.0|18268245.0|14.4
094000|14.6|14.64|14.56|14.6|5790.0|8456752.0|14.59
094500|14.6|14.6|14.5|14.59|4546.0|6615785.0|14.6
095000|14.6|14.71|14.6|14.7|5358.0|7861109.0|14.59
095500|14.7|14.88|14.69|14.78|8830.0|13060938.0|14.7
100000|14.78|14.82|14.77|14.8|4648.0|6873127.0|14.78
100500|14.79|14.8|14.72|14.74|2915.0|4300141.0|14.8
101000|14.74|14.79|14.74|14.79|2018.0|2979653.0|14.74
101500|14.78|14.79|14.75|14.76|1172.0|1731975.0|14.79
102000|14.77|14.77|14.74|14.77|1016.0|1499175.0|14.76
102500|14.77|14.77|14.72|14.75|1502.0|2216151.0|14.77
103000|14.75|14.75|14.71|14.72|815.0|1199866.0|14.75
103500|14.71|14.72|14.67|14.68|1827.0|2684857.0|14.72
104000|14.67|14.67|14.64|14.66|795.0|1165302.0|14.68
104500|14.65|14.68|14.65|14.67|964.0|1413250.0|14.66
105000|14.67|14.68|14.64|14.64|1259.0|1845955.0|14.67
105500|14.64|14.65|14.63|14.64|541.0|791878.0|14.64
110000|14.64|14.64|14.62|14.62|696.0|1018204.0|14.64
110500|14.63|14.65|14.62|14.64|374.0|547448.0|14.62
111000|14.63|14.65|14.62|14.64|550.0|805515.0|14.64
111500|14.64|14.65|14.63|14.63|373.0|545993.0|14.64
112000|14.64|14.66|14.63|14.64|642.0|940211.0|14.63
112500|14.65|14.75|14.64|14.72|2338.0|3438028.0|14.64
113000|14.72|14.77|14.72|14.77|1569.0|2313817.0|14.72
130500|14.77|14.77|14.72|14.74|1992.0|2938635.0|14.77
131000|14.73|14.78|14.72|14.78|1779.0|2624838.0|14.74
131500|14.78|14.83|14.78|14.81|3660.0|5418212.0|14.78
132000|14.81|14.85|14.78|14.85|2414.0|3575974.0|14.81
132500|14.85|14.85|14.79|14.81|2820.0|4181610.0|14.85
133000|14.83|14.87|14.82|14.86|4365.0|6480227.0|14.81
133500|14.87|14.89|14.83|14.83|4323.0|6429207.0|14.86
134000|14.84|14.87|14.84|14.84|1791.0|2660428.0|14.83
134500|14.84|14.86|14.81|14.84|2894.0|4293131.0|14.84
135000|14.87|14.88|14.82|14.83|1306.0|1939221.0|14.84
135500|14.83|14.83|14.78|14.82|1603.0|2372330.0|14.83
140000|14.81|14.85|14.81|14.83|1525.0|2262193.0|14.82
140500|14.83|14.85|14.82|14.84|1041.0|1542796.0|14.83
141000|14.83|14.85|14.83|14.83|672.0|997014.0|14.84
141500|14.84|14.85|14.83|14.85|839.0|1244940.0|14.83
142000|14.85|14.85|14.84|14.84|1901.0|2821548.0|14.85
142500|14.84|14.85|14.82|14.83|1541.0|2286037.0|14.84
143000|14.83|14.84|14.82|14.83|1276.0|1892459.0|14.83
143500|14.82|14.85|14.82|14.84|2415.0|3584737.0|14.83
144000|14.83|14.85|14.83|14.85|1232.0|1828705.0|14.84
144500|14.83|14.85|14.82|14.83|1388.0|2059255.0|14.85
145000|14.83|14.84|14.82|14.84|2312.0|3429562.0|14.83
145500|14.84|14.85|14.83|14.84|2869.0|4257164.0|14.84
150000|14.85|14.86|14.84|14.85|5619.0|8345840.0|14.84
