09350000|41.4419232400|41.8752782000|41.4136609600|41.6209176800|323800|14294373.0000|41.6209176800
09400000|41.5738138800|41.6868630000|41.4230817200|41.6868630000|167000|7357632.0000|41.6868630000
09450000|41.6868630000|41.6868630000|41.4701855200|41.4701855200|67400|2972566.0000|41.4701855200
09500000|41.4796062800|41.4984478000|41.1687212000|41.2535080400|268100|11751503.0000|41.2535080400
09550000|41.2535080400|41.2535080400|41.0650928400|41.0839343600|293200|12805060.0000|41.0839343600
10000000|41.0839343600|41.2252457600|41.0745136000|41.1687212000|212800|9287597.0000|41.1687212000
10050000|41.1687212000|41.2911910800|41.0556720800|41.2629288000|231100|10094141.0000|41.2629288000
10100000|41.2629288000|41.3100326000|41.1687212000|41.1875627200|214600|9386998.0000|41.1875627200
10150000|41.1781419600|41.4513440000|41.1310381600|41.4513440000|141600|6199909.0000|41.4513440000
10200000|41.4419232400|41.4701855200|41.3382948800|41.4230817200|154300|6780567.0000|41.4230817200
10250000|41.4230817200|41.4325024800|41.3571364000|41.3571364000|82800|3638545.0000|41.3571364000
10300000|41.3477156400|41.4890270400|41.3382948800|41.4890270400|91900|4039873.0000|41.4890270400
10350000|41.4325024800|41.4984478000|41.3571364000|41.4042402000|49900|2192687.0000|41.4042402000
10400000|41.4042402000|41.4136609600|41.3665571600|41.3665571600|53400|2345961.0000|41.3665571600
10450000|41.3665571600|41.4042402000|41.2629288000|41.3100326000|108500|4761434.0000|41.3100326000
10500000|41.3100326000|41.4325024800|41.2911910800|41.3194533600|144500|6340430.0000|41.3194533600
10550000|41.3194533600|41.3194533600|41.2252457600|41.2629288000|79000|3459693.0000|41.2629288000
11000000|41.2535080400|41.3948194400|41.2346665200|41.3382948800|108200|4739359.0000|41.3382948800
11050000|41.3382948800|41.3665571600|41.2346665200|41.2346665200|70400|3084812.0000|41.2346665200
11100000|41.2346665200|41.2440872800|41.1121966400|41.1121966400|145716|6367546.0000|41.1121966400
11150000|41.1027758800|41.1310381600|41.0933551200|41.1216174000|71984|3140714.0000|41.1216174000
11200000|41.1216174000|41.2252457600|41.0933551200|41.1781419600|64100|2799537.0000|41.1781419600
11250000|41.1781419600|41.3194533600|41.1593004400|41.2629288000|70540|3087681.0000|41.2629288000
11300000|41.3194533600|41.3665571600|41.1781419600|41.1781419600|70900|3107451.0000|41.1781419600
13050000|41.2064042400|41.3194533600|41.1969834800|41.2535080400|115000|5033119.0000|41.2535080400
13100000|41.2535080400|41.3571364000|41.1875627200|41.2440872800|83000|3634807.0000|41.2440872800
13150000|41.2346665200|41.4230817200|41.2158250000|41.4230817200|104500|4585723.0000|41.4230817200
13200000|41.4230817200|41.4513440000|41.2911910800|41.3759779200|111800|4909414.0000|41.3759779200
13250000|41.3665571600|41.5267100800|41.2723495600|41.4513440000|245200|10781253.0000|41.4513440000
13300000|41.4701855200|41.4701855200|41.2629288000|41.2629288000|106800|4689891.0000|41.2629288000
13350000|41.2629288000|41.3288741200|41.1687212000|41.1687212000|141900|6212755.0000|41.1687212000
13400000|41.1781419600|41.1875627200|41.0839343600|41.0839343600|140400|6129441.0000|41.0839343600
13450000|41.0745136000|41.0745136000|41.0368305600|41.0745136000|175900|7666073.0000|41.0745136000
13500000|41.0745136000|41.1027758800|41.0650928400|41.0745136000|203700|8884256.0000|41.0745136000
13550000|41.0745136000|41.0933551200|41.0274098000|41.0368305600|103500|4510786.0000|41.0368305600
14000000|41.0462513200|41.0650928400|41.0085682800|41.0556720800|84000|3658985.0000|41.0556720800
14050000|41.0556720800|41.1687212000|41.0556720800|41.1498796800|50600|2208584.0000|41.1498796800
14100000|41.1498796800|41.1781419600|41.0933551200|41.1687212000|64300|2809013.0000|41.1687212000
14150000|41.1687212000|41.1687212000|41.1027758800|41.1216174000|76800|3352511.0000|41.1216174000
14200000|41.1216174000|41.2535080400|41.1216174000|41.2535080400|74100|3240791.0000|41.2535080400
14250000|41.2535080400|41.3194533600|41.2064042400|41.2723495600|113000|4948673.0000|41.2723495600
14300000|41.2440872800|41.3759779200|41.2346665200|41.3288741200|122100|5354251.0000|41.3288741200
14350000|41.3288741200|41.3382948800|41.2064042400|41.2629288000|115700|5067949.0000|41.2629288000
14400000|41.2440872800|41.2911910800|41.1969834800|41.2535080400|123600|5410074.0000|41.2535080400
14450000|41.2346665200|41.2817703200|41.1875627200|41.2629288000|189100|8276714.0000|41.2629288000
14500000|41.2629288000|41.2629288000|41.1216174000|41.1216174000|249900|10923370.0000|41.1216174000
14550000|41.1216174000|41.1498796800|41.0368305600|41.0368305600|195600|8530762.0000|41.0368305600
15000000|41.0556720800|41.1404589200|41.0274098000|41.1404589200|125700|5483152.0000|41.1404589200
