093500|13.42|13.55|13.33|13.54|77583.0|104742253.0|13.11
094000|13.55|13.66|13.5|13.56|48109.0|65612535.0|13.54
094500|13.57|13.64|13.46|13.46|21669.0|29536012.0|13.56
095000|13.48|13.48|13.31|13.35|39787.0|53317122.0|13.46
095500|13.35|13.46|13.34|13.35|13666.0|18369639.0|13.35
100000|13.35|13.42|13.31|13.37|13787.0|18474251.0|13.35
100500|13.4|13.46|13.39|13.39|6312.0|8506351.0|13.37
101000|13.39|13.53|13.38|13.5|10338.0|13991278.0|13.39
101500|13.46|13.51|13.41|13.41|6272.0|8481202.0|13.5
102000|13.4|13.6|13.4|13.5|10516.0|14272239.0|13.41
102500|13.49|13.58|13.49|13.54|11160.0|15186571.0|13.5
103000|13.5|13.63|13.5|13.6|12760.0|17394256.0|13.54
103500|13.59|13.6|13.48|13.51|5952.0|8084716.0|13.6
104000|13.49|13.58|13.49|13.55|4688.0|6370550.0|13.51
104500|13.54|13.57|13.5|13.5|5319.0|7229388.0|13.55
105000|13.51|13.52|13.45|13.46|8617.0|11669266.0|13.5
105500|13.45|13.45|13.41|13.43|4734.0|6384216.0|13.46
110000|13.43|13.53|13.43|13.53|3606.0|4872242.0|13.43
110500|13.52|13.52|13.45|13.45|2075.0|2809227.0|13.53
111000|13.46|13.47|13.42|13.45|3881.0|5236459.0|13.45
111500|13.45|13.45|13.43|13.44|1781.0|2402563.0|13.45
112000|13.43|13.43|13.4|13.4|4419.0|5947521.0|13.44
112500|13.4|13.45|13.4|13.41|2813.0|3787854.0|13.4
113000|13.4|13.41|13.35|13.37|4806.0|6450275.0|13.41
130500|13.36|13.6|13.36|13.57|20699.0|28139480.0|13.37
131000|13.55|13.75|13.55|13.63|30696.0|42098668.0|13.57
131500|13.63|13.66|13.56|13.6|6134.0|8384668.0|13.63
132000|13.61|13.65|13.56|13.59|4900.0|6693286.0|13.6
132500|13.58|13.59|13.55|13.57|3320.0|4520364.0|13.59
133000|13.56|13.59|13.55|13.57|5794.0|7887402.0|13.57
133500|13.57|13.6|13.55|13.6|4650.0|6337375.0|13.57
134000|13.6|13.64|13.57|13.61|7680.0|10486744.0|13.6
134500|13.61|13.62|13.58|13.61|4953.0|6761475.0|13.61
135000|13.62|13.65|13.59|13.6|6234.0|8525612.0|13.61
135500|13.6|13.61|13.58|13.6|3131.0|4273605.0|13.6
140000|13.59|13.61|13.57|13.6|5053.0|6890871.0|13.6
140500|13.61|13.62|13.57|13.59|4781.0|6525553.0|13.6
141000|13.6|13.6|13.57|13.58|4167.0|5680505.0|13.59
141500|13.58|13.58|13.55|13.55|4820.0|6561239.0|13.58
142000|13.55|13.57|13.55|13.56|3743.0|5094632.0|13.55
142500|13.56|13.57|13.55|13.55|5732.0|7802251.0|13.56
143000|13.55|13.58|13.55|13.58|5217.0|7101050.0|13.55
143500|13.58|13.65|13.58|13.62|8033.0|10982216.0|13.58
144000|13.61|13.66|13.6|13.64|13899.0|19026509.0|13.62
144500|13.64|13.64|13.6|13.6|7190.0|9826923.0|13.64
145000|13.6|13.65|13.6|13.65|10147.0|13879559.0|13.6
145500|13.64|13.69|13.62|13.69|19900.0|27252540.0|13.65
150000|13.7|13.72|13.68|13.72|22229.0|30575178.0|13.69
