093500|51.0000|51.2500|50.6600|51.1900|202113|10319073.0000|51.1900
094000|51.1900|52.0000|51.1900|51.7800|295300|15260177.0000|51.7800
094500|51.7600|51.7900|51.4000|51.5800|103100|5320145.0000|51.5800
095000|51.6100|51.8500|51.5500|51.7700|158200|8185166.0000|51.7700
095500|51.7800|51.7800|51.5700|51.6900|61300|3168375.0000|51.6900
100000|51.6500|51.6600|51.4000|51.5600|65100|3354816.0000|51.5600
100500|51.5100|51.7000|51.4600|51.6400|45800|2362858.0000|51.6400
101000|51.6500|51.9900|51.5700|51.9000|168600|8743164.0000|51.9000
101500|51.8900|52.0900|51.7600|52.0100|184000|9561103.0000|52.0100
102000|52.0100|52.0900|51.8900|51.9800|138300|7192665.0000|51.9800
102500|51.9800|52.0400|51.8800|51.9500|55894|2904731.0000|51.9500
103000|51.9500|51.9800|51.8000|51.8200|44000|2283242.0000|51.8200
103500|51.8800|52.0100|51.8100|51.9900|78000|4050920.0000|51.9900
104000|51.9900|52.0200|51.9000|51.9600|78900|4099914.0000|51.9600
104500|51.9600|52.0600|51.9400|52.0200|32800|1706451.0000|52.0200
105000|52.0500|52.0800|51.8800|51.9700|59900|3114363.0000|51.9700
105500|51.8800|51.9600|51.8100|51.8200|27900|1447493.0000|51.8200
110000|51.8100|51.8800|51.6500|51.7900|78900|4082098.0000|51.7900
110500|51.8400|51.9900|51.8200|51.9100|45600|2367537.0000|51.9100
111000|51.9200|52.0500|51.9200|52.0500|29850|1552560.0000|52.0500
111500|52.0500|52.0700|51.9300|52.0000|46500|2419616.0000|52.0000
112000|52.0200|52.0200|51.9300|51.9900|29900|1554828.0000|51.9900
112500|51.9900|52.0300|51.9400|52.0200|45600|2370840.0000|52.0200
113000|52.0100|52.0400|51.9300|51.9400|33600|1746726.0000|51.9400
130500|51.9700|52.0700|51.9400|51.9800|107906|5613350.0000|51.9800
131000|51.9800|52.0000|51.9100|51.9900|57300|2978042.0000|51.9900
131500|51.9900|52.0300|51.8700|51.9200|86740|4506058.0000|51.9200
132000|51.9200|51.9500|51.8700|51.9100|50300|2611861.0000|51.9100
132500|51.9200|51.9500|51.6500|51.6500|100500|5206552.0000|51.6500
133000|51.6700|51.6700|51.4300|51.4500|106500|5489641.0000|51.4500
133500|51.4300|51.5600|51.3500|51.5600|71700|3686746.0000|51.5600
134000|51.5200|51.7400|51.4400|51.7400|75000|3865387.0000|51.7400
134500|51.7100|51.9600|51.7100|51.9200|45900|2379976.0000|51.9200
135000|51.9400|52.0500|51.9300|51.9500|132000|6863209.0000|51.9500
135500|51.9600|52.0300|51.9400|51.9900|107100|5568385.0000|51.9900
140000|52.0000|52.0000|51.8700|51.9000|54400|2826927.0000|51.9000
140500|51.8800|51.9200|51.8300|51.8600|55400|2873993.0000|51.8600
141000|51.8500|51.9200|51.8000|51.8500|38200|1979932.0000|51.8500
141500|51.8300|51.8600|51.6500|51.7400|87900|4548875.0000|51.7400
142000|51.7200|51.7700|51.5700|51.6000|88300|4559154.0000|51.6000
142500|51.6000|51.7800|51.5600|51.6800|91100|4705899.0000|51.6800
143000|51.7100|51.7600|51.5700|51.6500|154200|7967615.0000|51.6500
143500|51.6200|51.6400|51.4500|51.5200|79500|4096059.0000|51.5200
144000|51.5200|51.7700|51.4900|51.7700|102500|5293396.0000|51.7700
144500|51.7300|51.8000|51.6500|51.7800|138900|7187469.0000|51.7800
145000|51.7700|51.8200|51.6200|51.6500|208800|10806828.0000|51.6500
145500|51.6700|51.7500|51.5900|51.6500|106300|5493390.0000|51.6500
150000|51.7100|51.7400|51.6200|51.7100|59944|3098178.0000|51.7100
