093500|38.6300|39.2000|38.6100|39.1600|191700|7466132.0000|39.1600
094000|39.1600|39.2800|39.0000|39.2500|92800|3627716.0000|39.2500
094500|39.2500|39.4500|39.1600|39.4400|195800|7693283.0000|39.4400
095000|39.4600|39.8300|39.4600|39.7900|263200|10419524.0000|39.7900
095500|39.7900|39.8100|39.5300|39.5800|164700|6536176.0000|39.5800
100000|39.5800|39.6500|39.3300|39.5000|168700|6669772.0000|39.5000
100500|39.5000|39.5100|39.3100|39.3700|72600|2857888.0000|39.3700
101000|39.3700|39.7800|39.3700|39.7500|122400|4848672.0000|39.7500
101500|39.7500|39.7600|39.5600|39.5600|139300|5529200.0000|39.5600
102000|39.5600|39.6800|39.5000|39.5100|107900|4274264.0000|39.5100
102500|39.5000|39.6100|39.5000|39.5200|71800|2839224.0000|39.5200
103000|39.5200|39.5300|39.4000|39.4300|73600|2904888.0000|39.4300
103500|39.4300|39.4400|39.3300|39.3800|64500|2542076.0000|39.3800
104000|39.3600|39.5000|39.3600|39.5000|56100|2213488.0000|39.5000
104500|39.5000|39.5000|39.4300|39.5000|44500|1755888.0000|39.5000
105000|39.5000|39.5100|39.4300|39.4700|66200|2612376.0000|39.4700
105500|39.4700|39.4700|39.2500|39.3100|109800|4321008.0000|39.3100
110000|39.2800|39.3600|39.2000|39.3600|79200|3110096.0000|39.3600
110500|39.3700|39.3800|39.3300|39.3600|35700|1404848.0000|39.3600
111000|39.3500|39.3800|39.3000|39.3300|83000|3262336.0000|39.3300
111500|39.3300|39.3800|39.3200|39.3800|41400|1629000.0000|39.3800
112000|39.3900|39.4000|39.3300|39.3800|40100|1578304.0000|39.3800
112500|39.3900|39.5200|39.3800|39.4600|22800|899632.0000|39.4600
113000|39.4900|39.4900|39.3400|39.3700|44900|1769824.0000|39.3700
130500|39.3400|39.4400|39.3300|39.3800|29300|1155104.0000|39.3800
131000|39.3900|39.5000|39.3600|39.3800|40900|1612432.0000|39.3800
131500|39.3900|39.4400|39.3000|39.4200|40200|1584768.0000|39.4200
132000|39.4300|39.4400|39.3500|39.4200|32300|1271544.0000|39.4200
132500|39.4200|39.4800|39.4000|39.4500|34900|1376200.0000|39.4500
133000|39.4400|39.4600|39.3900|39.4200|35600|1403464.0000|39.4200
133500|39.4100|39.4100|39.3300|39.3700|39400|1552312.0000|39.3700
134000|39.3400|39.3700|39.3200|39.3200|49800|1958776.0000|39.3200
134500|39.3200|39.3500|39.2600|39.2900|40100|1576064.0000|39.2900
135000|39.2700|39.3300|39.2300|39.2500|46800|1837392.0000|39.2500
135500|39.2400|39.2400|39.1800|39.1900|36800|1442600.0000|39.1900
140000|39.1800|39.2200|39.1500|39.1500|35500|1391232.0000|39.1500
140500|39.1500|39.1600|39.0000|39.0600|118400|4621984.0000|39.0600
141000|39.0500|39.1400|39.0300|39.1200|38700|1511384.0000|39.1200
141500|39.1300|39.1600|39.1200|39.1600|24600|962848.0000|39.1600
142000|39.1700|39.1800|39.1000|39.1200|25900|1015600.0000|39.1200
142500|39.1200|39.2700|39.1200|39.2500|38400|1505032.0000|39.2500
143000|39.2400|39.2400|39.1600|39.1600|40900|1603096.0000|39.1600
143500|39.1800|39.2300|39.1000|39.1800|45600|1783440.0000|39.1800
144000|39.1900|39.2000|39.1200|39.1200|59500|2330816.0000|39.1200
144500|39.1000|39.1700|39.1000|39.1200|43100|1687504.0000|39.1200
145000|39.1500|39.1600|39.0900|39.1500|103600|4053256.0000|39.1500
145500|39.1500|39.1700|39.0400|39.0400|75600|2957200.0000|39.0400
150000|39.0400|39.1300|39.0000|39.1100|88100|3443184.0000|39.1100
