093500|23.44|24.0|23.42|23.72|7007.0|17140195.0|23.42
094000|23.71|23.94|23.71|23.86|4961.0|12144475.0|23.72
094500|23.86|23.9|23.82|23.87|3605.0|8846996.0|23.86
095000|23.87|23.87|23.74|23.87|1809.0|4432176.0|23.87
095500|23.86|23.92|23.75|23.81|3157.0|7753429.0|23.87
100000|23.78|23.78|23.6|23.61|1674.0|4084385.0|23.81
100500|23.61|23.67|23.59|23.67|872.0|2118731.0|23.61
101000|23.67|23.76|23.66|23.66|1134.0|2765226.0|23.67
101500|23.63|23.77|23.62|23.76|1206.0|2940323.0|23.66
102000|23.76|23.82|23.73|23.76|1081.0|2644160.0|23.76
102500|23.77|23.78|23.72|23.78|1644.0|4016094.0|23.76
103000|23.78|23.82|23.76|23.82|1616.0|3956289.0|23.78
103500|23.82|23.85|23.73|23.77|1089.0|2666359.0|23.82
104000|23.77|23.8|23.7|23.7|1026.0|2507300.0|23.77
104500|23.69|23.75|23.66|23.72|489.0|1192139.0|23.7
105000|23.72|23.74|23.68|23.74|381.0|928129.0|23.72
105500|23.72|23.78|23.7|23.75|645.0|1574534.0|23.74
110000|23.78|23.79|23.73|23.79|645.0|1576544.0|23.75
110500|23.78|23.78|23.74|23.77|471.0|1150892.0|23.79
111000|23.77|23.82|23.77|23.77|1252.0|3064779.0|23.77
111500|23.77|23.78|23.73|23.78|721.0|1762023.0|23.77
112000|23.77|23.81|23.74|23.75|675.0|1651242.0|23.78
112500|23.74|23.75|23.67|23.74|1268.0|3093496.0|23.75
113000|23.74|23.74|23.71|23.72|533.0|1301092.0|23.74
130500|23.71|23.9|23.67|23.85|5543.0|13582118.0|23.72
131000|23.85|23.95|23.82|23.95|7231.0|17775665.0|23.85
131500|23.95|23.98|23.91|23.91|2176.0|5357452.0|23.95
132000|23.91|24.02|23.89|24.01|4734.0|11668857.0|23.91
132500|24.01|24.01|23.86|23.97|3652.0|8997541.0|24.01
133000|23.96|24.0|23.87|23.98|2624.0|6463234.0|23.97
133500|23.98|23.98|23.87|23.89|848.0|2085983.0|23.98
134000|23.88|23.9|23.85|23.89|2036.0|5000871.0|23.89
134500|23.89|23.91|23.88|23.9|742.0|1823724.0|23.89
135000|23.9|23.97|23.88|23.97|1029.0|2530430.0|23.9
135500|23.96|23.97|23.87|23.88|864.0|2126824.0|23.97
140000|23.88|23.91|23.87|23.87|1741.0|4277749.0|23.88
140500|23.87|23.92|23.86|23.92|1120.0|2750824.0|23.87
141000|23.92|23.96|23.88|23.93|1518.0|3735219.0|23.92
141500|23.95|23.95|23.87|23.88|729.0|1791614.0|23.93
142000|23.89|23.91|23.87|23.89|1159.0|2847933.0|23.88
142500|23.9|23.95|23.89|23.94|1284.0|3158674.0|23.89
143000|23.94|23.97|23.91|23.97|1566.0|3854714.0|23.94
143500|23.97|24.2|23.96|24.2|11175.0|27678341.0|23.97
144000|24.2|24.39|24.17|24.22|8610.0|21488621.0|24.2
144500|24.2|24.3|24.17|24.19|3923.0|9782123.0|24.22
145000|24.21|24.23|24.15|24.2|2475.0|6162051.0|24.19
145500|24.19|24.27|24.18|24.24|5426.0|13523780.0|24.2
150000|24.25|24.29|24.21|24.28|4784.0|11941878.0|24.24
