093500|17.9|18.0|17.7|17.9|20134.0|36000761.0|17.98
094000|17.88|17.98|17.82|17.92|9933.0|17799720.0|17.9
094500|17.91|18.05|17.83|17.94|24786.0|44423551.0|17.92
095000|17.94|17.98|17.91|17.97|6883.0|12349288.0|17.94
095500|17.96|18.02|17.94|18.02|6364.0|11445550.0|17.97
100000|18.03|18.04|17.92|18.0|8010.0|14409714.0|18.02
100500|18.0|18.01|17.92|17.97|6053.0|10877655.0|18.0
101000|17.97|17.97|17.88|17.93|7763.0|13908002.0|17.97
101500|17.94|17.94|17.91|17.94|3884.0|6962846.0|17.93
102000|17.94|17.94|17.81|17.82|10796.0|19273546.0|17.94
102500|17.82|17.85|17.8|17.81|5075.0|9046119.0|17.82
103000|17.81|17.88|17.81|17.83|3150.0|5622656.0|17.81
103500|17.83|17.83|17.81|17.81|2890.0|5149669.0|17.83
104000|17.83|17.86|17.81|17.85|3290.0|5869578.0|17.81
104500|17.84|17.92|17.83|17.92|3819.0|6819887.0|17.85
105000|17.91|18.01|17.91|18.01|3780.0|6794534.0|17.92
105500|18.01|18.03|17.97|18.0|4127.0|7432224.0|18.01
110000|18.01|18.07|18.0|18.0|5495.0|9911569.0|18.0
110500|18.0|18.03|17.97|18.01|2405.0|4329929.0|18.0
111000|18.02|18.05|17.96|18.02|2846.0|5126746.0|18.01
111500|18.02|18.11|17.98|18.07|7701.0|13917310.0|18.02
112000|18.08|18.09|18.04|18.04|1856.0|3351531.0|18.07
112500|18.04|18.2|18.04|18.17|7785.0|14120830.0|18.04
113000|18.17|18.27|18.13|18.2|12218.0|22229959.0|18.17
130500|18.21|18.22|18.12|18.19|6228.0|11326982.0|18.2
131000|18.19|18.21|18.15|18.15|4336.0|7884226.0|18.19
131500|18.15|18.27|18.15|18.27|5727.0|10433121.0|18.15
132000|18.27|18.28|18.24|18.26|5416.0|9892572.0|18.27
132500|18.25|18.39|18.25|18.37|12878.0|23604664.0|18.26
133000|18.37|18.49|18.35|18.4|16528.0|30464020.0|18.37
133500|18.4|18.4|18.3|18.37|7576.0|13897599.0|18.4
134000|18.36|18.44|18.35|18.35|8783.0|16169594.0|18.37
134500|18.33|18.39|18.32|18.39|6261.0|11502458.0|18.35
135000|18.36|18.47|18.34|18.47|6247.0|11486452.0|18.39
135500|18.47|18.49|18.39|18.41|7464.0|13761140.0|18.47
140000|18.39|18.4|18.25|18.29|7806.0|14310712.0|18.41
140500|18.29|18.42|18.29|18.42|7669.0|14072276.0|18.29
141000|18.43|18.44|18.33|18.36|4279.0|7862141.0|18.42
141500|18.36|18.39|18.32|18.33|4552.0|8353589.0|18.36
142000|18.33|18.55|18.32|18.48|15943.0|29438284.0|18.33
142500|18.47|18.48|18.37|18.42|8365.0|15412820.0|18.48
143000|18.42|18.44|18.32|18.33|5882.0|10805898.0|18.42
143500|18.32|18.44|18.28|18.42|10328.0|18973228.0|18.33
144000|18.42|18.44|18.38|18.38|6635.0|12217708.0|18.42
144500|18.39|18.39|18.31|18.36|18355.0|33586258.0|18.38
145000|18.36|18.4|18.22|18.37|18314.0|33551525.0|18.36
145500|18.37|18.39|18.23|18.23|12167.0|22245477.0|18.37
150000|18.23|18.25|18.16|18.24|8993.0|16386446.0|18.23
