093500|7.4300|7.4600|7.4200|7.4600|5896000|43851036.0000|7.4600
094000|7.4500|7.4800|7.4400|7.4500|3916300|29201956.0000|7.4500
094500|7.4500|7.4500|7.4000|7.4100|3406300|25303208.0000|7.4100
095000|7.4100|7.4400|7.4000|7.4200|2769800|20551832.0000|7.4200
095500|7.4200|7.4500|7.4200|7.4300|1467000|10907064.0000|7.4300
100000|7.4300|7.4400|7.4000|7.4200|2671500|19813400.0000|7.4200
100500|7.4200|7.4200|7.4000|7.4200|1111100|8235216.0000|7.4200
101000|7.4200|7.4400|7.4100|7.4300|1233500|9159744.0000|7.4300
101500|7.4300|7.4500|7.4200|7.4500|1559300|11588944.0000|7.4500
102000|7.4500|7.4500|7.4300|7.4500|1310100|9748560.0000|7.4500
102500|7.4500|7.4600|7.4400|7.4400|1677300|12499472.0000|7.4400
103000|7.4400|7.4500|7.4300|7.4400|1149900|8557136.0000|7.4400
103500|7.4300|7.4500|7.4200|7.4300|1263500|9392000.0000|7.4300
104000|7.4300|7.4400|7.4200|7.4300|901200|6695568.0000|7.4300
104500|7.4300|7.4400|7.4200|7.4300|1080600|8029664.0000|7.4300
105000|7.4300|7.4400|7.4300|7.4300|668500|4967408.0000|7.4300
105500|7.4200|7.4300|7.4100|7.4200|1331300|9876896.0000|7.4200
110000|7.4200|7.4300|7.4200|7.4300|853400|6335120.0000|7.4300
110500|7.4300|7.4700|7.4200|7.4700|2106700|15675296.0000|7.4700
111000|7.4600|7.4700|7.4400|7.4600|3210100|23937664.0000|7.4600
111500|7.4600|7.4900|7.4400|7.4900|1254000|9353920.0000|7.4900
112000|7.4900|7.5000|7.4400|7.4500|1920900|14356800.0000|7.4500
112500|7.4700|7.4700|7.4500|7.4700|805200|6008864.0000|7.4700
113000|7.4600|7.4600|7.4500|7.4600|549900|4100736.0000|7.4600
130500|7.4500|7.4500|7.4200|7.4300|1048700|7797248.0000|7.4300
131000|7.4300|7.4500|7.4200|7.4400|581300|4323744.0000|7.4400
131500|7.4400|7.4600|7.4300|7.4500|467700|3481920.0000|7.4500
132000|7.4600|7.4700|7.4400|7.4600|552300|4117216.0000|7.4600
132500|7.4600|7.4700|7.4400|7.4500|633100|4718176.0000|7.4500
133000|7.4500|7.4700|7.4500|7.4700|791400|5904064.0000|7.4700
133500|7.4700|7.5300|7.4700|7.5300|3875700|29109088.0000|7.5300
134000|7.5300|7.5500|7.5100|7.5300|3616000|27239904.0000|7.5300
134500|7.5300|7.5500|7.5200|7.5400|3343300|25196448.0000|7.5400
135000|7.5500|7.5500|7.5200|7.5400|3499300|26396256.0000|7.5400
135500|7.5300|7.6300|7.5300|7.6300|6005600|45613632.0000|7.6300
140000|7.6200|7.6200|7.5800|7.6000|3811900|28988610.0000|7.6000
140500|7.5900|7.5900|7.5300|7.5500|2931400|22157694.0000|7.5500
141000|7.5400|7.5400|7.5000|7.5100|1989500|14965376.0000|7.5100
141500|7.5100|7.5100|7.4900|7.5100|1652000|12386883.0000|7.5100
142000|7.5100|7.5100|7.5000|7.5100|926600|6952123.0000|7.5100
142500|7.5000|7.5300|7.5000|7.5300|1328200|9985794.0000|7.5300
143000|7.5200|7.5500|7.5100|7.5200|1316200|9909122.0000|7.5200
143500|7.5300|7.5300|7.4600|7.5000|2358800|17665026.0000|7.5000
144000|7.5000|7.5200|7.4900|7.5100|1352600|10150271.0000|7.5100
144500|7.5100|7.5100|7.4900|7.5000|1476100|11064573.0000|7.5000
145000|7.5000|7.5100|7.4900|7.4900|1345600|10094340.0000|7.4900
145500|7.4900|7.5100|7.4900|7.5000|1532900|11487298.0000|7.5000
150000|7.4900|7.5000|7.4800|7.4800|1652400|12369981.0000|7.4800
