093500|8.06|8.08|8.04|8.06|80273.0|65259522.0|8.07
094000|8.06|8.06|8.01|8.02|72311.0|58592918.0|8.06
094500|8.01|8.03|8.0|8.03|43457.0|35132221.0|8.02
095000|8.03|8.03|8.0|8.0|54446.0|43994100.0|8.03
095500|8.01|8.01|7.98|7.99|59478.0|47967140.0|8.0
100000|8.0|8.02|7.99|8.02|31723.0|25598895.0|7.99
100500|8.02|8.02|7.98|7.99|35742.0|28826741.0|8.02
101000|7.99|8.0|7.98|8.0|36957.0|29784017.0|7.99
101500|8.0|8.08|8.0|8.07|64763.0|52549028.0|8.0
102000|8.06|8.07|8.05|8.07|32605.0|26504262.0|8.07
102500|8.07|8.07|8.04|8.06|27824.0|22608080.0|8.07
103000|8.06|8.07|8.05|8.06|21156.0|17212660.0|8.06
103500|8.07|8.1|8.06|8.09|38607.0|31457299.0|8.06
104000|8.09|8.11|8.08|8.09|35882.0|29297510.0|8.09
104500|8.09|8.13|8.08|8.12|39663.0|32444917.0|8.09
105000|8.12|8.13|8.11|8.12|28049.0|22971756.0|8.12
105500|8.13|8.13|8.1|8.11|44714.0|36578029.0|8.12
110000|8.11|8.11|8.09|8.1|27898.0|22777656.0|8.11
110500|8.1|8.11|8.09|8.11|18553.0|15160144.0|8.1
111000|8.11|8.11|8.07|8.09|25445.0|20748417.0|8.11
111500|8.09|8.1|8.09|8.1|11328.0|9246957.0|8.09
112000|8.1|8.11|8.09|8.11|14119.0|11533443.0|8.1
112500|8.1|8.11|8.09|8.09|15436.0|12616029.0|8.11
113000|8.1|8.1|8.09|8.1|8038.0|6562583.0|8.09
130500|8.1|8.1|8.08|8.1|27821.0|22688350.0|8.1
131000|8.09|8.1|8.08|8.09|15685.0|12798966.0|8.1
131500|8.09|8.09|8.07|8.08|17004.0|13853615.0|8.09
132000|8.07|8.08|8.06|8.08|20930.0|17037039.0|8.08
132500|8.08|8.08|8.06|8.08|15711.0|12789040.0|8.08
133000|8.08|8.1|8.07|8.1|8375.0|6830298.0|8.08
133500|8.1|8.1|8.08|8.08|13443.0|10965458.0|8.1
134000|8.08|8.1|8.08|8.09|13290.0|10840810.0|8.08
134500|8.09|8.09|8.08|8.09|11120.0|9065656.0|8.09
135000|8.08|8.09|8.06|8.07|15899.0|12944574.0|8.09
135500|8.06|8.08|8.06|8.07|16335.0|13294282.0|8.07
140000|8.07|8.08|8.07|8.08|12590.0|10252618.0|8.07
140500|8.08|8.09|8.07|8.09|26968.0|21959928.0|8.08
141000|8.08|8.09|8.07|8.07|19037.0|15514286.0|8.09
141500|8.08|8.09|8.07|8.08|18261.0|14876659.0|8.07
142000|8.08|8.09|8.07|8.08|14212.0|11583147.0|8.08
142500|8.08|8.08|8.07|8.08|10924.0|8897284.0|8.08
143000|8.08|8.08|8.06|8.07|20244.0|16474663.0|8.08
143500|8.07|8.08|8.07|8.08|24947.0|20304690.0|8.07
144000|8.08|8.08|8.07|8.08|17792.0|14489088.0|8.08
144500|8.08|8.09|8.07|8.07|27760.0|22623152.0|8.08
145000|8.08|8.09|8.07|8.08|22178.0|18075655.0|8.07
145500|8.08|8.09|8.07|8.08|46593.0|37952443.0|8.08
150000|8.08|8.09|8.07|8.09|20870.0|17012348.0|8.08
