09350000|4.4213397900|4.4213397900|4.3926918000|4.3926918000|2358700|10892467.0000|4.3926918000
09400000|4.3926918000|4.4022411300|4.3831424700|4.4022411300|2160900|9939637.0000|4.4022411300
09450000|4.4022411300|4.4022411300|4.3831424700|4.3831424700|1569300|7214212.0000|4.3831424700
09500000|4.3831424700|4.4022411300|4.3831424700|4.3926918000|1074100|4939524.0000|4.3926918000
09550000|4.3926918000|4.4022411300|4.3831424700|4.4022411300|1261800|5803436.0000|4.4022411300
10000000|4.4022411300|4.4022411300|4.3831424700|4.4022411300|680200|3129292.0000|4.4022411300
10050000|4.4022411300|4.4022411300|4.3831424700|4.3926918000|578000|2658876.0000|4.3926918000
10100000|4.3926918000|4.4022411300|4.3735931400|4.3831424700|1145000|5256680.0000|4.3831424700
10150000|4.3735931400|4.4022411300|4.3735931400|4.4022411300|843800|3876464.0000|4.4022411300
10200000|4.4022411300|4.4022411300|4.3926918000|4.3926918000|174200|801744.0000|4.3926918000
10250000|4.3926918000|4.4117904600|4.3926918000|4.4022411300|1284400|5920436.0000|4.4022411300
10300000|4.4022411300|4.4117904600|4.3926918000|4.4022411300|905700|4175808.0000|4.4022411300
10350000|4.4022411300|4.4117904600|4.3926918000|4.4022411300|496100|2287032.0000|4.4022411300
10400000|4.4117904600|4.4117904600|4.3926918000|4.4022411300|663400|3058612.0000|4.4022411300
10450000|4.4022411300|4.4213397900|4.4022411300|4.4213397900|540100|2494920.0000|4.4213397900
10500000|4.4213397900|4.4213397900|4.4117904600|4.4117904600|345600|1596816.0000|4.4117904600
10550000|4.4117904600|4.4213397900|4.4117904600|4.4117904600|177700|821960.0000|4.4117904600
11000000|4.4117904600|4.4213397900|4.4022411300|4.4022411300|479100|2212200.0000|4.4022411300
11050000|4.4022411300|4.4117904600|4.4022411300|4.4022411300|183800|848056.0000|4.4022411300
11100000|4.4117904600|4.4213397900|4.4022411300|4.4117904600|387100|1788072.0000|4.4117904600
11150000|4.4117904600|4.4213397900|4.4117904600|4.4117904600|171300|792576.0000|4.4117904600
11200000|4.4117904600|4.4308891200|4.4117904600|4.4213397900|1391800|6439760.0000|4.4213397900
11250000|4.4213397900|4.4213397900|4.4117904600|4.4213397900|91900|425448.0000|4.4213397900
11300000|4.4117904600|4.4213397900|4.4022411300|4.4213397900|303700|1402960.0000|4.4213397900
13050000|4.4213397900|4.4213397900|4.4117904600|4.4117904600|123200|569928.0000|4.4117904600
13100000|4.4117904600|4.4308891200|4.4117904600|4.4213397900|262000|1213304.0000|4.4213397900
13150000|4.4213397900|4.4308891200|4.4117904600|4.4117904600|153400|709928.0000|4.4117904600
13200000|4.4117904600|4.4213397900|4.4022411300|4.4117904600|813500|3758392.0000|4.4117904600
13250000|4.4117904600|4.4213397900|4.4117904600|4.4213397900|170300|787448.0000|4.4213397900
13300000|4.4117904600|4.4213397900|4.4117904600|4.4213397900|330200|1525912.0000|4.4213397900
13350000|4.4117904600|4.4213397900|4.4117904600|4.4213397900|117100|541408.0000|4.4213397900
13400000|4.4117904600|4.4213397900|4.4117904600|4.4213397900|84900|392824.0000|4.4213397900
13450000|4.4213397900|4.4213397900|4.4117904600|4.4117904600|320000|1478856.0000|4.4117904600
13500000|4.4117904600|4.4213397900|4.4022411300|4.4022411300|249800|1153600.0000|4.4022411300
13550000|4.4022411300|4.4117904600|4.4022411300|4.4117904600|212300|978952.0000|4.4117904600
14000000|4.4117904600|4.4117904600|4.3926918000|4.3926918000|700900|3231112.0000|4.3926918000
14050000|4.3926918000|4.4117904600|4.3926918000|4.4022411300|612700|2825648.0000|4.4022411300
14100000|4.4022411300|4.4117904600|4.3926918000|4.3926918000|621200|2863384.0000|4.3926918000
14150000|4.3926918000|4.4022411300|4.3926918000|4.3926918000|1081700|4976792.0000|4.3926918000
14200000|4.3926918000|4.4022411300|4.3831424700|4.3831424700|459700|2114440.0000|4.3831424700
14250000|4.3926918000|4.3926918000|4.3735931400|4.3831424700|1165200|5349272.0000|4.3831424700
14300000|4.3735931400|4.3831424700|4.3735931400|4.3735931400|1281200|5871352.0000|4.3735931400
14350000|4.3831424700|4.3926918000|4.3735931400|4.3831424700|651500|2991216.0000|4.3831424700
14400000|4.3831424700|4.3926918000|4.3735931400|4.3831424700|115100|527824.0000|4.3831424700
14450000|4.3831424700|4.3831424700|4.3640438100|4.3640438100|1207600|5524792.0000|4.3640438100
14500000|4.3640438100|4.3735931400|4.3544944800|4.3544944800|910400|4159344.0000|4.3544944800
14550000|4.3640438100|4.3640438100|4.3544944800|4.3544944800|1586500|7236464.0000|4.3544944800
15000000|4.3544944800|4.3640438100|4.3544944800|4.3544944800|1317100|6006272.0000|4.3544944800
