09350000|9.9788707000|10.0677913300|9.9294703500|10.0480311900|1076300|10892939.0000|10.0480311900
09400000|10.0480311900|10.0974315400|10.0381511200|10.0677913300|967500|9858936.0000|10.0677913300
09450000|10.0677913300|10.1369518200|10.0677913300|10.1270717500|1139600|11662093.0000|10.1270717500
09500000|10.1171916800|10.1270717500|10.0776714000|10.1171916800|626200|6407240.0000|10.1171916800
09550000|10.1270717500|10.1962322400|10.1270717500|10.1863521700|1270400|13069183.0000|10.1863521700
10000000|10.1863521700|10.2159923800|10.1764721000|10.1962322400|1061700|10957150.0000|10.1962322400
10050000|10.1863521700|10.2258724500|10.1863521700|10.2159923800|1052600|10870320.0000|10.2159923800
10100000|10.2159923800|10.2752728000|10.2061123100|10.2752728000|1275700|13241339.0000|10.2752728000
10150000|10.2653927300|10.2950329400|10.2555126600|10.2752728000|722200|7510263.0000|10.2752728000
10200000|10.2752728000|10.2752728000|10.2555126600|10.2653927300|630600|6553622.0000|10.2653927300
10250000|10.2653927300|10.2851528700|10.2555126600|10.2555126600|273500|2842492.0000|10.2555126600
10300000|10.2555126600|10.3444332900|10.2555126600|10.3345532200|1364100|14228743.0000|10.3345532200
10350000|10.3345532200|10.3345532200|10.3049130100|10.3049130100|309800|3238456.0000|10.3049130100
10400000|10.3049130100|10.3345532200|10.2950329400|10.3246731500|458200|4783758.0000|10.3246731500
10450000|10.3246731500|10.4531140600|10.3246731500|10.4037137100|1835500|19301087.0000|10.4037137100
10500000|10.4037137100|10.4531140600|10.4037137100|10.4432339900|1294100|13663500.0000|10.4432339900
10550000|10.4333539200|10.5321546200|10.4135937800|10.5025144100|1978700|20984254.0000|10.5025144100
11000000|10.5025144100|10.5025144100|10.4728742000|10.4728742000|490300|5205002.0000|10.4728742000
11050000|10.4827542700|10.5222745500|10.4629941300|10.4629941300|719100|7636455.0000|10.4629941300
11100000|10.4629941300|10.4926343400|10.4531140600|10.4827542700|633700|6715620.0000|10.4827542700
11150000|10.4926343400|10.4926343400|10.4432339900|10.4432339900|395200|4181609.0000|10.4432339900
11200000|10.4432339900|10.4432339900|10.4234738500|10.4333539200|293500|3099327.0000|10.4333539200
11250000|10.4234738500|10.4728742000|10.4234738500|10.4531140600|513900|5434786.0000|10.4531140600
11300000|10.4531140600|10.4728742000|10.4531140600|10.4531140600|499400|5288305.0000|10.4531140600
13050000|10.4728742000|10.4926343400|10.4629941300|10.4728742000|773800|8202168.0000|10.4728742000
13100000|10.4728742000|10.4728742000|10.4234738500|10.4629941300|429500|4542777.0000|10.4629941300
13150000|10.4629941300|10.4728742000|10.4333539200|10.4531140600|338600|3579520.0000|10.4531140600
13200000|10.4531140600|10.5617948300|10.4234738500|10.5123944800|1866500|19861677.0000|10.5123944800
13250000|10.5025144100|10.5123944800|10.4728742000|10.4728742000|243100|2581171.0000|10.4728742000
13300000|10.4728742000|10.4827542700|10.4728742000|10.4728742000|349900|3710326.0000|10.4728742000
13350000|10.4728742000|10.4728742000|10.4531140600|10.4531140600|331200|3507270.0000|10.4531140600
13400000|10.4629941300|10.4728742000|10.4531140600|10.4629941300|330300|3497760.0000|10.4629941300
13450000|10.4629941300|10.4728742000|10.4531140600|10.4629941300|296900|3143876.0000|10.4629941300
13500000|10.4629941300|10.4728742000|10.4629941300|10.4629941300|235400|2493248.0000|10.4629941300
13550000|10.4629941300|10.4728742000|10.4531140600|10.4728742000|152600|1615920.0000|10.4728742000
14000000|10.4728742000|10.4728742000|10.4629941300|10.4728742000|177600|1881568.0000|10.4728742000
14050000|10.4629941300|10.5025144100|10.4629941300|10.4728742000|415100|4402704.0000|10.4728742000
14100000|10.4728742000|10.4926343400|10.4728742000|10.4728742000|148200|1572560.0000|10.4728742000
14150000|10.4728742000|10.4827542700|10.4728742000|10.4827542700|122100|1294976.0000|10.4827542700
14200000|10.4728742000|10.5025144100|10.4728742000|10.4926343400|409700|4351664.0000|10.4926343400
14250000|10.4926343400|10.5321546200|10.4926343400|10.5025144100|695900|7407200.0000|10.5025144100
14300000|10.5025144100|10.5222745500|10.4926343400|10.5025144100|453400|4820720.0000|10.5025144100
14350000|10.4926343400|10.5321546200|10.4827542700|10.5222745500|691900|7359440.0000|10.5222745500
14400000|10.5222745500|10.5222745500|10.4531140600|10.4629941300|1308300|13878400.0000|10.4629941300
14450000|10.4531140600|10.4728742000|10.4333539200|10.4531140600|2376800|25138432.0000|10.4531140600
14500000|10.4531140600|10.4728742000|10.4432339900|10.4728742000|1012600|10709632.0000|10.4728742000
14550000|10.4629941300|10.4629941300|10.4333539200|10.4432339900|680600|7195696.0000|10.4432339900
15000000|10.4333539200|10.4728742000|10.4333539200|10.4728742000|883700|9353104.0000|10.4728742000
