093500|25.79|25.8|25.39|25.53|127966.0|327390400.0|25.87
094000|25.55|25.71|25.42|25.56|70519.0|180032083.0|25.53
094500|25.52|25.56|25.43|25.48|40138.0|102282929.0|25.56
095000|25.49|25.6|25.41|25.55|45040.0|114761160.0|25.48
095500|25.57|25.66|25.5|25.58|24005.0|61452859.0|25.55
100000|25.58|25.59|25.33|25.39|43348.0|110399015.0|25.58
100500|25.39|25.46|25.31|25.41|35027.0|88893270.0|25.39
101000|25.42|25.43|25.3|25.34|43307.0|109814440.0|25.41
101500|25.36|25.39|25.22|25.31|35101.0|88774796.0|25.34
102000|25.31|25.32|25.18|25.21|34464.0|86933218.0|25.31
102500|25.21|25.23|25.1|25.2|42691.0|107412071.0|25.21
103000|25.21|25.31|25.17|25.17|31288.0|78933037.0|25.2
103500|25.17|25.24|25.11|25.2|23760.0|59799643.0|25.17
104000|25.2|25.26|25.18|25.23|17207.0|43382506.0|25.2
104500|25.24|25.29|25.19|25.21|14267.0|36009807.0|25.23
105000|25.21|25.23|25.13|25.13|21448.0|53990690.0|25.21
105500|25.14|25.15|25.09|25.15|21875.0|54929464.0|25.13
110000|25.15|25.15|25.01|25.04|29414.0|73752338.0|25.15
110500|25.04|25.18|25.02|25.13|18708.0|46946800.0|25.04
111000|25.14|25.14|25.09|25.12|14480.0|36367839.0|25.13
111500|25.11|25.12|25.0|25.01|26804.0|67096676.0|25.12
112000|25.03|25.08|25.0|25.02|22699.0|56803429.0|25.01
112500|25.02|25.1|25.02|25.1|13777.0|34541402.0|25.02
113000|25.1|25.14|25.06|25.06|12306.0|30878460.0|25.1
130500|25.07|25.2|25.07|25.13|27566.0|69305730.0|25.06
131000|25.13|25.16|25.09|25.13|18307.0|45985134.0|25.13
131500|25.13|25.15|25.06|25.09|17127.0|42999913.0|25.13
132000|25.08|25.08|25.01|25.02|24252.0|60726022.0|25.09
132500|25.03|25.12|24.93|25.1|40641.0|101643474.0|25.02
133000|25.1|25.11|25.02|25.05|14798.0|37075739.0|25.1
133500|25.05|25.06|25.0|25.03|11425.0|28587921.0|25.05
134000|25.04|25.04|24.91|25.01|30304.0|75698947.0|25.03
134500|25.01|25.12|25.0|25.11|18564.0|46496645.0|25.01
135000|25.1|25.13|25.03|25.04|12394.0|31100332.0|25.11
135500|25.04|25.12|25.04|25.1|12000.0|30101347.0|25.04
140000|25.09|25.1|25.02|25.03|13342.0|33428940.0|25.1
140500|25.03|25.05|24.97|25.02|23335.0|58334216.0|25.03
141000|25.04|25.07|24.97|24.98|17891.0|44750906.0|25.02
141500|24.98|25.05|24.97|25.02|13439.0|33608821.0|24.98
142000|25.02|25.06|24.99|25.03|12287.0|30735042.0|25.02
142500|25.03|25.04|24.98|25.0|13602.0|34012794.0|25.03
143000|25.01|25.03|24.96|24.96|20533.0|51338313.0|25.0
143500|24.96|25.0|24.94|24.96|22317.0|55717873.0|24.96
144000|24.95|24.97|24.92|24.96|19458.0|48532244.0|24.96
144500|24.97|25.0|24.94|25.0|17129.0|42772396.0|24.96
145000|25.0|25.03|24.99|25.03|22241.0|55629582.0|25.0
145500|25.02|25.1|24.99|25.1|30083.0|75315379.0|25.03
150000|25.07|25.11|25.06|25.11|25598.0|64228584.0|25.1
