093500|417.6700|417.6700|417.6700|417.6700|2034457|849731655.1900|417.6700
094000|417.6700|417.6700|410.0000|410.5100|3559417|1476212927.7000|410.5100
094500|410.6000|414.9600|397.2800|398.5300|3680730|1495189794.8400|398.5300
095000|398.9200|399.8700|386.0000|386.3000|2715688|1066490772.1700|386.3000
095500|386.0600|389.9000|381.3500|381.6800|2006915|773292049.4600|381.6800
100000|382.0400|385.5800|375.7000|377.0000|1386329|529111102.0500|377.0000
100500|377.0100|378.3100|366.6600|372.0000|1680117|624312966.2400|372.0000
101000|372.0400|374.7000|364.7200|368.0000|1271481|468149516.9800|368.0000
101500|368.0100|375.5800|368.0100|375.5800|757637|282142889.5200|375.5800
102000|375.5000|382.8900|374.6000|381.0800|799698|303254003.7600|381.0800
102500|380.9700|385.0000|379.8800|379.8800|681853|261254568.6800|379.8800
103000|379.9900|380.4900|376.5000|376.5000|233300|88412429.0000|376.5000
103500|376.5000|380.0000|376.0300|376.7400|200100|75658381.8000|376.7400
104000|376.6600|378.2600|372.6900|373.0000|322109|120725304.0900|373.0000
104500|373.0000|374.6000|370.5000|374.6000|371232|138111426.4400|374.6000
105000|374.6000|374.6000|371.4100|371.5000|143500|53500030.8800|371.5000
105500|371.4100|375.0000|370.7700|375.0000|128600|47926538.0000|375.0000
110000|375.0500|376.7800|374.6100|375.6200|152400|57260602.0000|375.6200
110500|375.6200|377.0000|374.1100|374.7700|154900|58171235.8000|374.7700
111000|375.7400|375.7400|371.7500|374.0200|178300|66569400.0000|374.0200
111500|374.2000|375.0000|372.6800|374.1100|78274|29252589.0000|374.1100
112000|374.1000|374.6700|373.5100|374.2600|85500|31976435.0000|374.2600
112500|374.2600|374.9800|372.7900|372.7900|130701|48890017.2100|372.7900
113000|372.7000|372.9200|370.8800|372.5000|134300|49930732.0000|372.5000
130500|372.5000|378.0000|372.5000|378.0000|182800|68722134.0000|378.0000
131000|378.0000|390.1900|378.0000|390.1900|451245|173566754.1500|390.1900
131500|390.3600|391.9500|380.2800|380.8900|573532|222207823.4600|380.8900
132000|381.0000|383.4800|380.9900|383.4800|193423|73951742.8700|383.4800
132500|383.5000|387.8300|383.5000|384.7200|231376|89313779.3200|384.7200
133000|384.6000|386.0000|382.9900|386.0000|124711|47883439.2400|386.0000
133500|386.4000|389.5000|386.4000|386.5000|293926|114025167.2400|386.5000
134000|386.8900|387.0000|385.6000|386.0100|120290|46469085.0000|386.0100
134500|386.0200|386.0200|383.3000|383.3000|126699|48772993.0000|383.3000
135000|383.0000|383.3000|380.5000|383.0000|232700|88792994.0600|383.0000
135500|382.0000|382.9300|379.9900|380.0000|172000|65563419.5600|380.0000
140000|379.9900|380.5000|378.0000|380.0000|188700|71618404.0000|380.0000
140500|379.9900|381.3900|378.5000|380.0000|355892|135256501.4700|380.0000
141000|380.9600|382.9200|378.5000|379.5000|271247|103273981.5300|379.5000
141500|379.5000|379.8100|378.5800|378.5900|131011|49669532.6100|378.5900
142000|378.5900|378.8400|374.6700|376.0000|289253|108924753.3200|376.0000
142500|376.0100|377.0000|374.0000|374.9500|361530|135680614.8100|374.9500
143000|374.9000|374.9000|372.5600|372.9500|288300|107586524.0000|372.9500
143500|372.9500|374.9500|372.9500|373.9700|304610|113782909.1800|373.9700
144000|373.9700|374.7800|372.9000|374.7500|296105|110664477.1100|374.7500
144500|374.3000|374.7600|372.0700|372.7000|315614|117614808.7800|372.7000
145000|372.8900|374.9200|372.0000|372.9300|573630|214007287.0700|372.9300
145500|372.9100|373.8200|371.8000|371.9900|744111|277135822.6200|371.9900
150000|371.9900|372.9700|371.8500|371.9800|663772|246920605.7100|371.9800
