09350000|5.0500000000|5.1000000000|5.0000000000|5.0400000000|677900|3421704.0000|5.0400000000
09400000|5.0400000000|5.1000000000|5.0200000000|5.0200000000|513770|2595349.0000|5.0200000000
09450000|5.0300000000|5.0500000000|5.0100000000|5.0200000000|598800|3008850.0000|5.0200000000
09500000|5.0200000000|5.0300000000|5.0100000000|5.0200000000|337300|1692701.0000|5.0200000000
09550000|5.0200000000|5.0200000000|5.0100000000|5.0100000000|264700|1326645.0000|5.0100000000
10000000|5.0100000000|5.0100000000|4.9800000000|5.0000000000|452900|2263415.0000|5.0000000000
10050000|5.0000000000|5.0300000000|4.9900000000|5.0200000000|199615|1000491.0000|5.0200000000
10100000|5.0100000000|5.0200000000|5.0100000000|5.0100000000|133100|667685.0000|5.0100000000
10150000|5.0100000000|5.0100000000|5.0000000000|5.0100000000|60400|302352.0000|5.0100000000
10200000|5.0100000000|5.0400000000|5.0100000000|5.0300000000|162500|816466.0000|5.0300000000
10250000|5.0300000000|5.0400000000|5.0200000000|5.0300000000|64800|325792.0000|5.0300000000
10300000|5.0300000000|5.0400000000|5.0200000000|5.0400000000|103600|521225.0000|5.0400000000
10350000|5.0400000000|5.0600000000|5.0400000000|5.0500000000|221900|1120121.0000|5.0500000000
10400000|5.0500000000|5.0500000000|5.0300000000|5.0300000000|186400|939516.0000|5.0300000000
10450000|5.0300000000|5.0600000000|5.0300000000|5.0600000000|62800|316886.0000|5.0600000000
10500000|5.0600000000|5.0600000000|5.0300000000|5.0400000000|85300|430469.0000|5.0400000000
10550000|5.0400000000|5.0700000000|5.0300000000|5.0500000000|149500|756041.0000|5.0500000000
11000000|5.0600000000|5.0600000000|5.0300000000|5.0500000000|102700|518450.0000|5.0500000000
11050000|5.0500000000|5.0600000000|5.0300000000|5.0300000000|520900|2630630.0000|5.0300000000
11100000|5.0300000000|5.0500000000|5.0300000000|5.0500000000|40300|202892.0000|5.0500000000
11150000|5.0500000000|5.0500000000|5.0400000000|5.0500000000|22600|114014.0000|5.0500000000
11200000|5.0400000000|5.0500000000|5.0300000000|5.0400000000|48600|244939.0000|5.0400000000
11250000|5.0500000000|5.0500000000|5.0300000000|5.0300000000|34400|173189.0000|5.0300000000
11300000|5.0300000000|5.0400000000|5.0200000000|5.0300000000|27700|139160.0000|5.0300000000
13050000|5.0200000000|5.0300000000|5.0000000000|5.0000000000|254400|1274273.0000|5.0000000000
13100000|5.0000000000|5.0000000000|4.9800000000|4.9800000000|308200|1536679.0000|4.9800000000
13150000|4.9800000000|4.9800000000|4.9600000000|4.9700000000|289500|1439813.0000|4.9700000000
13200000|4.9700000000|4.9800000000|4.9500000000|4.9800000000|294200|1460639.0000|4.9800000000
13250000|4.9800000000|4.9900000000|4.9500000000|4.9600000000|156200|776239.0000|4.9600000000
13300000|4.9600000000|4.9600000000|4.9200000000|4.9400000000|330200|1631537.0000|4.9400000000
13350000|4.9400000000|4.9400000000|4.9100000000|4.9200000000|321400|1581204.0000|4.9200000000
13400000|4.9200000000|4.9500000000|4.9100000000|4.9400000000|214600|1058427.0000|4.9400000000
13450000|4.9400000000|4.9400000000|4.9100000000|4.9300000000|462100|2273581.0000|4.9300000000
13500000|4.9300000000|4.9700000000|4.9300000000|4.9700000000|133800|661291.0000|4.9700000000
13550000|4.9700000000|4.9800000000|4.9500000000|4.9600000000|105300|522597.0000|4.9600000000
14000000|4.9500000000|4.9900000000|4.9500000000|4.9800000000|94400|469567.0000|4.9800000000
14050000|4.9800000000|4.9900000000|4.9500000000|4.9800000000|225100|1119930.0000|4.9800000000
14100000|4.9800000000|5.0000000000|4.9600000000|5.0000000000|191900|954705.0000|5.0000000000
14150000|5.0000000000|5.0000000000|4.9800000000|4.9900000000|128800|641912.0000|4.9900000000
14200000|5.0000000000|5.0000000000|4.9800000000|4.9800000000|73500|366713.0000|4.9800000000
14250000|4.9800000000|5.0000000000|4.9800000000|4.9900000000|77400|386238.0000|4.9900000000
14300000|5.0000000000|5.0000000000|4.9800000000|4.9800000000|83900|418586.0000|4.9800000000
14350000|4.9800000000|4.9900000000|4.9700000000|4.9900000000|197400|982087.0000|4.9900000000
14400000|4.9900000000|5.0000000000|4.9800000000|4.9900000000|109800|547618.0000|4.9900000000
14450000|4.9900000000|5.0000000000|4.9800000000|4.9900000000|144800|722739.0000|4.9900000000
14500000|4.9900000000|4.9900000000|4.9800000000|4.9800000000|109700|546842.0000|4.9800000000
14550000|4.9900000000|4.9900000000|4.9700000000|4.9800000000|151700|754992.0000|4.9800000000
15000000|4.9800000000|4.9900000000|4.9700000000|4.9700000000|338100|1682383.0000|4.9700000000
