09350000|5.7000000000|5.7000000000|5.6200000000|5.6600000000|969400|5467781.0000|5.6600000000
09400000|5.6600000000|5.6700000000|5.6400000000|5.6500000000|314400|1776659.0000|5.6500000000
09450000|5.6600000000|5.6900000000|5.6400000000|5.6900000000|434900|2463068.0000|5.6900000000
09500000|5.6800000000|5.7200000000|5.6700000000|5.7100000000|305600|1740952.0000|5.7100000000
09550000|5.7100000000|5.7200000000|5.6900000000|5.7000000000|240400|1372154.0000|5.7000000000
10000000|5.7000000000|5.7000000000|5.6800000000|5.6900000000|234100|1332132.0000|5.6900000000
10050000|5.6800000000|5.7000000000|5.6800000000|5.6900000000|162900|926638.0000|5.6900000000
10100000|5.6900000000|5.7000000000|5.6900000000|5.6900000000|59300|337538.0000|5.6900000000
10150000|5.6900000000|5.6900000000|5.6800000000|5.6900000000|119300|678627.0000|5.6900000000
10200000|5.6800000000|5.6900000000|5.6700000000|5.6700000000|357600|2029651.0000|5.6700000000
10250000|5.6600000000|5.6700000000|5.6600000000|5.6600000000|202600|1147608.0000|5.6600000000
10300000|5.6600000000|5.6800000000|5.6600000000|5.6700000000|84300|478302.0000|5.6700000000
10350000|5.6700000000|5.6800000000|5.6600000000|5.6700000000|163600|927180.0000|5.6700000000
10400000|5.6600000000|5.6700000000|5.6600000000|5.6600000000|66700|377636.0000|5.6600000000
10450000|5.6700000000|5.6700000000|5.6600000000|5.6700000000|60300|341586.0000|5.6700000000
10500000|5.6700000000|5.6700000000|5.6600000000|5.6700000000|43100|244046.0000|5.6700000000
10550000|5.6600000000|5.6700000000|5.6500000000|5.6600000000|188700|1067612.0000|5.6600000000
11000000|5.6600000000|5.6700000000|5.6500000000|5.6700000000|67800|383642.0000|5.6700000000
11050000|5.6700000000|5.6800000000|5.6600000000|5.6800000000|191800|1088014.0000|5.6800000000
11100000|5.6800000000|5.6800000000|5.6800000000|5.6800000000|18500|105080.0000|5.6800000000
11150000|5.6700000000|5.7000000000|5.6700000000|5.7000000000|228300|1299282.0000|5.7000000000
11200000|5.6900000000|5.7100000000|5.6900000000|5.7000000000|515300|2938978.0000|5.7000000000
11250000|5.7100000000|5.7100000000|5.7000000000|5.7100000000|105900|604136.0000|5.7100000000
11300000|5.7000000000|5.7100000000|5.6900000000|5.7100000000|41800|238188.0000|5.7100000000
13050000|5.7000000000|5.7100000000|5.6900000000|5.7000000000|159200|907760.0000|5.7000000000
13100000|5.6900000000|5.7000000000|5.6900000000|5.7000000000|100600|573416.0000|5.7000000000
13150000|5.7000000000|5.7100000000|5.6900000000|5.7000000000|97100|553408.0000|5.7000000000
13200000|5.7000000000|5.7000000000|5.6900000000|5.7000000000|23200|132222.0000|5.7000000000
13250000|5.6900000000|5.7000000000|5.6900000000|5.7000000000|16500|93950.0000|5.7000000000
13300000|5.7000000000|5.7000000000|5.6900000000|5.6900000000|80300|457536.0000|5.6900000000
13350000|5.6900000000|5.7000000000|5.6900000000|5.7000000000|12900|73456.0000|5.7000000000
13400000|5.6900000000|5.7000000000|5.6800000000|5.6900000000|362500|2061332.0000|5.6900000000
13450000|5.6800000000|5.7200000000|5.6800000000|5.7100000000|588000|3352896.0000|5.7100000000
13500000|5.7100000000|5.7100000000|5.6900000000|5.7000000000|258700|1476088.0000|5.7000000000
13550000|5.7000000000|5.7000000000|5.6900000000|5.6900000000|58200|331288.0000|5.6900000000
14000000|5.7000000000|5.7000000000|5.6900000000|5.6900000000|110200|627936.0000|5.6900000000
14050000|5.6900000000|5.7000000000|5.6900000000|5.7000000000|53500|304776.0000|5.7000000000
14100000|5.6900000000|5.7000000000|5.6900000000|5.7000000000|18700|106512.0000|5.7000000000
14150000|5.6900000000|5.7000000000|5.6800000000|5.6800000000|121400|690712.0000|5.6800000000
14200000|5.6800000000|5.6800000000|5.6700000000|5.6700000000|166800|946784.0000|5.6700000000
14250000|5.6700000000|5.6800000000|5.6700000000|5.6700000000|95800|543724.0000|5.6700000000
14300000|5.6700000000|5.6800000000|5.6700000000|5.6700000000|53100|301308.0000|5.6700000000
14350000|5.6700000000|5.6800000000|5.6500000000|5.6700000000|192800|1091720.0000|5.6700000000
14400000|5.6700000000|5.6700000000|5.6600000000|5.6600000000|51400|291188.0000|5.6600000000
14450000|5.6600000000|5.6700000000|5.6600000000|5.6600000000|102700|581684.0000|5.6600000000
14500000|5.6700000000|5.6700000000|5.6600000000|5.6600000000|65800|372744.0000|5.6600000000
14550000|5.6700000000|5.6700000000|5.6600000000|5.6700000000|280500|1589700.0000|5.6700000000
15000000|5.6600000000|5.6700000000|5.6600000000|5.6700000000|196300|1110620.0000|5.6700000000
