09350000|17.8141692300|17.9804739400|17.7750387100|17.9217781600|1117900|20476216.0000|17.9217781600
09400000|17.9217781600|17.9902565700|17.9022129000|17.9902565700|864700|15872472.0000|17.9902565700
09450000|17.9902565700|18.0098218300|17.9609086800|17.9706913100|713000|13110284.0000|17.9706913100
09500000|17.9804739400|17.9902565700|17.9315607900|17.9315607900|318400|5847372.0000|17.9315607900
09550000|17.9315607900|17.9511260500|17.9217781600|17.9511260500|134900|2472860.0000|17.9511260500
10000000|17.9511260500|17.9511260500|17.9217781600|17.9511260500|189500|3475996.0000|17.9511260500
10050000|17.9315607900|17.9511260500|17.8826476400|17.9119955300|268300|4911404.0000|17.9119955300
10100000|17.8924302700|17.9315607900|17.8924302700|17.9315607900|136100|2492532.0000|17.9315607900
10150000|17.9217781600|17.9413434200|17.8924302700|17.9217781600|183600|3362768.0000|17.9217781600
10200000|17.9217781600|17.9413434200|17.9022129000|17.9413434200|277700|5089504.0000|17.9413434200
10250000|17.9413434200|17.9511260500|17.9217781600|17.9511260500|210900|3866984.0000|17.9511260500
10300000|17.9511260500|17.9511260500|17.9315607900|17.9413434200|96000|1760544.0000|17.9413434200
10350000|17.9413434200|17.9511260500|17.9315607900|17.9315607900|99300|1821208.0000|17.9315607900
10400000|17.9315607900|17.9902565700|17.9217781600|17.9804739400|597400|10970312.0000|17.9804739400
10450000|17.9804739400|18.0489523500|17.9804739400|18.0489523500|796100|14659984.0000|18.0489523500
10500000|18.0587349800|18.0587349800|18.0196044600|18.0489523500|404600|7462512.0000|18.0489523500
10550000|18.0391697200|18.0587349800|18.0391697200|18.0391697200|329000|6071048.0000|18.0391697200
11000000|18.0391697200|18.0489523500|18.0196044600|18.0196044600|245500|4526728.0000|18.0196044600
11050000|18.0293870900|18.0391697200|18.0196044600|18.0391697200|121700|2243160.0000|18.0391697200
11100000|18.0391697200|18.0685176100|18.0391697200|18.0489523500|280900|5183344.0000|18.0489523500
11150000|18.0489523500|18.1761265400|18.0489523500|18.1272133900|1278500|23678144.0000|18.1272133900
11200000|18.1369960200|18.1761265400|18.1174307600|18.1369960200|509000|9445584.0000|18.1369960200
11250000|18.1369960200|18.1467786500|18.1076481300|18.1467786500|359200|6657552.0000|18.1467786500
11300000|18.1467786500|18.1467786500|18.0978655000|18.1076481300|215700|3995632.0000|18.1076481300
13050000|18.1076481300|18.1076481300|18.0489523500|18.0489523500|362800|6707280.0000|18.0489523500
13100000|18.0489523500|18.0685176100|18.0293870900|18.0587349800|161900|2987392.0000|18.0587349800
13150000|18.0587349800|18.0978655000|18.0587349800|18.0978655000|91500|1691024.0000|18.0978655000
13200000|18.0880828700|18.0880828700|18.0685176100|18.0783002400|98500|1820720.0000|18.0783002400
13250000|18.0685176100|18.0880828700|18.0685176100|18.0880828700|113900|2105360.0000|18.0880828700
13300000|18.0880828700|18.0880828700|18.0587349800|18.0685176100|47300|873664.0000|18.0685176100
13350000|18.0783002400|18.0783002400|18.0587349800|18.0685176100|102400|1891200.0000|18.0685176100
13400000|18.0587349800|18.0685176100|18.0489523500|18.0587349800|133200|2458416.0000|18.0587349800
13450000|18.0587349800|18.0783002400|18.0587349800|18.0783002400|136400|2519120.0000|18.0783002400
13500000|18.0685176100|18.0978655000|18.0685176100|18.0880828700|160600|2969104.0000|18.0880828700
13550000|18.0880828700|18.0978655000|18.0880828700|18.0880828700|95200|1760416.0000|18.0880828700
14000000|18.0880828700|18.0978655000|18.0783002400|18.0978655000|151500|2801648.0000|18.0978655000
14050000|18.0783002400|18.0978655000|18.0783002400|18.0783002400|182800|3380160.0000|18.0783002400
14100000|18.0880828700|18.0880828700|18.0783002400|18.0880828700|73200|1353008.0000|18.0880828700
14150000|18.0880828700|18.0880828700|18.0783002400|18.0880828700|113800|2103584.0000|18.0880828700
14200000|18.0880828700|18.0880828700|18.0783002400|18.0880828700|59900|1107104.0000|18.0880828700
14250000|18.0783002400|18.0880828700|18.0783002400|18.0783002400|127200|2350736.0000|18.0783002400
14300000|18.0783002400|18.0978655000|18.0685176100|18.0783002400|231000|4270736.0000|18.0783002400
14350000|18.0880828700|18.0880828700|18.0783002400|18.0880828700|160400|2965344.0000|18.0880828700
14400000|18.0880828700|18.0978655000|18.0783002400|18.0978655000|243700|4506112.0000|18.0978655000
14450000|18.0880828700|18.1076481300|18.0880828700|18.1076481300|631000|11672352.0000|18.1076481300
14500000|18.1076481300|18.1272133900|18.1076481300|18.1174307600|828400|15343072.0000|18.1174307600
14550000|18.1174307600|18.1272133900|18.1076481300|18.1076481300|673200|12464816.0000|18.1076481300
15000000|18.1076481300|18.1174307600|18.0196044600|18.0196044600|3370900|62130080.0000|18.0196044600
