093500|6.2100|6.2200|6.1700|6.2100|2913300|18034404.0000|6.2100
094000|6.2000|6.2100|6.1900|6.2000|1335192|8278048.0000|6.2000
094500|6.2000|6.2100|6.1800|6.2000|2209400|13681250.0000|6.2000
095000|6.2000|6.2100|6.1900|6.2000|1089500|6756950.0000|6.2000
095500|6.2000|6.2100|6.1900|6.1900|1119700|6938616.0000|6.1900
100000|6.1900|6.2100|6.1700|6.1800|3116000|19297258.0000|6.1800
100500|6.1900|6.2100|6.1800|6.2000|912700|5653407.0000|6.2000
101000|6.2100|6.2400|6.2000|6.2400|1514900|9420843.0000|6.2400
101500|6.2400|6.2700|6.2200|6.2500|3136000|19586871.0000|6.2500
102000|6.2500|6.2600|6.2400|6.2500|1747400|10918755.0000|6.2500
102500|6.2500|6.2500|6.2200|6.2200|2321300|14460985.0000|6.2200
103000|6.2300|6.2400|6.2200|6.2400|1147600|7141462.0000|6.2400
103500|6.2400|6.2500|6.2300|6.2400|921000|5745658.0000|6.2400
104000|6.2400|6.2600|6.2300|6.2500|1283900|8021948.0000|6.2500
104500|6.2500|6.2600|6.2300|6.2400|1111000|6941644.0000|6.2400
105000|6.2300|6.2500|6.2100|6.2200|2353000|14650998.0000|6.2200
105500|6.2200|6.2300|6.2200|6.2200|1325100|8246016.0000|6.2200
110000|6.2300|6.2300|6.2100|6.2200|957700|5955055.0000|6.2200
110500|6.2300|6.2300|6.2100|6.2100|1234800|7677214.0000|6.2100
111000|6.2100|6.2200|6.2000|6.2100|1934200|12002270.0000|6.2100
111500|6.2000|6.2200|6.2000|6.2100|1845000|11458469.0000|6.2100
112000|6.2200|6.2300|6.2100|6.2300|1865200|11602765.0000|6.2300
112500|6.2300|6.2400|6.2200|6.2300|1900520|11833725.0000|6.2300
113000|6.2400|6.2400|6.2200|6.2300|1798564|11207463.0000|6.2300
130500|6.2400|6.2400|6.2300|6.2400|1290680|8046754.0000|6.2400
131000|6.2400|6.2400|6.2300|6.2400|366672|2286347.0000|6.2400
131500|6.2300|6.2400|6.2300|6.2300|463234|2886777.0000|6.2300
132000|6.2400|6.2400|6.2200|6.2300|813014|5067088.0000|6.2300
132500|6.2300|6.2300|6.2100|6.2200|3439486|21398640.0000|6.2200
133000|6.2200|6.2300|6.2200|6.2200|599500|3729952.0000|6.2200
133500|6.2200|6.2300|6.2100|6.2200|471300|2930896.0000|6.2200
134000|6.2300|6.2300|6.2200|6.2200|656000|4085904.0000|6.2200
134500|6.2300|6.2400|6.2200|6.2200|1544800|9622880.0000|6.2200
135000|6.2300|6.2300|6.2200|6.2200|439200|2732720.0000|6.2200
135500|6.2200|6.2300|6.2200|6.2200|409300|2546960.0000|6.2200
140000|6.2300|6.2300|6.2200|6.2200|1681000|10470704.0000|6.2200
140500|6.2300|6.2400|6.2200|6.2300|837000|5212672.0000|6.2300
141000|6.2300|6.2400|6.2200|6.2300|711200|4430384.0000|6.2300
141500|6.2400|6.2400|6.2300|6.2400|874800|5450560.0000|6.2400
142000|6.2400|6.2400|6.2200|6.2300|2106658|13124576.0000|6.2300
142500|6.2300|6.2400|6.2100|6.2100|4019142|24979520.0000|6.2100
143000|6.2100|6.2200|6.2100|6.2200|514800|3198032.0000|6.2200
143500|6.2200|6.2300|6.2100|6.2200|1123701|6988544.0000|6.2200
144000|6.2200|6.2300|6.2200|6.2300|696500|4338256.0000|6.2300
144500|6.2300|6.2300|6.2200|6.2300|469468|2922384.0000|6.2300
145000|6.2300|6.2400|6.2200|6.2300|1393400|8682976.0000|6.2300
145500|6.2300|6.2400|6.2300|6.2300|972654|6063808.0000|6.2300
150000|6.2400|6.2400|6.2300|6.2400|1414873|8826160.0000|6.2400
