093500|7.8200|7.9100|7.7300|7.8900|85229617|665936160.0000|7.8900
094000|7.8800|7.8800|7.7600|7.8200|32931810|257168544.0000|7.8200
094500|7.8200|7.9300|7.8200|7.8900|36427182|286709280.0000|7.8900
095000|7.8900|8.0000|7.8800|7.9200|39325400|312376816.0000|7.9200
095500|7.9200|7.9300|7.8500|7.8600|19025200|150132720.0000|7.8600
100000|7.8500|7.8900|7.8400|7.8900|9698400|76308128.0000|7.8900
100500|7.8800|7.8900|7.8300|7.8300|9677973|75917344.0000|7.8300
101000|7.8300|7.8600|7.8200|7.8400|6988901|54801872.0000|7.8400
101500|7.8400|7.9000|7.8400|7.8600|8035000|63259328.0000|7.8600
102000|7.8600|7.8600|7.7900|7.8000|10557666|82483520.0000|7.8000
102500|7.8000|7.8500|7.7600|7.7800|9680900|75540064.0000|7.7800
103000|7.7800|7.8000|7.7600|7.7600|5734495|44617184.0000|7.7600
103500|7.7600|7.7800|7.7400|7.7800|10614112|82392288.0000|7.7800
104000|7.7700|7.7800|7.7200|7.7300|10929072|84578768.0000|7.7300
104500|7.7300|7.7400|7.6900|7.7100|11557088|89180880.0000|7.7100
105000|7.7100|7.7300|7.7100|7.7200|4387504|33864096.0000|7.7200
105500|7.7100|7.7200|7.6800|7.7000|5971504|45938016.0000|7.7000
110000|7.7000|7.7200|7.7000|7.7000|4219696|32520304.0000|7.7000
110500|7.7100|7.7100|7.6600|7.6800|5472000|42046416.0000|7.6800
111000|7.6800|7.6800|7.6300|7.6800|8940704|68487328.0000|7.6800
111500|7.6800|7.7500|7.6500|7.7500|5847456|44953184.0000|7.7500
112000|7.7500|7.7500|7.7200|7.7400|3837888|29675712.0000|7.7400
112500|7.7500|7.7600|7.7000|7.7600|5508512|42629184.0000|7.7600
113000|7.7600|7.7900|7.7500|7.7900|4516896|35068640.0000|7.7900
130500|7.7900|7.7900|7.7300|7.7300|5264304|40877232.0000|7.7300
131000|7.7300|7.7800|7.7300|7.7400|2963696|22981760.0000|7.7400
131500|7.7500|7.7500|7.7200|7.7300|2543456|19672048.0000|7.7300
132000|7.7300|7.7400|7.7000|7.7300|3283600|25352912.0000|7.7300
132500|7.7300|7.7500|7.7300|7.7400|2699216|20892944.0000|7.7400
133000|7.7400|7.7500|7.7100|7.7200|3873472|29930464.0000|7.7200
133500|7.7200|7.7200|7.7000|7.7100|2925296|22540752.0000|7.7100
134000|7.7100|7.7400|7.7100|7.7400|1670496|12911440.0000|7.7400
134500|7.7400|7.7500|7.7300|7.7400|2282512|17670880.0000|7.7400
135000|7.7400|7.7500|7.7300|7.7300|2080400|16095248.0000|7.7300
135500|7.7300|7.7300|7.6700|7.7000|7744800|59577456.0000|7.7000
140000|7.7000|7.7800|7.6900|7.7700|5998256|46473648.0000|7.7700
140500|7.7800|7.7800|7.7400|7.7600|3887600|30153856.0000|7.7600
141000|7.7700|7.7700|7.7400|7.7500|4009296|31091408.0000|7.7500
141500|7.7600|7.7900|7.7500|7.7600|4064160|31566224.0000|7.7600
142000|7.7700|7.8000|7.7600|7.7900|6721888|52335136.0000|7.7900
142500|7.7900|7.7900|7.7600|7.7800|3230608|25111792.0000|7.7800
143000|7.7800|7.8200|7.7800|7.7800|5891792|45916880.0000|7.7800
143500|7.7800|7.8200|7.7700|7.8100|4028176|31376464.0000|7.8100
144000|7.8000|7.8400|7.8000|7.8400|8102288|63359136.0000|7.8400
144500|7.8400|7.8400|7.7800|7.8300|11211936|87561136.0000|7.8300
145000|7.8300|7.8400|7.8000|7.8100|6140400|48007776.0000|7.8100
145500|7.8200|7.8300|7.8000|7.8300|5822400|45492752.0000|7.8300
150000|7.8200|7.8700|7.8100|7.8700|8446000|66253440.0000|7.8700
