093500|19.19|19.25|18.96|19.06|111931.0|216254069.0|18.98
094000|19.06|19.07|18.8|19.04|71482.0|136641834.0|19.06
094500|19.04|19.04|18.91|18.91|39133.0|75056915.0|19.04
095000|18.9|19.09|18.87|18.96|31390.0|60230547.0|18.91
095500|18.96|18.96|18.81|18.88|31166.0|59422116.0|18.96
100000|18.89|19.0|18.89|18.99|16767.0|32095361.0|18.88
100500|18.98|18.98|18.89|18.93|15613.0|29855763.0|18.99
101000|18.93|18.96|18.88|18.89|13388.0|25607874.0|18.93
101500|18.88|18.9|18.79|18.82|36125.0|68772123.0|18.89
102000|18.82|18.82|18.71|18.72|30970.0|58774688.0|18.82
102500|18.73|18.73|18.61|18.68|39195.0|73975980.0|18.72
103000|18.68|18.69|18.58|18.63|25895.0|48769022.0|18.68
103500|18.64|18.67|18.61|18.66|17358.0|32703228.0|18.63
104000|18.66|18.66|18.53|18.54|21615.0|40608848.0|18.66
104500|18.54|18.59|18.52|18.55|15447.0|28974748.0|18.54
105000|18.56|18.66|18.55|18.66|10213.0|19210405.0|18.55
105500|18.66|18.75|18.66|18.73|11017.0|20835810.0|18.66
110000|18.72|18.81|18.72|18.79|13353.0|25346522.0|18.73
110500|18.79|18.81|18.75|18.8|15509.0|29452548.0|18.79
111000|18.8|18.82|18.76|18.78|10136.0|19254966.0|18.8
111500|18.78|18.78|18.71|18.72|6587.0|12483024.0|18.78
112000|18.72|18.74|18.63|18.63|9047.0|17079647.0|18.72
112500|18.64|18.69|18.62|18.67|6602.0|12450504.0|18.63
113000|18.66|18.66|18.55|18.58|16116.0|30277743.0|18.67
130500|18.59|18.64|18.51|18.61|14457.0|27140703.0|18.58
131000|18.62|18.65|18.6|18.61|6048.0|11380324.0|18.61
131500|18.6|18.65|18.58|18.61|5595.0|10522338.0|18.61
132000|18.61|18.63|18.58|18.58|6809.0|12803980.0|18.61
132500|18.59|18.59|18.53|18.54|8430.0|15814744.0|18.58
133000|18.53|18.55|18.5|18.52|15709.0|29411340.0|18.54
133500|18.52|18.57|18.5|18.57|7575.0|14195897.0|18.52
134000|18.58|18.61|18.54|18.56|7490.0|14060236.0|18.57
134500|18.54|18.55|18.52|18.53|6404.0|11996237.0|18.56
135000|18.53|18.53|18.45|18.49|22387.0|41836852.0|18.53
135500|18.49|18.51|18.45|18.46|9654.0|18034547.0|18.49
140000|18.45|18.48|18.44|18.46|10074.0|18793803.0|18.46
140500|18.46|18.5|18.42|18.5|10647.0|19857901.0|18.46
141000|18.5|18.5|18.45|18.45|5792.0|10816517.0|18.5
141500|18.45|18.48|18.4|18.4|11636.0|21677823.0|18.45
142000|18.39|18.42|18.35|18.41|16947.0|31492350.0|18.4
142500|18.41|18.42|18.38|18.4|7901.0|14695993.0|18.41
143000|18.4|18.49|18.39|18.49|6183.0|11518809.0|18.4
143500|18.48|18.49|18.45|18.45|10182.0|19008071.0|18.49
144000|18.45|18.62|18.44|18.59|13059.0|24462264.0|18.45
144500|18.59|18.63|18.58|18.59|12289.0|23111415.0|18.59
145000|18.59|18.61|18.53|18.55|13380.0|25115393.0|18.59
145500|18.55|18.63|18.53|18.63|15340.0|28795878.0|18.55
150000|18.63|18.63|18.6|18.61|16214.0|30501687.0|18.63
