09350000|11.5956731400|11.6725293000|11.5380310200|11.6244942000|10675200|128963400.0000|11.6244942000
09400000|11.6244942000|11.6244942000|11.5188169800|11.5860661200|6135600|73852072.0000|11.5860661200
09450000|11.5860661200|11.6437082400|11.5764591000|11.6244942000|3532700|42686512.0000|11.6244942000
09500000|11.6244942000|11.6437082400|11.5956731400|11.6341012200|4276300|51718880.0000|11.6341012200
09550000|11.6244942000|11.6341012200|11.5860661200|11.6052801600|3945200|47686048.0000|11.6052801600
10000000|11.6052801600|11.6725293000|11.6052801600|11.6533152600|3821800|46352576.0000|11.6533152600
10050000|11.6533152600|11.7013503600|11.6437082400|11.6725293000|3714400|45159072.0000|11.6725293000
10100000|11.6725293000|11.6725293000|11.6052801600|11.6148871800|2970700|35980256.0000|11.6148871800
10150000|11.6148871800|11.6629222800|11.6052801600|11.6341012200|3363000|40735936.0000|11.6341012200
10200000|11.6341012200|11.6437082400|11.5380310200|11.5956731400|4071200|49104064.0000|11.5956731400
10250000|11.5956731400|11.6533152600|11.5572450600|11.6148871800|3687500|44533372.0000|11.6148871800
10300000|11.6148871800|11.6629222800|11.5860661200|11.6052801600|2707900|32788033.0000|11.6052801600
10350000|11.6052801600|11.6533152600|11.5860661200|11.6341012200|3057600|37022267.0000|11.6341012200
10400000|11.6437082400|11.6533152600|11.6052801600|11.6244942000|2738700|33140297.0000|11.6244942000
10450000|11.6437082400|11.6437082400|11.5668520800|11.5956731400|2745000|33142519.0000|11.5956731400
10500000|11.5956731400|11.6148871800|11.5476380400|11.5476380400|3195800|38519116.0000|11.5476380400
10550000|11.5476380400|11.5668520800|11.4996029400|11.5188169800|4355000|52274428.0000|11.5188169800
11000000|11.5284240000|11.6148871800|11.5284240000|11.5572450600|3353000|40378876.0000|11.5572450600
11050000|11.5572450600|11.6629222800|11.5572450600|11.6629222800|4502700|54426695.0000|11.6629222800
11100000|11.6629222800|11.6917433400|11.6341012200|11.6725293000|5591300|67919029.0000|11.6725293000
11150000|11.6725293000|11.6917433400|11.6052801600|11.6052801600|3165400|38395272.0000|11.6052801600
11200000|11.6052801600|11.6629222800|11.5956731400|11.6533152600|3016100|36533496.0000|11.6533152600
11250000|11.6533152600|11.6629222800|11.5860661200|11.5956731400|2856800|34583558.0000|11.5956731400
11300000|11.5956731400|11.6341012200|11.5764591000|11.6148871800|2323000|28052732.0000|11.6148871800
13050000|11.6148871800|11.6437082400|11.5764591000|11.5860661200|3552900|42965892.0000|11.5860661200
13100000|11.5860661200|11.5860661200|11.5476380400|11.5764591000|2269400|27326597.0000|11.5764591000
13150000|11.5668520800|11.6629222800|11.5668520800|11.6533152600|2627000|31751932.0000|11.6533152600
13200000|11.6533152600|11.6821363200|11.6437082400|11.6725293000|3776500|45850620.0000|11.6725293000
13250000|11.6725293000|11.6917433400|11.6533152600|11.6629222800|4074800|49522693.0000|11.6629222800
13300000|11.6629222800|11.7013503600|11.6533152600|11.6629222800|3229600|39292928.0000|11.6629222800
13350000|11.6629222800|11.7205644000|11.6629222800|11.6821363200|3203300|39015808.0000|11.6821363200
13400000|11.6821363200|11.7109573800|11.6725293000|11.6725293000|2218700|27003008.0000|11.6725293000
13450000|11.6725293000|11.7013503600|11.6629222800|11.6917433400|2001500|24350469.0000|11.6917433400
13500000|11.6917433400|11.7109573800|11.6821363200|11.7013503600|2160400|26300027.0000|11.7013503600
13550000|11.7013503600|11.7205644000|11.6821363200|11.6917433400|2766900|33714176.0000|11.6917433400
14000000|11.6917433400|11.7205644000|11.6917433400|11.7109573800|2766600|33721856.0000|11.7109573800
14050000|11.7109573800|11.7205644000|11.6821363200|11.7109573800|2916300|35537024.0000|11.7109573800
14100000|11.7109573800|11.7974205600|11.7109573800|11.7878135400|7270700|88871680.0000|11.7878135400
14150000|11.7782065200|11.7974205600|11.7685995000|11.7878135400|3958500|48560384.0000|11.7878135400
14200000|11.7878135400|11.7974205600|11.7493854600|11.7493854600|2364700|28968064.0000|11.7493854600
14250000|11.7493854600|11.7493854600|11.7013503600|11.7013503600|2337500|28505984.0000|11.7013503600
14300000|11.7013503600|11.7205644000|11.6821363200|11.7109573800|2782300|33878400.0000|11.7109573800
14350000|11.7109573800|11.7205644000|11.6821363200|11.7013503600|2849900|34706047.0000|11.7013503600
14400000|11.7013503600|11.7205644000|11.6725293000|11.6917433400|2770500|33735684.0000|11.6917433400
14450000|11.6917433400|11.6917433400|11.6437082400|11.6437082400|3297200|40005241.0000|11.6437082400
14500000|11.6437082400|11.6725293000|11.6341012200|11.6725293000|4164000|50504704.0000|11.6725293000
14550000|11.6725293000|11.7205644000|11.6629222800|11.7013503600|6087600|74127236.0000|11.7013503600
15000000|11.7109573800|11.7301714200|11.6821363200|11.6821363200|2801800|34136960.0000|11.6821363200
