09350000|5.2327439600|5.2515667800|5.1856869100|5.1950983200|4603700|25493239.0000|5.1950983200
09400000|5.1856869100|5.2045097300|5.1762755000|5.1856869100|6675000|36794876.0000|5.1856869100
09450000|5.1856869100|5.1950983200|5.1668640900|5.1762755000|7569229|41651264.0000|5.1762755000
09500000|5.1856869100|5.1856869100|5.1668640900|5.1668640900|5821801|32005754.0000|5.1668640900
09550000|5.1668640900|5.1762755000|5.1668640900|5.1762755000|2438400|13402053.0000|5.1762755000
10000000|5.1762755000|5.1762755000|5.1480412700|5.1668640900|5573800|30563722.0000|5.1668640900
10050000|5.1574526800|5.1762755000|5.1574526800|5.1668640900|2391022|13135586.0000|5.1668640900
10100000|5.1668640900|5.1762755000|5.1668640900|5.1762755000|795400|4371065.0000|5.1762755000
10150000|5.1762755000|5.1856869100|5.1668640900|5.1762755000|1101200|6059788.0000|5.1762755000
10200000|5.1762755000|5.1856869100|5.1668640900|5.1762755000|1907700|10486944.0000|5.1762755000
10250000|5.1762755000|5.1762755000|5.1668640900|5.1668640900|1254700|6889323.0000|5.1668640900
10300000|5.1668640900|5.1762755000|5.1574526800|5.1762755000|705400|3872733.0000|5.1762755000
10350000|5.1668640900|5.1668640900|5.1480412700|5.1574526800|2414700|13233631.0000|5.1574526800
10400000|5.1574526800|5.1668640900|5.1480412700|5.1668640900|1758300|9625828.0000|5.1668640900
10450000|5.1574526800|5.1668640900|5.1480412700|5.1480412700|1449000|7941668.0000|5.1480412700
10500000|5.1480412700|5.1574526800|5.1386298600|5.1574526800|1543400|8446339.0000|5.1574526800
10550000|5.1574526800|5.1574526800|5.1480412700|5.1480412700|732500|4011805.0000|5.1480412700
11000000|5.1480412700|5.1574526800|5.1386298600|5.1480412700|1481500|8101038.0000|5.1480412700
11050000|5.1480412700|5.1574526800|5.1386298600|5.1480412700|1789400|9796000.0000|5.1480412700
11100000|5.1480412700|5.1480412700|5.1386298600|5.1386298600|2442712|13346080.0000|5.1386298600
11150000|5.1480412700|5.1668640900|5.1386298600|5.1574526800|1226300|6716880.0000|5.1574526800
11200000|5.1574526800|5.1762755000|5.1574526800|5.1574526800|754700|4142912.0000|5.1574526800
11250000|5.1668640900|5.1668640900|5.1574526800|5.1668640900|477900|2620752.0000|5.1668640900
11300000|5.1574526800|5.1762755000|5.1574526800|5.1668640900|580900|3186912.0000|5.1668640900
13050000|5.1574526800|5.1668640900|5.1574526800|5.1668640900|836100|4585328.0000|5.1668640900
13100000|5.1668640900|5.1668640900|5.1480412700|5.1574526800|1989600|10893232.0000|5.1574526800
13150000|5.1574526800|5.1668640900|5.1574526800|5.1574526800|284000|1557408.0000|5.1574526800
13200000|5.1574526800|5.1668640900|5.1574526800|5.1574526800|634900|3483920.0000|5.1574526800
13250000|5.1574526800|5.1762755000|5.1574526800|5.1668640900|729000|4003664.0000|5.1668640900
13300000|5.1762755000|5.1762755000|5.1668640900|5.1668640900|649570|3569232.0000|5.1668640900
13350000|5.1668640900|5.1762755000|5.1574526800|5.1668640900|1145200|6284400.0000|5.1668640900
13400000|5.1668640900|5.1762755000|5.1574526800|5.1668640900|475600|2612272.0000|5.1668640900
13450000|5.1762755000|5.1762755000|5.1574526800|5.1574526800|647200|3553296.0000|5.1574526800
13500000|5.1574526800|5.1668640900|5.1574526800|5.1574526800|508080|2787216.0000|5.1574526800
13550000|5.1668640900|5.1668640900|5.1574526800|5.1668640900|628700|3449104.0000|5.1668640900
14000000|5.1574526800|5.1762755000|5.1574526800|5.1668640900|613800|3369184.0000|5.1668640900
14050000|5.1762755000|5.1762755000|5.1668640900|5.1668640900|871236|4783824.0000|5.1668640900
14100000|5.1668640900|5.1762755000|5.1574526800|5.1668640900|566200|3106464.0000|5.1668640900
14150000|5.1668640900|5.1668640900|5.1574526800|5.1668640900|591800|3246352.0000|5.1668640900
14200000|5.1574526800|5.1668640900|5.1480412700|5.1574526800|2936900|16084304.0000|5.1574526800
14250000|5.1574526800|5.1668640900|5.1386298600|5.1668640900|5375500|29395104.0000|5.1668640900
14300000|5.1574526800|5.1762755000|5.1386298600|5.1762755000|2241000|12278368.0000|5.1762755000
14350000|5.1762755000|5.1762755000|5.1668640900|5.1668640900|863200|4743456.0000|5.1668640900
14400000|5.1762755000|5.1762755000|5.1668640900|5.1762755000|961900|5284992.0000|5.1762755000
14450000|5.1668640900|5.1856869100|5.1668640900|5.1762755000|1647000|9060304.0000|5.1762755000
14500000|5.1762755000|5.1856869100|5.1668640900|5.1668640900|1638500|9011312.0000|5.1668640900
14550000|5.1668640900|5.1762755000|5.1668640900|5.1762755000|2215700|12177232.0000|5.1762755000
15000000|5.1762755000|5.1856869100|5.1668640900|5.1668640900|1804815|9915200.0000|5.1668640900
