09350000|5.3149981500|5.3149981500|5.2581532500|5.2676274000|6517600|36271092.0000|5.2676274000
09400000|5.2581532500|5.2865757000|5.2581532500|5.2771015500|2028800|11287588.0000|5.2771015500
09450000|5.2771015500|5.2865757000|5.2771015500|5.2771015500|1597300|8899788.0000|5.2771015500
09500000|5.2865757000|5.2960498500|5.2771015500|5.2960498500|2914300|16252756.0000|5.2960498500
09550000|5.2960498500|5.2960498500|5.2771015500|5.2865757000|2550300|14234984.0000|5.2865757000
10000000|5.2865757000|5.2865757000|5.2676274000|5.2676274000|3134600|17443424.0000|5.2676274000
10050000|5.2676274000|5.2865757000|5.2676274000|5.2771015500|1083900|6034432.0000|5.2771015500
10100000|5.2771015500|5.2865757000|5.2676274000|5.2771015500|2988100|16632360.0000|5.2771015500
10150000|5.2676274000|5.2771015500|5.2676274000|5.2676274000|971600|5410880.0000|5.2676274000
10200000|5.2676274000|5.2771015500|5.2581532500|5.2581532500|2779600|15438104.0000|5.2581532500
10250000|5.2581532500|5.2771015500|5.2581532500|5.2771015500|1904500|10585776.0000|5.2771015500
10300000|5.2771015500|5.2865757000|5.2676274000|5.2865757000|1335700|7442976.0000|5.2865757000
10350000|5.2865757000|5.2865757000|5.2771015500|5.2865757000|809400|4515376.0000|5.2865757000
10400000|5.2865757000|5.2865757000|5.2771015500|5.2771015500|531100|2960576.0000|5.2771015500
10450000|5.2865757000|5.2865757000|5.2676274000|5.2771015500|1204000|6708272.0000|5.2771015500
10500000|5.2771015500|5.2865757000|5.2771015500|5.2771015500|618600|3447376.0000|5.2771015500
10550000|5.2771015500|5.2865757000|5.2771015500|5.2865757000|504100|2808480.0000|5.2865757000
11000000|5.2865757000|5.2865757000|5.2771015500|5.2771015500|630500|3513680.0000|5.2771015500
11050000|5.2771015500|5.2865757000|5.2676274000|5.2676274000|904900|5038592.0000|5.2676274000
11100000|5.2676274000|5.2771015500|5.2676274000|5.2676274000|762500|4241008.0000|5.2676274000
11150000|5.2771015500|5.2771015500|5.2676274000|5.2771015500|1616300|8994704.0000|5.2771015500
11200000|5.2771015500|5.2865757000|5.2676274000|5.2771015500|341300|1900560.0000|5.2771015500
11250000|5.2676274000|5.2771015500|5.2676274000|5.2771015500|474800|2642656.0000|5.2771015500
11300000|5.2676274000|5.2960498500|5.2676274000|5.2960498500|2287000|12763920.0000|5.2960498500
13050000|5.2771015500|5.3055240000|5.2771015500|5.2960498500|1438800|8039840.0000|5.2960498500
13100000|5.3055240000|5.3149981500|5.2960498500|5.3149981500|2030000|11368336.0000|5.3149981500
13150000|5.3055240000|5.3244723000|5.3055240000|5.3244723000|2850500|16005664.0000|5.3244723000
13200000|5.3244723000|5.3244723000|5.3055240000|5.3149981500|742200|4163808.0000|5.3149981500
13250000|5.3149981500|5.3149981500|5.2960498500|5.2960498500|557500|3122784.0000|5.2960498500
13300000|5.2960498500|5.3149981500|5.2960498500|5.3055240000|981000|5492384.0000|5.3055240000
13350000|5.3055240000|5.3055240000|5.2960498500|5.2960498500|886900|4960576.0000|5.2960498500
13400000|5.2960498500|5.3055240000|5.2960498500|5.3055240000|684100|3827008.0000|5.3055240000
13450000|5.3055240000|5.3055240000|5.2960498500|5.3055240000|718300|4018304.0000|5.3055240000
13500000|5.2960498500|5.3055240000|5.2960498500|5.3055240000|1162000|6501536.0000|5.3055240000
13550000|5.3055240000|5.3244723000|5.3055240000|5.3244723000|1840300|10325120.0000|5.3244723000
14000000|5.3244723000|5.3244723000|5.3055240000|5.3055240000|921100|5170528.0000|5.3055240000
14050000|5.3055240000|5.3339464500|5.3055240000|5.3339464500|2163900|12155264.0000|5.3339464500
14100000|5.3339464500|5.3434206000|5.3244723000|5.3434206000|2491300|14027968.0000|5.3434206000
14150000|5.3434206000|5.3434206000|5.3244723000|5.3244723000|1769200|9963168.0000|5.3244723000
14200000|5.3244723000|5.3339464500|5.3244723000|5.3244723000|912900|5135936.0000|5.3244723000
14250000|5.3244723000|5.3339464500|5.3244723000|5.3244723000|822500|4628032.0000|5.3244723000
14300000|5.3244723000|5.3434206000|5.3244723000|5.3434206000|632200|3559104.0000|5.3434206000
14350000|5.3434206000|5.3434206000|5.3339464500|5.3434206000|631700|3559872.0000|5.3434206000
14400000|5.3434206000|5.3434206000|5.3244723000|5.3339464500|1961800|11046880.0000|5.3339464500
14450000|5.3339464500|5.3434206000|5.3339464500|5.3339464500|752000|4237920.0000|5.3339464500
14500000|5.3339464500|5.3434206000|5.3339464500|5.3339464500|1197800|6750976.0000|5.3339464500
14550000|5.3339464500|5.3434206000|5.3339464500|5.3434206000|1734800|9776992.0000|5.3434206000
15000000|5.3434206000|5.3434206000|5.3339464500|5.3434206000|2653400|14955296.0000|5.3434206000
