09350000|8.2745561900|8.3224968400|8.2362036700|8.3129087100|9323200|80502816.0000|8.3129087100
09400000|8.3129087100|8.3608493600|8.3033205800|8.3033205800|5415300|47063176.0000|8.3033205800
09450000|8.3033205800|8.3224968400|8.2937324500|8.3129087100|3926800|34009944.0000|8.3129087100
09500000|8.3129087100|8.3129087100|8.2362036700|8.2457918000|6636500|57189632.0000|8.2457918000
09550000|8.2457918000|8.2553799300|8.2266155400|8.2362036700|4866900|41838800.0000|8.2362036700
10000000|8.2457918000|8.2745561900|8.2362036700|8.2362036700|3530100|30365728.0000|8.2362036700
10050000|8.2362036700|8.2457918000|8.2074392800|8.2074392800|4417800|37905440.0000|8.2074392800
10100000|8.2074392800|8.2553799300|8.1978511500|8.2553799300|2443300|20955712.0000|8.2553799300
10150000|8.2553799300|8.3512612300|8.2457918000|8.3416731000|5441300|47139584.0000|8.3416731000
10200000|8.3416731000|8.3608493600|8.3224968400|8.3320849700|5922000|51513056.0000|8.3320849700
10250000|8.3320849700|8.3416731000|8.2937324500|8.3033205800|2143400|18583648.0000|8.3033205800
10300000|8.3033205800|8.3320849700|8.3033205800|8.3129087100|1891500|16411232.0000|8.3129087100
10350000|8.3129087100|8.3512612300|8.3129087100|8.3416731000|2731200|23747104.0000|8.3416731000
10400000|8.3416731000|8.3512612300|8.3224968400|8.3512612300|2741900|23842912.0000|8.3512612300
10450000|8.3512612300|8.3512612300|8.3224968400|8.3224968400|2367200|20588090.0000|8.3224968400
10500000|8.3224968400|8.3416731000|8.3129087100|8.3320849700|1028800|8933889.0000|8.3320849700
10550000|8.3320849700|8.3416731000|8.3129087100|8.3224968400|839600|7293057.0000|8.3224968400
11000000|8.3224968400|8.3512612300|8.3129087100|8.3320849700|1959400|17028356.0000|8.3320849700
11050000|8.3320849700|8.3608493600|8.3320849700|8.3512612300|928000|8079681.0000|8.3512612300
11100000|8.3512612300|8.3704374900|8.3416731000|8.3512612300|3732400|32549503.0000|8.3512612300
11150000|8.3608493600|8.3608493600|8.3320849700|8.3416731000|993400|8647993.0000|8.3416731000
11200000|8.3320849700|8.3416731000|8.3129087100|8.3224968400|1122100|9742027.0000|8.3224968400
11250000|8.3224968400|8.3416731000|8.3129087100|8.3224968400|869600|7552885.0000|8.3224968400
11300000|8.3224968400|8.3512612300|8.3224968400|8.3512612300|1372200|11929667.0000|8.3512612300
13050000|8.3512612300|8.4375544000|8.3416731000|8.4087900100|10637700|93047556.0000|8.4087900100
13100000|8.4087900100|8.4759069200|8.4087900100|8.4471425300|10920500|96238528.0000|8.4471425300
13150000|8.4471425300|8.5142594400|8.4279662700|8.4471425300|11315700|100125440.0000|8.4471425300
13200000|8.4471425300|8.4567306600|8.3992018800|8.3992018800|4950300|43476223.0000|8.3992018800
13250000|8.3992018800|8.4087900100|8.3704374900|8.3704374900|3697900|32358782.0000|8.3704374900
13300000|8.3704374900|8.3800256200|8.3608493600|8.3608493600|2691800|23483465.0000|8.3608493600
13350000|8.3608493600|8.3704374900|8.3416731000|8.3416731000|2655200|23129534.0000|8.3416731000
13400000|8.3416731000|8.3992018800|8.3416731000|8.3896137500|4182200|36523004.0000|8.3896137500
13450000|8.3896137500|8.3992018800|8.3704374900|8.3992018800|2031200|17769856.0000|8.3992018800
13500000|8.3992018800|8.4087900100|8.3608493600|8.3704374900|2370800|20725758.0000|8.3704374900
13550000|8.3704374900|8.3992018800|8.3512612300|8.3512612300|2444900|21348474.0000|8.3512612300
14000000|8.3512612300|8.3800256200|8.3512612300|8.3608493600|1726100|15041414.0000|8.3608493600
14050000|8.3608493600|8.3992018800|8.3608493600|8.3800256200|3273600|28606843.0000|8.3800256200
14100000|8.3800256200|8.4183781400|8.3704374900|8.3992018800|3124600|27352067.0000|8.3992018800
14150000|8.3992018800|8.4279662700|8.3992018800|8.4183781400|2475900|21730564.0000|8.4183781400
14200000|8.4183781400|8.4375544000|8.3896137500|8.4279662700|4307600|37798400.0000|8.4279662700
14250000|8.4279662700|8.4663187900|8.4279662700|8.4471425300|5639200|49707136.0000|8.4471425300
14300000|8.4471425300|8.4567306600|8.4279662700|8.4375544000|2483900|21867008.0000|8.4375544000
14350000|8.4375544000|8.4471425300|8.4183781400|8.4375544000|3214400|28274688.0000|8.4375544000
14400000|8.4375544000|8.4471425300|8.4183781400|8.4471425300|4312400|37951488.0000|8.4471425300
14450000|8.4471425300|8.4567306600|8.4471425300|8.4471425300|3485100|30719488.0000|8.4471425300
14500000|8.4471425300|8.4471425300|8.4279662700|8.4375544000|3556900|31315968.0000|8.4375544000
14550000|8.4375544000|8.4567306600|8.4375544000|8.4567306600|5091600|44887040.0000|8.4567306600
15000000|8.4567306600|8.4663187900|8.4471425300|8.4567306600|5631200|49657984.0000|8.4567306600
