09350000|26.6051201000|27.0779249000|26.6051201000|26.7725718000|5493580|149197624.0000|26.7725718000
09400000|26.7528716000|26.9498736000|26.2505165000|26.4376684000|4223147|113782036.0000|26.4376684000
09450000|26.4573686000|26.5361694000|25.9353133000|26.2603666000|5196716|138065412.0000|26.2603666000
09500000|26.2800668000|26.4672187000|26.1126151000|26.3194672000|2052436|54692304.0000|26.3194672000
09550000|26.3293173000|26.5854199000|26.2702167000|26.4672187000|1074258|28839904.0000|26.4672187000
10000000|26.4770688000|26.4770688000|26.2209662000|26.2406664000|1071420|28624384.0000|26.2406664000
10050000|26.2603666000|26.3982680000|26.2603666000|26.2800668000|739600|19779776.0000|26.2800668000
10100000|26.2800668000|26.4770688000|26.2800668000|26.4179682000|771602|20657072.0000|26.4179682000
10150000|26.4081181000|26.4179682000|26.3096171000|26.3687177000|551770|14764640.0000|26.3687177000
10200000|26.3687177000|26.3687177000|26.1126151000|26.2800668000|1093001|29070496.0000|26.2800668000
10250000|26.2899169000|26.3096171000|26.1323153000|26.1421654000|892399|23718944.0000|26.1421654000
10300000|26.1520155000|26.1520155000|25.9747137000|25.9747137000|1858432|49127744.0000|25.9747137000
10350000|25.9648636000|26.0929149000|25.9648636000|26.0042640000|1115113|29445152.0000|26.0042640000
10400000|26.0042640000|26.0732147000|25.9944139000|25.9944139000|694500|18349552.0000|25.9944139000
10450000|25.9845638000|25.9944139000|25.7284612000|25.9254632000|2126420|55859696.0000|25.9254632000
10500000|25.9057630000|25.9353133000|25.7678616000|25.8565125000|1014717|26635296.0000|25.8565125000
10550000|25.8663626000|25.9451634000|25.8466624000|25.8762127000|728916|19164704.0000|25.8762127000
11000000|25.8762127000|26.1618656000|25.8663626000|26.1224652000|658547|17395504.0000|26.1224652000
11050000|26.1126151000|26.1224652000|25.9845638000|26.0633646000|311888|8253856.0000|26.0633646000
11100000|26.0633646000|26.0732147000|25.9057630000|26.0042640000|406917|10728048.0000|26.0042640000
11150000|25.9845638000|26.0338143000|25.9550135000|25.9944139000|254883|6728464.0000|25.9944139000
11200000|25.9944139000|26.2209662000|25.9845638000|26.1520155000|531775|14094336.0000|26.1520155000
11250000|26.1421654000|26.1618656000|26.0830648000|26.1126151000|257051|6816480.0000|26.1126151000
11300000|26.1224652000|26.2702167000|26.1126151000|26.1717157000|337400|8974432.0000|26.1717157000
13050000|26.1618656000|26.1717157000|26.0042640000|26.0239642000|600444|15881664.0000|26.0239642000
13100000|26.0239642000|26.2308163000|26.0239642000|26.1914159000|353300|9392320.0000|26.1914159000
13150000|26.2012660000|26.2012660000|26.0338143000|26.0338143000|427600|11329136.0000|26.0338143000
13200000|26.0338143000|26.0732147000|25.9845638000|25.9845638000|823705|21769280.0000|25.9845638000
13250000|25.9944139000|26.4770688000|25.9845638000|26.4573686000|1453366|38877216.0000|26.4573686000
13300000|26.4573686000|26.6346704000|26.3982680000|26.3982680000|1243971|33515008.0000|26.3982680000
13350000|26.3982680000|26.6149702000|26.3687177000|26.5460195000|639100|17214816.0000|26.5460195000
13400000|26.5361694000|26.5952700000|26.4179682000|26.5952700000|440612|11860144.0000|26.5952700000
13450000|26.5854199000|26.5952700000|26.4869189000|26.5952700000|649699|17520016.0000|26.5952700000
13500000|26.5854199000|26.7627217000|26.5854199000|26.6740708000|856721|23205632.0000|26.6740708000
13550000|26.7134712000|26.7134712000|26.5263193000|26.5755698000|467883|12637248.0000|26.5755698000
14000000|26.5854199000|26.5952700000|26.3982680000|26.4770688000|392836|10562256.0000|26.4770688000
14050000|26.4770688000|26.5164692000|26.4278183000|26.5066191000|321185|8633968.0000|26.5066191000
14100000|26.4869189000|26.4967690000|26.3785678000|26.4179682000|365341|9798880.0000|26.4179682000
14150000|26.4179682000|26.4967690000|26.3982680000|26.4573686000|277612|7453840.0000|26.4573686000
14200000|26.4573686000|26.4967690000|26.4573686000|26.4967690000|265248|7128144.0000|26.4967690000
14250000|26.4967690000|26.6346704000|26.4573686000|26.4672187000|414154|11167680.0000|26.4672187000
14300000|26.4672187000|26.6051201000|26.4672187000|26.5952700000|291775|7863728.0000|26.5952700000
14350000|26.5854199000|26.5854199000|26.3884179000|26.3884179000|560582|15065744.0000|26.3884179000
14400000|26.3884179000|26.3884179000|26.2209662000|26.3490175000|697430|18624752.0000|26.3490175000
14450000|26.3588676000|26.3588676000|26.2603666000|26.3194672000|589711|15752080.0000|26.3194672000
14500000|26.3194672000|26.3293173000|26.1421654000|26.1520155000|864200|23038848.0000|26.1520155000
14550000|26.1421654000|26.2899169000|26.1224652000|26.2603666000|1170480|31139520.0000|26.2603666000
15000000|26.2603666000|26.2702167000|26.2111161000|26.2209662000|1411568|37583712.0000|26.2209662000
