09350000|7.5700009000|7.6388190900|7.5503385600|7.6289879200|6549100|50554780.0000|7.6289879200
09400000|7.6289879200|7.6781437700|7.6289879200|7.6289879200|6284100|48902964.0000|7.6289879200
09450000|7.6289879200|7.6584814300|7.6093255800|7.6191567500|5033100|39088816.0000|7.6191567500
09500000|7.6191567500|7.6289879200|7.5896632400|7.6191567500|2507900|19417040.0000|7.6191567500
09550000|7.6191567500|7.6191567500|7.5896632400|7.6191567500|2246200|17381856.0000|7.6191567500
10000000|7.6191567500|7.6191567500|7.5798320700|7.5896632400|2255300|17419616.0000|7.5896632400
10050000|7.5896632400|7.6093255800|7.5798320700|7.5896632400|2057900|15887184.0000|7.5896632400
10100000|7.5896632400|7.5994944100|7.5798320700|7.5896632400|1382000|10670624.0000|7.5896632400
10150000|7.5896632400|7.6093255800|7.5798320700|7.5994944100|1672500|12912224.0000|7.5994944100
10200000|7.5994944100|7.6191567500|7.5896632400|7.5896632400|1619000|12531984.0000|7.5896632400
10250000|7.5896632400|7.6289879200|7.5896632400|7.6289879200|1179700|9133888.0000|7.6289879200
10300000|7.6289879200|7.6388190900|7.6191567500|7.6191567500|1010200|7835120.0000|7.6191567500
10350000|7.6191567500|7.6289879200|7.5896632400|7.5896632400|1415100|10941488.0000|7.5896632400
10400000|7.5896632400|7.6093255800|7.5896632400|7.5994944100|672900|5198720.0000|7.5994944100
10450000|7.5994944100|7.6191567500|7.5994944100|7.6191567500|985600|7630720.0000|7.6191567500
10500000|7.6191567500|7.6388190900|7.6191567500|7.6388190900|1529400|11868288.0000|7.6388190900
10550000|7.6388190900|7.6388190900|7.5994944100|7.6191567500|1282100|9938944.0000|7.6191567500
11000000|7.6191567500|7.6191567500|7.5994944100|7.6093255800|501600|3883872.0000|7.6093255800
11050000|7.6093255800|7.6093255800|7.5896632400|7.5896632400|899400|6949696.0000|7.5896632400
11100000|7.5896632400|7.5994944100|7.5798320700|7.5994944100|537900|4152704.0000|7.5994944100
11150000|7.5994944100|7.6093255800|7.5896632400|7.5994944100|607100|4694848.0000|7.5994944100
11200000|7.5994944100|7.5994944100|7.5700009000|7.5700009000|1128500|8706144.0000|7.5700009000
11250000|7.5700009000|7.5700009000|7.5503385600|7.5601697300|1687000|12982816.0000|7.5601697300
11300000|7.5700009000|7.5700009000|7.5405073900|7.5503385600|1381500|10611264.0000|7.5503385600
13050000|7.5405073900|7.5405073900|7.4913515400|7.5110138800|2292500|17541792.0000|7.5110138800
13100000|7.5110138800|7.5208450500|7.4913515400|7.5208450500|1134300|8661504.0000|7.5208450500
13150000|7.5110138800|7.5306762200|7.5110138800|7.5110138800|570100|4358400.0000|7.5110138800
13200000|7.5110138800|7.5601697300|7.5011827100|7.5405073900|1601600|12282464.0000|7.5405073900
13250000|7.5405073900|7.5503385600|7.5306762200|7.5405073900|1002100|7689312.0000|7.5405073900
13300000|7.5405073900|7.5405073900|7.5208450500|7.5208450500|519400|3977440.0000|7.5208450500
13350000|7.5208450500|7.5503385600|7.5208450500|7.5503385600|894600|6859168.0000|7.5503385600
13400000|7.5503385600|7.5601697300|7.5405073900|7.5503385600|895500|6879552.0000|7.5503385600
13450000|7.5503385600|7.5503385600|7.5306762200|7.5306762200|420700|3225088.0000|7.5306762200
13500000|7.5405073900|7.5405073900|7.5011827100|7.5011827100|964300|7378080.0000|7.5011827100
13550000|7.5011827100|7.5110138800|7.4815203700|7.4913515400|1244300|9483200.0000|7.4913515400
14000000|7.4913515400|7.5208450500|7.4913515400|7.5110138800|878500|6702560.0000|7.5110138800
14050000|7.5110138800|7.5110138800|7.4815203700|7.4913515400|634500|4839200.0000|7.4913515400
14100000|7.4815203700|7.5011827100|7.4815203700|7.5011827100|666700|5079488.0000|7.5011827100
14150000|7.5011827100|7.5011827100|7.4716892000|7.4716892000|1135400|8636192.0000|7.4716892000
14200000|7.4716892000|7.4913515400|7.4716892000|7.4913515400|728600|5545088.0000|7.4913515400
14250000|7.4913515400|7.5110138800|7.4913515400|7.5110138800|706900|5393952.0000|7.5110138800
14300000|7.5110138800|7.5110138800|7.4815203700|7.4913515400|638300|4868192.0000|7.4913515400
14350000|7.4913515400|7.5011827100|7.4815203700|7.4913515400|523500|3989344.0000|7.4913515400
14400000|7.5011827100|7.5011827100|7.4815203700|7.4815203700|453800|3458720.0000|7.4815203700
14450000|7.4913515400|7.4913515400|7.4716892000|7.4716892000|888900|6764192.0000|7.4716892000
14500000|7.4716892000|7.4815203700|7.4520268600|7.4520268600|1402100|10645888.0000|7.4520268600
14550000|7.4520268600|7.4618580300|7.4421956900|7.4618580300|1757800|13323008.0000|7.4618580300
15000000|7.4618580300|7.4716892000|7.4618580300|7.4716892000|639800|4858240.0000|7.4716892000
