093500|8.2100|8.3300|8.1600|8.2400|8396900|69377840.0000|8.2400
094000|8.2400|8.5000|8.2300|8.4600|11002442|92486493.0000|8.4600
094500|8.4700|8.5500|8.4400|8.5500|10979714|93210102.0000|8.5500
095000|8.5500|8.6300|8.5200|8.5500|11223262|96274621.0000|8.5500
095500|8.5500|8.5600|8.5000|8.5200|3227674|27535008.0000|8.5200
100000|8.5300|8.5800|8.4800|8.4800|3806426|32486080.0000|8.4800
100500|8.4800|8.5000|8.4100|8.4100|3341900|28236096.0000|8.4100
101000|8.4000|8.4500|8.3800|8.4200|3464800|29141440.0000|8.4200
101500|8.4200|8.4400|8.3800|8.3900|2225400|18734944.0000|8.3900
102000|8.3900|8.4000|8.3500|8.3700|3532500|29579952.0000|8.3700
102500|8.3500|8.3800|8.3400|8.3500|2353200|19657488.0000|8.3500
103000|8.3500|8.3700|8.3400|8.3500|2004400|16742704.0000|8.3500
103500|8.3500|8.3900|8.3200|8.3900|1975585|16506272.0000|8.3900
104000|8.3900|8.4300|8.3600|8.3600|1415600|11884240.0000|8.3600
104500|8.3700|8.3800|8.3400|8.3500|964300|8065792.0000|8.3500
105000|8.3500|8.3700|8.3500|8.3700|946500|7913232.0000|8.3700
105500|8.3700|8.3900|8.3500|8.3700|1044400|8743360.0000|8.3700
110000|8.3800|8.3800|8.3500|8.3600|668302|5591600.0000|8.3600
110500|8.3700|8.3800|8.3400|8.3500|763100|6375536.0000|8.3500
111000|8.3500|8.3600|8.3300|8.3400|688300|5742624.0000|8.3400
111500|8.3500|8.3500|8.3300|8.3300|935800|7802336.0000|8.3300
112000|8.3500|8.3600|8.3300|8.3400|711900|5941840.0000|8.3400
112500|8.3400|8.3500|8.3200|8.3300|987300|8222352.0000|8.3300
113000|8.3300|8.3300|8.2900|8.2900|1343600|11165664.0000|8.2900
130500|8.3000|8.3500|8.3000|8.3300|1112600|9254096.0000|8.3300
131000|8.3300|8.3700|8.3200|8.3700|869400|7260080.0000|8.3700
131500|8.3700|8.3700|8.3100|8.3200|930100|7754320.0000|8.3200
132000|8.3200|8.3500|8.3200|8.3400|719500|6000976.0000|8.3400
132500|8.3300|8.3700|8.3300|8.3700|827000|6908320.0000|8.3700
133000|8.3700|8.3700|8.3300|8.3400|620500|5179872.0000|8.3400
133500|8.3400|8.3500|8.3200|8.3200|589700|4912560.0000|8.3200
134000|8.3200|8.3200|8.3000|8.3000|1222000|10148832.0000|8.3000
134500|8.3000|8.3100|8.2900|8.3000|861000|7146224.0000|8.3000
135000|8.2900|8.3000|8.2700|8.2800|1375700|11392640.0000|8.2800
135500|8.2700|8.3000|8.2600|8.2600|1211200|10025296.0000|8.2600
140000|8.2600|8.2700|8.2500|8.2600|1505743|12434656.0000|8.2600
140500|8.2600|8.2800|8.2400|8.2500|956868|7901520.0000|8.2500
141000|8.2500|8.2700|8.2500|8.2500|834543|6890544.0000|8.2500
141500|8.2500|8.2700|8.2500|8.2600|865700|7146928.0000|8.2600
142000|8.2600|8.2700|8.2200|8.2400|2075700|17089280.0000|8.2400
142500|8.2400|8.2600|8.2400|8.2400|636500|5250416.0000|8.2400
143000|8.2400|8.2400|8.2200|8.2400|1066200|8773632.0000|8.2400
143500|8.2400|8.2500|8.2300|8.2300|870000|7169520.0000|8.2300
144000|8.2300|8.2400|8.2200|8.2400|889585|7322336.0000|8.2400
144500|8.2300|8.2400|8.2100|8.2300|1649758|13559600.0000|8.2300
145000|8.2300|8.2300|8.2100|8.2200|1324100|10884272.0000|8.2200
145500|8.2300|8.2600|8.2100|8.2500|2513393|20707968.0000|8.2500
150000|8.2500|8.2600|8.2400|8.2500|1760862|14527008.0000|8.2500
