093500|6.8800|6.9100|6.8100|6.9000|3019400|20726818.0000|6.9000
094000|6.9000|6.9300|6.8900|6.9300|1336800|9238666.0000|6.9300
094500|6.9300|6.9500|6.9100|6.9500|1125853|7806623.7600|6.9500
095000|6.9400|6.9600|6.9300|6.9500|1529000|10616846.0000|6.9500
095500|6.9500|6.9800|6.9500|6.9700|2381000|16589370.0000|6.9700
100000|6.9700|7.0000|6.9700|6.9900|2832300|19776941.0000|6.9900
100500|6.9900|7.0200|6.9800|6.9900|1690600|11833090.6800|6.9900
101000|6.9900|7.0100|6.9800|7.0100|1487600|10414316.0000|7.0100
101500|7.0100|7.0300|7.0000|7.0200|1962432|13769183.0000|7.0200
102000|7.0200|7.0500|7.0100|7.0100|2588372|18211468.8300|7.0100
102500|7.0100|7.0300|7.0100|7.0200|946700|6644557.0000|7.0200
103000|7.0200|7.0300|7.0100|7.0300|948700|6660018.0000|7.0300
103500|7.0300|7.0300|7.0100|7.0200|895300|6287695.0000|7.0200
104000|7.0200|7.0400|7.0200|7.0200|1732500|12177444.0000|7.0200
104500|7.0300|7.0300|6.9900|6.9900|1156200|8105049.0000|6.9900
105000|6.9900|7.0000|6.9800|6.9900|945700|6607840.0000|6.9900
105500|6.9900|7.0300|6.9900|7.0300|1453000|10181721.0000|7.0300
110000|7.0300|7.0300|7.0100|7.0100|295200|2071305.0000|7.0100
110500|7.0200|7.0200|7.0000|7.0100|364500|2553213.0000|7.0100
111000|7.0100|7.0200|7.0000|7.0100|383800|2689729.0000|7.0100
111500|7.0000|7.0100|7.0000|7.0000|205000|1436375.0000|7.0000
112000|7.0100|7.0100|6.9800|7.0000|682800|4774367.0000|7.0000
112500|7.0000|7.0000|6.9900|7.0000|242300|1694473.0000|7.0000
113000|6.9900|7.0000|6.9800|6.9800|391600|2738038.0000|6.9800
130500|6.9900|6.9900|6.9600|6.9700|743600|5184625.0000|6.9700
131000|6.9700|6.9800|6.9600|6.9600|498800|3473581.0000|6.9600
131500|6.9700|6.9700|6.9600|6.9600|252300|1756689.0000|6.9600
132000|6.9700|6.9700|6.9400|6.9400|1342700|9336670.0000|6.9400
132500|6.9400|6.9600|6.9300|6.9500|568800|3949140.0000|6.9500
133000|6.9400|6.9600|6.9400|6.9500|180400|1254125.0000|6.9500
133500|6.9400|6.9500|6.9300|6.9500|435300|3021005.0000|6.9500
134000|6.9500|6.9600|6.9400|6.9500|505200|3511492.0000|6.9500
134500|6.9400|6.9500|6.9300|6.9500|307100|2131786.0000|6.9500
135000|6.9500|6.9600|6.9400|6.9600|463100|3217765.0000|6.9600
135500|6.9500|6.9600|6.9500|6.9500|404000|2808956.0000|6.9500
140000|6.9500|6.9600|6.9500|6.9500|407500|2834037.0000|6.9500
140500|6.9500|6.9600|6.9400|6.9500|420100|2919261.0000|6.9500
141000|6.9500|6.9600|6.9300|6.9500|807200|5605318.0000|6.9500
141500|6.9400|6.9500|6.9300|6.9500|593100|4115576.0000|6.9500
142000|6.9400|6.9500|6.9300|6.9400|586900|4074500.0000|6.9400
142500|6.9400|6.9400|6.9300|6.9400|689800|4783314.0000|6.9400
143000|6.9300|6.9400|6.9300|6.9400|501300|3475906.0000|6.9400
143500|6.9300|6.9400|6.9200|6.9300|858900|5948200.0000|6.9300
144000|6.9200|6.9300|6.9100|6.9200|920700|6370049.0000|6.9200
144500|6.9200|6.9300|6.9100|6.9200|796100|5507736.0000|6.9200
145000|6.9200|6.9300|6.9100|6.9200|1209200|8363683.0000|6.9200
145500|6.9100|6.9300|6.9100|6.9200|888800|6148603.0000|6.9200
150000|6.9200|6.9200|6.9000|6.9200|1155000|7987634.0000|6.9200
