093500|8.59|8.61|8.51|8.54|22745.0|19696030.0|8.57
094000|8.54|8.57|8.52|8.52|11731.0|10125648.0|8.54
094500|8.52|8.53|8.43|8.44|9776.0|8365341.0|8.52
095000|8.45|8.5|8.44|8.48|5226.0|4475925.0|8.44
095500|8.47|8.51|8.47|8.48|5429.0|4658180.0|8.48
100000|8.48|8.49|8.47|8.47|2551.0|2185995.0|8.48
100500|8.49|8.51|8.47|8.5|3425.0|2939168.0|8.47
101000|8.5|8.5|8.47|8.47|3400.0|2917105.0|8.5
101500|8.47|8.5|8.47|8.49|5492.0|4711268.0|8.47
102000|8.5|8.51|8.48|8.48|3871.0|3323877.0|8.49
102500|8.48|8.48|8.46|8.46|4134.0|3539457.0|8.48
103000|8.47|8.48|8.45|8.46|3051.0|2609806.0|8.46
103500|8.46|8.46|8.41|8.43|11198.0|9541069.0|8.46
104000|8.44|8.45|8.42|8.43|2349.0|2002665.0|8.43
104500|8.43|8.43|8.42|8.42|2537.0|2159707.0|8.43
105000|8.42|8.43|8.41|8.41|4182.0|3558736.0|8.42
105500|8.42|8.43|8.41|8.41|1867.0|1588323.0|8.41
110000|8.41|8.43|8.41|8.42|1769.0|1505711.0|8.41
110500|8.42|8.43|8.39|8.4|5841.0|4963467.0|8.42
111000|8.4|8.41|8.39|8.4|4709.0|3996559.0|8.4
111500|8.39|8.41|8.39|8.4|2990.0|2538447.0|8.4
112000|8.4|8.4|8.37|8.37|4359.0|3694306.0|8.4
112500|8.37|8.39|8.37|8.38|2547.0|2156996.0|8.37
113000|8.38|8.39|8.37|8.37|2581.0|2184115.0|8.38
130500|8.39|8.47|8.35|8.46|13252.0|11248335.0|8.37
131000|8.46|8.47|8.42|8.43|4773.0|4075454.0|8.46
131500|8.44|8.45|8.4|8.41|2424.0|2065927.0|8.43
132000|8.41|8.43|8.4|8.42|1234.0|1049543.0|8.41
132500|8.42|8.43|8.39|8.39|3454.0|2934789.0|8.42
133000|8.38|8.4|8.38|8.39|1869.0|1584575.0|8.39
133500|8.39|8.41|8.39|8.4|2254.0|1913907.0|8.39
134000|8.4|8.43|8.4|8.41|5410.0|4600085.0|8.4
134500|8.41|8.42|8.4|8.41|1223.0|1039697.0|8.41
135000|8.42|8.42|8.39|8.39|2027.0|1721303.0|8.41
135500|8.4|8.41|8.39|8.39|1653.0|1402911.0|8.39
140000|8.39|8.39|8.37|8.37|3580.0|3032918.0|8.39
140500|8.37|8.38|8.36|8.38|3780.0|3198318.0|8.37
141000|8.37|8.38|8.35|8.35|3322.0|2808519.0|8.38
141500|8.35|8.36|8.34|8.34|4872.0|4112079.0|8.35
142000|8.35|8.35|8.34|8.35|3048.0|2569668.0|8.34
142500|8.34|8.36|8.34|8.36|2483.0|2095205.0|8.35
143000|8.36|8.4|8.35|8.38|4129.0|3494147.0|8.36
143500|8.38|8.42|8.38|8.41|3624.0|3077256.0|8.38
144000|8.41|8.43|8.41|8.42|3324.0|2828554.0|8.41
144500|8.42|8.44|8.42|8.43|6410.0|5463104.0|8.42
145000|8.43|8.44|8.41|8.44|4726.0|4024493.0|8.43
145500|8.44|8.45|8.42|8.44|5263.0|4487952.0|8.44
150000|8.45|8.45|8.43|8.43|4055.0|3457800.0|8.44
