093500|11.4800|11.7200|11.4600|11.6800|2128500|24688316.0000|11.6800
094000|11.6800|11.7200|11.6400|11.6800|1389100|16243428.0000|11.6800
094500|11.6800|11.7800|11.6700|11.7100|1373500|16118356.0000|11.7100
095000|11.7100|11.7500|11.6800|11.6800|942200|11048440.0000|11.6800
095500|11.6800|11.7100|11.6700|11.6800|504400|5895384.0000|11.6800
100000|11.6800|11.6900|11.6600|11.6800|286600|3346000.0000|11.6800
100500|11.6800|11.6900|11.6300|11.6400|432000|5034432.0000|11.6400
101000|11.6400|11.6400|11.6200|11.6200|259300|3015304.0000|11.6200
101500|11.6200|11.6300|11.6000|11.6100|238200|2766464.0000|11.6100
102000|11.6100|11.6400|11.6000|11.6200|296000|3440528.0000|11.6200
102500|11.6200|11.6400|11.6100|11.6300|291600|3390864.0000|11.6300
103000|11.6300|11.6400|11.6000|11.6200|305000|3543704.0000|11.6200
103500|11.6200|11.6300|11.6000|11.6000|334300|3881696.0000|11.6000
104000|11.6000|11.6400|11.6000|11.6300|383300|4455008.0000|11.6300
104500|11.6300|11.6500|11.6100|11.6200|391400|4553432.0000|11.6200
105000|11.6200|11.6500|11.6100|11.6200|300900|3498400.0000|11.6200
105500|11.6300|11.6800|11.6300|11.6800|348000|4055784.0000|11.6800
110000|11.6600|11.6800|11.6100|11.6200|387200|4508448.0000|11.6200
110500|11.6200|11.6800|11.6000|11.6800|363800|4233368.0000|11.6800
111000|11.6800|11.6900|11.6500|11.6800|289500|3378736.0000|11.6800
111500|11.6700|11.6800|11.6300|11.6300|347900|4055216.0000|11.6300
112000|11.6400|11.6700|11.6200|11.6600|198900|2317056.0000|11.6600
112500|11.6600|11.6700|11.6200|11.6500|257900|3004352.0000|11.6500
113000|11.6500|11.6600|11.6400|11.6500|167200|1948848.0000|11.6500
130500|11.6600|11.6600|11.6100|11.6100|336200|3911888.0000|11.6100
131000|11.6200|11.6300|11.6000|11.6100|340200|3948944.0000|11.6100
131500|11.6100|11.6100|11.5800|11.5900|240500|2788192.0000|11.5900
132000|11.5900|11.5900|11.5700|11.5800|180100|2086416.0000|11.5800
132500|11.5800|11.5800|11.5600|11.5700|239800|2774752.0000|11.5700
133000|11.5700|11.5700|11.5500|11.5700|206900|2391616.0000|11.5700
133500|11.5700|11.5700|11.5600|11.5700|185500|2145328.0000|11.5700
134000|11.5600|11.5900|11.5600|11.5800|227800|2635936.0000|11.5800
134500|11.5800|11.5900|11.5700|11.5800|125100|1448352.0000|11.5800
135000|11.5800|11.5900|11.5600|11.5600|115300|1333856.0000|11.5600
135500|11.5600|11.5800|11.5500|11.5600|159100|1840064.0000|11.5600
140000|11.5600|11.5700|11.5600|11.5600|74400|860336.0000|11.5600
140500|11.5600|11.5800|11.5500|11.5800|256100|2961072.0000|11.5800
141000|11.5800|11.5800|11.5600|11.5600|114600|1325936.0000|11.5600
141500|11.5600|11.6100|11.5600|11.6000|307200|3558336.0000|11.6000
142000|11.6000|11.6000|11.5800|11.6000|140900|1633632.0000|11.6000
142500|11.6000|11.6000|11.5700|11.5700|86800|1005696.0000|11.5700
143000|11.5700|11.5800|11.5500|11.5700|181700|2101696.0000|11.5700
143500|11.5700|11.5900|11.5600|11.5900|195200|2258592.0000|11.5900
144000|11.5900|11.6000|11.5800|11.6000|188200|2181648.0000|11.6000
144500|11.6000|11.6000|11.5700|11.5700|153900|1784096.0000|11.5700
145000|11.5700|11.5900|11.5700|11.5900|255100|2954848.0000|11.5900
145500|11.5900|11.5900|11.5700|11.5700|213400|2470768.0000|11.5700
150000|11.5700|11.5900|11.5700|11.5700|378500|4382416.0000|11.5700
