093500|11.7|11.7|11.56|11.62|6839.0|7945939.0|11.72
094000|11.61|11.67|11.61|11.63|2898.0|3374664.0|11.62
094500|11.63|11.64|11.59|11.61|3003.0|3486188.0|11.63
095000|11.61|11.64|11.6|11.6|1763.0|2048108.0|11.61
095500|11.61|11.63|11.6|11.63|2199.0|2553274.0|11.6
100000|11.63|11.65|11.61|11.61|1753.0|2037817.0|11.63
100500|11.61|11.62|11.61|11.62|2735.0|3176155.0|11.61
101000|11.62|11.63|11.61|11.62|3848.0|4470376.0|11.62
101500|11.62|11.64|11.61|11.63|1245.0|1448107.0|11.62
102000|11.63|11.63|11.59|11.6|3872.0|4493955.0|11.63
102500|11.6|11.61|11.59|11.59|1595.0|1849975.0|11.6
103000|11.59|11.63|11.58|11.61|4433.0|5141138.0|11.59
103500|11.61|11.67|11.61|11.67|2236.0|2604245.0|11.61
104000|11.67|11.69|11.66|11.66|1947.0|2272959.0|11.67
104500|11.67|11.68|11.66|11.67|719.0|839037.0|11.66
105000|11.67|11.67|11.63|11.63|1686.0|1965256.0|11.67
105500|11.64|11.64|11.6|11.6|1265.0|1469506.0|11.63
110000|11.6|11.64|11.59|11.62|1359.0|1577492.0|11.6
110500|11.63|11.65|11.63|11.63|651.0|757617.0|11.62
111000|11.63|11.63|11.61|11.62|222.0|257984.0|11.63
111500|11.62|11.62|11.59|11.6|1216.0|1411124.0|11.62
112000|11.59|11.6|11.58|11.6|1278.0|1481214.0|11.6
112500|11.6|11.62|11.59|11.61|1058.0|1227713.0|11.6
113000|11.61|11.62|11.59|11.59|557.0|646235.0|11.61
130500|11.6|11.6|11.58|11.6|1553.0|1800096.0|11.59
131000|11.6|11.6|11.57|11.57|3832.0|4437376.0|11.6
131500|11.57|11.58|11.57|11.57|1154.0|1335499.0|11.57
132000|11.58|11.59|11.57|11.58|1691.0|1957213.0|11.57
132500|11.58|11.59|11.57|11.57|858.0|993604.0|11.58
133000|11.58|11.6|11.57|11.59|1007.0|1166098.0|11.57
133500|11.59|11.59|11.56|11.57|1578.0|1826063.0|11.59
134000|11.57|11.6|11.57|11.6|1270.0|1470861.0|11.57
134500|11.6|11.62|11.59|11.62|1092.0|1268005.0|11.6
135000|11.62|11.64|11.62|11.63|520.0|604547.0|11.62
135500|11.63|11.64|11.62|11.62|644.0|748625.0|11.63
140000|11.62|11.63|11.6|11.61|532.0|618057.0|11.62
140500|11.61|11.63|11.6|11.63|675.0|783885.0|11.61
141000|11.63|11.65|11.62|11.64|923.0|1074083.0|11.63
141500|11.65|11.65|11.62|11.63|669.0|778254.0|11.64
142000|11.62|11.62|11.59|11.59|1065.0|1235128.0|11.63
142500|11.6|11.6|11.57|11.58|1699.0|1968117.0|11.59
143000|11.58|11.59|11.57|11.58|807.0|933492.0|11.58
143500|11.59|11.61|11.58|11.6|1509.0|1749646.0|11.58
144000|11.6|11.61|11.58|11.6|893.0|1036070.0|11.6
144500|11.6|11.6|11.57|11.57|3394.0|3930526.0|11.6
145000|11.58|11.59|11.57|11.58|2389.0|2765805.0|11.57
145500|11.57|11.6|11.57|11.59|1707.0|1977665.0|11.58
150000|11.6|11.6|11.57|11.58|2094.0|2425800.0|11.59
