09350000|2.2900000000|2.2900000000|2.2500000000|2.2900000000|292607100|668134595.0000|2.2900000000
09400000|2.2900000000|2.2900000000|2.2900000000|2.2900000000|3477300|7962933.0000|2.2900000000
09450000|2.2900000000|2.2900000000|2.2900000000|2.2900000000|1623300|3717445.0000|2.2900000000
09500000|2.2900000000|2.2900000000|2.2900000000|2.2900000000|4218500|9660285.0000|2.2900000000
09550000|2.2900000000|2.2900000000|2.2900000000|2.2900000000|1162500|2662078.0000|2.2900000000
10000000|2.2900000000|2.2900000000|2.2900000000|2.2900000000|1284600|2941953.0000|2.2900000000
10050000|2.2900000000|2.2900000000|2.2900000000|2.2900000000|3346800|7664128.0000|2.2900000000
10100000|2.2900000000|2.2900000000|2.2700000000|2.2900000000|137281800|313852043.0000|2.2900000000
10150000|2.2900000000|2.2900000000|2.2900000000|2.2900000000|6141000|14062784.0000|2.2900000000
10200000|2.2900000000|2.2900000000|2.2900000000|2.2900000000|14065500|32209977.0000|2.2900000000
10250000|2.2900000000|2.2900000000|2.2500000000|2.2600000000|67791500|154026879.0000|2.2600000000
10300000|2.2700000000|2.2800000000|2.2500000000|2.2800000000|46865000|106207492.0000|2.2800000000
10350000|2.2800000000|2.2900000000|2.2800000000|2.2900000000|34042300|77898239.0000|2.2900000000
10400000|2.2900000000|2.2900000000|2.2900000000|2.2900000000|7518900|17218300.0000|2.2900000000
10450000|2.2900000000|2.2900000000|2.2900000000|2.2900000000|1262800|2891910.0000|2.2900000000
10500000|2.2900000000|2.2900000000|2.2900000000|2.2900000000|2225600|5096439.0000|2.2900000000
10550000|2.2900000000|2.2900000000|2.2800000000|2.2900000000|27525000|63002755.0000|2.2900000000
11000000|2.2900000000|2.2900000000|2.2900000000|2.2900000000|7600800|17405565.0000|2.2900000000
11050000|2.2900000000|2.2900000000|2.2900000000|2.2900000000|7294900|16705292.0000|2.2900000000
11100000|2.2900000000|2.2900000000|2.2800000000|2.2900000000|16075800|36811641.0000|2.2900000000
11150000|2.2900000000|2.2900000000|2.2800000000|2.2900000000|13154900|30102402.0000|2.2900000000
11200000|2.2900000000|2.2900000000|2.2800000000|2.2900000000|11168700|25562362.0000|2.2900000000
11250000|2.2900000000|2.2900000000|2.2900000000|2.2900000000|2160400|4947469.0000|2.2900000000
11300000|2.2900000000|2.2900000000|2.2900000000|2.2900000000|1332600|3051649.0000|2.2900000000
13050000|2.2900000000|2.2900000000|2.2900000000|2.2900000000|7677800|17582080.0000|2.2900000000
13100000|2.2900000000|2.2900000000|2.2900000000|2.2900000000|1242500|2845303.0000|2.2900000000
13150000|2.2900000000|2.2900000000|2.2900000000|2.2900000000|8958100|20514052.0000|2.2900000000
13200000|2.2900000000|2.2900000000|2.2800000000|2.2900000000|10073900|23048960.0000|2.2900000000
13250000|2.2900000000|2.2900000000|2.2900000000|2.2900000000|307200|703360.0000|2.2900000000
13300000|2.2900000000|2.2900000000|2.2900000000|2.2900000000|272400|623739.0000|2.2900000000
13350000|2.2900000000|2.2900000000|2.2900000000|2.2900000000|457700|1048192.0000|2.2900000000
13400000|2.2900000000|2.2900000000|2.2900000000|2.2900000000|373800|855936.0000|2.2900000000
13450000|2.2900000000|2.2900000000|2.2900000000|2.2900000000|224100|513277.0000|2.2900000000
13500000|2.2900000000|2.2900000000|2.2900000000|2.2900000000|186500|427008.0000|2.2900000000
13550000|2.2900000000|2.2900000000|2.2900000000|2.2900000000|229800|526208.0000|2.2900000000
14000000|2.2900000000|2.2900000000|2.2900000000|2.2900000000|228400|523015.0000|2.2900000000
14050000|2.2900000000|2.2900000000|2.2900000000|2.2900000000|343900|787584.0000|2.2900000000
14100000|2.2900000000|2.2900000000|2.2900000000|2.2900000000|85900|196608.0000|2.2900000000
14150000|2.2900000000|2.2900000000|2.2900000000|2.2900000000|150100|343929.0000|2.2900000000
14200000|2.2900000000|2.2900000000|2.2900000000|2.2900000000|340400|779520.0000|2.2900000000
14250000|2.2900000000|2.2900000000|2.2900000000|2.2900000000|372500|852992.0000|2.2900000000
14300000|2.2900000000|2.2900000000|2.2900000000|2.2900000000|226000|517509.0000|2.2900000000
14350000|2.2900000000|2.2900000000|2.2900000000|2.2900000000|274600|628736.0000|2.2900000000
14400000|2.2900000000|2.2900000000|2.2900000000|2.2900000000|131800|302080.0000|2.2900000000
14450000|2.2900000000|2.2900000000|2.2900000000|2.2900000000|267000|611205.0000|2.2900000000
14500000|2.2900000000|2.2900000000|2.2900000000|2.2900000000|242800|556032.0000|2.2900000000
14550000|2.2900000000|2.2900000000|2.2900000000|2.2900000000|1809400|4143616.0000|2.2900000000
15000000|2.2900000000|2.2900000000|2.2900000000|2.2900000000|465200|1065333.0000|2.2900000000
