093500|1.46|1.48|1.46|1.47|45418.0|6675738.0|1.47
094000|1.47|1.48|1.46|1.46|37343.0|5488780.0|1.47
094500|1.47|1.47|1.46|1.46|9181.0|1340817.0|1.46
095000|1.46|1.47|1.45|1.45|83111.0|12133048.0|1.46
095500|1.45|1.47|1.45|1.46|52807.0|7709410.0|1.45
100000|1.45|1.47|1.45|1.46|29611.0|4323009.0|1.46
100500|1.46|1.46|1.45|1.46|6404.0|933607.0|1.46
101000|1.46|1.46|1.45|1.45|11127.0|1619635.0|1.46
101500|1.45|1.46|1.45|1.46|7092.0|1035222.0|1.45
102000|1.45|1.46|1.45|1.46|11783.0|1716901.0|1.46
102500|1.46|1.46|1.45|1.46|17426.0|2543173.0|1.46
103000|1.46|1.47|1.46|1.47|1593.0|232983.0|1.46
103500|1.47|1.47|1.46|1.47|11623.0|1697119.0|1.47
104000|1.46|1.47|1.46|1.46|37649.0|5497052.0|1.47
104500|1.46|1.47|1.46|1.46|1494.0|218157.0|1.46
105000|1.46|1.47|1.46|1.47|933.0|136366.0|1.46
105500|1.47|1.47|1.46|1.46|4394.0|641533.0|1.47
110000|1.47|1.47|1.46|1.46|2758.0|404881.0|1.46
110500|1.47|1.47|1.46|1.46|98236.0|14440057.0|1.46
111000|1.46|1.47|1.46|1.47|1889.0|277083.0|1.46
111500|1.47|1.47|1.46|1.47|978.0|143109.0|1.47
112000|1.47|1.47|1.46|1.46|1041.0|152374.0|1.47
112500|1.46|1.47|1.46|1.46|683.0|99938.0|1.46
113000|1.47|1.47|1.46|1.46|1802.0|263472.0|1.46
130500|1.46|1.47|1.46|1.46|2784.0|407437.0|1.46
131000|1.46|1.47|1.46|1.46|1260.0|184821.0|1.46
131500|1.47|1.47|1.46|1.46|874.0|127892.0|1.46
132000|1.47|1.47|1.46|1.46|927.0|135953.0|1.46
132500|1.47|1.47|1.46|1.46|2181.0|319393.0|1.46
133000|1.46|1.47|1.46|1.47|2320.0|339127.0|1.46
133500|1.47|1.47|1.46|1.46|7511.0|1096769.0|1.47
134000|1.47|1.47|1.46|1.46|4298.0|628291.0|1.46
134500|1.46|1.47|1.46|1.46|14292.0|2090294.0|1.46
135000|1.46|1.47|1.46|1.46|3206.0|468712.0|1.46
135500|1.47|1.47|1.46|1.47|2220.0|324640.0|1.46
140000|1.47|1.47|1.46|1.47|1720.0|251658.0|1.47
140500|1.46|1.47|1.46|1.47|9826.0|1434793.0|1.47
141000|1.46|1.47|1.46|1.46|2312.0|337693.0|1.47
141500|1.47|1.47|1.46|1.46|2496.0|364581.0|1.46
142000|1.46|1.47|1.46|1.46|6917.0|1009969.0|1.46
142500|1.47|1.47|1.46|1.46|5549.0|810388.0|1.46
143000|1.46|1.47|1.46|1.47|4685.0|688181.0|1.46
143500|1.47|1.47|1.46|1.47|3111.0|456801.0|1.47
144000|1.46|1.47|1.46|1.46|12616.0|1843349.0|1.47
144500|1.47|1.47|1.46|1.47|4298.0|629347.0|1.46
145000|1.46|1.47|1.46|1.46|3437.0|503121.0|1.47
145500|1.47|1.47|1.46|1.47|24083.0|3518662.0|1.46
150000|1.46|1.47|1.46|1.46|48384.0|7066113.0|1.47
