093500|1.53|1.56|1.52|1.54|207317.0|31922961.0|1.54
094000|1.53|1.54|1.52|1.53|54247.0|8291875.0|1.54
094500|1.53|1.54|1.52|1.54|72380.0|11077172.0|1.53
095000|1.54|1.55|1.53|1.54|80550.0|12411165.0|1.54
095500|1.55|1.55|1.53|1.54|23656.0|3642330.0|1.54
100000|1.54|1.54|1.52|1.53|52329.0|8006142.0|1.54
100500|1.52|1.53|1.52|1.52|9461.0|1439989.0|1.53
101000|1.52|1.53|1.52|1.53|44290.0|6752357.0|1.52
101500|1.53|1.53|1.51|1.53|59919.0|9107567.0|1.53
102000|1.53|1.53|1.52|1.53|2913.0|443763.0|1.53
102500|1.52|1.52|1.51|1.52|18544.0|2817166.0|1.53
103000|1.51|1.52|1.51|1.51|13901.0|2099584.0|1.52
103500|1.51|1.52|1.51|1.51|4927.0|745166.0|1.51
104000|1.51|1.52|1.51|1.52|9531.0|1445665.0|1.51
104500|1.52|1.52|1.51|1.52|9611.0|1456330.0|1.52
105000|1.51|1.52|1.51|1.51|4282.0|648205.0|1.52
105500|1.52|1.52|1.51|1.52|6443.0|977726.0|1.51
110000|1.52|1.52|1.51|1.52|3039.0|460997.0|1.52
110500|1.51|1.52|1.51|1.51|12722.0|1921538.0|1.52
111000|1.51|1.52|1.5|1.51|45124.0|6812927.0|1.51
111500|1.51|1.51|1.5|1.51|22917.0|3459985.0|1.51
112000|1.51|1.51|1.5|1.51|11108.0|1677202.0|1.51
112500|1.51|1.51|1.5|1.51|2504.0|376885.0|1.51
113000|1.5|1.51|1.5|1.51|14632.0|2197022.0|1.51
130500|1.5|1.51|1.5|1.5|8067.0|1215762.0|1.51
131000|1.5|1.51|1.5|1.51|2182.0|328266.0|1.5
131500|1.51|1.51|1.5|1.51|2975.0|447287.0|1.51
132000|1.5|1.51|1.5|1.51|6571.0|987870.0|1.51
132500|1.5|1.51|1.5|1.5|2439.0|367365.0|1.51
133000|1.5|1.51|1.5|1.5|1627.0|244929.0|1.5
133500|1.5|1.51|1.5|1.5|11017.0|1653382.0|1.5
134000|1.5|1.51|1.5|1.5|9756.0|1466741.0|1.5
134500|1.51|1.51|1.5|1.5|12352.0|1855273.0|1.5
135000|1.5|1.51|1.5|1.5|2033.0|305508.0|1.5
135500|1.5|1.51|1.5|1.5|2523.0|378631.0|1.5
140000|1.5|1.51|1.5|1.5|1821.0|273722.0|1.5
140500|1.5|1.51|1.5|1.5|3626.0|544314.0|1.5
141000|1.51|1.51|1.5|1.51|4349.0|653115.0|1.5
141500|1.5|1.51|1.5|1.51|4605.0|693094.0|1.51
142000|1.5|1.51|1.49|1.5|114261.0|17125531.0|1.51
142500|1.49|1.51|1.49|1.5|28719.0|4307708.0|1.5
143000|1.5|1.51|1.49|1.5|18064.0|2708941.0|1.5
143500|1.5|1.51|1.49|1.5|31553.0|4731332.0|1.5
144000|1.5|1.51|1.49|1.51|16258.0|2440105.0|1.5
144500|1.5|1.51|1.5|1.5|21160.0|3192084.0|1.51
145000|1.51|1.51|1.5|1.51|7969.0|1200986.0|1.5
145500|1.51|1.51|1.5|1.51|26721.0|4015172.0|1.51
150000|1.5|1.51|1.5|1.5|25714.0|3862254.0|1.51
