093500|6.0700|6.0800|6.0700|6.0700|1285800|7808743.0000|6.0700
094000|6.0700|6.0800|6.0700|6.0700|2521600|15312043.0000|6.0700
094500|6.0700|6.0900|6.0700|6.0800|890000|5408774.0000|6.0800
095000|6.0800|6.0900|6.0800|6.0800|521500|3173704.0000|6.0800
095500|6.0800|6.1000|6.0800|6.0900|1097600|6683956.0000|6.0900
100000|6.0900|6.1000|6.0900|6.1000|590700|3598904.0000|6.1000
100500|6.0900|6.1000|6.0800|6.0800|855100|5207604.0000|6.0800
101000|6.0800|6.1000|6.0800|6.0900|621100|3784576.0000|6.0900
101500|6.1000|6.1000|6.0900|6.0900|198200|1207884.0000|6.0900
102000|6.1000|6.1000|6.0900|6.1000|448800|2735536.0000|6.1000
102500|6.0900|6.1100|6.0900|6.0900|2164200|13200300.0000|6.0900
103000|6.1000|6.1000|6.0900|6.1000|327300|1993624.0000|6.1000
103500|6.1000|6.1000|6.0800|6.0900|660700|4023624.0000|6.0900
104000|6.0900|6.1000|6.0900|6.0900|330900|2016680.0000|6.0900
104500|6.0900|6.1000|6.0800|6.0900|613100|3734088.0000|6.0900
105000|6.0900|6.1000|6.0900|6.1000|261900|1596464.0000|6.1000
105500|6.0900|6.1000|6.0900|6.1000|742900|4530744.0000|6.1000
110000|6.1000|6.1000|6.0900|6.1000|385000|2348440.0000|6.1000
110500|6.1000|6.1100|6.1000|6.1000|311500|1900576.0000|6.1000
111000|6.1000|6.1100|6.1000|6.1000|110100|671816.0000|6.1000
111500|6.1000|6.1000|6.0900|6.1000|472100|2879640.0000|6.1000
112000|6.1000|6.1000|6.0900|6.1000|43500|265192.0000|6.1000
112500|6.1000|6.1000|6.0900|6.1000|70800|431680.0000|6.1000
113000|6.1000|6.1000|6.0900|6.1000|213700|1302608.0000|6.1000
130500|6.1000|6.1000|6.0900|6.1000|672000|4096512.0000|6.1000
131000|6.1000|6.1100|6.1000|6.1100|769800|4699384.0000|6.1100
131500|6.1100|6.1100|6.1000|6.1100|292900|1788816.0000|6.1100
132000|6.1100|6.1300|6.1100|6.1100|3040400|18596352.0000|6.1100
132500|6.1100|6.1200|6.1100|6.1200|188400|1152664.0000|6.1200
133000|6.1200|6.1200|6.1100|6.1100|348600|2132784.0000|6.1100
133500|6.1100|6.1200|6.1100|6.1100|187300|1144896.0000|6.1100
134000|6.1100|6.1200|6.1100|6.1200|330700|2023552.0000|6.1200
134500|6.1100|6.1200|6.1100|6.1200|187200|1144168.0000|6.1200
135000|6.1200|6.1200|6.1100|6.1200|274000|1676552.0000|6.1200
135500|6.1200|6.1200|6.1100|6.1200|82900|507008.0000|6.1200
140000|6.1200|6.1200|6.1100|6.1200|278900|1705792.0000|6.1200
140500|6.1200|6.1200|6.1100|6.1100|256800|1571216.0000|6.1100
141000|6.1200|6.1300|6.1100|6.1200|890800|5452192.0000|6.1200
141500|6.1200|6.1300|6.1200|6.1300|272200|1666688.0000|6.1300
142000|6.1200|6.1300|6.1200|6.1300|163200|999408.0000|6.1300
142500|6.1200|6.1300|6.1200|6.1200|125800|770608.0000|6.1200
143000|6.1200|6.1300|6.1200|6.1300|371000|2271472.0000|6.1300
143500|6.1200|6.1300|6.1100|6.1200|688400|4214160.0000|6.1200
144000|6.1200|6.1300|6.1100|6.1100|613200|3751440.0000|6.1100
144500|6.1200|6.1200|6.1100|6.1100|595000|3639472.0000|6.1100
145000|6.1100|6.1300|6.1100|6.1200|769600|4708144.0000|6.1200
145500|6.1200|6.1300|6.1100|6.1100|833600|5101360.0000|6.1100
150000|6.1200|6.1200|6.1100|6.1200|395600|2418832.0000|6.1200
