093500|34.45|35.07|34.35|34.77|2735.0|9741858.0|34.29
094000|34.69|34.7|34.42|34.49|528.0|1868739.0|34.77
094500|34.49|34.83|34.49|34.81|595.0|2115403.0|34.49
095000|34.78|34.97|34.78|34.88|631.0|2254045.0|34.81
095500|34.85|35.02|34.82|34.95|1133.0|4048674.0|34.88
100000|34.91|35.04|34.89|34.89|866.0|3102051.0|34.95
100500|34.9|35.0|34.85|34.88|424.0|1516652.0|34.89
101000|34.91|35.12|34.87|34.94|1011.0|3628441.0|34.88
101500|34.94|35.02|34.9|35.0|579.0|2073174.0|34.94
102000|35.02|35.16|35.01|35.1|788.0|2833760.0|35.0
102500|35.09|35.09|34.97|35.0|321.0|1151738.0|35.1
103000|35.0|35.07|34.99|35.02|330.0|1184019.0|35.0
103500|35.04|35.14|35.02|35.09|426.0|1531991.0|35.02
104000|35.08|35.08|34.96|34.96|426.0|1527486.0|35.09
104500|34.96|34.97|34.94|34.95|158.0|565894.0|34.96
105000|34.95|34.95|34.91|34.91|162.0|579666.0|34.95
105500|34.92|34.94|34.91|34.91|98.0|350675.0|34.91
110000|34.91|34.91|34.85|34.88|336.0|1200840.0|34.91
110500|34.9|35.51|34.88|35.43|2380.0|8602556.0|34.88
111000|35.43|35.43|35.3|35.38|889.0|3222004.0|35.43
111500|35.36|35.36|35.21|35.28|211.0|762280.0|35.38
112000|35.28|35.35|35.25|35.29|271.0|979656.0|35.28
112500|35.3|35.3|35.21|35.28|214.0|773047.0|35.29
113000|35.3|35.39|35.28|35.37|425.0|1539079.0|35.28
130500|35.43|35.85|35.39|35.47|1995.0|7271283.0|35.37
131000|35.49|35.52|35.4|35.43|339.0|1231417.0|35.47
131500|35.43|35.43|35.28|35.37|546.0|1980169.0|35.43
132000|35.37|35.38|35.32|35.35|366.0|1325393.0|35.37
132500|35.39|35.55|35.38|35.51|276.0|1002616.0|35.35
133000|35.53|35.62|35.53|35.56|799.0|2912677.0|35.51
133500|35.56|35.81|35.56|35.77|777.0|2842783.0|35.56
134000|35.77|35.77|35.71|35.74|358.0|1310808.0|35.77
134500|35.71|35.72|35.63|35.64|163.0|595447.0|35.74
135000|35.64|35.66|35.63|35.63|122.0|445472.0|35.64
135500|35.64|35.72|35.63|35.66|348.0|1271562.0|35.63
140000|35.67|35.71|35.59|35.71|197.0|719129.0|35.66
140500|35.71|35.72|35.62|35.64|209.0|763958.0|35.71
141000|35.63|35.65|35.56|35.59|211.0|769684.0|35.64
141500|35.56|35.66|35.56|35.66|143.0|521529.0|35.59
142000|35.65|35.65|35.55|35.6|304.0|1108243.0|35.66
142500|35.59|35.66|35.59|35.65|221.0|806830.0|35.6
143000|35.65|35.72|35.65|35.69|249.0|910744.0|35.65
143500|35.69|35.71|35.63|35.65|310.0|1132257.0|35.69
144000|35.64|35.68|35.61|35.66|498.0|1818580.0|35.65
144500|35.65|35.65|35.58|35.63|614.0|2239520.0|35.66
145000|35.63|35.65|35.6|35.64|450.0|1642197.0|35.63
145500|35.65|35.68|35.58|35.59|940.0|3431456.0|35.64
150000|35.58|35.58|35.48|35.48|690.0|2510221.0|35.59
