093500|40.3|40.3|39.7|39.7|766.0|3059675.0|40.16
094000|39.7|39.85|39.66|39.78|645.0|2563047.0|39.7
094500|39.75|40.13|39.7|39.88|714.0|2839431.0|39.78
095000|39.88|39.88|39.71|39.8|1112.0|4425726.0|39.88
095500|39.8|39.98|39.72|39.93|350.0|1393109.0|39.8
100000|39.8|40.19|39.72|39.72|796.0|3187069.0|39.93
100500|39.72|39.83|39.71|39.74|355.0|1411581.0|39.72
101000|39.71|39.73|39.45|39.45|1515.0|6004159.0|39.74
101500|39.45|39.49|39.33|39.42|612.0|2411778.0|39.45
102000|39.44|39.48|39.4|39.47|415.0|1636901.0|39.42
102500|39.47|39.61|39.47|39.54|197.0|778657.0|39.47
103000|39.54|39.56|39.54|39.55|97.0|383650.0|39.54
103500|39.55|39.55|39.48|39.48|145.0|572701.0|39.55
104000|39.47|39.48|39.44|39.48|139.0|548429.0|39.48
104500|39.48|39.52|39.48|39.48|98.0|387128.0|39.48
105000|39.46|39.52|39.43|39.43|297.0|1172068.0|39.48
105500|39.49|39.77|39.42|39.58|417.0|1650652.0|39.43
110000|39.48|39.99|39.48|39.6|872.0|3461194.0|39.58
110500|39.6|39.62|39.51|39.62|138.0|545845.0|39.6
111000|39.62|39.62|39.55|39.55|87.0|344420.0|39.62
111500|39.55|39.56|39.51|39.56|197.0|778826.0|39.55
112000|39.56|39.56|39.49|39.49|116.0|458527.0|39.56
112500|39.48|39.48|39.44|39.47|117.0|461687.0|39.49
113000|39.45|39.46|39.38|39.39|385.0|1517480.0|39.47
130500|39.39|39.4|39.15|39.21|867.0|3406559.0|39.39
131000|39.2|39.2|39.06|39.16|293.0|1146820.0|39.21
131500|39.16|39.18|39.02|39.03|380.0|1484738.0|39.16
132000|39.06|39.17|39.02|39.03|324.0|1265682.0|39.03
132500|39.03|39.07|38.86|38.92|1116.0|4351023.0|39.03
133000|38.92|39.0|38.91|39.0|464.0|1806819.0|38.92
133500|39.0|39.08|38.93|39.08|428.0|1668259.0|39.0
134000|39.08|39.19|39.05|39.16|238.0|930915.0|39.08
134500|39.14|39.59|39.14|39.48|589.0|2319575.0|39.16
135000|39.43|39.43|39.2|39.25|342.0|1343538.0|39.48
135500|39.25|39.25|39.17|39.17|266.0|1042869.0|39.25
140000|39.16|39.16|39.0|39.15|557.0|2174648.0|39.17
140500|39.15|39.45|39.14|39.29|293.0|1150590.0|39.15
141000|39.22|39.28|39.16|39.22|178.0|697746.0|39.29
141500|39.22|39.22|39.17|39.18|331.0|1297308.0|39.22
142000|39.18|39.24|39.17|39.21|311.0|1219430.0|39.18
142500|39.2|39.24|39.19|39.24|352.0|1380143.0|39.21
143000|39.24|39.24|39.19|39.22|323.0|1266690.0|39.24
143500|39.2|39.25|39.2|39.24|434.0|1702476.0|39.22
144000|39.25|39.35|39.21|39.34|384.0|1508197.0|39.24
144500|39.34|39.47|39.33|39.39|548.0|2158159.0|39.34
145000|39.39|39.67|39.39|39.53|899.0|3559272.0|39.39
145500|39.53|39.91|39.53|39.9|1482.0|5901228.0|39.53
150000|39.95|40.15|39.86|40.08|1533.0|6133957.0|39.9
