093500|18.3|18.57|18.18|18.21|3669.0|6759839.0|18.28
094000|18.22|18.34|18.21|18.31|896.0|1638797.0|18.21
094500|18.3|18.38|18.3|18.36|530.0|972067.0|18.31
095000|18.36|18.43|18.34|18.43|918.0|1688247.0|18.36
095500|18.4|18.4|18.35|18.39|506.0|930033.0|18.43
100000|18.38|18.43|18.38|18.41|372.0|684787.0|18.39
100500|18.41|18.41|18.35|18.4|459.0|843805.0|18.41
101000|18.39|18.41|18.26|18.38|648.0|1189306.0|18.4
101500|18.38|18.4|18.36|18.39|190.0|349212.0|18.38
102000|18.38|18.45|18.35|18.44|574.0|1056986.0|18.39
102500|18.44|18.52|18.42|18.52|937.0|1731369.0|18.44
103000|18.51|18.51|18.49|18.5|218.0|403333.0|18.52
103500|18.49|18.54|18.45|18.53|563.0|1041445.0|18.5
104000|18.54|18.57|18.52|18.52|1132.0|2099551.0|18.53
104500|18.52|18.53|18.5|18.5|193.0|357410.0|18.52
105000|18.5|18.63|18.49|18.61|1571.0|2915884.0|18.5
105500|18.6|18.61|18.54|18.56|334.0|620369.0|18.61
110000|18.57|18.58|18.54|18.56|343.0|636556.0|18.56
110500|18.56|18.57|18.52|18.52|144.0|267002.0|18.56
111000|18.51|18.53|18.5|18.5|183.0|338713.0|18.52
111500|18.5|18.5|18.45|18.45|189.0|349086.0|18.5
112000|18.47|18.49|18.46|18.49|244.0|450875.0|18.45
112500|18.48|18.48|18.47|18.48|77.0|142291.0|18.49
113000|18.49|18.5|18.48|18.49|63.0|116504.0|18.48
130500|18.5|18.51|18.48|18.5|160.0|295943.0|18.49
131000|18.49|18.49|18.46|18.46|301.0|556008.0|18.5
131500|18.46|18.47|18.45|18.47|295.0|544482.0|18.46
132000|18.46|18.52|18.46|18.52|359.0|663397.0|18.47
132500|18.52|18.56|18.52|18.54|355.0|657847.0|18.52
133000|18.56|18.56|18.54|18.54|183.0|339476.0|18.54
133500|18.54|18.55|18.52|18.52|318.0|589382.0|18.54
134000|18.52|18.54|18.49|18.5|287.0|531220.0|18.52
134500|18.5|18.51|18.5|18.51|96.0|177603.0|18.5
135000|18.5|18.51|18.47|18.47|167.0|308935.0|18.51
135500|18.47|18.47|18.46|18.47|267.0|493115.0|18.47
140000|18.47|18.51|18.47|18.51|136.0|251400.0|18.47
140500|18.48|18.5|18.47|18.5|79.0|146028.0|18.51
141000|18.49|18.51|18.47|18.5|368.0|680605.0|18.5
141500|18.5|18.52|18.5|18.51|121.0|223986.0|18.5
142000|18.51|18.52|18.51|18.52|43.0|79616.0|18.51
142500|18.52|18.53|18.51|18.52|159.0|294458.0|18.52
143000|18.52|18.52|18.5|18.51|95.0|175837.0|18.52
143500|18.51|18.52|18.51|18.52|81.0|149973.0|18.51
144000|18.52|18.58|18.51|18.57|738.0|1368336.0|18.52
144500|18.57|18.6|18.57|18.6|508.0|944090.0|18.57
145000|18.59|18.65|18.55|18.64|1622.0|3016443.0|18.6
145500|18.64|18.65|18.62|18.65|1146.0|2135852.0|18.64
150000|18.65|18.65|18.62|18.64|1563.0|2912770.0|18.65
