09350000|43.6071550300|43.9739349200|42.9231601000|43.9243700700|6458500|283858528.0000|43.9243700700
09400000|43.9243700700|44.1523683800|43.7360236400|43.8648922500|4221700|187129760.0000|43.8648922500
09450000|43.8648922500|43.9640219500|43.6170680000|43.9640219500|2454200|108344708.0000|43.9640219500
09500000|43.9640219500|44.0928905600|43.7955014600|43.8748052200|2840600|125955837.0000|43.8748052200
09550000|43.8748052200|43.9937608600|43.6666328500|43.8748052200|2023800|89512443.0000|43.8748052200
10000000|43.8748052200|44.1226294700|43.5972420600|44.1127165000|2966100|131158334.0000|44.1127165000
10050000|44.1127165000|44.5885390600|44.1127165000|44.4596704500|4580800|205124038.0000|44.4596704500
10100000|44.4596704500|44.4596704500|44.0334127400|44.1028035300|1871700|83598592.0000|44.1028035300
10150000|44.1028035300|44.2217591700|44.0036738300|44.0829775900|1503200|66887428.0000|44.0829775900
10200000|44.0829775900|44.2514980800|44.0036738300|44.0631516500|1435500|63912188.0000|44.0631516500
10250000|44.0631516500|44.5984520300|44.0631516500|44.5092353000|3815800|171237760.0000|44.5092353000
10300000|44.5092353000|44.5092353000|44.1028035300|44.1028035300|1657100|74110592.0000|44.1028035300
10350000|44.1028035300|44.1920202600|44.0135868000|44.1127165000|1698500|75591558.0000|44.1127165000
10400000|44.1127165000|44.2118462000|44.0135868000|44.1721943200|1432700|63732865.0000|44.1721943200
10450000|44.1721943200|44.1721943200|43.9045441300|43.9441960100|1109100|49211761.0000|43.9441960100
10500000|43.9441960100|44.0829775900|43.8153274000|43.9937608600|956400|42385921.0000|43.9937608600
10550000|43.9937608600|44.1622813500|43.9838478900|44.1325424400|935400|41609727.0000|44.1325424400
11000000|44.1325424400|44.1721943200|44.0334127400|44.0532386800|578600|25747854.0000|44.0532386800
11050000|44.0532386800|44.2415851100|43.9838478900|44.0135868000|707900|31512186.0000|44.0135868000
11100000|44.0135868000|44.1127165000|43.8847181900|43.8946311600|520000|23074951.0000|43.8946311600
11150000|43.8946311600|43.9640219500|43.8450663100|43.8450663100|709300|31409149.0000|43.8450663100
11200000|43.8450663100|43.8648922500|43.6963717600|43.8648922500|928600|41021436.0000|43.8648922500
11250000|43.8648922500|43.8946311600|43.7360236400|43.7955014600|579400|25596672.0000|43.7955014600
11300000|43.7955014600|44.4101056000|43.7955014600|44.3803666900|2632200|117366656.0000|44.3803666900
13050000|44.4894093600|44.4894093600|43.9045441300|44.0135868000|1644500|73350150.0000|44.0135868000
13100000|44.0135868000|44.0730646200|43.8847181900|43.9045441300|983900|43660797.0000|43.9045441300
13150000|43.9045441300|43.9144571000|43.7955014600|43.8450663100|1063100|47020027.0000|43.8450663100
13200000|43.8450663100|43.8450663100|43.6864587900|43.7955014600|1131500|49931776.0000|43.7955014600
13250000|43.7955014600|43.9640219500|43.7955014600|43.8946311600|730400|32313860.0000|43.8946311600
13300000|43.8946311600|43.8946311600|43.7161977000|43.7161977000|545100|24072188.0000|43.7161977000
13350000|43.7161977000|43.7657625500|43.6368939400|43.6666328500|1159800|51091968.0000|43.6666328500
13400000|43.6666328500|43.6765458200|43.5675031500|43.6170680000|1028100|45240576.0000|43.6170680000
13450000|43.6170680000|43.6666328500|43.5476772100|43.6468069100|676500|29750784.0000|43.6468069100
13500000|43.6468069100|43.7955014600|43.5873290900|43.7955014600|681000|29999872.0000|43.7955014600
13550000|43.7955014600|43.7955014600|43.6170680000|43.6170680000|577200|25433344.0000|43.6170680000
14000000|43.6170680000|43.6170680000|43.4386345400|43.4881993900|862500|37879552.0000|43.4881993900
14050000|43.4881993900|43.5675031500|43.3989826600|43.4683734500|971400|42587904.0000|43.4683734500
14100000|43.4683734500|43.5377642400|43.3692437500|43.3890696900|892100|39099648.0000|43.3890696900
14150000|43.3890696900|43.5377642400|43.3791567200|43.5278512700|856700|37534464.0000|43.5278512700
14200000|43.5278512700|43.5278512700|43.3196789000|43.3989826600|843300|36929280.0000|43.3989826600
14250000|43.3989826600|43.4188086000|43.2602010800|43.3890696900|1126700|49244160.0000|43.3890696900
14300000|43.3890696900|43.3989826600|43.2899399900|43.3692437500|822100|35943680.0000|43.3692437500
14350000|43.3692437500|43.5675031500|43.3692437500|43.4782864200|1042800|45755904.0000|43.4782864200
14400000|43.4782864200|43.5476772100|43.2403751400|43.2403751400|1235200|54035456.0000|43.2403751400
14450000|43.2403751400|43.3791567200|43.1908102900|43.3395048400|1254900|54777344.0000|43.3395048400
14500000|43.3395048400|43.3890696900|43.2403751400|43.2403751400|1567900|68502528.0000|43.2403751400
14550000|43.2403751400|43.4188086000|43.2304621700|43.2701140500|2116200|92478208.0000|43.2701140500
15000000|43.2701140500|43.2800270200|43.2205492000|43.2205492000|1073100|46810880.0000|43.2205492000
