093500|39.85|40.49|39.66|40.45|40140.0|162480317.0|40.02
094000|40.48|40.61|40.26|40.35|40918.0|167239845.0|40.45
094500|40.31|40.58|40.31|40.52|32408.0|132485368.0|40.35
095000|40.52|40.56|40.31|40.31|21362.0|87181998.0|40.52
095500|40.31|40.5|40.28|40.46|21006.0|85624313.0|40.31
100000|40.47|40.62|40.47|40.57|32733.0|133932892.0|40.46
100500|40.56|40.63|40.46|40.61|23450.0|95978512.0|40.57
101000|40.6|40.8|40.59|40.69|32702.0|134205737.0|40.61
101500|40.73|40.75|40.64|40.75|14183.0|58233311.0|40.69
102000|40.76|40.88|40.68|40.68|26889.0|110636381.0|40.75
102500|40.67|40.73|40.55|40.58|16106.0|66076969.0|40.68
103000|40.59|40.6|40.46|40.46|17075.0|69820206.0|40.58
103500|40.45|40.54|40.34|40.34|22611.0|92266590.0|40.46
104000|40.35|40.54|40.32|40.48|17858.0|72819983.0|40.34
104500|40.49|40.55|40.45|40.48|17462.0|71349229.0|40.48
105000|40.48|40.53|40.38|40.51|8886.0|36252278.0|40.48
105500|40.51|40.51|40.36|40.39|10917.0|44494570.0|40.51
110000|40.38|40.38|40.17|40.31|33022.0|134150241.0|40.39
110500|40.3|40.51|40.3|40.44|11277.0|45966193.0|40.31
111000|40.44|40.5|40.42|40.42|9784.0|39931511.0|40.44
111500|40.42|40.5|40.42|40.44|14329.0|58476932.0|40.42
112000|40.43|40.51|40.41|40.51|12869.0|52509435.0|40.44
112500|40.52|40.56|40.46|40.52|12245.0|50038589.0|40.51
113000|40.51|40.59|40.5|40.58|12237.0|50078438.0|40.52
130500|40.57|40.58|40.47|40.55|22514.0|92105546.0|40.58
131000|40.55|40.55|40.4|40.42|16181.0|66034570.0|40.55
131500|40.42|40.51|40.42|40.51|9954.0|40623712.0|40.42
132000|40.51|40.54|40.48|40.54|9235.0|37733413.0|40.51
132500|40.53|40.55|40.46|40.47|7764.0|31721244.0|40.54
133000|40.46|40.56|40.46|40.53|10624.0|43422216.0|40.47
133500|40.53|40.63|40.52|40.63|12844.0|52575087.0|40.53
134000|40.63|40.72|40.61|40.62|16961.0|69567848.0|40.63
134500|40.62|40.69|40.59|40.59|15010.0|61554112.0|40.62
135000|40.6|40.65|40.58|40.58|10062.0|41222720.0|40.59
135500|40.59|40.64|40.56|40.6|10873.0|44551532.0|40.58
140000|40.59|40.63|40.57|40.63|9389.0|38454634.0|40.6
140500|40.63|40.64|40.59|40.63|10729.0|43968430.0|40.63
141000|40.64|40.65|40.55|40.56|9340.0|38251772.0|40.63
141500|40.57|40.57|40.49|40.51|13807.0|56439069.0|40.56
142000|40.5|40.52|40.49|40.51|11263.0|46023367.0|40.51
142500|40.52|40.54|40.51|40.54|10123.0|41385506.0|40.51
143000|40.54|40.63|40.54|40.61|15548.0|63672029.0|40.54
143500|40.61|40.64|40.52|40.56|21560.0|88285915.0|40.61
144000|40.57|40.59|40.53|40.57|26737.0|109399688.0|40.56
144500|40.56|40.6|40.56|40.59|19060.0|78033955.0|40.57
145000|40.59|40.63|40.57|40.63|22723.0|93068580.0|40.59
145500|40.63|40.64|40.6|40.63|25376.0|104003229.0|40.63
150000|40.63|40.64|40.63|40.64|19766.0|81031668.0|40.63
