09350000|68.70989065|69.67956694|68.70989065|69.40531506|24500|1730719.0|69.40531506
09400000|69.42490448|69.6403881|69.3465468|69.47387803|19500|1383473.0|69.47387803
09450000|69.41510977|69.41510977|68.70009594|68.70989065|14800|1042166.0|68.70989065
09500000|68.70009594|69.17024202|68.69030123|69.16044731|9400|662177.0|69.16044731
09550000|69.28777854|69.31716267|68.86660601|69.16044731|12900|910047.0|69.16044731
10000000|69.16044731|69.2485997|68.88619543|69.18983144|6200|437404.0|69.18983144
10050000|69.17024202|69.43469919|69.04291079|69.10167905|8400|594125.0|69.10167905
10100000|69.16044731|69.42490448|69.14085789|69.41510977|4700|332242.0|69.41510977
10150000|69.37593093|69.43469919|69.06250021|69.06250021|4100|290313.0|69.06250021
10200000|69.06250021|69.20942086|68.88619543|68.96455311|7000|493567.0|68.96455311
10250000|68.96455311|69.13106318|68.88619543|68.9547584|17800|1253455.0|68.9547584
10300000|69.04291079|69.08208963|68.86660601|68.90578485|14200|1000244.0|68.90578485
10350000|69.00373195|69.542441|69.00373195|69.35634151|11800|834321.0|69.35634151
10400000|69.35634151|69.50326216|69.20942086|69.23880499|18400|1303274.0|69.23880499
10450000|69.40531506|69.46408332|69.06250021|69.06250021|21900|1549140.0|69.06250021
10500000|69.16044731|69.16044731|68.8568113|69.00373195|25700|1809564.0|69.00373195
10550000|68.90578485|69.14085789|68.88619543|68.94496369|29300|2063330.0|68.94496369
11000000|68.9547584|69.43469919|68.9547584|69.43469919|50200|3541574.0|69.43469919
11050000|69.43469919|69.542441|69.30736796|69.30736796|9600|680548.0|69.30736796
11100000|69.30736796|69.36613622|69.19962615|69.29757325|2600|183958.0|69.29757325
11150000|69.29757325|69.32695738|69.12126847|69.12126847|4600|325198.0|69.12126847
11200000|69.18983144|69.29757325|69.06250021|69.29757325|3800|268404.0|69.29757325
11250000|69.26818912|69.26818912|69.07229492|69.26818912|3400|240210.0|69.26818912
11300000|69.26818912|69.26818912|68.92537427|69.11147376|5600|395198.0|69.11147376
13050000|69.18003673|69.49346745|69.06250021|69.36613622|9700|685900.0|69.36613622
13100000|69.30736796|69.47387803|69.27798383|69.43469919|5200|368576.0|69.43469919
13150000|69.43469919|69.46408332|69.29757325|69.45428861|8000|566996.0|69.45428861
13200000|69.43469919|69.46408332|69.27798383|69.3465468|6900|489132.0|69.3465468
13250000|69.43469919|69.4444939|69.12126847|69.31716267|6700|474628.0|69.31716267
13300000|69.3465468|69.35634151|69.21921557|69.21921557|6500|460066.0|69.21921557
13350000|69.18003673|69.26818912|69.06250021|69.1506526|6600|466118.0|69.1506526
13400000|69.1506526|69.21921557|69.06250021|69.18983144|10200|720222.0|69.18983144
13450000|69.1506526|69.22901028|69.08208963|69.14085789|12000|847588.0|69.14085789
13500000|69.1506526|69.18003673|69.06250021|69.06250021|5500|388126.0|69.06250021
13550000|69.06250021|69.16044731|69.03311608|69.13106318|8500|599616.0|69.13106318
14000000|69.1506526|69.2485997|69.07229492|69.17024202|7600|536684.0|69.17024202
14050000|69.17024202|69.18003673|68.89599014|68.89599014|13400|944686.0|68.89599014
14100000|68.97434782|69.12126847|68.89599014|69.10167905|12100|852468.0|69.10167905
14150000|69.08208963|69.22901028|69.06250021|69.17024202|6900|487114.0|69.17024202
14200000|69.10167905|69.12126847|69.01352666|69.0527055|6700|472536.0|69.0527055
14250000|69.0527055|69.20942086|69.0527055|69.17024202|5900|416608.0|69.17024202
14300000|69.16044731|69.18983144|69.12126847|69.16044731|8600|607144.0|69.16044731
14350000|69.16044731|69.16044731|68.9547584|68.97434782|10600|747420.0|68.97434782
14400000|68.97434782|69.07229492|68.97434782|69.02332137|13200|930492.0|69.02332137
14450000|69.02332137|69.06250021|68.9547584|69.06250021|7300|514496.0|69.06250021
14500000|69.00373195|69.07229492|68.96455311|68.99393724|11000|775412.0|68.99393724
14550000|68.99393724|68.99393724|68.91557956|68.9547584|8400|591392.0|68.9547584
15000000|68.96455311|69.0527055|68.9547584|69.0527055|10200|718792.0|69.0527055
