09350000|48.1176941|48.1176941|47.3272597|47.89044421|86900|4200896.0|47.89044421
09400000|47.89044421|48.39434614|47.86080292|48.18685711|92900|4526725.0|48.18685711
09450000|48.13745496|48.59195474|48.13745496|48.42398743|51400|2518018.0|48.42398743
09500000|48.43386786|48.47338958|48.18685711|48.38446571|27500|1344896.0|48.38446571
09550000|48.38446571|48.5129113|48.3153027|48.49315044|56000|2747388.0|48.49315044
10000000|48.45362872|48.47338958|48.16709625|48.16709625|8400|410810.0|48.16709625
10050000|48.18685711|48.2164984|47.94972679|48.00900937|28600|1391797.0|48.00900937
10100000|48.02877023|48.10781367|47.99912894|48.10781367|22600|1098640.0|48.10781367
10150000|48.12757453|48.12757453|47.94972679|47.94972679|15400|748656.0|47.94972679
10200000|47.93984636|47.94972679|47.80152034|47.88056378|20800|1008156.0|47.88056378
10250000|47.88056378|47.97936808|47.88056378|47.88056378|9200|446400.0|47.88056378
10300000|47.88056378|47.98924851|47.88056378|47.9200855|10900|528812.0|47.9200855
10350000|47.92996593|47.99912894|47.92996593|47.95960722|10700|519524.0|47.95960722
10400000|47.93984636|47.94972679|47.84104206|47.84104206|11400|552878.0|47.84104206
10450000|47.86080292|47.95960722|47.84104206|47.9200855|22600|1095268.0|47.9200855
10500000|47.94972679|47.95960722|47.71259647|47.80152034|44300|2143682.0|47.80152034
10550000|47.80152034|47.80152034|47.68295518|47.69283561|10200|492810.0|47.69283561
11000000|47.71259647|47.76199862|47.59403131|47.70271604|21800|1051748.0|47.70271604
11050000|47.7224769|47.81140077|47.6236726|47.81140077|17900|864352.0|47.81140077
11100000|47.75211819|47.76199862|47.70271604|47.74223776|20300|980918.0|47.74223776
11150000|47.74223776|47.74223776|47.60391174|47.60391174|6200|299208.0|47.60391174
11200000|47.53474873|47.67307475|47.53474873|47.67307475|13400|645588.0|47.67307475
11250000|47.69283561|47.69283561|47.64343346|47.67307475|2400|115796.0|47.67307475
11300000|47.67307475|47.68295518|47.54462916|47.54462916|12400|597352.0|47.54462916
13050000|47.54462916|47.54462916|47.43594443|47.50510744|16900|812170.0|47.50510744
13100000|47.5248683|47.63355303|47.5248683|47.56439002|30200|1453246.0|47.56439002
13150000|47.56439002|47.8212812|47.56439002|47.8212812|13900|670680.0|47.8212812
13200000|47.8212812|48.0188898|47.80152034|47.93984636|20300|984860.0|47.93984636
13250000|47.93984636|48.14733539|47.93984636|48.14733539|22900|1114888.0|48.14733539
13300000|48.19673754|48.26590055|48.13745496|48.26590055|29600|1443584.0|48.26590055
13350000|48.29554184|48.29554184|47.90032464|47.95960722|14700|716240.0|47.95960722
13400000|47.95960722|48.06829195|47.95960722|47.96948765|12500|607240.0|47.96948765
13450000|47.96948765|48.18685711|47.96948765|48.16709625|31900|1551900.0|48.16709625
13500000|48.18685711|48.39434614|48.17697668|48.39434614|25100|1227180.0|48.39434614
13550000|48.37458528|48.5129113|48.37458528|48.49315044|24000|1177108.0|48.49315044
14000000|48.44374829|48.75004162|48.44374829|48.70063947|43700|2149652.0|48.70063947
14050000|48.70063947|48.87848721|48.70063947|48.83896549|50400|2489148.0|48.83896549
14100000|48.83896549|48.88836764|48.7105199|48.88836764|61700|3047920.0|48.88836764
14150000|48.87848721|48.88836764|48.75004162|48.8093242|52100|2574628.0|48.8093242
14200000|48.8093242|48.87848721|48.74016119|48.75004162|70000|3456604.0|48.75004162
14250000|48.75004162|48.93776979|48.66111775|48.93776979|95500|4718812.0|48.93776979
14300000|48.95753065|49.08597624|48.82908506|48.98717194|84200|4173452.0|48.98717194
14350000|48.98717194|49.35274785|48.96741108|49.35274785|75800|3769280.0|49.35274785
14400000|49.35274785|49.45155215|49.23418269|49.33298699|103000|5146144.0|49.33298699
14450000|49.33298699|49.33298699|49.2045414|49.29346527|43700|2178672.0|49.29346527
14500000|49.28358484|49.36262828|49.27370441|49.3033457|58800|2935680.0|49.3033457
14550000|49.3033457|49.46143258|49.3033457|49.46143258|81700|4084800.0|49.46143258
15000000|49.47131301|49.57999774|49.38238914|49.56023688|74600|3738792.0|49.56023688
