09350000|45.7463909|45.7463909|45.14368467|45.19308682|59800|2744478.0|45.19308682
09400000|45.1535651|45.18320639|45.0547608|45.08440209|37500|1712488.0|45.08440209
09450000|45.08440209|45.36105413|45.08440209|45.33141284|12600|576631.0|45.33141284
09500000|45.36105413|45.43021714|45.18320639|45.26224983|9400|431213.0|45.26224983
09550000|45.26224983|45.26224983|44.97571736|44.99547822|37200|1698095.0|44.99547822
10000000|44.9559565|44.9559565|44.8571522|44.87691306|27000|1226949.0|44.87691306
10050000|44.83739134|44.89667392|44.73858704|44.86703263|28300|1283324.0|44.86703263
10100000|44.89667392|44.99547822|44.89667392|44.9559565|23000|1046209.0|44.9559565
10150000|44.9559565|44.96583693|44.91643478|44.92631521|8400|382150.0|44.92631521
10200000|44.92631521|44.97571736|44.87691306|44.88679349|28200|1282317.0|44.88679349
10250000|44.88679349|44.92631521|44.86703263|44.91643478|19400|881789.0|44.91643478
10300000|44.91643478|45.10416295|44.8571522|45.10416295|14200|646265.0|45.10416295
10350000|45.09428252|45.22272811|45.06464123|45.14368467|12400|566342.0|45.14368467
10400000|45.14368467|45.20296725|45.06464123|45.11404338|16800|767428.0|45.11404338
10450000|45.1535651|45.30177155|45.1535651|45.20296725|23900|1093507.0|45.20296725
10500000|45.20296725|45.20296725|45.02511951|45.0547608|12100|552319.0|45.0547608
10550000|45.04488037|45.12392381|45.02511951|45.02511951|8800|401372.0|45.02511951
11000000|45.02511951|45.17332596|45.00535865|45.13380424|7600|346760.0|45.13380424
11050000|45.12392381|45.12392381|45.00535865|45.03499994|6800|310244.0|45.03499994
11100000|45.04488037|45.04488037|44.98559779|45.03499994|8000|364474.0|45.03499994
11150000|45.03499994|45.07452166|45.01523908|45.02511951|9000|410328.0|45.02511951
11200000|45.04488037|45.0547608|45.01523908|45.04488037|9200|419382.0|45.04488037
11250000|45.0547608|45.07452166|45.04488037|45.07452166|3700|168752.0|45.07452166
11300000|45.07452166|45.13380424|45.04488037|45.12392381|6200|282916.0|45.12392381
13050000|45.0547608|45.11404338|44.99547822|45.06464123|7900|360050.0|45.06464123
13100000|45.04488037|45.1535651|45.04488037|45.12392381|8700|397138.0|45.12392381
13150000|45.11404338|45.16344553|45.07452166|45.12392381|4600|210076.0|45.12392381
13200000|45.12392381|45.1535651|45.11404338|45.13380424|5500|251264.0|45.13380424
13250000|45.14368467|45.14368467|45.06464123|45.14368467|14400|657600.0|45.14368467
13300000|45.14368467|45.16344553|45.09428252|45.09428252|4600|210114.0|45.09428252
13350000|45.11404338|45.13380424|45.08440209|45.08440209|2700|123282.0|45.08440209
13400000|45.09428252|45.13380424|45.06464123|45.11404338|7100|324116.0|45.11404338
13450000|45.11404338|45.11404338|45.07452166|45.07452166|7300|333172.0|45.07452166
13500000|45.06464123|45.06464123|45.04488037|45.06464123|5900|269056.0|45.06464123
13550000|45.06464123|45.07452166|44.9559565|44.9559565|24700|1125122.0|44.9559565
14000000|44.94607607|44.97571736|44.87691306|44.90655435|7300|331942.0|44.90655435
14050000|44.90655435|44.94607607|44.88679349|44.92631521|12400|563576.0|44.92631521
14100000|44.92631521|44.96583693|44.89667392|44.89667392|10700|486664.0|44.89667392
14150000|44.92631521|44.93619564|44.90655435|44.92631521|8100|368248.0|44.92631521
14200000|44.90655435|44.90655435|44.86703263|44.87691306|13300|604280.0|44.87691306
14250000|44.86703263|44.90655435|44.83739134|44.88679349|16000|726470.0|44.88679349
14300000|44.87691306|44.89667392|44.83739134|44.83739134|4100|186168.0|44.83739134
14350000|44.83739134|44.86703263|44.82751091|44.82751091|12500|567306.0|44.82751091
14400000|44.83739134|44.83739134|44.76822833|44.79786962|12900|585084.0|44.79786962
14450000|44.79786962|44.89667392|44.79786962|44.8571522|15600|707710.0|44.8571522
14500000|44.89667392|44.89667392|44.7583479|44.7583479|25200|1142826.0|44.7583479
14550000|44.7583479|44.76822833|44.62002188|44.62990231|93000|4207336.0|44.62990231
15000000|44.62990231|44.66942403|44.62002188|44.62002188|55500|2507144.0|44.62002188
