093500|62.42|62.82|62.0|62.43|979.0|6094697.0|62.42
094000|62.51|62.67|62.34|62.52|352.0|2200775.0|62.43
094500|62.49|62.65|62.34|62.62|351.0|2194541.0|62.52
095000|62.62|62.85|62.56|62.74|459.0|2878823.0|62.62
095500|62.72|63.0|62.65|63.0|710.0|4461367.0|62.74
100000|62.91|63.22|62.91|62.93|1145.0|7219623.0|63.0
100500|62.91|63.42|62.91|63.21|1298.0|8206655.0|62.93
101000|63.23|63.53|63.2|63.34|662.0|4196989.0|63.21
101500|63.34|63.58|63.32|63.42|729.0|4624948.0|63.34
102000|63.35|63.5|63.19|63.21|328.0|2076896.0|63.42
102500|63.21|63.6|63.15|63.45|1215.0|7710086.0|63.21
103000|63.5|63.5|63.3|63.46|351.0|2225260.0|63.45
103500|63.49|63.49|63.2|63.2|341.0|2159341.0|63.46
104000|63.2|63.26|63.15|63.15|203.0|1283012.0|63.2
104500|63.1|63.15|63.02|63.02|128.0|807424.0|63.15
105000|63.02|63.07|63.0|63.06|104.0|655548.0|63.02
105500|63.05|63.1|63.01|63.09|152.0|958661.0|63.06
110000|63.09|63.15|63.02|63.07|246.0|1551578.0|63.09
110500|63.07|63.36|63.07|63.31|314.0|1984441.0|63.07
111000|63.29|63.3|63.25|63.29|61.0|385940.0|63.31
111500|63.29|63.3|63.24|63.26|100.0|632694.0|63.29
112000|63.26|63.26|63.2|63.21|89.0|562650.0|63.26
112500|63.21|63.36|63.21|63.34|635.0|4014426.0|63.21
113000|63.31|63.32|63.18|63.22|107.0|676594.0|63.34
130500|63.22|63.26|63.15|63.25|132.0|834143.0|63.22
131000|63.2|63.3|63.16|63.29|82.0|518635.0|63.25
131500|63.29|63.4|63.2|63.26|385.0|2437293.0|63.29
132000|63.26|63.26|63.15|63.16|337.0|2130688.0|63.26
132500|63.17|63.18|63.11|63.13|112.0|707193.0|63.16
133000|63.16|63.16|63.07|63.1|157.0|990733.0|63.13
133500|63.11|63.17|63.11|63.17|55.0|347280.0|63.1
134000|63.18|63.3|63.18|63.27|350.0|2213188.0|63.17
134500|63.25|63.28|63.2|63.25|76.0|480623.0|63.27
135000|63.23|63.25|63.15|63.21|138.0|872374.0|63.25
135500|63.21|63.27|63.12|63.17|209.0|1320775.0|63.21
140000|63.17|63.19|63.09|63.11|126.0|795305.0|63.17
140500|63.1|63.11|63.07|63.11|118.0|744471.0|63.11
141000|63.1|63.1|63.02|63.02|155.0|977355.0|63.11
141500|63.02|63.04|62.96|62.96|173.0|1089956.0|63.02
142000|62.96|63.09|62.95|63.09|129.0|812919.0|62.96
142500|63.08|63.08|63.0|63.03|131.0|825795.0|63.09
143000|63.02|63.07|63.0|63.0|131.0|825562.0|63.03
143500|63.0|63.07|63.0|63.03|162.0|1021122.0|63.0
144000|63.02|63.06|62.99|63.05|82.0|516810.0|63.03
144500|63.05|63.06|63.02|63.04|237.0|1494055.0|63.05
145000|63.03|63.08|63.01|63.02|371.0|2338674.0|63.04
145500|63.02|63.04|62.9|62.9|487.0|3067819.0|63.02
150000|62.96|63.07|62.92|62.94|253.0|1592771.0|62.9
