093500|43.46|43.6|43.2|43.47|2224.0|9631480.0|43.46
094000|43.52|43.58|43.28|43.44|2544.0|11053696.0|43.47
094500|43.43|43.52|43.28|43.51|1862.0|8083619.0|43.44
095000|43.44|43.49|43.1|43.11|2414.0|10435225.0|43.51
095500|43.11|43.25|42.8|42.8|4062.0|17452993.0|43.11
100000|42.82|43.0|42.82|42.85|2282.0|9790126.0|42.8
100500|42.85|42.99|42.85|42.89|1361.0|5841492.0|42.85
101000|42.9|43.0|42.84|42.87|1337.0|5734399.0|42.89
101500|42.86|42.87|42.74|42.85|2089.0|8942940.0|42.87
102000|42.85|42.86|42.77|42.81|951.0|4069493.0|42.85
102500|42.82|42.83|42.76|42.81|1329.0|5686607.0|42.81
103000|42.82|42.82|42.63|42.66|1752.0|7482316.0|42.81
103500|42.63|42.89|42.63|42.82|1014.0|4337578.0|42.66
104000|42.86|42.87|42.78|42.84|1500.0|6423820.0|42.82
104500|42.84|42.92|42.75|42.76|1120.0|4797379.0|42.84
105000|42.75|42.83|42.68|42.8|924.0|3951180.0|42.76
105500|42.79|42.8|42.72|42.78|991.0|4238720.0|42.8
110000|42.79|42.79|42.65|42.65|1742.0|7441970.0|42.78
110500|42.65|42.78|42.62|42.74|1593.0|6800212.0|42.65
111000|42.74|42.86|42.68|42.85|1005.0|4296894.0|42.74
111500|42.85|42.9|42.7|42.77|1810.0|7747350.0|42.85
112000|42.78|42.86|42.7|42.86|1031.0|4409868.0|42.77
112500|42.87|42.9|42.82|42.85|757.0|3243954.0|42.86
113000|42.84|42.87|42.81|42.83|685.0|2934218.0|42.85
130500|42.83|43.1|42.68|43.1|1742.0|7467838.0|42.83
131000|43.1|43.2|42.95|43.03|1265.0|5446057.0|43.1
131500|43.02|43.07|42.97|43.05|816.0|3510091.0|43.03
132000|43.04|43.04|42.8|42.8|786.0|3375935.0|43.05
132500|42.82|42.82|42.68|42.72|1111.0|4748237.0|42.8
133000|42.71|42.86|42.71|42.78|818.0|3499570.0|42.72
133500|42.77|42.9|42.76|42.8|997.0|4270716.0|42.78
134000|42.8|42.91|42.75|42.81|989.0|4233579.0|42.8
134500|42.81|42.85|42.73|42.76|642.0|2745869.0|42.81
135000|42.76|42.86|42.72|42.72|756.0|3234794.0|42.76
135500|42.74|42.74|42.6|42.62|1670.0|7121288.0|42.72
140000|42.61|42.62|42.57|42.57|1444.0|6150476.0|42.62
140500|42.57|42.69|42.53|42.61|1651.0|7032959.0|42.57
141000|42.62|42.62|42.45|42.46|1908.0|8111232.0|42.61
141500|42.46|42.46|42.38|42.4|1964.0|8331869.0|42.46
142000|42.38|42.44|42.37|42.38|1053.0|4463901.0|42.4
142500|42.38|42.41|42.26|42.26|1178.0|4988377.0|42.38
143000|42.26|42.41|42.22|42.35|1347.0|5699455.0|42.26
143500|42.4|42.41|42.15|42.3|2486.0|10502853.0|42.35
144000|42.3|42.36|42.2|42.2|1841.0|7783060.0|42.3
144500|42.26|42.35|42.17|42.2|2408.0|10175479.0|42.2
145000|42.21|42.27|42.08|42.1|3450.0|14546893.0|42.2
145500|42.15|42.32|42.11|42.17|2381.0|10047782.0|42.1
150000|42.23|42.3|42.17|42.3|1851.0|7822356.0|42.17
