093500|28.0400|28.3400|28.0000|28.2100|111100|3127862.0000|28.2100
094000|28.2100|28.2500|28.1400|28.2200|62454|1760667.0000|28.2200
094500|28.2200|28.2500|28.2100|28.2400|30700|866621.0000|28.2400
095000|28.2400|28.2400|28.1100|28.1700|84500|2379142.0000|28.1700
095500|28.1700|28.2300|28.1700|28.2300|40300|1136634.0000|28.2300
100000|28.2300|28.2300|28.1300|28.1600|48100|1354700.0000|28.1600
100500|28.1600|28.3300|28.1600|28.2800|63000|1780921.0000|28.2800
101000|28.2800|28.2900|28.2000|28.2700|31700|895144.0000|28.2700
101500|28.2500|28.2700|28.2400|28.2700|61800|1746099.0000|28.2700
102000|28.2700|28.4000|28.2600|28.3400|101200|2865082.0000|28.3400
102500|28.3400|28.3700|28.3000|28.3100|18800|532633.0000|28.3100
103000|28.3000|28.3100|28.2800|28.2800|26100|738646.0000|28.2800
103500|28.2800|28.2800|28.2500|28.2500|28100|794250.0000|28.2500
104000|28.2500|28.3000|28.2500|28.2800|21400|605068.0000|28.2800
104500|28.2800|28.2800|28.2300|28.2400|39000|1101987.0000|28.2400
105000|28.2300|28.2500|28.2100|28.2300|21900|618244.0000|28.2300
105500|28.2300|28.2400|28.1800|28.1800|38600|1089032.0000|28.1800
110000|28.1800|28.1900|28.0600|28.0800|94000|2642166.0000|28.0800
110500|28.0800|28.1600|28.0400|28.1500|59500|1671825.0000|28.1500
111000|28.1500|28.2200|28.1400|28.1900|61400|1729634.0000|28.1900
111500|28.1900|28.1900|28.0900|28.1000|42400|1193696.0000|28.1000
112000|28.1000|28.1400|28.0800|28.1000|24900|699502.0000|28.1000
112500|28.1000|28.1200|28.0800|28.1000|27100|761466.0000|28.1000
113000|28.1000|28.1900|28.1000|28.1400|20900|588390.0000|28.1400
130500|28.1500|28.2500|28.1000|28.2400|51000|1435941.0000|28.2400
131000|28.2400|28.2600|28.2200|28.2200|40300|1138026.0000|28.2200
131500|28.2200|28.2400|28.1700|28.1700|21600|609466.0000|28.1700
132000|28.1700|28.2100|28.1500|28.1600|24500|690101.0000|28.1600
132500|28.1600|28.2300|28.1600|28.2300|18400|518888.0000|28.2300
133000|28.2300|28.2300|28.1300|28.1300|32200|906878.0000|28.1300
133500|28.1300|28.1300|28.0600|28.0600|51100|1435336.0000|28.0600
134000|28.0600|28.1200|28.0600|28.0700|39600|1112090.0000|28.0700
134500|28.0700|28.0800|28.0600|28.0600|25300|710032.0000|28.0600
135000|28.0700|28.1100|28.0500|28.0500|122800|3447667.0000|28.0500
135500|28.0500|28.0500|27.8900|27.8900|132200|3700012.0000|27.8900
140000|27.8900|27.9000|27.7800|27.7800|168700|4695787.0000|27.7800
140500|27.7800|27.8400|27.7300|27.8100|105900|2941581.0000|27.8100
141000|27.8100|27.9500|27.8100|27.8800|39800|1109310.0000|27.8800
141500|27.9000|27.9600|27.8800|27.9500|20400|569558.0000|27.9500
142000|27.9400|27.9900|27.9300|27.9300|22800|637469.0000|27.9300
142500|27.9300|27.9900|27.9200|27.9700|36800|1028665.0000|27.9700
143000|27.9700|27.9900|27.9700|27.9800|12600|352633.0000|27.9800
143500|27.9900|27.9900|27.9200|27.9500|34000|950702.0000|27.9500
144000|27.9500|27.9800|27.9400|27.9700|31300|875127.0000|27.9700
144500|27.9700|27.9900|27.9300|27.9900|43600|1219279.0000|27.9900
145000|27.9900|28.0200|27.9500|27.9900|38500|1077556.0000|27.9900
145500|27.9900|28.0300|27.9000|28.0300|122890|3436336.0000|28.0300
150000|28.0400|28.0400|27.9400|27.9400|60300|1686745.0000|27.9400
