093500|4.4700|4.5200|4.4500|4.4900|6833731|30672385.0000|4.4900
094000|4.4800|4.5600|4.4400|4.5400|9458700|42631412.0000|4.5400
094500|4.5400|4.5600|4.5200|4.5400|8713820|39520134.0000|4.5400
095000|4.5400|4.5400|4.5100|4.5200|3047100|13779834.0000|4.5200
095500|4.5200|4.5600|4.5200|4.5300|5621400|25542320.0000|4.5300
100000|4.5400|4.5400|4.4800|4.5000|3876100|17496007.0000|4.5000
100500|4.5000|4.5000|4.4800|4.4900|3567800|16007051.0000|4.4900
101000|4.4900|4.5000|4.4600|4.4800|3632500|16272728.0000|4.4800
101500|4.4800|4.4800|4.4600|4.4700|2303800|10290055.0000|4.4700
102000|4.4600|4.4700|4.4300|4.4400|4144900|18473969.0000|4.4400
102500|4.4400|4.4500|4.4300|4.4400|1363484|6053020.0000|4.4400
103000|4.4400|4.4600|4.4300|4.4500|2490116|11064459.0000|4.4500
103500|4.4500|4.4500|4.4100|4.4200|3436000|15210879.0000|4.4200
104000|4.4300|4.4300|4.4000|4.4100|4656900|20515859.0000|4.4100
104500|4.4100|4.4400|4.4100|4.4400|2374100|10501760.0000|4.4400
105000|4.4400|4.4500|4.4300|4.4400|1116400|4955952.0000|4.4400
105500|4.4400|4.4600|4.4300|4.4300|1767800|7860768.0000|4.4300
110000|4.4300|4.4400|4.4300|4.4300|466600|2069056.0000|4.4300
110500|4.4400|4.4500|4.4300|4.4500|849460|3775808.0000|4.4500
111000|4.4500|4.4500|4.4300|4.4400|721040|3201568.0000|4.4400
111500|4.4400|4.4400|4.4300|4.4300|716800|3179008.0000|4.4300
112000|4.4300|4.4400|4.4300|4.4400|693700|3076800.0000|4.4400
112500|4.4300|4.4400|4.4200|4.4400|1251100|5539440.0000|4.4400
113000|4.4400|4.4500|4.4300|4.4500|739200|3281520.0000|4.4500
130500|4.4500|4.4900|4.4500|4.4900|2189032|9777680.0000|4.4900
131000|4.4900|4.5500|4.4900|4.5300|7833118|35449312.0000|4.5300
131500|4.5200|4.5200|4.5000|4.5100|1755000|7917472.0000|4.5100
132000|4.5200|4.5300|4.5100|4.5200|1833806|8286016.0000|4.5200
132500|4.5000|4.5100|4.4800|4.4900|1509794|6788736.0000|4.4900
133000|4.4900|4.5000|4.4800|4.5000|802600|3607440.0000|4.5000
133500|4.5000|4.5100|4.4900|4.5000|2095900|9439792.0000|4.5000
134000|4.5000|4.5000|4.4800|4.4900|769500|3452928.0000|4.4900
134500|4.4900|4.5000|4.4800|4.4800|780300|3503296.0000|4.4800
135000|4.4800|4.5000|4.4600|4.4700|1745200|7817520.0000|4.4700
135500|4.4600|4.4700|4.4400|4.4400|1719768|7653408.0000|4.4400
140000|4.4400|4.4500|4.4300|4.4400|1462700|6493776.0000|4.4400
140500|4.4400|4.4500|4.4300|4.4300|1915696|8505552.0000|4.4300
141000|4.4300|4.4400|4.4100|4.4200|3309304|14629552.0000|4.4200
141500|4.4200|4.4400|4.4100|4.4400|1282528|5677200.0000|4.4400
142000|4.4300|4.4400|4.4200|4.4300|1340000|5934976.0000|4.4300
142500|4.4200|4.4300|4.4200|4.4300|993800|4396240.0000|4.4300
143000|4.4300|4.4300|4.4100|4.4200|2313500|10213232.0000|4.4200
143500|4.4100|4.4200|4.3800|4.3900|4798600|21097664.0000|4.3900
144000|4.3800|4.4000|4.3700|4.3800|3120400|13677648.0000|4.3800
144500|4.3800|4.4000|4.3800|4.3800|3354200|14708688.0000|4.3800
145000|4.3800|4.4000|4.3700|4.4000|2833846|12416736.0000|4.4000
145500|4.4000|4.4100|4.3900|4.4000|2134500|9382240.0000|4.4000
150000|4.4000|4.4300|4.3900|4.4200|3779700|16684496.0000|4.4200
