093500|3.8|3.81|3.79|3.81|8348.0|3174197.0|3.8
094000|3.81|3.82|3.8|3.81|6333.0|2417813.0|3.81
094500|3.81|3.82|3.81|3.82|2269.0|865358.0|3.81
095000|3.82|3.82|3.81|3.81|1745.0|665075.0|3.82
095500|3.82|3.82|3.8|3.81|6840.0|2605640.0|3.81
100000|3.81|3.81|3.8|3.8|5976.0|2273401.0|3.81
100500|3.8|3.81|3.8|3.81|4111.0|1563659.0|3.8
101000|3.8|3.81|3.8|3.81|1482.0|563563.0|3.81
101500|3.8|3.81|3.8|3.8|1669.0|634366.0|3.81
102000|3.8|3.81|3.8|3.81|1649.0|627709.0|3.8
102500|3.81|3.81|3.8|3.8|3097.0|1177302.0|3.81
103000|3.81|3.81|3.8|3.81|747.0|283963.0|3.8
103500|3.81|3.81|3.8|3.8|13535.0|5143544.0|3.81
104000|3.8|3.8|3.79|3.8|2481.0|942390.0|3.8
104500|3.8|3.8|3.79|3.8|1534.0|582644.0|3.8
105000|3.79|3.8|3.79|3.79|1838.0|697970.0|3.8
105500|3.8|3.8|3.79|3.79|2676.0|1014517.0|3.79
110000|3.79|3.8|3.79|3.79|2013.0|763103.0|3.79
110500|3.79|3.8|3.79|3.8|1484.0|562788.0|3.79
111000|3.79|3.8|3.79|3.79|791.0|299963.0|3.8
111500|3.79|3.8|3.79|3.79|1631.0|618497.0|3.79
112000|3.79|3.8|3.79|3.79|546.0|207160.0|3.79
112500|3.79|3.8|3.79|3.79|1258.0|477041.0|3.79
113000|3.8|3.8|3.79|3.79|943.0|357879.0|3.79
130500|3.8|3.8|3.79|3.8|4544.0|1725601.0|3.79
131000|3.81|3.81|3.8|3.8|7472.0|2839876.0|3.8
131500|3.8|3.81|3.8|3.81|3613.0|1373473.0|3.8
132000|3.81|3.81|3.8|3.8|2864.0|1088525.0|3.81
132500|3.8|3.81|3.8|3.81|711.0|270530.0|3.8
133000|3.8|3.81|3.8|3.8|2059.0|782999.0|3.81
133500|3.81|3.81|3.8|3.81|3417.0|1299763.0|3.8
134000|3.81|3.81|3.8|3.8|2987.0|1136101.0|3.81
134500|3.8|3.81|3.8|3.81|658.0|250220.0|3.8
135000|3.8|3.81|3.8|3.81|9097.0|3465451.0|3.81
135500|3.81|3.81|3.8|3.81|957.0|364350.0|3.81
140000|3.8|3.81|3.8|3.8|3200.0|1217722.0|3.81
140500|3.81|3.81|3.8|3.81|640.0|243624.0|3.8
141000|3.81|3.81|3.8|3.81|4614.0|1757922.0|3.81
141500|3.81|3.81|3.8|3.81|1413.0|538053.0|3.81
142000|3.81|3.82|3.8|3.81|2688.0|1024130.0|3.81
142500|3.82|3.82|3.81|3.81|1342.0|511714.0|3.81
143000|3.81|3.81|3.8|3.8|4776.0|1819188.0|3.81
143500|3.81|3.82|3.8|3.82|1056.0|402361.0|3.8
144000|3.82|3.82|3.81|3.81|612.0|233368.0|3.82
144500|3.81|3.82|3.81|3.82|1942.0|741016.0|3.81
145000|3.82|3.82|3.81|3.81|2340.0|892739.0|3.82
145500|3.81|3.82|3.81|3.82|3137.0|1197327.0|3.81
150000|3.82|3.82|3.81|3.81|5833.0|2224131.0|3.82
