09350000|239.0159556000|240.0392064600|238.9580357400|239.5082744100|207200|51403819.0000|239.5082744100
09400000|239.4117413100|240.1743528000|238.4367570000|239.6916873000|145100|35984010.0000|239.6916873000
09450000|239.6627273700|239.6916873000|239.1414486300|239.2379817300|69000|17111013.0000|239.2379817300
09500000|239.2379817300|241.8154155000|239.2379817300|241.8154155000|178128|44357826.0000|241.8154155000
09550000|241.7961088800|242.1822412800|241.1396838000|241.4292831000|159984|40074175.0000|241.4292831000
10000000|241.4485897200|243.9198370800|241.4485897200|243.9198370800|243610|61252110.0000|243.9198370800
10050000|243.9391437000|245.9566854900|243.9391437000|245.5415931600|245800|62300279.0000|245.5415931600
10100000|245.5415931600|245.6767395000|243.8136506700|243.9101837700|111600|28277376.0000|243.9101837700
10150000|243.9101837700|243.9391437000|243.2827186200|243.5337046800|61600|15546144.0000|243.5337046800
10200000|243.5337046800|243.8426106000|242.5876803000|242.8097064300|75600|19054496.0000|242.8097064300
10250000|242.9351994600|243.8426106000|242.8290130500|243.8426106000|40300|10157808.0000|243.8426106000
10300000|243.8426106000|243.8426106000|243.1668789000|243.5530113000|27400|6910832.0000|243.5530113000
10350000|243.3889050300|243.3889050300|242.9738127000|243.0510391800|48100|12118144.0000|243.0510391800
10400000|243.0510391800|243.2054921400|242.2980810000|242.3849607900|36500|9175280.0000|242.3849607900
10450000|242.3849607900|242.3946141000|241.7285357100|241.9505618400|57199|14347408.0000|241.9505618400
10500000|241.9505618400|242.8290130500|241.9505618400|242.7903998100|59101|14831216.0000|242.7903998100
10550000|242.7903998100|243.2441053800|242.4525339600|243.2441053800|43063|10841600.0000|243.2441053800
11000000|243.2441053800|243.6302377800|243.1475722800|243.2923719300|45800|11549440.0000|243.2923719300
11050000|243.2923719300|244.1129032800|243.2923719300|244.0453301100|39400|9949440.0000|244.0453301100
11100000|244.0549834200|244.0549834200|243.1861855200|243.6398910900|33500|8451088.0000|243.6398910900
11150000|243.6398910900|243.6398910900|242.9545060800|243.0703458000|20500|5166032.0000|243.0703458000
11200000|243.0703458000|243.1572255900|242.8965862200|243.0703458000|18600|4682480.0000|243.0703458000
11250000|243.0703458000|243.5433579900|242.9545060800|243.0606924900|32700|8239776.0000|243.0606924900
11300000|243.0606924900|243.2634120000|242.9545060800|243.1668789000|19100|4810800.0000|243.1668789000
13050000|243.1861855200|243.8619172200|243.1668789000|243.8619172200|62300|15715712.0000|243.8619172200
13100000|243.9005304600|244.4218092000|243.7653841200|244.1322099000|66400|16794464.0000|244.1322099000
13150000|243.7846907400|244.2287430000|243.7846907400|244.1901297600|53700|13573168.0000|244.1901297600
13200000|244.0839433500|244.7017551900|244.0839433500|244.5183423000|98500|24949136.0000|244.5183423000
13250000|244.5086889900|244.9527412500|244.3831959600|244.9527412500|82839|20989072.0000|244.9527412500
13300000|244.9044747000|245.6767395000|244.9044747000|245.6767395000|123993|31501152.0000|245.6767395000
13350000|245.5898597100|245.9952987300|245.5898597100|245.9277255600|133450|33986192.0000|245.9277255600
13400000|245.9277255600|246.4972708500|245.9277255600|246.4490043000|220400|56210736.0000|246.4490043000
13450000|246.4296976800|247.4915617800|246.3910844400|247.4722551600|124911|31947088.0000|247.4722551600
13500000|247.4722551600|250.1655286500|247.4239886100|250.1655286500|326300|84136144.0000|250.1655286500
13550000|250.1076087900|250.3296349200|249.6345966000|250.1751819600|342524|88675328.0000|250.1751819600
14000000|250.1269154100|250.1655286500|249.0553980000|250.1655286500|186176|48124896.0000|250.1655286500
14050000|250.0979554800|250.9860600000|249.8276628000|250.6481941500|190008|49292592.0000|250.6481941500
14100000|250.6481941500|250.9860600000|250.0979554800|250.9860600000|106500|27647664.0000|250.9860600000
14150000|251.0343265500|252.7815756600|251.0343265500|252.1444572000|207493|54145472.0000|252.1444572000
14200000|252.1444572000|253.0036017900|251.9513910000|252.5595495300|151200|39562288.0000|252.5595495300
14250000|252.5885094600|253.1001348900|252.5016296700|252.9649885500|159000|41637408.0000|252.9649885500
14300000|252.8201889000|252.9167220000|252.8201889000|252.8974153800|98512|25805728.0000|252.8974153800
14350000|252.9070686900|255.0887167500|252.8201889000|254.5577847000|175200|46087760.0000|254.5577847000
14400000|254.5577847000|254.7411975900|253.6889868000|254.0171993400|122000|32136768.0000|254.0171993400
14450000|253.9785861000|254.4998648400|253.6889868000|254.4998648400|89488|23544624.0000|254.4998648400
14500000|254.5384780800|254.7025843500|254.4709049100|254.5577847000|92500|24396720.0000|254.5577847000
14550000|254.5577847000|254.9149571700|254.0461592700|254.8763439300|191000|50355360.0000|254.8763439300
15000000|254.9053038600|254.9439171000|254.8473840000|254.9149571700|159100|42010272.0000|254.9149571700
