09350000|228.9724704000|230.3492527000|228.9724704000|229.6317746000|124400|29493674.0000|229.6317746000
09400000|229.6414702500|230.7564700000|229.4572529000|230.7564700000|65200|15461302.0000|230.7564700000
09450000|230.7467743500|231.6193828500|230.5431657000|230.9309917000|78000|18594788.0000|230.9309917000
09500000|230.8437308500|230.8534265000|229.9420354000|230.1553397000|35400|8415836.0000|230.1553397000
09550000|230.2426005500|230.2716875000|229.5832963500|229.9711223500|29400|6971512.0000|229.9711223500
10000000|229.9614267000|230.3395570500|229.7384267500|230.2910788000|29900|7093808.0000|230.2910788000
10050000|230.2910788000|230.8243395500|230.2716875000|230.4365135500|44500|10580864.0000|230.4365135500
10100000|230.4365135500|230.5334700500|229.8547745500|230.1262527500|21800|5175168.0000|230.1262527500
10150000|230.1359484000|230.1456440500|229.4960355000|229.6123833000|25400|6017696.0000|229.6123833000
10200000|229.6123833000|229.7869050000|229.4572529000|229.7869050000|35400|8393040.0000|229.7869050000
10250000|229.7481224000|229.7869050000|228.8173400000|229.2051660000|49900|11800440.0000|229.2051660000
10300000|229.2051660000|229.3021225000|228.8270356500|229.0403399500|21000|4961392.0000|229.0403399500
10350000|229.2924268500|229.6608615500|229.2148616500|229.3021225000|16600|3927480.0000|229.3021225000
10400000|229.2342529500|229.7675137000|229.2245573000|229.7384267500|15400|3637136.0000|229.7384267500
10450000|229.7384267500|229.7384267500|229.4960355000|229.6026876500|6600|1563024.0000|229.6026876500
10500000|229.5929920000|229.8450789000|229.4960355000|229.7287311000|12200|2890256.0000|229.7287311000
10550000|229.8062963000|229.8159919500|229.5832963500|229.5832963500|15200|3601472.0000|229.5832963500
11000000|229.5832963500|229.6026876500|229.1179051500|229.1179051500|18600|4399984.0000|229.1179051500
11050000|229.1082095000|229.2051660000|228.9627747500|229.1082095000|34200|8079344.0000|229.1082095000
11100000|229.1663834000|229.3893833500|229.0306443000|229.3893833500|23400|5531440.0000|229.3893833500
11150000|229.3893833500|229.5736007000|229.0597312500|229.0597312500|17200|4068352.0000|229.0597312500
11200000|229.0985138500|229.2730355500|228.9821660500|228.9918617000|12200|2882784.0000|228.9918617000
11250000|228.9724704000|229.0791225500|228.3810357500|228.3810357500|34700|8185968.0000|228.3810357500
11300000|228.3616444500|228.8076443500|228.3616444500|228.7979487000|14500|3419072.0000|228.7979487000
13050000|228.8173400000|229.0112530000|228.6912965500|228.9724704000|14200|3351760.0000|228.9724704000
13100000|228.9336878000|229.0791225500|228.7203835000|228.8367313000|18100|4273872.0000|228.8367313000
13150000|228.8367313000|229.6705572000|228.7882530500|229.6705572000|20300|4798832.0000|229.6705572000
13200000|229.6511659000|229.6705572000|229.4281659500|229.5057311500|13700|3243952.0000|229.5057311500
13250000|229.5154268000|229.7675137000|229.3118181500|229.6123833000|20600|4876672.0000|229.6123833000
13300000|229.6220789500|229.6511659000|229.0015573500|229.1857747000|17900|4233264.0000|229.1857747000
13350000|229.1082095000|229.4378616000|229.0403399500|229.3215138000|11000|2600928.0000|229.3215138000
13400000|229.3893833500|229.7675137000|229.1663834000|229.7578180500|22900|5419120.0000|229.7578180500
13450000|229.7578180500|229.8256876000|229.3021225000|229.3021225000|11900|2819120.0000|229.3021225000
13500000|229.2148616500|229.5929920000|229.0597312500|229.3602964000|15200|3593552.0000|229.3602964000
13550000|229.3602964000|229.4572529000|229.0500356000|229.2827312000|17200|4066048.0000|229.2827312000
14000000|229.2924268500|229.2924268500|229.0015573500|229.0888182000|24200|5719776.0000|229.0888182000
14050000|229.0888182000|229.0888182000|228.4876879000|228.5846444000|50900|11998576.0000|228.5846444000
14100000|228.5846444000|228.6234270000|227.8574706500|228.1289488500|45800|10782848.0000|228.1289488500
14150000|228.1289488500|228.6137313500|228.1095575500|228.3325575000|21500|5061712.0000|228.3325575000
14200000|228.3325575000|228.5943400500|228.1580358000|228.3519488000|28200|6639728.0000|228.3519488000
14250000|228.3325575000|228.8173400000|228.2840792500|228.4295140000|26900|6340560.0000|228.4295140000
14300000|228.4295140000|228.6912965500|228.1483401500|228.6234270000|37900|8927232.0000|228.6234270000
14350000|228.6234270000|228.6719052500|228.2840792500|228.6719052500|23900|5631392.0000|228.6719052500
14400000|228.3616444500|228.8076443500|228.3325575000|228.4586009500|27200|6410848.0000|228.4586009500
14450000|228.7688617500|228.7688617500|228.3616444500|228.4295140000|39800|9381216.0000|228.4295140000
14500000|228.6428183000|228.6525139500|228.3131662000|228.3131662000|50800|11969344.0000|228.3131662000
14550000|228.3131662000|228.6040357000|228.1386445000|228.3519488000|52300|12317536.0000|228.3519488000
15000000|228.3519488000|228.8173400000|228.2356010000|228.4101227000|39800|9378048.0000|228.4101227000
