093500|8.9400|8.9500|8.8700|8.9000|291100|2588916.0000|8.9000
094000|8.9000|8.9000|8.8600|8.8700|196000|1739810.0000|8.8700
094500|8.8700|8.9000|8.8600|8.9000|145162|1289048.0000|8.9000
095000|8.9000|8.9200|8.8900|8.8900|95800|853353.0000|8.8900
095500|8.8900|8.9100|8.8800|8.8800|105000|933710.0000|8.8800
100000|8.8900|8.9200|8.8800|8.9100|135200|1202665.0000|8.9100
100500|8.9100|8.9400|8.9000|8.9300|178800|1595437.0000|8.9300
101000|8.9300|8.9500|8.9200|8.9300|185200|1654478.0000|8.9300
101500|8.9300|8.9400|8.9200|8.9200|75300|672889.0000|8.9200
102000|8.9200|8.9500|8.9200|8.9500|75700|676304.0000|8.9500
102500|8.9500|8.9500|8.9400|8.9500|74400|665278.0000|8.9500
103000|8.9500|8.9500|8.9400|8.9400|78100|698552.0000|8.9400
103500|8.9500|8.9600|8.9400|8.9500|117000|1047319.0000|8.9500
104000|8.9600|8.9600|8.9400|8.9400|96500|863447.0000|8.9400
104500|8.9500|8.9500|8.9300|8.9300|55600|496782.0000|8.9300
105000|8.9300|8.9400|8.9200|8.9200|63500|566787.0000|8.9200
105500|8.9200|8.9300|8.9200|8.9200|38700|345286.0000|8.9200
110000|8.9200|8.9300|8.9000|8.9100|47800|425955.0000|8.9100
110500|8.9100|8.9300|8.9100|8.9200|80800|720950.0000|8.9200
111000|8.9200|8.9200|8.9000|8.9200|30500|271879.0000|8.9200
111500|8.9200|8.9200|8.9000|8.9000|57200|509280.0000|8.9000
112000|8.9000|8.9100|8.8900|8.9000|48200|429058.0000|8.9000
112500|8.9000|8.9100|8.9000|8.9000|5800|51674.0000|8.9000
113000|8.9000|8.9200|8.9000|8.9200|54500|485681.0000|8.9200
130500|8.9200|8.9200|8.9000|8.9000|41800|372544.0000|8.9000
131000|8.9100|8.9400|8.9100|8.9300|127200|1134241.0000|8.9300
131500|8.9300|8.9400|8.9200|8.9300|37000|330413.0000|8.9300
132000|8.9300|8.9300|8.9000|8.9100|140500|1251998.0000|8.9100
132500|8.9100|8.9100|8.8900|8.9100|52600|468270.0000|8.9100
133000|8.9100|8.9200|8.8900|8.9200|43400|386545.0000|8.9200
133500|8.9200|8.9300|8.9100|8.9300|78600|701394.0000|8.9300
134000|8.9300|8.9400|8.9200|8.9300|119500|1067330.0000|8.9300
134500|8.9200|8.9300|8.9200|8.9300|59300|529530.0000|8.9300
135000|8.9300|8.9400|8.9100|8.9100|226200|2019347.0000|8.9100
135500|8.9100|8.9200|8.9100|8.9200|25100|223791.0000|8.9200
140000|8.9200|8.9200|8.9100|8.9100|28700|255874.0000|8.9100
140500|8.9100|8.9400|8.9100|8.9400|78800|703351.0000|8.9400
141000|8.9400|8.9400|8.9100|8.9300|108900|972253.0000|8.9300
141500|8.9300|8.9300|8.9200|8.9200|70300|627657.0000|8.9200
142000|8.9200|8.9400|8.9200|8.9400|62200|555475.0000|8.9400
142500|8.9400|8.9500|8.9300|8.9400|142500|1274178.0000|8.9400
143000|8.9500|8.9700|8.9400|8.9600|99500|890997.0000|8.9600
143500|8.9600|8.9600|8.9300|8.9400|82700|739365.0000|8.9400
144000|8.9400|8.9500|8.9300|8.9500|77800|695775.0000|8.9500
144500|8.9500|8.9500|8.9400|8.9400|77500|693212.0000|8.9400
145000|8.9400|8.9600|8.9400|8.9600|174801|1564474.0000|8.9600
145500|8.9500|8.9600|8.9400|8.9600|210200|1880431.0000|8.9600
150000|8.9500|8.9600|8.9500|8.9500|220200|1971859.0000|8.9500
