093500|7.7200|7.7400|7.7100|7.7100|160600|1240387.0000|7.7100
094000|7.7200|7.7200|7.7000|7.7100|132400|1021282.0000|7.7100
094500|7.7100|7.7300|7.7000|7.7200|132100|1018690.0000|7.7200
095000|7.7300|7.7400|7.7200|7.7300|113700|878880.0000|7.7300
095500|7.7300|7.7300|7.7100|7.7100|59900|462685.0000|7.7100
100000|7.7100|7.7200|7.7000|7.7000|116400|896635.0000|7.7000
100500|7.6900|7.7000|7.6900|7.7000|30700|236256.0000|7.7000
101000|7.6900|7.7000|7.6800|7.6800|131000|1006657.0000|7.6800
101500|7.6900|7.6900|7.6800|7.6900|78900|606270.0000|7.6900
102000|7.7000|7.7100|7.6800|7.7000|61300|471506.0000|7.7000
102500|7.7000|7.7100|7.7000|7.7100|29700|228764.0000|7.7100
103000|7.7000|7.7100|7.6900|7.7000|63600|489924.0000|7.7000
103500|7.7100|7.7100|7.7000|7.7000|18400|141708.0000|7.7000
104000|7.7000|7.7300|7.6900|7.7300|85200|656976.0000|7.7300
104500|7.7200|7.7300|7.7100|7.7200|22200|171412.0000|7.7200
105000|7.7300|7.7400|7.7200|7.7400|55900|431834.0000|7.7400
105500|7.7300|7.7400|7.7300|7.7300|18700|144571.0000|7.7300
110000|7.7300|7.7400|7.7200|7.7200|41900|323861.0000|7.7200
110500|7.7200|7.7300|7.7100|7.7100|28400|219193.0000|7.7100
111000|7.7200|7.7300|7.7100|7.7100|46200|356603.0000|7.7100
111500|7.7100|7.7300|7.7100|7.7200|61800|477559.0000|7.7200
112000|7.7200|7.7300|7.7100|7.7100|24000|185240.0000|7.7100
112500|7.7100|7.7300|7.7100|7.7200|51600|398398.0000|7.7200
113000|7.7200|7.7300|7.7200|7.7200|5900|45587.0000|7.7200
130500|7.7200|7.7300|7.7200|7.7200|16500|127439.0000|7.7200
131000|7.7200|7.7300|7.7100|7.7300|36700|283496.0000|7.7300
131500|7.7300|7.7400|7.7200|7.7400|37300|288558.0000|7.7400
132000|7.7300|7.7500|7.7300|7.7400|41600|321827.0000|7.7400
132500|7.7400|7.7500|7.7300|7.7300|39900|308821.0000|7.7300
133000|7.7400|7.7500|7.7200|7.7500|122600|947945.0000|7.7500
133500|7.7400|7.7500|7.7300|7.7300|73200|566048.0000|7.7300
134000|7.7400|7.7400|7.7200|7.7400|53800|415848.0000|7.7400
134500|7.7400|7.7400|7.7200|7.7200|41800|323098.0000|7.7200
135000|7.7200|7.7300|7.7200|7.7200|32500|250935.0000|7.7200
135500|7.7300|7.7300|7.7200|7.7300|19700|152196.0000|7.7300
140000|7.7200|7.7300|7.7200|7.7200|25800|199373.0000|7.7200
140500|7.7300|7.7300|7.7200|7.7200|40100|309698.0000|7.7200
141000|7.7300|7.7400|7.7200|7.7300|92200|712657.0000|7.7300
141500|7.7500|7.7500|7.7400|7.7400|60000|464456.0000|7.7400
142000|7.7400|7.7400|7.7200|7.7300|25300|195554.0000|7.7300
142500|7.7300|7.7400|7.7200|7.7400|37100|286776.0000|7.7400
143000|7.7300|7.7400|7.7200|7.7400|33000|254898.0000|7.7400
143500|7.7400|7.7400|7.7200|7.7300|85500|661598.0000|7.7300
144000|7.7300|7.7400|7.7200|7.7200|65100|502492.0000|7.7200
144500|7.7200|7.7300|7.7200|7.7200|26600|205528.0000|7.7200
145000|7.7200|7.7300|7.7100|7.7100|124100|957880.0000|7.7100
145500|7.7100|7.7200|7.7100|7.7200|44600|344326.0000|7.7200
150000|7.7100|7.7200|7.7100|7.7100|69200|533686.0000|7.7100
