09350000|1.9900000000|2.0200000000|1.9900000000|2.0100000000|7135900|14328024.0000|2.0100000000
09400000|2.0100000000|2.0400000000|1.9900000000|2.0400000000|7817100|15737446.0000|2.0400000000
09450000|2.0400000000|2.0400000000|2.0100000000|2.0100000000|7486500|15183308.0000|2.0100000000
09500000|2.0100000000|2.0300000000|2.0100000000|2.0100000000|2852400|5757560.0000|2.0100000000
09550000|2.0100000000|2.0300000000|2.0100000000|2.0200000000|2421000|4888592.0000|2.0200000000
10000000|2.0200000000|2.0400000000|2.0100000000|2.0300000000|3419100|6937372.0000|2.0300000000
10050000|2.0300000000|2.0400000000|2.0300000000|2.0300000000|2321200|4721168.0000|2.0300000000
10100000|2.0300000000|2.0400000000|2.0300000000|2.0400000000|1678500|3418436.0000|2.0400000000
10150000|2.0400000000|2.0400000000|2.0200000000|2.0300000000|4446100|9025672.0000|2.0300000000
10200000|2.0300000000|2.0400000000|2.0300000000|2.0400000000|3009600|6125280.0000|2.0400000000
10250000|2.0400000000|2.0500000000|2.0300000000|2.0500000000|1558800|3184064.0000|2.0500000000
10300000|2.0500000000|2.0500000000|2.0300000000|2.0400000000|1428900|2913824.0000|2.0400000000
10350000|2.0400000000|2.0400000000|2.0300000000|2.0300000000|1073400|2189032.0000|2.0300000000
10400000|2.0300000000|2.0500000000|2.0300000000|2.0400000000|963000|1965728.0000|2.0400000000
10450000|2.0400000000|2.0500000000|2.0400000000|2.0400000000|1103700|2253768.0000|2.0400000000
10500000|2.0500000000|2.0500000000|2.0400000000|2.0500000000|1468100|3007960.0000|2.0500000000
10550000|2.0500000000|2.0500000000|2.0400000000|2.0400000000|470000|962896.0000|2.0400000000
11000000|2.0500000000|2.0500000000|2.0400000000|2.0500000000|401400|821984.0000|2.0500000000
11050000|2.0500000000|2.0500000000|2.0400000000|2.0500000000|741200|1517456.0000|2.0500000000
11100000|2.0400000000|2.0500000000|2.0400000000|2.0500000000|896300|1834320.0000|2.0500000000
11150000|2.0500000000|2.0500000000|2.0300000000|2.0400000000|2503300|5108360.0000|2.0400000000
11200000|2.0400000000|2.0500000000|2.0300000000|2.0500000000|2982300|6086200.0000|2.0500000000
11250000|2.0500000000|2.0600000000|2.0400000000|2.0600000000|4146200|8509992.0000|2.0600000000
11300000|2.0600000000|2.0800000000|2.0600000000|2.0800000000|7487300|15511248.0000|2.0800000000
13050000|2.0800000000|2.0900000000|2.0600000000|2.0700000000|8362800|17387424.0000|2.0700000000
13100000|2.0700000000|2.0800000000|2.0700000000|2.0800000000|778700|1616592.0000|2.0800000000
13150000|2.0800000000|2.0800000000|2.0600000000|2.0700000000|1222200|2529296.0000|2.0700000000
13200000|2.0700000000|2.0700000000|2.0500000000|2.0500000000|2355500|4860272.0000|2.0500000000
13250000|2.0500000000|2.0700000000|2.0500000000|2.0700000000|730700|1508256.0000|2.0700000000
13300000|2.0700000000|2.0700000000|2.0600000000|2.0700000000|651800|1348240.0000|2.0700000000
13350000|2.0600000000|2.0800000000|2.0600000000|2.0700000000|904300|1873888.0000|2.0700000000
13400000|2.0700000000|2.0800000000|2.0700000000|2.0800000000|834100|1732224.0000|2.0800000000
13450000|2.0800000000|2.0800000000|2.0600000000|2.0700000000|1019700|2111920.0000|2.0700000000
13500000|2.0700000000|2.0700000000|2.0600000000|2.0700000000|383000|791936.0000|2.0700000000
13550000|2.0700000000|2.0700000000|2.0600000000|2.0700000000|516700|1066128.0000|2.0700000000
14000000|2.0700000000|2.0700000000|2.0600000000|2.0700000000|570700|1177344.0000|2.0700000000
14050000|2.0700000000|2.0700000000|2.0600000000|2.0600000000|1133300|2336384.0000|2.0600000000
14100000|2.0600000000|2.0700000000|2.0600000000|2.0700000000|1004200|2070896.0000|2.0700000000
14150000|2.0700000000|2.0700000000|2.0600000000|2.0700000000|1060900|2192384.0000|2.0700000000
14200000|2.0700000000|2.0800000000|2.0600000000|2.0800000000|1358700|2813888.0000|2.0800000000
14250000|2.0800000000|2.0800000000|2.0700000000|2.0800000000|563900|1170912.0000|2.0800000000
14300000|2.0800000000|2.0900000000|2.0700000000|2.0800000000|3268600|6799488.0000|2.0800000000
14350000|2.0800000000|2.0900000000|2.0800000000|2.0800000000|2378600|4963328.0000|2.0800000000
14400000|2.0800000000|2.0900000000|2.0800000000|2.0900000000|1259100|2625152.0000|2.0900000000
14450000|2.0900000000|2.1000000000|2.0800000000|2.0800000000|3458700|7224976.0000|2.0800000000
14500000|2.0900000000|2.0900000000|2.0800000000|2.0900000000|2108900|4403648.0000|2.0900000000
14550000|2.0900000000|2.1000000000|2.0900000000|2.0900000000|3623500|7585152.0000|2.0900000000
15000000|2.0900000000|2.1000000000|2.0900000000|2.1000000000|2997300|6289120.0000|2.1000000000
