093500|3.8700|3.8700|3.8500|3.8500|583600|2249477.0000|3.8500
094000|3.8500|3.8600|3.8400|3.8500|589100|2268304.0000|3.8500
094500|3.8500|3.8600|3.8400|3.8500|351700|1352699.0000|3.8500
095000|3.8500|3.8600|3.8500|3.8500|150800|580647.0000|3.8500
095500|3.8500|3.8600|3.8500|3.8500|137600|530200.0000|3.8500
100000|3.8500|3.8600|3.8400|3.8400|611700|2354316.0000|3.8400
100500|3.8400|3.8500|3.8400|3.8500|221800|852030.0000|3.8500
101000|3.8500|3.8500|3.8400|3.8400|128600|494562.0000|3.8400
101500|3.8500|3.8500|3.8400|3.8500|252600|970289.0000|3.8500
102000|3.8400|3.8500|3.8400|3.8400|217700|836845.0000|3.8400
102500|3.8400|3.8500|3.8400|3.8500|192300|739486.0000|3.8500
103000|3.8500|3.8500|3.8400|3.8400|208400|800528.0000|3.8400
103500|3.8500|3.8500|3.8400|3.8400|242600|933019.0000|3.8400
104000|3.8400|3.8500|3.8300|3.8400|749900|2879215.0000|3.8400
104500|3.8400|3.8400|3.8300|3.8300|104100|399046.0000|3.8300
105000|3.8300|3.8400|3.8300|3.8300|161100|617188.0000|3.8300
105500|3.8300|3.8400|3.8300|3.8400|171800|658476.0000|3.8400
110000|3.8400|3.8500|3.8300|3.8400|505800|1942292.0000|3.8400
110500|3.8400|3.8500|3.8300|3.8400|733600|2815912.0000|3.8400
111000|3.8400|3.8400|3.8300|3.8300|130900|501998.0000|3.8300
111500|3.8400|3.8400|3.8300|3.8300|121300|464694.0000|3.8300
112000|3.8300|3.8400|3.8300|3.8300|105800|405456.0000|3.8300
112500|3.8400|3.8400|3.8300|3.8400|133000|509482.0000|3.8400
113000|3.8400|3.8400|3.8300|3.8400|189100|726008.0000|3.8400
130500|3.8400|3.8400|3.8200|3.8400|743500|2847238.0000|3.8400
131000|3.8400|3.8400|3.8300|3.8300|309100|1186608.0000|3.8300
131500|3.8300|3.8400|3.8300|3.8300|309000|1183512.0000|3.8300
132000|3.8300|3.8300|3.8200|3.8200|243900|932948.0000|3.8200
132500|3.8200|3.8300|3.8200|3.8200|131600|503500.0000|3.8200
133000|3.8200|3.8400|3.8200|3.8300|222600|853060.0000|3.8300
133500|3.8300|3.8400|3.8300|3.8300|229600|879432.0000|3.8300
134000|3.8300|3.8400|3.8300|3.8400|111200|426180.0000|3.8400
134500|3.8400|3.8400|3.8300|3.8300|68300|261820.0000|3.8300
135000|3.8300|3.8400|3.8200|3.8200|345800|1324404.0000|3.8200
135500|3.8300|3.8400|3.8200|3.8200|460500|1763148.0000|3.8200
140000|3.8200|3.8300|3.8200|3.8200|208600|797708.0000|3.8200
140500|3.8200|3.8300|3.8200|3.8200|267100|1021484.0000|3.8200
141000|3.8200|3.8300|3.8200|3.8300|88900|340012.0000|3.8300
141500|3.8300|3.8300|3.8200|3.8200|197300|754252.0000|3.8200
142000|3.8200|3.8300|3.8200|3.8300|328800|1257620.0000|3.8300
142500|3.8200|3.8300|3.8100|3.8200|708800|2707788.0000|3.8200
143000|3.8200|3.8200|3.8100|3.8200|320700|1222492.0000|3.8200
143500|3.8200|3.8200|3.8100|3.8100|402300|1533612.0000|3.8100
144000|3.8100|3.8200|3.8000|3.8100|784500|2988036.0000|3.8100
144500|3.8100|3.8100|3.8000|3.8100|473900|1803372.0000|3.8100
145000|3.8100|3.8100|3.7900|3.8000|946300|3596560.0000|3.8000
145500|3.8000|3.8100|3.7900|3.8000|536500|2039016.0000|3.8000
150000|3.8000|3.8000|3.7900|3.7900|591300|2242228.0000|3.7900
