093500|3.4700|3.4700|3.4400|3.4400|1616400|5587862.0000|3.4400
094000|3.4400|3.4500|3.4400|3.4500|852600|2936236.0000|3.4500
094500|3.4500|3.4500|3.4300|3.4400|1365200|4694019.0000|3.4400
095000|3.4400|3.4500|3.4300|3.4300|928600|3190780.0000|3.4300
095500|3.4300|3.4300|3.4200|3.4200|681400|2335454.0000|3.4200
100000|3.4200|3.4300|3.4100|3.4100|1257000|4299056.0000|3.4100
100500|3.4100|3.4200|3.4100|3.4200|855600|2919418.0000|3.4200
101000|3.4200|3.4300|3.4100|3.4200|1015800|3474146.0000|3.4200
101500|3.4200|3.4300|3.4100|3.4200|435700|1489798.0000|3.4200
102000|3.4200|3.4300|3.4100|3.4200|371200|1269510.0000|3.4200
102500|3.4200|3.4300|3.4100|3.4100|1120600|3832522.0000|3.4100
103000|3.4100|3.4300|3.4100|3.4200|406300|1389468.0000|3.4200
103500|3.4200|3.4300|3.4100|3.4200|343300|1173664.0000|3.4200
104000|3.4200|3.4200|3.4100|3.4200|217700|744328.0000|3.4200
104500|3.4100|3.4200|3.4100|3.4200|197600|675400.0000|3.4200
105000|3.4200|3.4300|3.4200|3.4200|75100|256844.0000|3.4200
105500|3.4200|3.4300|3.4100|3.4200|388600|1329364.0000|3.4200
110000|3.4200|3.4200|3.4100|3.4200|194300|663584.0000|3.4200
110500|3.4200|3.4200|3.4100|3.4200|80200|273648.0000|3.4200
111000|3.4200|3.4200|3.4100|3.4200|387600|1325124.0000|3.4200
111500|3.4200|3.4200|3.4100|3.4200|188300|642480.0000|3.4200
112000|3.4200|3.4200|3.4100|3.4100|373200|1273344.0000|3.4100
112500|3.4100|3.4200|3.4100|3.4100|168800|576308.0000|3.4100
113000|3.4100|3.4200|3.4100|3.4100|374200|1278176.0000|3.4100
130500|3.4200|3.4300|3.4100|3.4300|720500|2462936.0000|3.4300
131000|3.4200|3.4300|3.4200|3.4200|148600|509064.0000|3.4200
131500|3.4200|3.4300|3.4200|3.4300|306800|1049804.0000|3.4300
132000|3.4300|3.4300|3.4200|3.4300|158100|540904.0000|3.4300
132500|3.4300|3.4300|3.4200|3.4200|205100|702924.0000|3.4200
133000|3.4200|3.4300|3.4200|3.4200|105400|360696.0000|3.4200
133500|3.4200|3.4400|3.4200|3.4300|931400|3195012.0000|3.4300
134000|3.4300|3.4300|3.4200|3.4300|475100|1629420.0000|3.4300
134500|3.4300|3.4300|3.4100|3.4100|1662300|5685880.0000|3.4100
135000|3.4200|3.4300|3.4200|3.4300|307900|1053168.0000|3.4300
135500|3.4300|3.4300|3.4200|3.4300|30700|105112.0000|3.4300
140000|3.4300|3.4300|3.4200|3.4200|89300|305608.0000|3.4200
140500|3.4300|3.4300|3.4200|3.4300|75900|259712.0000|3.4300
141000|3.4200|3.4300|3.4200|3.4200|41700|142928.0000|3.4200
141500|3.4200|3.4400|3.4200|3.4300|835400|2865240.0000|3.4300
142000|3.4300|3.4400|3.4200|3.4200|164000|562488.0000|3.4200
142500|3.4300|3.4300|3.4200|3.4200|90800|311000.0000|3.4200
143000|3.4200|3.4300|3.4200|3.4200|183900|630432.0000|3.4200
143500|3.4200|3.4300|3.4200|3.4300|127700|437688.0000|3.4300
144000|3.4300|3.4300|3.4200|3.4300|218600|749680.0000|3.4300
144500|3.4300|3.4300|3.4200|3.4300|185200|634880.0000|3.4300
145000|3.4300|3.4300|3.4200|3.4200|522100|1789648.0000|3.4200
145500|3.4200|3.4300|3.4200|3.4200|532800|1827512.0000|3.4200
150000|3.4200|3.4400|3.4200|3.4400|547100|1879216.0000|3.4400
