093500|4.3100|4.3400|4.2800|4.3000|3764350|16213634.5000|4.3000
094000|4.3000|4.3000|4.2700|4.2700|1875000|8026489.0000|4.2700
094500|4.2800|4.2800|4.2400|4.2500|1461700|6225175.0000|4.2500
095000|4.2500|4.2600|4.2300|4.2400|1226800|5203087.0000|4.2400
095500|4.2300|4.2600|4.2300|4.2600|1543700|6563862.0000|4.2600
100000|4.2600|4.2600|4.2400|4.2500|741900|3150620.0000|4.2500
100500|4.2500|4.2700|4.2300|4.2600|1177200|5002210.0000|4.2600
101000|4.2600|4.2800|4.2500|4.2600|1181900|5044736.0000|4.2600
101500|4.2600|4.2700|4.2500|4.2500|765600|3262417.0000|4.2500
102000|4.2500|4.2600|4.2400|4.2500|742900|3156010.0000|4.2500
102500|4.2600|4.2800|4.2500|4.2700|1095130|4671055.1000|4.2700
103000|4.2700|4.2900|4.2600|4.2800|727800|3114242.0000|4.2800
103500|4.2800|4.3000|4.2800|4.2800|489700|2100368.0000|4.2800
104000|4.2800|4.3000|4.2800|4.3000|633150|2718077.5000|4.3000
104500|4.2900|4.3000|4.2800|4.3000|510300|2190142.0000|4.3000
105000|4.2900|4.3000|4.2800|4.2800|812700|3489214.0000|4.2800
105500|4.2800|4.2900|4.2800|4.2800|287600|1231499.0000|4.2800
110000|4.2800|4.2900|4.2800|4.2900|262500|1124473.0000|4.2900
110500|4.2900|4.2900|4.2800|4.2900|454600|1948585.0000|4.2900
111000|4.2800|4.2900|4.2800|4.2800|436200|1869364.0000|4.2800
111500|4.2900|4.2900|4.2700|4.2800|462800|1980299.0000|4.2800
112000|4.2900|4.3000|4.2800|4.2800|765100|3282311.0000|4.2800
112500|4.2800|4.3000|4.2800|4.3000|435400|1868487.0000|4.3000
113000|4.2900|4.3000|4.2800|4.2800|288600|1237005.0000|4.2800
130500|4.2900|4.3000|4.2700|4.2700|965600|4134442.0000|4.2700
131000|4.2700|4.2800|4.2600|4.2700|648800|2772155.0000|4.2700
131500|4.2700|4.2900|4.2700|4.2900|324600|1389876.0000|4.2900
132000|4.2800|4.2900|4.2800|4.2900|176100|754054.0000|4.2900
132500|4.2900|4.2900|4.2800|4.2800|231700|992034.0000|4.2800
133000|4.2800|4.2900|4.2600|4.2600|666100|2846552.0000|4.2600
133500|4.2600|4.2900|4.2600|4.2900|333000|1423552.0000|4.2900
134000|4.2900|4.3100|4.2800|4.3000|2138550|9183294.0000|4.3000
134500|4.3100|4.3100|4.2900|4.2900|385750|1659633.0000|4.2900
135000|4.2900|4.3100|4.2900|4.3100|726800|3125138.0000|4.3100
135500|4.3100|4.3100|4.3000|4.3000|226900|975820.0000|4.3000
140000|4.3100|4.3100|4.2900|4.3000|232600|1000418.0000|4.3000
140500|4.3000|4.3100|4.3000|4.3100|518400|2233908.0000|4.3100
141000|4.3100|4.3200|4.3000|4.3200|701400|3027074.0000|4.3200
141500|4.3200|4.3300|4.3200|4.3200|581000|2510824.0000|4.3200
142000|4.3300|4.3600|4.3200|4.3500|2866000|12448750.0000|4.3500
142500|4.3500|4.3600|4.3400|4.3500|1120200|4874887.0000|4.3500
143000|4.3500|4.3500|4.3300|4.3500|538600|2338909.0000|4.3500
143500|4.3500|4.3600|4.3400|4.3500|843700|3671429.0000|4.3500
144000|4.3500|4.3600|4.3500|4.3500|744500|3241125.0000|4.3500
144500|4.3500|4.3600|4.3500|4.3600|699900|3049593.0000|4.3600
145000|4.3600|4.3700|4.3500|4.3600|1295700|5651652.0000|4.3600
145500|4.3600|4.3700|4.3600|4.3600|899100|3923964.0000|4.3600
150000|4.3600|4.3700|4.3600|4.3700|1068500|4668289.0000|4.3700
