09350000|14.8904440800|14.9193762900|14.8132915200|14.8518678000|331600|5106758.0000|14.8518678000
09400000|14.8518678000|14.8808000100|14.8036474500|14.8132915200|257600|3959428.0000|14.8132915200
09450000|14.8132915200|14.8325796600|14.7843593100|14.8036474500|379000|5818697.0000|14.8036474500
09500000|14.8036474500|14.8132915200|14.7554271000|14.7650711700|431000|6607076.0000|14.7650711700
09550000|14.7650711700|14.8132915200|14.7650711700|14.7747152400|340000|5210800.0000|14.7747152400
10000000|14.7843593100|14.7940033800|14.7457830300|14.7554271000|457400|7002996.0000|14.7554271000
10050000|14.7554271000|14.7554271000|14.7168508200|14.7168508200|379800|5805256.0000|14.7168508200
10100000|14.7168508200|14.7457830300|14.7168508200|14.7361389600|207800|3173616.0000|14.7361389600
10150000|14.7361389600|14.7457830300|14.7168508200|14.7457830300|178100|2720692.0000|14.7457830300
10200000|14.7457830300|14.7457830300|14.6782745400|14.6879186100|501200|7642576.0000|14.6879186100
10250000|14.6879186100|14.6879186100|14.6396982600|14.6589864000|432100|6568872.0000|14.6589864000
10300000|14.6589864000|14.6782745400|14.6493423300|14.6686304700|244500|3717168.0000|14.6686304700
10350000|14.6589864000|14.7072067500|14.6589864000|14.7072067500|68400|1041080.0000|14.7072067500
10400000|14.6975626800|14.7072067500|14.6686304700|14.6686304700|67300|1025188.0000|14.6686304700
10450000|14.6686304700|14.7168508200|14.6686304700|14.6975626800|79800|1215116.0000|14.6975626800
10500000|14.6879186100|14.7168508200|14.6879186100|14.6975626800|47000|716740.0000|14.6975626800
10550000|14.6975626800|14.7072067500|14.6879186100|14.7072067500|90900|1384248.0000|14.7072067500
11000000|14.7072067500|14.7457830300|14.6975626800|14.7457830300|69900|1066352.0000|14.7457830300
11050000|14.7361389600|14.7554271000|14.7072067500|14.7361389600|64000|977592.0000|14.7361389600
11100000|14.7361389600|14.7843593100|14.7361389600|14.7650711700|150800|2309000.0000|14.7650711700
11150000|14.7650711700|14.7940033800|14.7457830300|14.7650711700|60100|920192.0000|14.7650711700
11200000|14.7554271000|14.7940033800|14.7554271000|14.7843593100|47800|732376.0000|14.7843593100
11250000|14.7843593100|14.8229355900|14.7843593100|14.8036474500|92400|1418632.0000|14.8036474500
11300000|14.7843593100|14.8036474500|14.7843593100|14.8036474500|84300|1293448.0000|14.8036474500
13050000|14.8229355900|14.8518678000|14.8132915200|14.8132915200|155400|2389808.0000|14.8132915200
13100000|14.8132915200|14.8422237300|14.8036474500|14.8422237300|108700|1671056.0000|14.8422237300
13150000|14.8422237300|14.8711559400|14.8422237300|14.8518678000|140700|2167232.0000|14.8518678000
13200000|14.8422237300|14.8711559400|14.8132915200|14.8615118700|118300|1820968.0000|14.8615118700
13250000|14.8615118700|14.8615118700|14.8325796600|14.8422237300|41100|632856.0000|14.8422237300
13300000|14.8422237300|14.8422237300|14.8036474500|14.8036474500|55700|855768.0000|14.8036474500
13350000|14.8036474500|14.8132915200|14.7843593100|14.7843593100|65100|998960.0000|14.7843593100
13400000|14.7843593100|14.7940033800|14.7747152400|14.7843593100|58300|893928.0000|14.7843593100
13450000|14.7843593100|14.8132915200|14.7650711700|14.7940033800|82600|1266568.0000|14.7940033800
13500000|14.7843593100|14.7843593100|14.7554271000|14.7554271000|80600|1233912.0000|14.7554271000
13550000|14.7554271000|14.7650711700|14.7361389600|14.7457830300|94200|1440632.0000|14.7457830300
14000000|14.7457830300|14.7554271000|14.7361389600|14.7361389600|50700|775224.0000|14.7361389600
14050000|14.7457830300|14.7747152400|14.7361389600|14.7554271000|126700|1937144.0000|14.7554271000
14100000|14.7554271000|14.7747152400|14.7457830300|14.7457830300|98100|1501808.0000|14.7457830300
14150000|14.7457830300|14.7554271000|14.7264948900|14.7264948900|68600|1048392.0000|14.7264948900
14200000|14.7264948900|14.7457830300|14.7264948900|14.7264948900|77000|1176000.0000|14.7264948900
14250000|14.7264948900|14.7457830300|14.7264948900|14.7361389600|97200|1485256.0000|14.7361389600
14300000|14.7361389600|14.7457830300|14.7264948900|14.7457830300|41200|628376.0000|14.7457830300
14350000|14.7457830300|14.7554271000|14.7168508200|14.7361389600|211200|3229560.0000|14.7361389600
14400000|14.7361389600|14.7554271000|14.7264948900|14.7361389600|88000|1344736.0000|14.7361389600
14450000|14.7361389600|14.7554271000|14.7361389600|14.7361389600|59700|912776.0000|14.7361389600
14500000|14.7457830300|14.7650711700|14.7361389600|14.7650711700|118500|1812368.0000|14.7650711700
14550000|14.7650711700|14.7747152400|14.7554271000|14.7747152400|141500|2166288.0000|14.7747152400
15000000|14.7747152400|14.7747152400|14.7554271000|14.7650711700|188900|2891808.0000|14.7650711700
