09350000|28.7294448000|28.8760236000|28.5633221600|28.6317256000|341533|10037026.0000|28.6317256000
09400000|28.6219536800|28.8857955200|28.6219536800|28.8662516800|250000|7361519.0000|28.8662516800
09450000|28.8564797600|29.2180408000|28.8467078400|29.0714620000|496900|14777590.0000|29.0714620000
09500000|29.1203216000|29.1691812000|29.0323743200|29.0812339200|387833|11544176.0000|29.0812339200
09550000|29.0910058400|29.1007777600|28.8955674400|28.8955674400|302900|8996604.0000|28.8955674400
10000000|28.9248832000|28.9639708800|28.7783044000|28.7978482400|267200|7897307.0000|28.7978482400
10050000|28.7978482400|28.8564797600|28.7099009600|28.8467078400|250200|7365856.0000|28.8467078400
10100000|28.8467078400|28.8467078400|28.7392167200|28.7489886400|140800|4147877.0000|28.7489886400
10150000|28.7489886400|28.8467078400|28.7392167200|28.8369359200|135300|3985984.0000|28.8369359200
10200000|28.8564797600|28.9346551200|28.8271640000|28.9346551200|291200|8605405.0000|28.9346551200
10250000|28.9248832000|28.9444270400|28.8076201600|28.8369359200|180800|5346529.0000|28.8369359200
10300000|28.8467078400|28.9151112800|28.8271640000|28.8955674400|101600|3003173.0000|28.8955674400
10350000|28.8955674400|28.9053393600|28.8076201600|28.8271640000|150200|4433793.0000|28.8271640000
10400000|28.8369359200|28.8369359200|28.7783044000|28.7880763200|118300|3487877.0000|28.7880763200
10450000|28.7978482400|28.7978482400|28.7294448000|28.7294448000|149200|4390967.0000|28.7294448000
10500000|28.7392167200|28.8857955200|28.7294448000|28.8271640000|153900|4535392.0000|28.8271640000
10550000|28.8173920800|28.8564797600|28.7294448000|28.7489886400|73700|2172583.0000|28.7489886400
11000000|28.7587605600|28.7587605600|28.6610413600|28.7001290400|111600|3278910.0000|28.7001290400
11050000|28.7196728800|28.7392167200|28.6512694400|28.6610413600|105500|3097839.0000|28.6610413600
11100000|28.6610413600|28.6903571200|28.6414975200|28.6512694400|43100|1264440.0000|28.6512694400
11150000|28.6512694400|28.7099009600|28.6121817600|28.6219536800|103400|3031858.0000|28.6219536800
11200000|28.6219536800|28.6512694400|28.6024098400|28.6317256000|109300|3202375.0000|28.6317256000
11250000|28.6219536800|28.6414975200|28.5535502400|28.6121817600|151000|4420270.0000|28.6121817600
11300000|28.6121817600|28.6414975200|28.5730940800|28.6219536800|103000|3016549.0000|28.6219536800
13050000|28.5730940800|28.6219536800|28.5144625600|28.5144625600|158500|4633733.0000|28.5144625600
13100000|28.5046906400|28.5535502400|28.4851468000|28.5144625600|83800|2445562.0000|28.5144625600
13150000|28.5144625600|28.5340064000|28.3874276000|28.4362872000|120100|3499086.0000|28.4362872000
13200000|28.4265152800|28.4753748800|28.2994803200|28.3776556800|417700|12131660.0000|28.3776556800
13250000|28.3776556800|28.4851468000|28.3385680000|28.3483399200|362900|10544569.0000|28.3483399200
13300000|28.3581118400|28.4851468000|28.3581118400|28.3776556800|238700|6940072.0000|28.3776556800
13350000|28.3776556800|28.4460591200|28.3385680000|28.3874276000|223000|6473983.0000|28.3874276000
13400000|28.3874276000|28.3874276000|28.3190241600|28.3385680000|270400|7842977.0000|28.3385680000
13450000|28.3287960800|28.4460591200|28.3092522400|28.3874276000|204900|5945138.0000|28.3874276000
13500000|28.3776556800|28.3874276000|28.3190241600|28.3287960800|190800|5534113.0000|28.3287960800
13550000|28.3287960800|28.4265152800|28.3092522400|28.4265152800|204800|5941830.0000|28.4265152800
14000000|28.4265152800|28.4460591200|28.3190241600|28.3483399200|170300|4944581.0000|28.3483399200
14050000|28.3483399200|28.4362872000|28.3092522400|28.3385680000|593598|17219649.0000|28.3385680000
14100000|28.3483399200|28.4362872000|28.3385680000|28.4362872000|198800|5768532.0000|28.4362872000
14150000|28.4362872000|28.4362872000|28.3287960800|28.4167433600|182900|5311595.0000|28.4167433600
14200000|28.4167433600|28.4265152800|28.3874276000|28.4069714400|236800|6883628.0000|28.4069714400
14250000|28.4069714400|28.4558310400|28.3385680000|28.3581118400|237900|6909789.0000|28.3581118400
14300000|28.3581118400|28.3971995200|28.3092522400|28.3581118400|356200|10331235.0000|28.3581118400
14350000|28.3581118400|28.4265152800|28.3385680000|28.4167433600|262000|7604113.0000|28.4167433600
14400000|28.4167433600|28.4656029600|28.3971995200|28.4265152800|238800|6947600.0000|28.4265152800
14450000|28.4460591200|28.5340064000|28.3971995200|28.5340064000|370200|10777232.0000|28.5340064000
14500000|28.5340064000|28.5340064000|28.4656029600|28.5340064000|557300|16255744.0000|28.5340064000
14550000|28.5340064000|28.6708132800|28.5144625600|28.6708132800|888912|26005888.0000|28.6708132800
15000000|28.6512694400|28.6512694400|28.4949187200|28.5340064000|628246|18369824.0000|28.5340064000
