09350000|40.4479264600|40.6752175200|40.2502820600|40.6653353000|1772105|72565999.0000|40.6653353000
09400000|40.6554530800|40.8432152600|40.6060419800|40.7839219400|1483831|61160861.0000|40.7839219400
09450000|40.8036863800|41.4855595600|40.8036863800|41.4065018000|2355600|98060734.0000|41.4065018000
09500000|41.3669729200|41.4361484600|41.0705063200|41.3669729200|1528847|63822662.0000|41.3669729200
09550000|41.3570907000|41.6041462000|41.2582685000|41.3966195800|2157674|90520848.0000|41.3966195800
10000000|41.3966195800|41.9006128000|41.3669729200|41.8610839200|2141100|90202224.0000|41.8610839200
10050000|41.8314372600|41.9994350000|41.7820261600|41.9500239000|2290698|97104144.0000|41.9500239000
10100000|41.9401416800|41.9895527800|41.7919083800|41.8512017000|1221700|51817888.0000|41.8512017000
10150000|41.8512017000|41.8709661400|41.5744995400|41.6140284200|1063400|44871504.0000|41.6140284200
10200000|41.6140284200|41.7029684000|41.4163840200|41.6733217400|1215644|51164576.0000|41.6733217400
10250000|41.6733217400|41.7523795000|41.4756773400|41.4855595600|667400|28130544.0000|41.4855595600
10300000|41.4756773400|41.5053240000|41.3966195800|41.4163840200|591900|24830464.0000|41.4163840200
10350000|41.4065018000|41.4163840200|41.2088574000|41.3175618200|759100|31749536.0000|41.3175618200
10400000|41.3076796000|41.3274440400|41.0408596600|41.0408596600|748000|31182528.0000|41.0408596600
10450000|41.0309774400|41.1396818600|41.0309774400|41.0507418800|651600|27090832.0000|41.0507418800
10500000|41.0606241000|41.1594463000|41.0606241000|41.0803885400|501400|20854064.0000|41.0803885400
10550000|41.0803885400|41.1890929600|41.0803885400|41.1495640800|448300|18654528.0000|41.1495640800
11000000|41.1199174200|41.1693285200|40.8629797000|40.8728619200|872100|36192480.0000|40.8728619200
11050000|40.8827441400|40.9025085800|40.7345108400|40.8036863800|813100|33597840.0000|40.8036863800
11100000|40.7938041600|41.0210952200|40.7938041600|41.0112130000|763800|31608240.0000|41.0112130000
11150000|40.9815663400|41.2483862800|40.9123908000|41.1297996400|886400|36897760.0000|41.1297996400
11200000|41.1297996400|41.1297996400|40.8926263600|41.0309774400|531200|22035168.0000|41.0309774400
11250000|41.0902707600|41.5152062200|41.0408596600|41.3570907000|1174900|49224896.0000|41.3570907000
11300000|41.3076796000|41.3867373600|41.1297996400|41.1693285200|415400|17358288.0000|41.1693285200
13050000|41.1890929600|41.1989751800|40.8629797000|41.0408596600|793800|32930432.0000|41.0408596600
13100000|41.0309774400|41.1396818600|41.0112130000|41.0309774400|512400|21299376.0000|41.0309774400
13150000|41.0210952200|41.0309774400|40.8629797000|40.8926263600|952400|39428768.0000|40.8926263600
13200000|40.8827441400|41.1890929600|40.8827441400|41.1693285200|882000|36638112.0000|41.1693285200
13250000|41.1890929600|41.2780329400|41.1297996400|41.2187396200|701100|29249280.0000|41.2187396200
13300000|41.2088574000|41.2681507200|41.1594463000|41.2286218400|413000|17230720.0000|41.2286218400
13350000|41.2187396200|41.2187396200|40.9222730200|41.0210952200|425200|17658688.0000|41.0210952200
13400000|41.0210952200|41.0408596600|40.9420374600|40.9519196800|347100|14397808.0000|40.9519196800
13450000|40.9420374600|40.9815663400|40.9420374600|40.9716841200|417600|17313056.0000|40.9716841200
13500000|40.9815663400|40.9815663400|40.8234508200|40.8530974800|757400|31334032.0000|40.8530974800
13550000|40.8629797000|41.0112130000|40.8530974800|40.9914485600|189300|7843520.0000|40.9914485600
14000000|40.9815663400|40.9914485600|40.9321552400|40.9420374600|190000|7875088.0000|40.9420374600
14050000|40.9420374600|40.9618019000|40.9420374600|40.9618019000|216120|8956208.0000|40.9618019000
14100000|40.9519196800|41.0507418800|40.9519196800|41.0112130000|211700|8784304.0000|41.0112130000
14150000|41.0112130000|41.0507418800|41.0112130000|41.0210952200|189500|7868080.0000|41.0210952200
14200000|41.0408596600|41.0606241000|41.0210952200|41.0309774400|212300|8816736.0000|41.0309774400
14250000|41.0309774400|41.0507418800|40.9914485600|41.0013307800|307000|12740336.0000|41.0013307800
14300000|41.0013307800|41.1495640800|41.0013307800|41.1199174200|249258|10357584.0000|41.1199174200
14350000|41.1297996400|41.2681507200|41.1100352000|41.2582685000|345576|14406976.0000|41.2582685000
14400000|41.2483862800|41.2582685000|41.1594463000|41.2286218400|390700|16293568.0000|41.2286218400
14450000|41.2286218400|41.2977973800|41.2088574000|41.2088574000|539700|22524624.0000|41.2088574000
14500000|41.2187396200|41.2681507200|41.1693285200|41.1989751800|542000|22605152.0000|41.1989751800
14550000|41.1989751800|41.2977973800|41.1989751800|41.2977973800|1006700|42021392.0000|41.2977973800
15000000|41.2977973800|41.3373262600|41.2977973800|41.3274440400|839671|35113392.0000|41.3274440400
