09350000|128.4821170000|129.0764830000|128.2839950000|128.3731499000|2083000|270173248.0000|128.3731499000
09400000|128.3731499000|128.4523987000|128.0561547000|128.1948401000|1141700|147761504.0000|128.1948401000
09450000|128.1948401000|128.2047462000|127.6698168000|127.7391595000|1491600|192599392.0000|127.7391595000
09500000|127.7391595000|128.6307085000|127.4915070000|128.6307085000|1092800|141092348.0000|128.6307085000
09550000|128.6307085000|128.7892061000|128.1354035000|128.6307085000|658500|85436733.0000|128.6307085000
10000000|128.6307085000|129.0764830000|128.5415536000|128.7495817000|663400|86180235.0000|128.7495817000
10050000|128.7495817000|129.4925392000|128.7495817000|129.4925392000|587400|76505344.0000|129.4925392000
10100000|129.4925392000|129.5420697000|129.0665769000|129.0863891000|531300|69372540.0000|129.0863891000
10150000|129.0863891000|129.5123514000|129.0368586000|129.3241355000|278100|36300806.0000|129.3241355000
10200000|129.3736660000|129.4925392000|129.2746050000|129.4231965000|314100|41026554.0000|129.4231965000
10250000|129.4231965000|130.0076564000|129.2746050000|129.3439477000|775100|101435528.0000|129.3439477000
10300000|129.3439477000|129.3439477000|128.8684549000|129.0962952000|363900|47394684.0000|129.0962952000
10350000|129.0962952000|129.1953562000|128.8585488000|128.9774220000|221600|28843394.0000|128.9774220000
10400000|128.9774220000|129.0863891000|128.7495817000|128.8486427000|397800|51767936.0000|128.8486427000
10450000|128.7892061000|129.3241355000|128.7892061000|129.1755440000|303000|39483650.0000|129.1755440000
10500000|129.1854501000|129.3538538000|128.9576098000|129.2646989000|209500|27312896.0000|129.2646989000
10550000|129.2646989000|129.4529148000|129.1953562000|129.2547928000|194300|25364999.0000|129.2547928000
11000000|129.2646989000|129.4925392000|129.1557318000|129.4925392000|171400|22380153.0000|129.4925392000
11050000|129.4925392000|129.7203795000|129.4727270000|129.6807551000|361800|47333248.0000|129.6807551000
11100000|129.6807551000|129.7401917000|129.3736660000|129.6609429000|315100|41224448.0000|129.6609429000
11150000|129.6609429000|129.8590649000|129.5717880000|129.7699100000|586300|76798976.0000|129.7699100000
11200000|129.7699100000|129.7699100000|129.4727270000|129.5420697000|252500|33042816.0000|129.5420697000
11250000|129.5420697000|129.6510368000|129.4132904000|129.5519758000|185200|24215552.0000|129.5519758000
11300000|129.5519758000|129.7699100000|129.5123514000|129.7500978000|427500|55957632.0000|129.7500978000
13050000|129.7897222000|130.2156845000|129.7104734000|130.1364357000|1132200|148578048.0000|130.1364357000
13100000|130.1364357000|130.2652150000|129.8887832000|129.8986893000|676500|88872704.0000|129.8986893000
13150000|129.8986893000|129.9977503000|129.6708490000|129.6708490000|369900|48475136.0000|129.6708490000
13200000|129.6708490000|129.7699100000|129.5717880000|129.6708490000|366100|47907840.0000|129.6708490000
13250000|129.6708490000|130.2255906000|129.6510368000|130.0571869000|528000|69293568.0000|130.0571869000
13300000|130.0571869000|130.5524919000|129.9779381000|129.9779381000|886200|116523776.0000|129.9779381000
13350000|129.9779381000|130.1364357000|129.7897222000|129.8788771000|376900|49450496.0000|129.8788771000
13400000|129.8788771000|130.0175625000|129.8194405000|129.9383137000|236400|31002624.0000|129.9383137000
13450000|129.9383137000|129.9680320000|129.7798161000|129.9680320000|311200|40788480.0000|129.9680320000
13500000|129.9878442000|129.9977503000|129.7798161000|129.8194405000|196900|25809664.0000|129.8194405000
13550000|129.8194405000|129.8194405000|129.6411307000|129.6708490000|385500|50489600.0000|129.6708490000
14000000|129.6708490000|129.7699100000|129.5717880000|129.7104734000|231000|30232576.0000|129.7104734000
14050000|129.7005673000|129.7005673000|129.2845111000|129.4331026000|296500|38753276.0000|129.4331026000
14100000|129.4826331000|129.5816941000|129.4331026000|129.5717880000|225100|29432068.0000|129.5717880000
14150000|129.5717880000|129.5916002000|129.4628209000|129.5123514000|249800|32658176.0000|129.5123514000
14200000|129.5123514000|129.8293466000|129.5123514000|129.8194405000|296000|38756096.0000|129.8194405000
14250000|129.7996283000|129.8293466000|129.6609429000|129.6708490000|222100|29096448.0000|129.6708490000
14300000|129.6708490000|129.7302856000|129.5321636000|129.6312246000|207700|27174139.0000|129.6312246000
14350000|129.6312246000|130.1166235000|129.6312246000|129.9185015000|454700|59618053.0000|129.9185015000
14400000|129.9185015000|129.9680320000|129.7401917000|129.7401917000|290400|38054912.0000|129.7401917000
14450000|129.7401917000|129.8689710000|129.6906612000|129.8095344000|312500|40944896.0000|129.8095344000
14500000|129.8095344000|129.8590649000|129.7600039000|129.7996283000|414700|54338560.0000|129.7996283000
14550000|129.7996283000|129.9185015000|129.7897222000|129.8788771000|654900|85825536.0000|129.8788771000
15000000|129.8788771000|129.8887832000|129.8491588000|129.8689710000|771500|101151488.0000|129.8689710000
