093500|20.61|20.81|20.6|20.66|52400.0|108965794.0|20.88
094000|20.66|20.88|20.64|20.83|21241.0|44348869.0|20.66
094500|20.83|20.84|20.72|20.77|10484.0|21891583.0|20.83
095000|20.77|20.8|20.7|20.76|7509.0|15663961.0|20.77
095500|20.75|20.79|20.7|20.78|8077.0|16829996.0|20.76
100000|20.78|20.81|20.74|20.76|7211.0|15055534.0|20.78
100500|20.79|20.89|20.75|20.83|9996.0|20932388.0|20.76
101000|20.83|20.91|20.82|20.89|8891.0|18653900.0|20.83
101500|20.89|20.89|20.81|20.82|6120.0|12831180.0|20.89
102000|20.82|20.84|20.76|20.76|4134.0|8645989.0|20.82
102500|20.77|20.8|20.76|20.77|5489.0|11464261.0|20.76
103000|20.78|20.84|20.77|20.82|2653.0|5547591.0|20.77
103500|20.82|20.84|20.69|20.69|5907.0|12318859.0|20.82
104000|20.67|20.81|20.67|20.79|3567.0|7432543.0|20.69
104500|20.77|20.79|20.7|20.71|3611.0|7530362.0|20.79
105000|20.7|20.78|20.7|20.73|3002.0|6256023.0|20.71
105500|20.72|20.78|20.72|20.77|1527.0|3185296.0|20.73
110000|20.77|20.78|20.71|20.71|2124.0|4427292.0|20.77
110500|20.7|20.76|20.69|20.74|2807.0|5846279.0|20.71
111000|20.76|20.78|20.73|20.78|1675.0|3494481.0|20.74
111500|20.78|20.79|20.75|20.77|2129.0|4445755.0|20.78
112000|20.77|20.82|20.76|20.78|2222.0|4642667.0|20.77
112500|20.78|20.78|20.73|20.78|1867.0|3895210.0|20.78
113000|20.78|20.78|20.74|20.74|1620.0|3380641.0|20.78
130500|20.76|20.77|20.7|20.77|4146.0|8636779.0|20.74
131000|20.75|20.79|20.73|20.75|3938.0|8222226.0|20.77
131500|20.75|20.79|20.75|20.77|2957.0|6174707.0|20.75
132000|20.77|20.79|20.75|20.76|1414.0|2952556.0|20.77
132500|20.76|20.77|20.74|20.75|1988.0|4146923.0|20.76
133000|20.76|20.78|20.75|20.75|1709.0|3567696.0|20.75
133500|20.76|20.77|20.72|20.73|2380.0|4963676.0|20.75
134000|20.72|20.73|20.7|20.73|4406.0|9171338.0|20.73
134500|20.74|20.74|20.68|20.68|2843.0|5917335.0|20.73
135000|20.68|20.73|20.68|20.71|2181.0|4540221.0|20.68
135500|20.71|20.74|20.71|20.71|1910.0|3978341.0|20.71
140000|20.71|20.72|20.69|20.72|2100.0|4370698.0|20.71
140500|20.71|20.71|20.59|20.62|8608.0|17860334.0|20.72
141000|20.63|20.71|20.62|20.69|3844.0|7986428.0|20.62
141500|20.68|20.69|20.65|20.69|1476.0|3067096.0|20.69
142000|20.67|20.69|20.63|20.65|2425.0|5034384.0|20.69
142500|20.65|20.68|20.64|20.66|2478.0|5145375.0|20.65
143000|20.66|20.68|20.65|20.65|3324.0|6903583.0|20.66
143500|20.65|20.67|20.61|20.63|6016.0|12479409.0|20.65
144000|20.62|20.65|20.61|20.61|3583.0|7429426.0|20.63
144500|20.61|20.65|20.59|20.61|7525.0|15597942.0|20.61
145000|20.66|20.74|20.66|20.7|8504.0|17685956.0|20.61
145500|20.7|20.7|20.67|20.68|7541.0|15684184.0|20.7
150000|20.69|20.71|20.68|20.71|12503.0|26016131.0|20.68
