093500|19.5500|19.6200|19.5200|19.6100|594800|11641107.0000|19.6100
094000|19.6200|19.6400|19.6000|19.6400|643800|12635397.0000|19.6400
094500|19.6400|19.6400|19.6000|19.6100|370400|7266732.0000|19.6100
095000|19.6100|19.6300|19.6000|19.6100|265600|5210148.0000|19.6100
095500|19.6100|19.6700|19.6100|19.6600|572100|11242408.0000|19.6600
100000|19.6600|19.7200|19.6600|19.6600|624100|12289536.0000|19.6600
100500|19.6700|19.6700|19.6400|19.6600|240800|4732664.0000|19.6600
101000|19.6400|19.6700|19.6300|19.6400|257700|5064104.0000|19.6400
101500|19.6400|19.6400|19.6100|19.6200|142500|2796760.0000|19.6200
102000|19.6300|19.6400|19.6100|19.6100|248600|4876720.0000|19.6100
102500|19.6200|19.6300|19.6000|19.6100|306600|6013792.0000|19.6100
103000|19.6100|19.6200|19.6000|19.6100|105100|2060856.0000|19.6100
103500|19.6100|19.6400|19.6100|19.6300|147200|2887904.0000|19.6300
104000|19.6200|19.6500|19.6200|19.6500|228400|4484120.0000|19.6500
104500|19.6400|19.6500|19.6100|19.6200|179100|3515552.0000|19.6200
105000|19.6200|19.6300|19.6200|19.6200|87300|1713232.0000|19.6200
105500|19.6200|19.6300|19.6200|19.6200|44100|865480.0000|19.6200
110000|19.6300|19.6400|19.6200|19.6400|107000|2099872.0000|19.6400
110500|19.6500|19.7000|19.6400|19.6700|436300|8584248.0000|19.6700
111000|19.6700|19.7000|19.6600|19.6900|439000|8642952.0000|19.6900
111500|19.7000|19.7400|19.6900|19.6900|539800|10643896.0000|19.6900
112000|19.6900|19.7000|19.6500|19.6700|209300|4118496.0000|19.6700
112500|19.6700|19.6800|19.6600|19.6600|123800|2435368.0000|19.6600
113000|19.6700|19.7000|19.6600|19.6900|202000|3974576.0000|19.6900
130500|19.7100|19.7200|19.6700|19.6800|216900|4271968.0000|19.6800
131000|19.6700|19.7100|19.6700|19.7000|226000|4450816.0000|19.7000
131500|19.7000|19.7300|19.6800|19.7300|363900|7171472.0000|19.7300
132000|19.7400|19.7600|19.7100|19.7100|671000|13245088.0000|19.7100
132500|19.7100|19.7100|19.6800|19.7000|320200|6305696.0000|19.7000
133000|19.7000|19.7100|19.6800|19.6900|166500|3279088.0000|19.6900
133500|19.7000|19.7000|19.6900|19.7000|167200|3293104.0000|19.7000
134000|19.7000|19.7100|19.6900|19.7100|183200|3608672.0000|19.7100
134500|19.7000|19.7700|19.7000|19.7700|527200|10406496.0000|19.7700
135000|19.7600|19.8400|19.7500|19.7900|1229400|24340800.0000|19.7900
135500|19.7900|19.8000|19.7700|19.7800|380800|7534064.0000|19.7800
140000|19.7800|19.7900|19.7700|19.7700|342600|6776496.0000|19.7700
140500|19.7700|19.7800|19.7200|19.7500|285400|5636240.0000|19.7500
141000|19.7400|19.7500|19.7200|19.7200|130600|2577680.0000|19.7200
141500|19.7300|19.7300|19.7100|19.7200|245100|4834448.0000|19.7200
142000|19.7200|19.7500|19.7200|19.7500|239300|4721744.0000|19.7500
142500|19.7500|19.7500|19.7300|19.7300|108700|2146112.0000|19.7300
143000|19.7300|19.7600|19.7300|19.7500|246200|4860352.0000|19.7500
143500|19.7600|19.7800|19.7600|19.7700|369400|7302064.0000|19.7700
144000|19.7700|19.7800|19.7300|19.7300|301400|5954768.0000|19.7300
144500|19.7500|19.7500|19.7300|19.7500|271600|5361504.0000|19.7500
145000|19.7400|19.7400|19.7300|19.7400|254300|5019040.0000|19.7400
145500|19.7300|19.7400|19.7300|19.7400|557700|11005824.0000|19.7400
150000|19.7400|19.7500|19.7300|19.7300|803700|15859296.0000|19.7300
