093500|19.2000|19.2500|19.2000|19.2200|781900|15031956.0000|19.2200
094000|19.2200|19.2900|19.2200|19.2400|593181|11427154.0000|19.2400
094500|19.2400|19.2800|19.2400|19.2700|458700|8832202.0000|19.2700
095000|19.2700|19.2800|19.2500|19.2500|388800|7488460.0000|19.2500
095500|19.2500|19.3000|19.2400|19.2600|560357|10796090.0000|19.2600
100000|19.2600|19.2600|19.2400|19.2500|275043|5295094.0000|19.2500
100500|19.2400|19.2600|19.2400|19.2500|262400|5050448.0000|19.2500
101000|19.2500|19.2600|19.2400|19.2500|306836|5906908.0000|19.2500
101500|19.2500|19.3500|19.2500|19.3500|1328700|25656563.0000|19.3500
102000|19.3600|19.3700|19.3100|19.3200|577713|11172123.0000|19.3200
102500|19.3200|19.3400|19.3000|19.3100|321800|6217691.0000|19.3100
103000|19.3100|19.3100|19.2900|19.3000|377800|7292468.0000|19.3000
103500|19.3000|19.3100|19.2800|19.2900|353800|6825469.0000|19.2900
104000|19.2900|19.2900|19.2800|19.2800|461400|8896785.0000|19.2800
104500|19.2900|19.3000|19.2800|19.3000|296000|5709835.0000|19.3000
105000|19.3000|19.3400|19.2800|19.3400|494900|9559623.0000|19.3400
105500|19.3500|19.4100|19.3500|19.3900|1366400|26488991.0000|19.3900
110000|19.3800|19.4000|19.3700|19.3800|455900|8837199.0000|19.3800
110500|19.3800|19.3900|19.3400|19.3500|322900|6253413.0000|19.3500
111000|19.3500|19.3700|19.3500|19.3600|96000|1859096.0000|19.3600
111500|19.3600|19.4100|19.3600|19.4000|597100|11575725.0000|19.4000
112000|19.4000|19.4500|19.3900|19.4500|749700|14558879.0000|19.4500
112500|19.4500|19.4600|19.4300|19.4600|655500|12744590.0000|19.4600
113000|19.4500|19.5200|19.4500|19.4800|1228800|23935926.0000|19.4800
130500|19.4800|19.5000|19.4000|19.4400|892600|17355194.0000|19.4400
131000|19.4400|19.4700|19.4400|19.4500|421800|8207855.0000|19.4500
131500|19.4500|19.4600|19.4100|19.4100|379200|7370517.0000|19.4100
132000|19.4000|19.4100|19.3600|19.4000|443500|8597910.0000|19.4000
132500|19.4000|19.4300|19.4000|19.4100|304979|5919279.0000|19.4100
133000|19.4100|19.4400|19.4100|19.4400|279200|5422589.0000|19.4400
133500|19.4300|19.4600|19.4200|19.4600|322000|6260386.0000|19.4600
134000|19.4600|19.4800|19.4400|19.4500|244800|4763065.0000|19.4500
134500|19.4400|19.4500|19.4300|19.4300|288200|5600747.0000|19.4300
135000|19.4400|19.4500|19.4300|19.4500|287000|5580724.0000|19.4500
135500|19.4500|19.4800|19.4500|19.4800|629200|12250353.0000|19.4800
140000|19.4800|19.4900|19.4600|19.4800|666796|12987521.0000|19.4800
140500|19.4900|19.4900|19.4600|19.4800|403900|7867494.0000|19.4800
141000|19.4800|19.4900|19.4700|19.4800|338900|6601120.0000|19.4800
141500|19.4800|19.5100|19.4600|19.5000|838100|16331958.0000|19.5000
142000|19.5000|19.5200|19.4900|19.5200|651300|12706367.0000|19.5200
142500|19.5200|19.5400|19.5100|19.5300|429100|8379562.0000|19.5300
143000|19.5200|19.5500|19.5000|19.5500|531700|10380634.0000|19.5500
143500|19.5500|19.5500|19.5000|19.5000|865600|16908119.0000|19.5000
144000|19.5000|19.5200|19.4800|19.5200|643500|12544390.0000|19.5200
144500|19.5200|19.5900|19.5100|19.5500|878224|17175641.0000|19.5500
145000|19.5500|19.5600|19.5400|19.5500|445176|8705009.0000|19.5500
145500|19.5600|19.5600|19.5400|19.5500|558600|10921164.0000|19.5500
150000|19.5400|19.5600|19.5400|19.5600|683624|13369029.0000|19.5600
