09350000|24.4200000000|24.4200000000|24.0000000000|24.2100000000|827600|20015016.0000|24.2100000000
09400000|24.2300000000|24.2800000000|24.0700000000|24.1400000000|545200|13160258.0000|24.1400000000
09450000|24.1200000000|24.2700000000|24.0600000000|24.2400000000|546300|13203494.0000|24.2400000000
09500000|24.2100000000|24.2400000000|24.0900000000|24.1100000000|268500|6491060.0000|24.1100000000
09550000|24.1100000000|24.1300000000|24.0100000000|24.0200000000|707300|17011140.0000|24.0200000000
10000000|24.0400000000|24.0500000000|23.9100000000|24.0500000000|1086900|26049472.0000|24.0500000000
10050000|24.0500000000|24.2300000000|24.0300000000|24.1200000000|848500|20510512.0000|24.1200000000
10100000|24.1500000000|24.1600000000|24.0800000000|24.0900000000|370200|8928120.0000|24.0900000000
10150000|24.1000000000|24.3000000000|24.0800000000|24.1900000000|702300|16980384.0000|24.1900000000
10200000|24.1600000000|24.1900000000|24.0500000000|24.0500000000|235100|5669488.0000|24.0500000000
10250000|24.0800000000|24.1800000000|24.0700000000|24.1400000000|236800|5707488.0000|24.1400000000
10300000|24.1200000000|24.1200000000|24.0000000000|24.0300000000|222800|5359888.0000|24.0300000000
10350000|24.0400000000|24.1000000000|23.9200000000|23.9200000000|394600|9460176.0000|23.9200000000
10400000|23.9200000000|24.1000000000|23.9200000000|24.0900000000|125000|2999424.0000|24.0900000000
10450000|24.0800000000|24.4500000000|24.0700000000|24.4500000000|552000|13409024.0000|24.4500000000
10500000|24.4400000000|24.5400000000|24.3800000000|24.5400000000|870800|21290080.0000|24.5400000000
10550000|24.5400000000|24.6400000000|24.4500000000|24.5400000000|655200|16106432.0000|24.5400000000
11000000|24.5400000000|24.6000000000|24.5000000000|24.5200000000|459300|11273280.0000|24.5200000000
11050000|24.5500000000|24.5900000000|24.4300000000|24.4400000000|343200|8417136.0000|24.4400000000
11100000|24.4400000000|24.5000000000|24.3600000000|24.3800000000|278700|6804816.0000|24.3800000000
11150000|24.3700000000|24.3800000000|24.3300000000|24.3500000000|229100|5578176.0000|24.3500000000
11200000|24.3500000000|24.3900000000|24.3200000000|24.3300000000|149300|3635552.0000|24.3300000000
11250000|24.3300000000|24.3300000000|24.2300000000|24.2300000000|334700|8126432.0000|24.2300000000
11300000|24.2400000000|24.2600000000|24.1200000000|24.1700000000|258800|6261664.0000|24.1700000000
13050000|24.2000000000|24.2000000000|24.0100000000|24.0500000000|360000|8679712.0000|24.0500000000
13100000|24.0400000000|24.0800000000|24.0100000000|24.0500000000|248200|5963200.0000|24.0500000000
13150000|24.0400000000|24.0700000000|24.0100000000|24.0600000000|253600|6093888.0000|24.0600000000
13200000|24.0700000000|24.0700000000|23.9600000000|23.9700000000|446700|10724928.0000|23.9700000000
13250000|23.9800000000|24.0200000000|23.9800000000|24.0200000000|175500|4212096.0000|24.0200000000
13300000|24.0200000000|24.0200000000|23.9300000000|23.9500000000|363900|8722144.0000|23.9500000000
13350000|23.9600000000|23.9600000000|23.8900000000|23.8900000000|578100|13825376.0000|23.8900000000
13400000|23.8800000000|23.9100000000|23.8300000000|23.8400000000|450800|10758944.0000|23.8400000000
13450000|23.8300000000|23.9600000000|23.8200000000|23.8800000000|255900|6112064.0000|23.8800000000
13500000|23.8600000000|23.8600000000|23.7500000000|23.7600000000|421000|10016384.0000|23.7600000000
13550000|23.7600000000|23.8300000000|23.7400000000|23.8200000000|289100|6871040.0000|23.8200000000
14000000|23.8100000000|23.8500000000|23.7600000000|23.8300000000|286600|6818944.0000|23.8300000000
14050000|23.8200000000|23.9100000000|23.7700000000|23.9000000000|253200|6030976.0000|23.9000000000
14100000|23.9000000000|23.9600000000|23.8700000000|23.9600000000|174000|4162976.0000|23.9600000000
14150000|23.9600000000|24.0200000000|23.8900000000|23.9900000000|396400|9494240.0000|23.9900000000
14200000|23.9800000000|23.9800000000|23.8000000000|23.8200000000|243000|5803968.0000|23.8200000000
14250000|23.8300000000|23.9000000000|23.8100000000|23.8400000000|227400|5425248.0000|23.8400000000
14300000|23.8300000000|23.8600000000|23.7700000000|23.8100000000|296900|7065824.0000|23.8100000000
14350000|23.8100000000|23.8600000000|23.7900000000|23.8200000000|197000|4691744.0000|23.8200000000
14400000|23.8100000000|23.8200000000|23.7100000000|23.7100000000|450800|10710208.0000|23.7100000000
14450000|23.7100000000|23.7200000000|23.6000000000|23.6500000000|764500|18084448.0000|23.6500000000
14500000|23.6300000000|23.6500000000|23.5800000000|23.5800000000|500700|11815904.0000|23.5800000000
14550000|23.5800000000|23.6700000000|23.5700000000|23.6600000000|782600|18487040.0000|23.6600000000
15000000|23.6700000000|23.7400000000|23.6700000000|23.7100000000|321300|7618208.0000|23.7100000000
