093500|11.9000|11.9600|11.8800|11.9300|789600|9411688.0000|11.9300
094000|11.9400|11.9500|11.9100|11.9200|337900|4029839.0000|11.9200
094500|11.9200|11.9500|11.8900|11.8900|748600|8926437.0000|11.8900
095000|11.8900|11.9100|11.8500|11.8600|519800|6175402.0000|11.8600
095500|11.8600|11.8800|11.8300|11.8300|461700|5472220.0000|11.8300
100000|11.8300|11.8500|11.8100|11.8500|456400|5395900.0000|11.8500
100500|11.8500|11.9200|11.8300|11.8800|221500|2631912.0000|11.8800
101000|11.8800|11.9000|11.8500|11.8800|415100|4922436.0000|11.8800
101500|11.8800|11.9100|11.8500|11.8900|140500|1669104.0000|11.8900
102000|11.8700|11.8700|11.8100|11.8100|203400|2406172.0000|11.8100
102500|11.8300|11.8300|11.7800|11.7900|591000|6976424.0000|11.7900
103000|11.7900|11.8000|11.7600|11.7800|276000|3251312.0000|11.7800
103500|11.7800|11.7900|11.7600|11.7600|215700|2540344.0000|11.7600
104000|11.7600|11.7700|11.7500|11.7500|369300|4342368.0000|11.7500
104500|11.7500|11.7800|11.7300|11.7400|566300|6652944.0000|11.7400
105000|11.7700|11.7900|11.7500|11.7800|242300|2851832.0000|11.7800
105500|11.7700|11.7900|11.7300|11.7400|359100|4221912.0000|11.7400
110000|11.7400|11.7600|11.7100|11.7400|1165900|13670624.0000|11.7400
110500|11.7300|11.8100|11.7300|11.7800|256000|3012600.0000|11.7800
111000|11.7600|11.8000|11.7500|11.7800|169200|1991672.0000|11.7800
111500|11.7800|11.8000|11.7600|11.7700|209600|2468296.0000|11.7700
112000|11.7700|11.7800|11.7400|11.7500|212000|2493840.0000|11.7500
112500|11.7500|11.7600|11.7200|11.7600|544900|6393888.0000|11.7600
113000|11.7700|11.7800|11.6900|11.7100|1004800|11776520.0000|11.7100
130500|11.7100|11.7500|11.7000|11.7300|441500|5174256.0000|11.7300
131000|11.7300|11.7700|11.7000|11.7000|473300|5552440.0000|11.7000
131500|11.7200|11.7200|11.6900|11.7000|310000|3627584.0000|11.7000
132000|11.7000|11.7200|11.6900|11.7100|614100|7186656.0000|11.7100
132500|11.7100|11.7300|11.7000|11.7100|422500|4948720.0000|11.7100
133000|11.7100|11.7300|11.6900|11.7000|234700|2746928.0000|11.7000
133500|11.7000|11.7300|11.7000|11.7000|455400|5332416.0000|11.7000
134000|11.7100|11.7200|11.7000|11.7100|290900|3405184.0000|11.7100
134500|11.7300|11.7300|11.7000|11.7100|275000|3220832.0000|11.7100
135000|11.7100|11.7200|11.6900|11.7100|242400|2837744.0000|11.7100
135500|11.7100|11.7200|11.6900|11.7000|277700|3249184.0000|11.7000
140000|11.7000|11.7100|11.6700|11.6700|327200|3823968.0000|11.6700
140500|11.6700|11.6800|11.6500|11.6700|692500|8070608.0000|11.6700
141000|11.6600|11.6700|11.6300|11.6400|631000|7346608.0000|11.6400
141500|11.6400|11.6700|11.6200|11.6300|560800|6526368.0000|11.6300
142000|11.6300|11.6500|11.6000|11.6000|568100|6603760.0000|11.6000
142500|11.6100|11.6400|11.5700|11.6200|797700|9255024.0000|11.6200
143000|11.6200|11.6300|11.5900|11.5900|326200|3786144.0000|11.5900
143500|11.6000|11.6400|11.5800|11.5800|1233200|14317392.0000|11.5800
144000|11.6000|11.6100|11.5700|11.6100|590800|6847136.0000|11.6100
144500|11.6100|11.6200|11.5800|11.6000|484600|5620768.0000|11.6000
145000|11.5900|11.6600|11.5900|11.6500|516100|5996048.0000|11.6500
145500|11.6600|11.6600|11.6100|11.6400|443400|5161376.0000|11.6400
150000|11.6500|11.6900|11.6200|11.6200|343000|3990800.0000|11.6200
