093500|14.6000|14.8600|14.5800|14.8500|5507200|81448368.0000|14.8500
094000|14.8500|14.8800|14.7900|14.8200|3463800|51407920.0000|14.8200
094500|14.8300|14.8600|14.7600|14.8000|1313100|19472608.0000|14.8000
095000|14.8000|14.8000|14.7300|14.7700|947500|13986368.0000|14.7700
095500|14.7700|14.8200|14.7400|14.7800|1700200|25144544.0000|14.7800
100000|14.7800|14.8000|14.7700|14.7900|873300|12910576.0000|14.7900
100500|14.7900|14.8800|14.7800|14.8400|3083600|45773616.0000|14.8400
101000|14.8400|14.8900|14.8100|14.8200|2580900|38355056.0000|14.8200
101500|14.8200|14.9000|14.8200|14.8900|2294400|34107968.0000|14.8900
102000|14.8900|14.9000|14.8200|14.8400|1244700|18505536.0000|14.8400
102500|14.8500|14.8600|14.8200|14.8200|630500|9349792.0000|14.8200
103000|14.8200|14.8200|14.7600|14.7700|698600|10333600.0000|14.7700
103500|14.7700|14.8000|14.7500|14.7600|777200|11479488.0000|14.7600
104000|14.7600|14.7700|14.7100|14.7400|1019900|15030528.0000|14.7400
104500|14.7600|14.7600|14.7000|14.7200|865400|12743520.0000|14.7200
105000|14.7200|14.7800|14.7100|14.7700|779700|11484352.0000|14.7700
105500|14.7700|14.8400|14.7600|14.8300|529000|7831392.0000|14.8300
110000|14.8200|14.8600|14.8200|14.8600|861100|12779200.0000|14.8600
110500|14.8600|14.8700|14.8400|14.8700|1231700|18294784.0000|14.8700
111000|14.8600|14.9000|14.8600|14.8700|1880900|27996800.0000|14.8700
111500|14.8700|14.9000|14.8600|14.8700|1265300|18824832.0000|14.8700
112000|14.8600|14.9000|14.8600|14.9000|1254900|18683264.0000|14.9000
112500|14.8900|14.9900|14.8900|14.9800|2468600|36917568.0000|14.9800
113000|14.9800|14.9800|14.9500|14.9500|1097900|16431359.0000|14.9500
130500|14.9600|14.9600|14.9100|14.9500|1624400|24272577.0000|14.9500
131000|14.9500|14.9500|14.8700|14.8800|699300|10412480.0000|14.8800
131500|14.8800|14.9000|14.8400|14.8500|494900|7361863.0000|14.8500
132000|14.8400|14.8700|14.8100|14.8200|604700|8969469.0000|14.8200
132500|14.8200|14.8300|14.8000|14.8300|491600|7282048.0000|14.8300
133000|14.8300|14.8300|14.8100|14.8200|297000|4401148.0000|14.8200
133500|14.8200|14.8200|14.7600|14.7800|577500|8540802.0000|14.7800
134000|14.7800|14.8200|14.7700|14.8100|342600|5066687.0000|14.8100
134500|14.8100|14.8200|14.7700|14.7800|513500|7590464.0000|14.7800
135000|14.7900|14.7900|14.7500|14.7500|557100|8224513.0000|14.7500
135500|14.7500|14.7800|14.7400|14.7800|473100|6981694.0000|14.7800
140000|14.7800|14.8200|14.7800|14.8100|355000|5253444.0000|14.8100
140500|14.8100|14.8600|14.8000|14.8500|629000|9327548.0000|14.8500
141000|14.8500|14.8700|14.8300|14.8500|506500|7522043.0000|14.8500
141500|14.8400|14.8700|14.8300|14.8400|885400|13138944.0000|14.8400
142000|14.8400|14.8800|14.8300|14.8800|574300|8535109.0000|14.8800
142500|14.8700|14.9300|14.8700|14.9000|949700|14149888.0000|14.9000
143000|14.9000|14.9400|14.9000|14.9400|722800|10788408.0000|14.9400
143500|14.9400|14.9800|14.9300|14.9300|1883000|28172748.0000|14.9300
144000|14.9300|14.9500|14.9200|14.9200|674500|10073528.0000|14.9200
144500|14.9200|14.9300|14.8900|14.9000|782000|11652930.0000|14.9000
145000|14.9000|14.9400|14.8800|14.9400|905100|13486402.0000|14.9400
145500|14.9300|14.9500|14.9200|14.9500|917000|13695932.0000|14.9500
150000|14.9500|14.9600|14.9300|14.9500|874100|13066052.0000|14.9500
