09350000|6.2753517000|6.2847741500|6.2659292500|6.2753517000|2032000|13529466.0000|6.2753517000
09400000|6.2847741500|6.3036190500|6.2753517000|6.2941966000|793900|5300062.0000|6.2941966000
09450000|6.2941966000|6.3036190500|6.2847741500|6.3036190500|1066800|7128818.0000|6.3036190500
09500000|6.3036190500|6.3036190500|6.2753517000|6.2847741500|1151300|7687748.0000|6.2847741500
09550000|6.2847741500|6.3224639500|6.2753517000|6.3130415000|2832700|18938996.0000|6.3130415000
10000000|6.3130415000|6.3318864000|6.3036190500|6.3318864000|1750200|11736304.0000|6.3318864000
10050000|6.3318864000|6.3318864000|6.3130415000|6.3130415000|668600|4486572.0000|6.3130415000
10100000|6.3130415000|6.3224639500|6.3036190500|6.3036190500|1291500|8647688.0000|6.3036190500
10150000|6.3036190500|6.3413088500|6.3036190500|6.3224639500|2804700|18827672.0000|6.3224639500
10200000|6.3224639500|6.3507313000|6.3224639500|6.3413088500|2309300|15541928.0000|6.3413088500
10250000|6.3507313000|6.3507313000|6.3318864000|6.3507313000|943100|6345464.0000|6.3507313000
10300000|6.3413088500|6.3507313000|6.3318864000|6.3318864000|655300|4410752.0000|6.3318864000
10350000|6.3318864000|6.3507313000|6.3318864000|6.3413088500|1191500|8015344.0000|6.3413088500
10400000|6.3413088500|6.3507313000|6.3318864000|6.3318864000|925200|6224096.0000|6.3318864000
10450000|6.3224639500|6.3413088500|6.3224639500|6.3318864000|907200|6093232.0000|6.3318864000
10500000|6.3318864000|6.3413088500|6.3318864000|6.3318864000|418600|2814512.0000|6.3318864000
10550000|6.3318864000|6.3507313000|6.3318864000|6.3413088500|1208700|8135472.0000|6.3413088500
11000000|6.3507313000|6.3507313000|6.3318864000|6.3413088500|1854300|12490016.0000|6.3413088500
11050000|6.3413088500|6.3601537500|6.3413088500|6.3507313000|620100|4180288.0000|6.3507313000
11100000|6.3507313000|6.3601537500|6.3413088500|6.3413088500|543200|3659456.0000|6.3413088500
11150000|6.3413088500|6.3507313000|6.3318864000|6.3413088500|381100|2564080.0000|6.3413088500
11200000|6.3413088500|6.3507313000|6.3413088500|6.3413088500|312000|2100800.0000|6.3413088500
11250000|6.3413088500|6.3507313000|6.3413088500|6.3413088500|256700|1728544.0000|6.3413088500
11300000|6.3507313000|6.3507313000|6.3413088500|6.3507313000|178700|1203392.0000|6.3507313000
13050000|6.3507313000|6.3507313000|6.3413088500|6.3413088500|295500|1990048.0000|6.3413088500
13100000|6.3413088500|6.3413088500|6.3224639500|6.3224639500|548700|3688032.0000|6.3224639500
13150000|6.3224639500|6.3413088500|6.3224639500|6.3318864000|217300|1460432.0000|6.3318864000
13200000|6.3318864000|6.3413088500|6.3318864000|6.3318864000|132100|888448.0000|6.3318864000
13250000|6.3318864000|6.3413088500|6.3318864000|6.3413088500|366900|2467616.0000|6.3413088500
13300000|6.3413088500|6.3413088500|6.3318864000|6.3318864000|260600|1753376.0000|6.3318864000
13350000|6.3318864000|6.3413088500|6.3318864000|6.3318864000|151300|1017184.0000|6.3318864000
13400000|6.3318864000|6.3413088500|6.3130415000|6.3130415000|1012500|6797456.0000|6.3130415000
13450000|6.3130415000|6.3318864000|6.3130415000|6.3224639500|273400|1834688.0000|6.3224639500
13500000|6.3224639500|6.3318864000|6.3130415000|6.3224639500|419200|2812800.0000|6.3224639500
13550000|6.3224639500|6.3318864000|6.3224639500|6.3224639500|127100|853040.0000|6.3224639500
14000000|6.3224639500|6.3413088500|6.3224639500|6.3318864000|715500|4810384.0000|6.3318864000
14050000|6.3318864000|6.3413088500|6.3318864000|6.3318864000|340600|2290224.0000|6.3318864000
14100000|6.3318864000|6.3413088500|6.3224639500|6.3318864000|338700|2275936.0000|6.3318864000
14150000|6.3318864000|6.3507313000|6.3224639500|6.3413088500|1016500|6843488.0000|6.3413088500
14200000|6.3413088500|6.3507313000|6.3318864000|6.3413088500|494000|3323760.0000|6.3413088500
14250000|6.3318864000|6.3413088500|6.3318864000|6.3318864000|458100|3080576.0000|6.3318864000
14300000|6.3318864000|6.3413088500|6.3318864000|6.3318864000|425400|2860064.0000|6.3318864000
14350000|6.3318864000|6.3507313000|6.3318864000|6.3413088500|335600|2258464.0000|6.3413088500
14400000|6.3413088500|6.3507313000|6.3413088500|6.3413088500|731900|4930832.0000|6.3413088500
14450000|6.3413088500|6.3507313000|6.3413088500|6.3413088500|674400|4541056.0000|6.3413088500
14500000|6.3413088500|6.3601537500|6.3413088500|6.3507313000|1400200|9437520.0000|6.3507313000
14550000|6.3601537500|6.3601537500|6.3507313000|6.3507313000|838900|5657152.0000|6.3507313000
15000000|6.3507313000|6.3601537500|6.3413088500|6.3601537500|1446100|9754368.0000|6.3601537500
