09350000|5.8042292000|5.8230741000|5.8042292000|5.8136516500|1371200|8451352.0000|5.8136516500
09400000|5.8136516500|5.8230741000|5.7759618500|5.7948067500|1365800|8409335.0000|5.7948067500
09450000|5.7853843000|5.7948067500|5.7665394000|5.7759618500|1931300|11845036.0000|5.7759618500
09500000|5.7665394000|5.7759618500|5.7571169500|5.7759618500|1213200|7426736.0000|5.7759618500
09550000|5.7759618500|5.7853843000|5.7665394000|5.7759618500|1193000|7310316.0000|5.7759618500
10000000|5.7759618500|5.7853843000|5.7571169500|5.7665394000|1997700|12233604.0000|5.7665394000
10050000|5.7571169500|5.7665394000|5.7382720500|5.7476945000|2038000|12443484.0000|5.7476945000
10100000|5.7476945000|5.7665394000|5.7382720500|5.7571169500|1891100|11526568.0000|5.7571169500
10150000|5.7665394000|5.7759618500|5.7571169500|5.7759618500|537300|3289688.0000|5.7759618500
10200000|5.7759618500|5.7948067500|5.7759618500|5.7853843000|895500|5500752.0000|5.7853843000
10250000|5.7948067500|5.7948067500|5.7759618500|5.7853843000|760800|4673736.0000|5.7853843000
10300000|5.7853843000|5.7853843000|5.7759618500|5.7853843000|601200|3686368.0000|5.7853843000
10350000|5.7759618500|5.7948067500|5.7759618500|5.7853843000|919600|5647720.0000|5.7853843000
10400000|5.7853843000|5.7948067500|5.7759618500|5.7853843000|770400|4729760.0000|5.7853843000
10450000|5.7948067500|5.7948067500|5.7759618500|5.7853843000|571500|3508560.0000|5.7853843000
10500000|5.7853843000|5.7948067500|5.7759618500|5.7759618500|295700|1815088.0000|5.7759618500
10550000|5.7759618500|5.7853843000|5.7665394000|5.7665394000|479500|2938856.0000|5.7665394000
11000000|5.7665394000|5.7759618500|5.7665394000|5.7665394000|253200|1550512.0000|5.7665394000
11050000|5.7665394000|5.7665394000|5.7382720500|5.7476945000|1605300|9798224.0000|5.7476945000
11100000|5.7476945000|5.7665394000|5.7476945000|5.7476945000|764200|4665496.0000|5.7476945000
11150000|5.7476945000|5.7665394000|5.7476945000|5.7571169500|326000|1991888.0000|5.7571169500
11200000|5.7571169500|5.7665394000|5.7571169500|5.7571169500|482500|2949576.0000|5.7571169500
11250000|5.7571169500|5.7665394000|5.7476945000|5.7476945000|542200|3310448.0000|5.7476945000
11300000|5.7571169500|5.7665394000|5.7476945000|5.7571169500|1086800|6639536.0000|5.7571169500
13050000|5.7571169500|5.7665394000|5.7476945000|5.7571169500|1075000|6569600.0000|5.7571169500
13100000|5.7665394000|5.7853843000|5.7665394000|5.7853843000|3436700|21059088.0000|5.7853843000
13150000|5.7853843000|5.8136516500|5.7853843000|5.8042292000|1817100|11185776.0000|5.8042292000
13200000|5.8136516500|5.8324965500|5.8136516500|5.8136516500|1788900|11049520.0000|5.8136516500
13250000|5.8136516500|5.8230741000|5.8042292000|5.8136516500|1138300|7027584.0000|5.8136516500
13300000|5.8136516500|5.8324965500|5.8136516500|5.8324965500|939600|5805504.0000|5.8324965500
13350000|5.8324965500|5.8324965500|5.8042292000|5.8042292000|1189600|7342144.0000|5.8042292000
13400000|5.8042292000|5.8324965500|5.8042292000|5.8230741000|990700|6117232.0000|5.8230741000
13450000|5.8324965500|5.8324965500|5.8230741000|5.8230741000|971500|6006752.0000|5.8230741000
13500000|5.8230741000|5.8419190000|5.8230741000|5.8419190000|1494900|9250752.0000|5.8419190000
13550000|5.8419190000|5.8419190000|5.8230741000|5.8230741000|885800|5483088.0000|5.8230741000
14000000|5.8324965500|5.8324965500|5.8230741000|5.8324965500|325600|2013136.0000|5.8324965500
14050000|5.8230741000|5.8324965500|5.8136516500|5.8230741000|792500|4896032.0000|5.8230741000
14100000|5.8230741000|5.8230741000|5.8136516500|5.8230741000|290600|1794112.0000|5.8230741000
14150000|5.8042292000|5.8136516500|5.7948067500|5.8136516500|1420600|8756464.0000|5.8136516500
14200000|5.8042292000|5.8136516500|5.7948067500|5.8042292000|671700|4138096.0000|5.8042292000
14250000|5.8042292000|5.8136516500|5.7948067500|5.7948067500|625900|3852400.0000|5.7948067500
14300000|5.7948067500|5.8136516500|5.7948067500|5.8042292000|622700|3834912.0000|5.8042292000
14350000|5.8136516500|5.8136516500|5.7948067500|5.7948067500|627700|3866144.0000|5.7948067500
14400000|5.7948067500|5.8042292000|5.7948067500|5.7948067500|877700|5399200.0000|5.7948067500
14450000|5.7948067500|5.8042292000|5.7853843000|5.7948067500|879100|5408032.0000|5.7948067500
14500000|5.8042292000|5.8042292000|5.7948067500|5.8042292000|550500|3387424.0000|5.8042292000
14550000|5.7948067500|5.8136516500|5.7948067500|5.8136516500|981100|6044288.0000|5.8136516500
15000000|5.8042292000|5.8136516500|5.8042292000|5.8042292000|479100|2951968.0000|5.8042292000
