09350000|2.8075572000|2.8335531000|2.8075572000|2.8248878000|5482600|17851316.0000|2.8248878000
09400000|2.8248878000|2.8248878000|2.8162225000|2.8162225000|2044700|6659540.0000|2.8162225000
09450000|2.8162225000|2.8248878000|2.8162225000|2.8248878000|2869800|9344228.0000|2.8248878000
09500000|2.8248878000|2.8248878000|2.8162225000|2.8248878000|2382600|7756232.0000|2.8248878000
09550000|2.8248878000|2.8248878000|2.7988919000|2.7988919000|4677600|15182912.0000|2.7988919000
10000000|2.7988919000|2.8075572000|2.7988919000|2.7988919000|1921600|6213284.0000|2.7988919000
10050000|2.7988919000|2.7988919000|2.7815613000|2.7988919000|4811400|15504292.0000|2.7988919000
10100000|2.7988919000|2.7988919000|2.7902266000|2.7988919000|1555000|5012960.0000|2.7988919000
10150000|2.7988919000|2.8075572000|2.7902266000|2.7988919000|2260000|7293192.0000|2.7988919000
10200000|2.7988919000|2.7988919000|2.7815613000|2.7815613000|2253500|7254216.0000|2.7815613000
10250000|2.7902266000|2.7988919000|2.7815613000|2.7902266000|1297300|4174376.0000|2.7902266000
10300000|2.7902266000|2.7988919000|2.7902266000|2.7988919000|1298800|4191216.0000|2.7988919000
10350000|2.7902266000|2.8075572000|2.7902266000|2.7988919000|1565600|5052920.0000|2.7988919000
10400000|2.7902266000|2.8075572000|2.7902266000|2.7988919000|948700|3061776.0000|2.7988919000
10450000|2.8075572000|2.8075572000|2.7988919000|2.8075572000|3670700|11881448.0000|2.8075572000
10500000|2.8075572000|2.8075572000|2.7988919000|2.8075572000|409300|1324776.0000|2.8075572000
10550000|2.8075572000|2.8162225000|2.7988919000|2.7988919000|641100|2075760.0000|2.7988919000
11000000|2.7988919000|2.8075572000|2.7988919000|2.7988919000|582100|1884624.0000|2.7988919000
11050000|2.7988919000|2.8075572000|2.7988919000|2.8075572000|759400|2458248.0000|2.8075572000
11100000|2.8075572000|2.8162225000|2.7988919000|2.8162225000|698100|2262072.0000|2.8162225000
11150000|2.8162225000|2.8162225000|2.8075572000|2.8162225000|525100|1704416.0000|2.8162225000
11200000|2.8162225000|2.8162225000|2.8075572000|2.8162225000|959000|3110624.0000|2.8162225000
11250000|2.8075572000|2.8162225000|2.7988919000|2.8075572000|1007000|3263248.0000|2.8075572000
11300000|2.8075572000|2.8162225000|2.8075572000|2.8162225000|218300|707792.0000|2.8162225000
13050000|2.8162225000|2.8162225000|2.8075572000|2.8162225000|1331700|4323808.0000|2.8162225000
13100000|2.8162225000|2.8162225000|2.8075572000|2.8162225000|815900|2650192.0000|2.8162225000
13150000|2.8162225000|2.8162225000|2.8075572000|2.8162225000|1170000|3792112.0000|2.8162225000
13200000|2.8162225000|2.8162225000|2.8075572000|2.8075572000|584300|1895120.0000|2.8075572000
13250000|2.8075572000|2.8162225000|2.8075572000|2.8075572000|558100|1810208.0000|2.8075572000
13300000|2.8162225000|2.8162225000|2.7988919000|2.8075572000|6675000|21615920.0000|2.8075572000
13350000|2.8075572000|2.8162225000|2.7988919000|2.7988919000|1639600|5309408.0000|2.7988919000
13400000|2.7988919000|2.8162225000|2.7988919000|2.8075572000|1285000|4163392.0000|2.8075572000
13450000|2.8075572000|2.8162225000|2.8075572000|2.8162225000|554300|1797840.0000|2.8162225000
13500000|2.8162225000|2.8162225000|2.8075572000|2.8075572000|740300|2400912.0000|2.8075572000
13550000|2.8075572000|2.8162225000|2.7988919000|2.8075572000|1513500|4902992.0000|2.8075572000
14000000|2.8075572000|2.8162225000|2.7988919000|2.8075572000|675800|2188464.0000|2.8075572000
14050000|2.8075572000|2.8162225000|2.7988919000|2.8075572000|745300|2413584.0000|2.8075572000
14100000|2.8075572000|2.8162225000|2.7988919000|2.8075572000|721300|2335536.0000|2.8075572000
14150000|2.8075572000|2.8162225000|2.7988919000|2.8075572000|1077400|3489280.0000|2.8075572000
14200000|2.8075572000|2.8162225000|2.7988919000|2.8162225000|1096700|3551600.0000|2.8162225000
14250000|2.8162225000|2.8162225000|2.8075572000|2.8162225000|699100|2269568.0000|2.8162225000
14300000|2.8162225000|2.8162225000|2.8075572000|2.8075572000|773600|2510560.0000|2.8075572000
14350000|2.8075572000|2.8162225000|2.8075572000|2.8162225000|680300|2208112.0000|2.8162225000
14400000|2.8075572000|2.8162225000|2.8075572000|2.8075572000|2045000|6630240.0000|2.8075572000
14450000|2.8075572000|2.8162225000|2.8075572000|2.8162225000|589300|1911792.0000|2.8162225000
14500000|2.8162225000|2.8162225000|2.8075572000|2.8162225000|6810100|22093344.0000|2.8162225000
14550000|2.8162225000|2.8248878000|2.8075572000|2.8162225000|1386200|4500928.0000|2.8162225000
15000000|2.8162225000|2.8248878000|2.8075572000|2.8162225000|725800|2359120.0000|2.8162225000
