09350000|4.3246310400|4.3435987200|4.2866956800|4.2866956800|1244800|5653817.0000|4.2866956800
09400000|4.2961795200|4.3435987200|4.2961795200|4.3435987200|614500|2799055.0000|4.3435987200
09450000|4.3435987200|4.3720502400|4.3246310400|4.3530825600|861100|3950937.0000|4.3530825600
09500000|4.3530825600|4.3530825600|4.3341148800|4.3341148800|923300|4228005.0000|4.3341148800
09550000|4.3341148800|4.3435987200|4.3341148800|4.3341148800|420902|1924803.0000|4.3341148800
10000000|4.3341148800|4.3341148800|4.3151472000|4.3151472000|702600|3205346.0000|4.3151472000
10050000|4.3341148800|4.3910179200|4.3246310400|4.3720502400|883500|4072917.0000|4.3720502400
10100000|4.3720502400|4.3815340800|4.3625664000|4.3625664000|389100|1792499.0000|4.3625664000
10150000|4.3625664000|4.3720502400|4.3435987200|4.3530825600|354600|1628046.0000|4.3530825600
10200000|4.3625664000|4.3625664000|4.3530825600|4.3530825600|457100|2099209.0000|4.3530825600
10250000|4.3625664000|4.3720502400|4.3530825600|4.3625664000|228600|1053306.0000|4.3625664000
10300000|4.3625664000|4.3815340800|4.3625664000|4.3720502400|186900|861479.0000|4.3720502400
10350000|4.3720502400|4.3720502400|4.3625664000|4.3720502400|155000|714085.0000|4.3720502400
10400000|4.3720502400|4.3815340800|4.3625664000|4.3720502400|294000|1355567.0000|4.3720502400
10450000|4.3720502400|4.3815340800|4.3720502400|4.3720502400|229100|1056448.0000|4.3720502400
10500000|4.3720502400|4.3815340800|4.3625664000|4.3625664000|236400|1089927.0000|4.3625664000
10550000|4.3625664000|4.3720502400|4.3435987200|4.3530825600|366900|1685475.0000|4.3530825600
11000000|4.3625664000|4.3720502400|4.3435987200|4.3720502400|523900|2406929.0000|4.3720502400
11050000|4.3720502400|4.3910179200|4.3625664000|4.3815340800|646600|2985814.0000|4.3815340800
11100000|4.3815340800|4.3910179200|4.3720502400|4.3815340800|230000|1061958.0000|4.3815340800
11150000|4.3815340800|4.4194694400|4.3815340800|4.4194694400|880300|4086895.0000|4.4194694400
11200000|4.4194694400|4.4194694400|4.4005017600|4.4099856000|387800|1804508.0000|4.4099856000
11250000|4.4099856000|4.4384371200|4.4099856000|4.4289532800|732200|3418468.0000|4.4289532800
11300000|4.4289532800|4.4479209600|4.4194694400|4.4384371200|609200|2848877.0000|4.4384371200
13050000|4.4384371200|4.4479209600|4.4289532800|4.4289532800|777800|3640211.0000|4.4289532800
13100000|4.4289532800|4.4479209600|4.4289532800|4.4479209600|677400|3171591.0000|4.4479209600
13150000|4.4384371200|4.4479209600|4.4289532800|4.4479209600|385000|1803190.0000|4.4479209600
13200000|4.4479209600|4.4479209600|4.4384371200|4.4384371200|233500|1093143.0000|4.4384371200
13250000|4.4384371200|4.4384371200|4.4289532800|4.4289532800|133800|625486.0000|4.4289532800
13300000|4.4289532800|4.4384371200|4.4289532800|4.4384371200|524800|2454635.0000|4.4384371200
13350000|4.4384371200|4.4574048000|4.4289532800|4.4574048000|716700|3359271.0000|4.4574048000
13400000|4.4574048000|4.4574048000|4.4479209600|4.4479209600|205300|963343.0000|4.4479209600
13450000|4.4479209600|4.4763724800|4.4479209600|4.4668886400|625400|2941826.0000|4.4668886400
13500000|4.4668886400|4.4668886400|4.4479209600|4.4574048000|183200|861037.0000|4.4574048000
13550000|4.4574048000|4.4574048000|4.4479209600|4.4479209600|164500|772339.0000|4.4479209600
14000000|4.4479209600|4.4668886400|4.4479209600|4.4668886400|242300|1138604.0000|4.4668886400
14050000|4.4668886400|4.4668886400|4.4479209600|4.4574048000|611700|2874375.0000|4.4574048000
14100000|4.4574048000|4.4574048000|4.4384371200|4.4479209600|340700|1598290.0000|4.4479209600
14150000|4.4479209600|4.4574048000|4.4479209600|4.4479209600|328700|1541715.0000|4.4479209600
14200000|4.4479209600|4.4574048000|4.4384371200|4.4479209600|422800|1983054.0000|4.4479209600
14250000|4.4479209600|4.4479209600|4.4384371200|4.4384371200|381100|1784926.0000|4.4384371200
14300000|4.4384371200|4.4479209600|4.4384371200|4.4479209600|450300|2107965.0000|4.4479209600
14350000|4.4479209600|4.4668886400|4.4384371200|4.4479209600|1250288|5868858.0000|4.4479209600
14400000|4.4479209600|4.4668886400|4.4479209600|4.4668886400|388402|1825623.0000|4.4668886400
14450000|4.4668886400|4.4668886400|4.4479209600|4.4574048000|273100|1283527.0000|4.4574048000
14500000|4.4574048000|4.4668886400|4.4479209600|4.4574048000|269700|1266541.0000|4.4574048000
14550000|4.4574048000|4.4574048000|4.4479209600|4.4479209600|280100|1314699.0000|4.4479209600
15000000|4.4574048000|4.4574048000|4.4479209600|4.4574048000|267600|1257327.0000|4.4574048000
