09350000|4.4146699700|4.4146699700|4.3870206800|4.3962371100|1057800|5055218.0000|4.3962371100
09400000|4.3962371100|4.4423192600|4.3962371100|4.4238864000|1034800|4972782.0000|4.4238864000
09450000|4.4331028300|4.4423192600|4.4146699700|4.4238864000|671769|3224294.0000|4.4238864000
09500000|4.4238864000|4.4238864000|4.4146699700|4.4238864000|478200|2293390.0000|4.4238864000
09550000|4.4238864000|4.4238864000|4.4054535400|4.4054535400|517831|2477757.0000|4.4054535400
10000000|4.4054535400|4.4146699700|4.3870206800|4.4054535400|916000|4375358.0000|4.4054535400
10050000|4.4054535400|4.4238864000|4.4054535400|4.4146699700|725400|3476297.0000|4.4146699700
10100000|4.4146699700|4.4146699700|4.3962371100|4.4054535400|333900|1595467.0000|4.4054535400
10150000|4.4054535400|4.4054535400|4.3870206800|4.3870206800|431700|2060485.0000|4.3870206800
10200000|4.4054535400|4.4054535400|4.3870206800|4.3870206800|272300|1298212.0000|4.3870206800
10250000|4.3870206800|4.3962371100|4.3778042500|4.3870206800|1015500|4835477.0000|4.3870206800
10300000|4.3870206800|4.3962371100|4.3778042500|4.3870206800|571300|2718268.0000|4.3870206800
10350000|4.3870206800|4.3870206800|4.3685878200|4.3778042500|1390600|6604020.0000|4.3778042500
10400000|4.3778042500|4.3870206800|4.3778042500|4.3778042500|337200|1603016.0000|4.3778042500
10450000|4.3778042500|4.3870206800|4.3501549600|4.3501549600|878000|4159231.0000|4.3501549600
10500000|4.3501549600|4.3778042500|4.3501549600|4.3685878200|528000|2499402.0000|4.3685878200
10550000|4.3685878200|4.3778042500|4.3593713900|4.3685878200|379500|1799152.0000|4.3685878200
11000000|4.3685878200|4.3778042500|4.3593713900|4.3593713900|530400|2511391.0000|4.3593713900
11050000|4.3593713900|4.3685878200|4.3501549600|4.3501549600|461100|2179842.0000|4.3501549600
11100000|4.3593713900|4.3685878200|4.3501549600|4.3593713900|286000|1352690.0000|4.3593713900
11150000|4.3593713900|4.3685878200|4.3501549600|4.3593713900|352500|1667229.0000|4.3593713900
11200000|4.3593713900|4.3778042500|4.3593713900|4.3685878200|366000|1734942.0000|4.3685878200
11250000|4.3685878200|4.3962371100|4.3685878200|4.3962371100|441900|2101706.0000|4.3962371100
11300000|4.3778042500|4.4146699700|4.3778042500|4.3962371100|630300|3009947.0000|4.3962371100
13050000|4.4054535400|4.4146699700|4.3962371100|4.4054535400|595100|2845982.0000|4.4054535400
13100000|4.4146699700|4.4423192600|4.4054535400|4.4331028300|1412500|6784029.0000|4.4331028300
13150000|4.4238864000|4.4515356900|4.4146699700|4.4515356900|1218317|5862230.0000|4.4515356900
13200000|4.4423192600|4.4607521200|4.4331028300|4.4331028300|1118000|5397676.0000|4.4331028300
13250000|4.4331028300|4.4423192600|4.4238864000|4.4331028300|451800|2175157.0000|4.4331028300
13300000|4.4331028300|4.4423192600|4.4054535400|4.4146699700|546800|2624594.0000|4.4146699700
13350000|4.4054535400|4.4238864000|4.4054535400|4.4238864000|354100|1697548.0000|4.4238864000
13400000|4.4238864000|4.4331028300|4.4146699700|4.4331028300|281100|1348942.0000|4.4331028300
13450000|4.4331028300|4.4331028300|4.4146699700|4.4238864000|320000|1536131.0000|4.4238864000
13500000|4.4238864000|4.4331028300|4.4054535400|4.4054535400|268300|1286134.0000|4.4054535400
13550000|4.4054535400|4.4146699700|4.4054535400|4.4054535400|196800|941613.0000|4.4054535400
14000000|4.4054535400|4.4146699700|4.3962371100|4.3962371100|529300|2527821.0000|4.3962371100
14050000|4.3962371100|4.4054535400|4.3962371100|4.3962371100|388803|1856181.0000|4.3962371100
14100000|4.3962371100|4.4054535400|4.3962371100|4.4054535400|220500|1052737.0000|4.4054535400
14150000|4.4054535400|4.4238864000|4.3962371100|4.4146699700|598000|2864176.0000|4.4146699700
14200000|4.4054535400|4.4238864000|4.4054535400|4.4238864000|221300|1059962.0000|4.4238864000
14250000|4.4238864000|4.4238864000|4.4054535400|4.4146699700|299500|1434632.0000|4.4146699700
14300000|4.4146699700|4.4146699700|4.4054535400|4.4146699700|247400|1184140.0000|4.4146699700
14350000|4.4054535400|4.4146699700|4.3962371100|4.4054535400|418400|1999820.0000|4.4054535400
14400000|4.4054535400|4.4146699700|4.3962371100|4.4146699700|252100|1205274.0000|4.4146699700
14450000|4.4146699700|4.4146699700|4.4054535400|4.4146699700|238200|1140398.0000|4.4146699700
14500000|4.4146699700|4.4238864000|4.4054535400|4.4238864000|551200|2640918.0000|4.4238864000
14550000|4.4238864000|4.4238864000|4.4146699700|4.4238864000|553200|2653421.0000|4.4238864000
15000000|4.4238864000|4.4331028300|4.4146699700|4.4238864000|786689|3774681.0000|4.4238864000
