093500|57.51|57.67|57.31|57.49|2391.0|14316910.0|57.58
094000|57.55|57.55|57.3|57.32|1338.0|7998388.0|57.49
094500|57.3|57.53|57.25|57.53|1373.0|8199544.0|57.32
095000|57.51|57.53|57.38|57.52|630.0|3768561.0|57.53
095500|57.48|57.55|57.42|57.47|491.0|2937919.0|57.52
100000|57.49|57.68|57.43|57.67|1080.0|6472754.0|57.47
100500|57.68|57.74|57.58|57.74|1357.0|8148109.0|57.67
101000|57.74|58.1|57.73|58.05|1881.0|11350689.0|57.74
101500|58.07|58.11|57.97|57.97|1310.0|7918930.0|58.05
102000|57.98|58.06|57.89|58.05|1254.0|7567177.0|57.97
102500|58.03|58.03|57.84|57.86|458.0|2763746.0|58.05
103000|57.87|57.91|57.7|57.75|1095.0|6590940.0|57.86
103500|57.72|57.75|57.67|57.7|563.0|3382683.0|57.75
104000|57.72|57.74|57.59|57.62|544.0|3266379.0|57.7
104500|57.61|57.73|57.61|57.7|468.0|2810455.0|57.62
105000|57.7|57.71|57.58|57.6|685.0|4112407.0|57.7
105500|57.61|57.66|57.59|57.62|505.0|3029950.0|57.6
110000|57.62|57.62|57.56|57.6|617.0|3699429.0|57.62
110500|57.6|57.62|57.49|57.49|356.0|2133794.0|57.6
111000|57.48|57.53|57.47|57.52|247.0|1478490.0|57.49
111500|57.52|57.52|57.44|57.45|453.0|2710804.0|57.52
112000|57.45|57.51|57.43|57.49|392.0|2345003.0|57.45
112500|57.49|57.6|57.49|57.6|254.0|1521740.0|57.49
113000|57.6|57.6|57.56|57.57|245.0|1468826.0|57.6
130500|57.56|57.56|57.47|57.49|290.0|1736671.0|57.57
131000|57.51|57.61|57.51|57.56|428.0|2565541.0|57.49
131500|57.52|57.58|57.43|57.45|493.0|2951584.0|57.56
132000|57.45|57.49|57.43|57.49|393.0|2350532.0|57.45
132500|57.49|57.53|57.48|57.5|190.0|1137620.0|57.49
133000|57.5|57.55|57.5|57.52|238.0|1425825.0|57.5
133500|57.51|57.54|57.48|57.48|276.0|1652929.0|57.52
134000|57.48|57.48|57.43|57.44|314.0|1878184.0|57.48
134500|57.44|57.52|57.44|57.52|506.0|3027892.0|57.44
135000|57.5|57.52|57.45|57.45|172.0|1029260.0|57.52
135500|57.45|57.48|57.45|57.46|159.0|951478.0|57.45
140000|57.46|57.48|57.38|57.43|510.0|3049894.0|57.46
140500|57.42|57.42|57.37|57.38|466.0|2784597.0|57.43
141000|57.38|57.38|57.35|57.36|321.0|1917184.0|57.38
141500|57.35|57.35|57.32|57.34|1042.0|6220485.0|57.36
142000|57.34|57.36|57.32|57.33|320.0|1910311.0|57.34
142500|57.34|57.35|57.14|57.15|900.0|5366549.0|57.33
143000|57.14|57.19|57.1|57.13|997.0|5930797.0|57.15
143500|57.13|57.13|56.89|56.89|1415.0|8396955.0|57.13
144000|56.89|56.95|56.8|56.89|1183.0|7004023.0|56.89
144500|56.89|56.93|56.89|56.93|633.0|3751739.0|56.89
145000|56.93|57.09|56.93|57.06|1390.0|8249339.0|56.93
145500|57.05|57.05|57.0|57.03|737.0|4376362.0|57.06
150000|57.03|57.06|57.03|57.05|886.0|5258988.0|57.03
