093500|12.0900|12.1500|12.0600|12.1300|251724|3047839.0000|12.1300
094000|12.1300|12.1600|12.0900|12.1200|102200|1239262.0000|12.1200
094500|12.1200|12.1500|12.0900|12.1100|121200|1469008.0000|12.1100
095000|12.1100|12.1300|12.0900|12.1200|185300|2241659.0000|12.1200
095500|12.1200|12.1700|12.1000|12.1200|317300|3849769.0000|12.1200
100000|12.1200|12.1400|12.1100|12.1400|64900|786851.0000|12.1400
100500|12.1400|12.1400|12.1100|12.1100|84600|1025482.0000|12.1100
101000|12.1100|12.1300|12.1000|12.1200|97196|1177368.0000|12.1200
101500|12.1200|12.1300|12.1100|12.1200|167700|2033010.0000|12.1200
102000|12.1200|12.1300|12.1100|12.1200|66200|802648.0000|12.1200
102500|12.1200|12.1300|12.0800|12.0900|190100|2301543.0000|12.0900
103000|12.0800|12.1000|12.0600|12.0700|112100|1354349.0000|12.0700
103500|12.0700|12.0800|12.0600|12.0800|53900|650733.0000|12.0800
104000|12.0800|12.0800|12.0700|12.0700|75500|911545.0000|12.0700
104500|12.0700|12.0800|12.0500|12.0500|192500|2322797.0000|12.0500
105000|12.0500|12.0700|12.0400|12.0600|78800|949685.0000|12.0600
105500|12.0600|12.0600|12.0400|12.0500|71400|860377.0000|12.0500
110000|12.0500|12.0700|12.0500|12.0700|46500|560953.0000|12.0700
110500|12.0700|12.0900|12.0600|12.0900|75800|915230.0000|12.0900
111000|12.0900|12.0900|12.0800|12.0800|44700|540331.0000|12.0800
111500|12.0800|12.1000|12.0800|12.1000|54600|660268.0000|12.1000
112000|12.1000|12.1000|12.0700|12.0800|74900|904815.0000|12.0800
112500|12.0900|12.1000|12.0800|12.1000|73800|892343.0000|12.1000
113000|12.1000|12.1100|12.0900|12.0900|62300|753961.0000|12.0900
130500|12.0900|12.1000|12.0900|12.0900|22000|266151.0000|12.0900
131000|12.0900|12.1000|12.0900|12.0900|14327|173325.0000|12.0900
131500|12.0900|12.1000|12.0400|12.0400|183800|2218424.0000|12.0400
132000|12.0400|12.0700|12.0200|12.0400|198500|2390059.0000|12.0400
132500|12.0400|12.0400|12.0100|12.0100|90600|1089446.0000|12.0100
133000|12.0100|12.0400|11.9600|12.0400|267700|3210656.0000|12.0400
133500|12.0400|12.0500|12.0200|12.0300|19300|232266.0000|12.0300
134000|12.0300|12.0900|12.0300|12.0900|86400|1043036.0000|12.0900
134500|12.0700|12.0800|12.0600|12.0700|43100|520449.0000|12.0700
135000|12.0700|12.0900|12.0600|12.0800|31600|381461.0000|12.0800
135500|12.0600|12.0800|12.0600|12.0700|24200|291909.0000|12.0700
140000|12.0700|12.0900|12.0600|12.0900|50300|607388.0000|12.0900
140500|12.0800|12.1000|12.0700|12.1000|130900|1582231.0000|12.1000
141000|12.0800|12.1000|12.0700|12.0800|29700|358910.0000|12.0800
141500|12.0800|12.0900|12.0500|12.0600|227500|2745516.0000|12.0600
142000|12.0600|12.0700|12.0400|12.0600|142200|1714374.0000|12.0600
142500|12.0600|12.0800|12.0500|12.0800|77200|931305.0000|12.0800
143000|12.0900|12.0900|12.0600|12.0600|298000|3598479.0000|12.0600
143500|12.0600|12.0600|12.0400|12.0400|45600|549568.0000|12.0400
144000|12.0500|12.0700|12.0400|12.0700|73200|882156.0000|12.0700
144500|12.0700|12.0800|12.0500|12.0600|108600|1310007.0000|12.0600
145000|12.0600|12.0700|12.0500|12.0700|50600|610289.0000|12.0700
145500|12.0600|12.0800|12.0500|12.0800|101600|1225315.0000|12.0800
150000|12.0700|12.0800|12.0500|12.0500|58665|707641.0000|12.0500
