093500|11.38|11.8|11.35|11.77|45265.0|52461704.0|11.51
094000|11.77|12.06|11.77|12.04|89243.0|106350456.0|11.77
094500|12.04|12.12|11.95|12.01|64020.0|77105428.0|12.04
095000|11.98|12.08|11.9|12.01|33262.0|39875969.0|12.01
095500|12.01|12.11|11.99|12.01|28823.0|34757585.0|12.01
100000|12.02|12.02|11.89|11.92|14397.0|17184101.0|12.01
100500|11.93|12.1|11.92|12.09|27975.0|33579539.0|11.92
101000|12.09|12.15|12.05|12.08|23772.0|28794787.0|12.09
101500|12.07|12.07|12.0|12.01|13315.0|15998837.0|12.08
102000|12.01|12.02|11.93|11.96|10328.0|12358359.0|12.01
102500|11.95|11.99|11.92|11.94|6831.0|8167759.0|11.96
103000|11.95|11.96|11.93|11.96|5930.0|7082689.0|11.94
103500|11.96|11.99|11.93|11.95|10328.0|12353233.0|11.96
104000|11.94|11.99|11.86|11.87|9142.0|10895909.0|11.95
104500|11.87|11.92|11.87|11.88|6237.0|7419085.0|11.87
105000|11.87|11.88|11.84|11.87|7406.0|8785925.0|11.88
105500|11.87|11.9|11.86|11.88|6350.0|7541417.0|11.87
110000|11.89|11.89|11.82|11.84|7607.0|9013128.0|11.88
110500|11.85|11.87|11.75|11.77|12528.0|14824663.0|11.84
111000|11.77|11.78|11.73|11.75|5644.0|6634671.0|11.77
111500|11.75|11.77|11.68|11.71|7788.0|9124883.0|11.75
112000|11.72|11.81|11.68|11.8|5838.0|6845501.0|11.71
112500|11.81|11.81|11.76|11.76|5244.0|6181322.0|11.8
113000|11.77|11.77|11.74|11.74|2926.0|3441047.0|11.76
130500|11.74|11.8|11.71|11.75|7348.0|8634277.0|11.74
131000|11.75|11.75|11.72|11.73|2568.0|3013190.0|11.75
131500|11.73|11.77|11.73|11.75|2208.0|2595175.0|11.73
132000|11.75|11.75|11.71|11.72|2225.0|2612379.0|11.75
132500|11.72|11.72|11.66|11.69|3667.0|4284467.0|11.72
133000|11.7|11.7|11.63|11.65|5060.0|5899493.0|11.69
133500|11.65|11.76|11.65|11.74|3825.0|4478312.0|11.65
134000|11.73|11.78|11.7|11.75|4382.0|5146911.0|11.74
134500|11.75|11.75|11.7|11.73|2655.0|3112804.0|11.75
135000|11.72|11.74|11.7|11.71|3263.0|3824735.0|11.73
135500|11.7|11.71|11.65|11.66|4782.0|5582272.0|11.71
140000|11.65|11.65|11.62|11.63|3393.0|3946989.0|11.66
140500|11.63|11.67|11.61|11.67|3867.0|4502866.0|11.63
141000|11.66|11.67|11.63|11.64|4232.0|4929905.0|11.67
141500|11.63|11.65|11.61|11.64|4097.0|4763121.0|11.64
142000|11.64|11.65|11.61|11.63|3725.0|4330805.0|11.64
142500|11.63|11.65|11.62|11.64|2738.0|3186224.0|11.63
143000|11.64|11.66|11.62|11.64|5961.0|6938967.0|11.64
143500|11.66|11.69|11.64|11.65|6731.0|7850701.0|11.64
144000|11.66|11.66|11.62|11.66|4650.0|5413675.0|11.65
144500|11.65|11.66|11.6|11.61|6497.0|7552670.0|11.66
145000|11.61|11.63|11.6|11.61|8735.0|10143944.0|11.61
145500|11.6|11.63|11.6|11.62|7641.0|8877800.0|11.61
150000|11.61|11.63|11.59|11.59|8446.0|9796173.0|11.62
