09350000|3.5240531000|3.5240531000|3.5047432200|3.5047432200|1326220|4823593.0000|3.5047432200
09400000|3.5143981600|3.5143981600|3.5047432200|3.5047432200|571130|2073779.0000|3.5047432200
09450000|3.5047432200|3.5143981600|3.4854333400|3.4950882800|1024100|3708402.0000|3.4950882800
09500000|3.4950882800|3.5047432200|3.4854333400|3.5047432200|338400|1225767.0000|3.5047432200
09550000|3.5047432200|3.5047432200|3.4950882800|3.4950882800|232700|843217.0000|3.4950882800
10000000|3.5047432200|3.5047432200|3.4950882800|3.5047432200|482530|1750361.0000|3.5047432200
10050000|3.5047432200|3.5143981600|3.4950882800|3.5143981600|380800|1382468.0000|3.5143981600
10100000|3.5143981600|3.5143981600|3.5047432200|3.5047432200|142050|516246.0000|3.5047432200
10150000|3.5047432200|3.5143981600|3.5047432200|3.5143981600|253300|920341.0000|3.5143981600
10200000|3.5143981600|3.5240531000|3.5047432200|3.5240531000|705990|2572976.0000|3.5240531000
10250000|3.5240531000|3.5240531000|3.5143981600|3.5240531000|636110|2319850.0000|3.5240531000
10300000|3.5240531000|3.5337080400|3.5143981600|3.5240531000|439700|1604923.0000|3.5240531000
10350000|3.5337080400|3.5337080400|3.5143981600|3.5337080400|705100|2576633.0000|3.5337080400
10400000|3.5240531000|3.5337080400|3.5143981600|3.5337080400|464000|1695024.0000|3.5337080400
10450000|3.5337080400|3.5337080400|3.5240531000|3.5337080400|405100|1481326.0000|3.5337080400
10500000|3.5337080400|3.5337080400|3.5240531000|3.5337080400|417200|1525067.0000|3.5337080400
10550000|3.5240531000|3.5240531000|3.5143981600|3.5143981600|1312000|4782123.0000|3.5143981600
11000000|3.5143981600|3.5337080400|3.5143981600|3.5240531000|504500|1840485.0000|3.5240531000
11050000|3.5337080400|3.5337080400|3.5143981600|3.5240531000|365300|1332846.0000|3.5240531000
11100000|3.5337080400|3.5337080400|3.5143981600|3.5143981600|236100|861968.0000|3.5143981600
11150000|3.5143981600|3.5337080400|3.5143981600|3.5337080400|383900|1401653.0000|3.5337080400
11200000|3.5337080400|3.5337080400|3.5143981600|3.5240531000|376390|1373217.0000|3.5240531000
11250000|3.5240531000|3.5240531000|3.5047432200|3.5143981600|538010|1959588.0000|3.5143981600
11300000|3.5143981600|3.5240531000|3.5047432200|3.5240531000|526800|1920008.0000|3.5240531000
13050000|3.5240531000|3.5240531000|3.5047432200|3.5047432200|783250|2850543.0000|3.5047432200
13100000|3.5047432200|3.5143981600|3.5047432200|3.5143981600|272830|991504.0000|3.5143981600
13150000|3.5143981600|3.5143981600|3.5047432200|3.5143981600|161500|587458.0000|3.5143981600
13200000|3.5143981600|3.5143981600|3.4950882800|3.5047432200|542870|1969127.0000|3.5047432200
13250000|3.5047432200|3.5047432200|3.4950882800|3.5047432200|420300|1523733.0000|3.5047432200
13300000|3.5047432200|3.5047432200|3.4950882800|3.4950882800|444400|1611624.0000|3.4950882800
13350000|3.5047432200|3.5143981600|3.4950882800|3.5047432200|443900|1611845.0000|3.5047432200
13400000|3.5143981600|3.5143981600|3.5047432200|3.5143981600|228100|829996.0000|3.5143981600
13450000|3.5143981600|3.5143981600|3.5047432200|3.5143981600|107300|389866.0000|3.5143981600
13500000|3.5047432200|3.5143981600|3.5047432200|3.5143981600|134300|488389.0000|3.5143981600
13550000|3.5143981600|3.5143981600|3.4950882800|3.5047432200|573900|2082554.0000|3.5047432200
14000000|3.4950882800|3.5143981600|3.4950882800|3.5047432200|267500|971341.0000|3.5047432200
14050000|3.5047432200|3.5143981600|3.4950882800|3.5047432200|199500|724120.0000|3.5047432200
14100000|3.5047432200|3.5047432200|3.4950882800|3.4950882800|219200|794892.0000|3.4950882800
14150000|3.5047432200|3.5143981600|3.4950882800|3.5143981600|216080|784779.0000|3.5143981600
14200000|3.5047432200|3.5143981600|3.4950882800|3.5047432200|145600|528505.0000|3.5047432200
14250000|3.5047432200|3.5047432200|3.4950882800|3.5047432200|76600|277987.0000|3.5047432200
14300000|3.5047432200|3.5047432200|3.4950882800|3.5047432200|131400|476938.0000|3.5047432200
14350000|3.4950882800|3.5047432200|3.4950882800|3.4950882800|479900|1738370.0000|3.4950882800
14400000|3.4950882800|3.4950882800|3.4854333400|3.4950882800|1319990|4773157.0000|3.4950882800
14450000|3.4854333400|3.4950882800|3.4854333400|3.4950882800|576200|2083517.0000|3.4950882800
14500000|3.4950882800|3.4950882800|3.4854333400|3.4950882800|373471|1351365.0000|3.4950882800
14550000|3.4950882800|3.5047432200|3.4854333400|3.4854333400|749647|2711311.0000|3.4854333400
15000000|3.4854333400|3.4950882800|3.4854333400|3.4854333400|600590|2168375.0000|3.4854333400
