09350000|3.6399123800|3.7171519000|3.6399123800|3.6978420200|18863377|71929470.0000|3.6978420200
09400000|3.7074969600|3.7074969600|3.6688772000|3.6978420200|7435220|28436018.0000|3.6978420200
09450000|3.6978420200|3.7268068400|3.6688772000|3.7268068400|9132450|34920479.0000|3.7268068400
09500000|3.7268068400|3.7461167200|3.6978420200|3.6978420200|9404560|36185360.0000|3.6978420200
09550000|3.6978420200|3.6978420200|3.6592222600|3.6592222600|8647950|32899090.0000|3.6592222600
10000000|3.6592222600|3.6785321400|3.6302574400|3.6592222600|5195950|19640987.0000|3.6592222600
10050000|3.6592222600|3.6785321400|3.6495673200|3.6688772000|2516800|9559113.0000|3.6688772000
10100000|3.6688772000|3.6785321400|3.6495673200|3.6592222600|2347200|8900667.0000|3.6592222600
10150000|3.6592222600|3.6881870800|3.6592222600|3.6785321400|1602130|6092866.0000|3.6785321400
10200000|3.6785321400|3.6978420200|3.6688772000|3.6785321400|2391700|9126495.0000|3.6785321400
10250000|3.6785321400|3.6978420200|3.6785321400|3.6881870800|1305980|4989882.0000|3.6881870800
10300000|3.6881870800|3.7074969600|3.6881870800|3.6881870800|2246400|8612181.0000|3.6881870800
10350000|3.6978420200|3.7364617800|3.6881870800|3.7268068400|4794420|18470720.0000|3.7268068400
10400000|3.7268068400|3.7557716600|3.7171519000|3.7268068400|8245300|31920880.0000|3.7268068400
10450000|3.7268068400|3.7557716600|3.7268068400|3.7364617800|5387430|20859152.0000|3.7364617800
10500000|3.7364617800|3.7461167200|3.7268068400|3.7268068400|2275300|8803312.0000|3.7268068400
10550000|3.7268068400|3.7364617800|3.7074969600|3.7171519000|1124000|4330448.0000|3.7171519000
11000000|3.7171519000|3.7364617800|3.7171519000|3.7171519000|1956920|7556304.0000|3.7171519000
11050000|3.7171519000|3.7268068400|3.6978420200|3.7074969600|1846303|7098384.0000|3.7074969600
11100000|3.7171519000|3.7268068400|3.7074969600|3.7171519000|496700|1914496.0000|3.7171519000
11150000|3.7171519000|3.7364617800|3.7171519000|3.7268068400|1502678|5799968.0000|3.7268068400
11200000|3.7268068400|3.7364617800|3.7171519000|3.7364617800|1407050|5434320.0000|3.7364617800
11250000|3.7364617800|3.7364617800|3.7268068400|3.7268068400|892400|3449296.0000|3.7268068400
11300000|3.7461167200|3.8040463600|3.7461167200|3.7847364800|12177453|47518032.0000|3.7847364800
13050000|3.7847364800|3.8330111800|3.7847364800|3.8233562400|8524130|33602928.0000|3.8233562400
13100000|3.8233562400|3.8330111800|3.7943914200|3.8137013000|4594500|18151264.0000|3.8137013000
13150000|3.8233562400|3.8233562400|3.7943914200|3.7943914200|3704447|14628752.0000|3.7943914200
13200000|3.7943914200|3.8330111800|3.7943914200|3.8233562400|5779565|22842528.0000|3.8233562400
13250000|3.8233562400|3.8233562400|3.7943914200|3.8137013000|4091409|16140400.0000|3.8137013000
13300000|3.8040463600|3.8040463600|3.7847364800|3.7943914200|2764343|10864592.0000|3.7943914200
13350000|3.8040463600|3.8137013000|3.7943914200|3.7943914200|2312211|9118144.0000|3.7943914200
13400000|3.7943914200|3.8040463600|3.7847364800|3.7847364800|1371279|5385760.0000|3.7847364800
13450000|3.7847364800|3.8137013000|3.7847364800|3.8137013000|1666039|6552176.0000|3.8137013000
13500000|3.8137013000|3.8137013000|3.8040463600|3.8137013000|1489429|5879504.0000|3.8137013000
13550000|3.8137013000|3.8233562400|3.7943914200|3.8040463600|1311700|5171728.0000|3.8040463600
14000000|3.8040463600|3.8233562400|3.7943914200|3.8233562400|2782750|10981200.0000|3.8233562400
14050000|3.8233562400|3.8233562400|3.8040463600|3.8040463600|2414800|9531152.0000|3.8040463600
14100000|3.8040463600|3.8040463600|3.7750815400|3.7750815400|2611700|10245200.0000|3.7750815400
14150000|3.7750815400|3.7943914200|3.7654266000|3.7847364800|2512600|9817824.0000|3.7847364800
14200000|3.7847364800|3.7847364800|3.7750815400|3.7750815400|966800|3786784.0000|3.7750815400
14250000|3.7750815400|3.7847364800|3.7654266000|3.7654266000|1434740|5609984.0000|3.7654266000
14300000|3.7750815400|3.7750815400|3.7557716600|3.7654266000|1463000|5704080.0000|3.7654266000
14350000|3.7654266000|3.7750815400|3.7557716600|3.7750815400|878000|3425152.0000|3.7750815400
14400000|3.7750815400|3.7750815400|3.7461167200|3.7461167200|1829130|7120512.0000|3.7461167200
14450000|3.7461167200|3.7557716600|3.7268068400|3.7364617800|2595800|10060240.0000|3.7364617800
14500000|3.7461167200|3.7461167200|3.7171519000|3.7268068400|2637700|10195424.0000|3.7268068400
14550000|3.7268068400|3.7364617800|3.7074969600|3.7074969600|2888455|11132592.0000|3.7074969600
15000000|3.7074969600|3.7171519000|3.6978420200|3.6978420200|3006331|11534448.0000|3.6978420200
