09350000|3.9234950000|3.9330645000|3.9139255000|3.9234950000|1947600|7986175.0000|3.9234950000
09400000|3.9234950000|3.9234950000|3.8947865000|3.9043560000|2284536|9329880.0000|3.9043560000
09450000|3.9043560000|3.9139255000|3.8947865000|3.9043560000|975901|3983303.0000|3.9043560000
09500000|3.9139255000|3.9139255000|3.8947865000|3.9139255000|883299|3606104.0000|3.9139255000
09550000|3.9043560000|3.9139255000|3.8947865000|3.8947865000|814800|3320054.0000|3.8947865000
10000000|3.8947865000|3.9043560000|3.8852170000|3.8947865000|1212900|4937462.0000|3.8947865000
10050000|3.8947865000|3.9043560000|3.8756475000|3.8947865000|2219400|9020499.0000|3.8947865000
10100000|3.8852170000|3.8947865000|3.8852170000|3.8852170000|490500|1992730.0000|3.8852170000
10150000|3.8947865000|3.8947865000|3.8852170000|3.8852170000|440850|1790374.0000|3.8852170000
10200000|3.8852170000|3.8947865000|3.8756475000|3.8947865000|465350|1890739.0000|3.8947865000
10250000|3.8852170000|3.9043560000|3.8852170000|3.9043560000|949300|3862724.0000|3.9043560000
10300000|3.9043560000|3.9043560000|3.8852170000|3.8947865000|677780|2759585.0000|3.8947865000
10350000|3.8947865000|3.9139255000|3.8947865000|3.9139255000|1138700|4649467.0000|3.9139255000
10400000|3.9139255000|3.9234950000|3.9043560000|3.9139255000|593500|2428669.0000|3.9139255000
10450000|3.9234950000|3.9330645000|3.9139255000|3.9330645000|747550|3066599.0000|3.9330645000
10500000|3.9330645000|3.9330645000|3.9139255000|3.9234950000|607650|2492423.0000|3.9234950000
10550000|3.9234950000|3.9234950000|3.9139255000|3.9139255000|249300|1021749.0000|3.9139255000
11000000|3.9234950000|3.9330645000|3.9139255000|3.9330645000|509000|2088104.0000|3.9330645000
11050000|3.9330645000|3.9330645000|3.9139255000|3.9234950000|509060|2087599.0000|3.9234950000
11100000|3.9234950000|3.9330645000|3.9139255000|3.9234950000|541400|2222652.0000|3.9234950000
11150000|3.9234950000|3.9330645000|3.9139255000|3.9330645000|530100|2173540.0000|3.9330645000
11200000|3.9330645000|3.9330645000|3.9139255000|3.9234950000|388200|1590264.0000|3.9234950000
11250000|3.9234950000|3.9234950000|3.9139255000|3.9234950000|287800|1179592.0000|3.9234950000
11300000|3.9234950000|3.9330645000|3.9139255000|3.9330645000|347300|1423774.0000|3.9330645000
13050000|3.9234950000|3.9330645000|3.9139255000|3.9234950000|362200|1484768.0000|3.9234950000
13100000|3.9234950000|3.9330645000|3.9139255000|3.9234950000|460930|1889970.0000|3.9234950000
13150000|3.9330645000|3.9330645000|3.9139255000|3.9234950000|404700|1659855.0000|3.9234950000
13200000|3.9234950000|3.9330645000|3.9139255000|3.9234950000|390500|1602588.0000|3.9234950000
13250000|3.9139255000|3.9234950000|3.9139255000|3.9234950000|204700|838941.0000|3.9234950000
13300000|3.9234950000|3.9234950000|3.9139255000|3.9234950000|479400|1964087.0000|3.9234950000
13350000|3.9234950000|3.9234950000|3.9139255000|3.9234950000|231900|950614.0000|3.9234950000
13400000|3.9234950000|3.9330645000|3.9234950000|3.9234950000|583300|2392222.0000|3.9234950000
13450000|3.9234950000|3.9234950000|3.9139255000|3.9234950000|193900|794587.0000|3.9234950000
13500000|3.9234950000|3.9234950000|3.9043560000|3.9139255000|822510|3365178.0000|3.9139255000
13550000|3.9043560000|3.9234950000|3.9043560000|3.9139255000|519860|2124733.0000|3.9139255000
14000000|3.9234950000|3.9234950000|3.9043560000|3.9139255000|312200|1276777.0000|3.9139255000
14050000|3.9139255000|3.9139255000|3.9043560000|3.9139255000|319200|1304202.0000|3.9139255000
14100000|3.9139255000|3.9139255000|3.9043560000|3.9139255000|361500|1477376.0000|3.9139255000
14150000|3.9139255000|3.9139255000|3.9043560000|3.9043560000|743470|3035612.0000|3.9043560000
14200000|3.9139255000|3.9139255000|3.9043560000|3.9139255000|319000|1302819.0000|3.9139255000
14250000|3.9139255000|3.9139255000|3.9043560000|3.9043560000|390100|1593056.0000|3.9043560000
14300000|3.9043560000|3.9139255000|3.9043560000|3.9139255000|269200|1100063.0000|3.9139255000
14350000|3.9139255000|3.9139255000|3.9043560000|3.9043560000|261300|1067539.0000|3.9043560000
14400000|3.9139255000|3.9139255000|3.9043560000|3.9139255000|416600|1701186.0000|3.9139255000
14450000|3.9139255000|3.9139255000|3.8947865000|3.9043560000|582500|2377332.0000|3.9043560000
14500000|3.9043560000|3.9043560000|3.8947865000|3.8947865000|662581|2700687.0000|3.8947865000
14550000|3.9043560000|3.9043560000|3.8852170000|3.8947865000|1171875|4770203.0000|3.8947865000
15000000|3.8852170000|3.8947865000|3.8852170000|3.8852170000|528445|2147317.0000|3.8852170000
