09350000|4.6719834400|4.6818817100|4.6521869000|4.6620851700|5899000|27775272.0000|4.6620851700
09400000|4.6620851700|4.6719834400|4.6422886300|4.6620851700|4109600|19335184.0000|4.6620851700
09450000|4.6620851700|4.6917799800|4.6620851700|4.6818817100|6921900|32721060.0000|4.6818817100
09500000|4.6818817100|4.6917799800|4.6719834400|4.6719834400|5562800|26316136.0000|4.6719834400
09550000|4.6719834400|4.6818817100|4.6620851700|4.6719834400|2739000|12925368.0000|4.6719834400
10000000|4.6719834400|4.6818817100|4.6620851700|4.6719834400|2583900|12200672.0000|4.6719834400
10050000|4.6719834400|4.6917799800|4.6620851700|4.6917799800|6550600|30984560.0000|4.6917799800
10100000|4.6917799800|4.6917799800|4.6719834400|4.6719834400|1564600|7396272.0000|4.6719834400
10150000|4.6719834400|4.6917799800|4.6620851700|4.6818817100|3738500|17661024.0000|4.6818817100
10200000|4.6818817100|4.6917799800|4.6719834400|4.6818817100|4543600|21514528.0000|4.6818817100
10250000|4.6818817100|4.6917799800|4.6719834400|4.6917799800|2196000|10386848.0000|4.6917799800
10300000|4.6917799800|4.6917799800|4.6719834400|4.6719834400|2163300|10224944.0000|4.6719834400
10350000|4.6719834400|4.6818817100|4.6719834400|4.6818817100|801600|3785712.0000|4.6818817100
10400000|4.6818817100|4.6917799800|4.6719834400|4.6917799800|2775300|13127824.0000|4.6917799800
10450000|4.6917799800|4.6917799800|4.6719834400|4.6818817100|1525700|7213376.0000|4.6818817100
10500000|4.6719834400|4.6818817100|4.6620851700|4.6620851700|2839300|13390784.0000|4.6620851700
10550000|4.6620851700|4.6719834400|4.6620851700|4.6719834400|1417800|6679552.0000|4.6719834400
11000000|4.6719834400|4.6719834400|4.6620851700|4.6719834400|1680000|7923968.0000|4.6719834400
11050000|4.6719834400|4.6818817100|4.6620851700|4.6719834400|1333500|6293344.0000|4.6719834400
11100000|4.6719834400|4.7115765200|4.6719834400|4.7115765200|12224600|58003424.0000|4.7115765200
11150000|4.7115765200|4.7511696000|4.7115765200|4.7214747900|15403300|73662272.0000|4.7214747900
11200000|4.7214747900|4.7808644100|4.7214747900|4.7610678700|16337000|78630400.0000|4.7610678700
11250000|4.7610678700|4.7907626800|4.7511696000|4.7511696000|11619100|56065603.0000|4.7511696000
11300000|4.7511696000|4.8303557600|4.7511696000|4.8303557600|14881200|72002877.0000|4.8303557600
13050000|4.8402540300|4.8699488400|4.7907626800|4.8006609500|38855900|189754808.0000|4.8006609500
13100000|4.8006609500|4.8105592200|4.7808644100|4.7907626800|9157300|44374596.0000|4.7907626800
13150000|4.7907626800|4.8105592200|4.7808644100|4.7907626800|5775600|27989892.0000|4.7907626800
13200000|4.7907626800|4.8006609500|4.7907626800|4.7907626800|4199700|20340676.0000|4.7907626800
13250000|4.7907626800|4.8006609500|4.7907626800|4.7907626800|2059400|9979964.0000|4.7907626800
13300000|4.7907626800|4.8105592200|4.7907626800|4.8006609500|4426100|21476160.0000|4.8006609500
13350000|4.8006609500|4.8105592200|4.7808644100|4.7907626800|4547200|22040824.0000|4.7907626800
13400000|4.7907626800|4.8105592200|4.7907626800|4.8105592200|4150800|20145608.0000|4.8105592200
13450000|4.8105592200|4.8105592200|4.7907626800|4.8006609500|2251000|10921728.0000|4.8006609500
13500000|4.8006609500|4.8006609500|4.7907626800|4.7907626800|1386800|6719040.0000|4.7907626800
13550000|4.7907626800|4.8006609500|4.7907626800|4.7907626800|1571400|7615552.0000|4.7907626800
14000000|4.7907626800|4.8006609500|4.7808644100|4.7808644100|2637500|12761724.0000|4.7808644100
14050000|4.7808644100|4.8006609500|4.7808644100|4.7907626800|4406200|21315148.0000|4.7907626800
14100000|4.7907626800|4.8105592200|4.7907626800|4.8006609500|3803700|18458108.0000|4.8006609500
14150000|4.8006609500|4.8105592200|4.7907626800|4.8105592200|4201100|20376576.0000|4.8105592200
14200000|4.8105592200|4.8204574900|4.8006609500|4.8006609500|4677100|22731776.0000|4.8006609500
14250000|4.8006609500|4.8105592200|4.8006609500|4.8105592200|1935000|9393280.0000|4.8105592200
14300000|4.8105592200|4.8105592200|4.7907626800|4.7907626800|1603400|7773956.0000|4.7907626800
14350000|4.7907626800|4.8006609500|4.7907626800|4.7907626800|1660900|8050172.0000|4.7907626800
14400000|4.7907626800|4.8006609500|4.7907626800|4.8006609500|1570800|7612672.0000|4.8006609500
14450000|4.8006609500|4.8006609500|4.7907626800|4.8006609500|4025200|19513344.0000|4.8006609500
14500000|4.8006609500|4.8006609500|4.7907626800|4.8006609500|3732400|18087552.0000|4.8006609500
14550000|4.8006609500|4.8006609500|4.7907626800|4.7907626800|6111400|29610500.0000|4.7907626800
15000000|4.7907626800|4.8006609500|4.7907626800|4.8006609500|7065600|34259068.0000|4.8006609500
