09350000|4.4202008400|4.4501344800|4.4202008400|4.4401566000|4915400|21858548.0000|4.4401566000
09400000|4.4401566000|4.4501344800|4.4301787200|4.4501344800|6014200|26765564.0000|4.4501344800
09450000|4.4501344800|4.4601123600|4.4301787200|4.4401566000|4618200|20573312.0000|4.4401566000
09500000|4.4401566000|4.4700902400|4.4401566000|4.4700902400|6236000|27814760.0000|4.4700902400
09550000|4.4700902400|4.4700902400|4.4501344800|4.4501344800|2915500|13016936.0000|4.4501344800
10000000|4.4601123600|4.4700902400|4.4501344800|4.4601123600|2298400|10277296.0000|4.4601123600
10050000|4.4700902400|4.4700902400|4.4401566000|4.4501344800|3095200|13812856.0000|4.4501344800
10100000|4.4501344800|4.4601123600|4.4401566000|4.4501344800|1417100|6318680.0000|4.4501344800
10150000|4.4401566000|4.4501344800|4.4301787200|4.4401566000|1773900|7893984.0000|4.4401566000
10200000|4.4401566000|4.4501344800|4.4401566000|4.4501344800|1859800|8277776.0000|4.4501344800
10250000|4.4401566000|4.4501344800|4.4202008400|4.4301787200|4210500|18702064.0000|4.4301787200
10300000|4.4301787200|4.4401566000|4.4202008400|4.4301787200|2142800|9502960.0000|4.4301787200
10350000|4.4401566000|4.4401566000|4.4301787200|4.4301787200|1612400|7161232.0000|4.4301787200
10400000|4.4301787200|4.4401566000|4.4301787200|4.4401566000|585600|2602048.0000|4.4401566000
10450000|4.4401566000|4.4401566000|4.4202008400|4.4301787200|2970900|13180496.0000|4.4301787200
10500000|4.4301787200|4.4401566000|4.4301787200|4.4401566000|793300|3523824.0000|4.4401566000
10550000|4.4301787200|4.4501344800|4.4301787200|4.4401566000|1958000|8713376.0000|4.4401566000
11000000|4.4501344800|4.4501344800|4.4301787200|4.4401566000|865000|3850720.0000|4.4401566000
11050000|4.4501344800|4.4501344800|4.4401566000|4.4501344800|492300|2193280.0000|4.4501344800
11100000|4.4401566000|4.4501344800|4.4301787200|4.4401566000|2287200|10174672.0000|4.4401566000
11150000|4.4401566000|4.4401566000|4.4301787200|4.4301787200|1297000|5763776.0000|4.4301787200
11200000|4.4401566000|4.4501344800|4.4301787200|4.4501344800|2832100|12620080.0000|4.4501344800
11250000|4.4601123600|4.4601123600|4.4501344800|4.4601123600|1641600|7333696.0000|4.4601123600
11300000|4.4601123600|4.4601123600|4.4501344800|4.4501344800|1055300|4711008.0000|4.4501344800
13050000|4.4601123600|4.4800681200|4.4501344800|4.4800681200|6068500|27162176.0000|4.4800681200
13100000|4.4800681200|4.4800681200|4.4501344800|4.4700902400|2414700|10803616.0000|4.4700902400
13150000|4.4601123600|4.4700902400|4.4501344800|4.4601123600|1862500|8322048.0000|4.4601123600
13200000|4.4601123600|4.4601123600|4.4501344800|4.4501344800|930100|4153728.0000|4.4501344800
13250000|4.4601123600|4.4601123600|4.4501344800|4.4601123600|776200|3462976.0000|4.4601123600
13300000|4.4601123600|4.4601123600|4.4501344800|4.4601123600|800300|3574240.0000|4.4601123600
13350000|4.4501344800|4.4700902400|4.4501344800|4.4601123600|2358500|10545536.0000|4.4601123600
13400000|4.4601123600|4.4700902400|4.4601123600|4.4700902400|499500|2235648.0000|4.4700902400
13450000|4.4700902400|4.4700902400|4.4601123600|4.4700902400|2787200|12482336.0000|4.4700902400
13500000|4.4800681200|4.5199796400|4.4700902400|4.5100017600|11187600|50436160.0000|4.5100017600
13550000|4.5100017600|4.5199796400|4.5000238800|4.5100017600|4987900|22554496.0000|4.5100017600
14000000|4.5100017600|4.5199796400|4.5000238800|4.5100017600|5378700|24341536.0000|4.5100017600
14050000|4.5100017600|4.5199796400|4.5000238800|4.5000238800|3042700|13760256.0000|4.5000238800
14100000|4.5000238800|4.5100017600|4.5000238800|4.5000238800|2107500|9509248.0000|4.5000238800
14150000|4.5000238800|4.5100017600|4.4900460000|4.5100017600|1605700|7240896.0000|4.5100017600
14200000|4.5100017600|4.5100017600|4.5000238800|4.5100017600|956200|4317248.0000|4.5100017600
14250000|4.5000238800|4.5100017600|4.5000238800|4.5000238800|851900|3844416.0000|4.5000238800
14300000|4.5000238800|4.5100017600|4.4900460000|4.5000238800|2095700|9452416.0000|4.5000238800
14350000|4.5000238800|4.5000238800|4.4900460000|4.5000238800|942200|4243648.0000|4.5000238800
14400000|4.4900460000|4.5100017600|4.4900460000|4.5100017600|2754300|12419680.0000|4.5100017600
14450000|4.5100017600|4.5100017600|4.5000238800|4.5000238800|1452800|6554368.0000|4.5000238800
14500000|4.5000238800|4.5100017600|4.5000238800|4.5100017600|1384900|6252448.0000|4.5100017600
14550000|4.5000238800|4.5100017600|4.5000238800|4.5000238800|2393600|10807552.0000|4.5000238800
15000000|4.5100017600|4.5100017600|4.5000238800|4.5100017600|3254800|14692216.0000|4.5100017600
