093500|7.63|7.64|7.47|7.57|134116.0|101317654.0|7.84
094000|7.57|7.68|7.54|7.68|59288.0|44971553.0|7.57
094500|7.67|7.68|7.64|7.67|31098.0|23821561.0|7.68
095000|7.67|7.67|7.62|7.65|25311.0|19349062.0|7.67
095500|7.66|7.69|7.65|7.69|24046.0|18436207.0|7.65
100000|7.69|7.71|7.67|7.71|25908.0|19926397.0|7.69
100500|7.71|7.72|7.67|7.68|15570.0|11963349.0|7.71
101000|7.67|7.68|7.66|7.68|12931.0|9921815.0|7.68
101500|7.68|7.72|7.68|7.72|10161.0|7829493.0|7.68
102000|7.71|7.72|7.67|7.68|13836.0|10643772.0|7.72
102500|7.67|7.69|7.66|7.66|12543.0|9623035.0|7.68
103000|7.66|7.66|7.64|7.64|13281.0|10161924.0|7.66
103500|7.65|7.66|7.63|7.64|15125.0|11557462.0|7.64
104000|7.64|7.67|7.64|7.65|13009.0|9955091.0|7.64
104500|7.65|7.67|7.65|7.66|6300.0|4823198.0|7.65
105000|7.67|7.68|7.66|7.68|6096.0|4676956.0|7.66
105500|7.68|7.7|7.67|7.7|11899.0|9138917.0|7.68
110000|7.7|7.71|7.69|7.71|15206.0|11712696.0|7.7
110500|7.71|7.72|7.69|7.69|7620.0|5871789.0|7.71
111000|7.69|7.7|7.67|7.67|7775.0|5977244.0|7.69
111500|7.67|7.68|7.66|7.67|6314.0|4841290.0|7.67
112000|7.67|7.68|7.66|7.66|5829.0|4467750.0|7.67
112500|7.67|7.68|7.65|7.65|5740.0|4400265.0|7.66
113000|7.66|7.67|7.65|7.66|5844.0|4474074.0|7.65
130500|7.66|7.67|7.62|7.62|16049.0|12265810.0|7.66
131000|7.63|7.66|7.62|7.66|11320.0|8647877.0|7.62
131500|7.65|7.66|7.63|7.64|9179.0|7013785.0|7.66
132000|7.64|7.64|7.62|7.63|7744.0|5908927.0|7.64
132500|7.63|7.64|7.63|7.63|6957.0|5309493.0|7.63
133000|7.64|7.64|7.61|7.61|11210.0|8543101.0|7.63
133500|7.61|7.62|7.6|7.61|13313.0|10124938.0|7.61
134000|7.61|7.62|7.6|7.61|8656.0|6583956.0|7.61
134500|7.62|7.63|7.61|7.62|7120.0|5423175.0|7.61
135000|7.61|7.62|7.57|7.57|25376.0|19266328.0|7.62
135500|7.57|7.57|7.55|7.56|18125.0|13701934.0|7.57
140000|7.56|7.57|7.56|7.56|11040.0|8351521.0|7.56
140500|7.56|7.57|7.55|7.55|10814.0|8168633.0|7.56
141000|7.56|7.56|7.54|7.55|12343.0|9320369.0|7.55
141500|7.55|7.55|7.52|7.52|17099.0|12874812.0|7.55
142000|7.52|7.55|7.51|7.54|17063.0|12842697.0|7.52
142500|7.55|7.57|7.54|7.57|10473.0|7909410.0|7.54
143000|7.57|7.59|7.56|7.58|8245.0|6245037.0|7.57
143500|7.57|7.58|7.55|7.55|9797.0|7405650.0|7.58
144000|7.56|7.56|7.54|7.55|12051.0|9097485.0|7.55
144500|7.54|7.55|7.53|7.54|16081.0|12121516.0|7.55
145000|7.53|7.54|7.53|7.54|15622.0|11769276.0|7.54
145500|7.53|7.54|7.53|7.53|20594.0|15520997.0|7.54
150000|7.54|7.54|7.53|7.54|18292.0|13788185.0|7.53
