093500|14.14|14.15|14.08|14.11|2278.0|3215721.0|14.19
094000|14.12|14.19|14.12|14.14|3143.0|4445536.0|14.11
094500|14.15|14.21|14.15|14.19|4162.0|5896620.0|14.14
095000|14.18|14.19|14.16|14.17|2822.0|4001191.0|14.19
095500|14.17|14.21|14.13|14.15|4699.0|6661087.0|14.17
100000|14.14|14.14|14.11|14.11|1108.0|1564670.0|14.15
100500|14.12|14.13|14.09|14.1|1906.0|2689118.0|14.11
101000|14.1|14.12|14.09|14.11|719.0|1014180.0|14.1
101500|14.12|14.12|14.1|14.12|407.0|574384.0|14.11
102000|14.12|14.12|14.1|14.11|618.0|872234.0|14.12
102500|14.11|14.11|14.08|14.1|1675.0|2360796.0|14.11
103000|14.1|14.11|14.09|14.1|511.0|720243.0|14.1
103500|14.1|14.11|14.09|14.1|339.0|477937.0|14.1
104000|14.11|14.11|14.09|14.1|415.0|585138.0|14.1
104500|14.1|14.11|14.09|14.09|543.0|765193.0|14.1
105000|14.1|14.11|14.1|14.1|202.0|284832.0|14.09
105500|14.11|14.12|14.11|14.11|251.0|354185.0|14.1
110000|14.11|14.11|14.09|14.09|382.0|538480.0|14.11
110500|14.09|14.1|14.08|14.1|649.0|914294.0|14.09
111000|14.08|14.1|14.07|14.07|642.0|904180.0|14.1
111500|14.08|14.09|14.07|14.07|1323.0|1862466.0|14.07
112000|14.07|14.1|14.07|14.09|830.0|1169249.0|14.07
112500|14.09|14.1|14.07|14.08|640.0|901454.0|14.09
113000|14.08|14.08|14.07|14.07|463.0|651601.0|14.08
130500|14.07|14.07|14.02|14.04|2579.0|3621466.0|14.07
131000|14.03|14.04|13.99|14.03|5226.0|7320718.0|14.04
131500|14.03|14.04|14.01|14.02|988.0|1385814.0|14.03
132000|14.02|14.03|14.01|14.02|827.0|1159362.0|14.02
132500|14.03|14.06|14.02|14.05|614.0|861983.0|14.02
133000|14.04|14.08|14.03|14.03|1232.0|1731528.0|14.05
133500|14.03|14.03|14.01|14.01|796.0|1115420.0|14.03
134000|14.01|14.02|14.0|14.0|1131.0|1584690.0|14.01
134500|14.01|14.01|14.0|14.01|479.0|670707.0|14.0
135000|13.99|13.99|13.97|13.98|2160.0|3021115.0|14.01
135500|13.98|13.98|13.96|13.97|991.0|1384359.0|13.98
140000|13.96|13.96|13.91|13.92|2147.0|2992282.0|13.97
140500|13.91|13.94|13.91|13.91|2000.0|2785284.0|13.92
141000|13.91|13.92|13.9|13.91|2087.0|2902749.0|13.91
141500|13.9|13.96|13.9|13.96|834.0|1162032.0|13.91
142000|13.96|13.98|13.95|13.96|441.0|615780.0|13.96
142500|13.96|13.97|13.95|13.97|1149.0|1604955.0|13.96
143000|13.96|13.98|13.96|13.96|528.0|737582.0|13.97
143500|13.96|14.02|13.96|14.0|1612.0|2255642.0|13.96
144000|14.0|14.02|13.98|13.99|722.0|1011142.0|14.0
144500|14.0|14.01|13.97|13.99|1336.0|1868425.0|13.99
145000|14.0|14.01|13.97|13.98|943.0|1318505.0|13.99
145500|13.98|13.98|13.95|13.96|2425.0|3387661.0|13.98
150000|13.98|13.98|13.95|13.96|1588.0|2218008.0|13.96
