093500|14.0200|14.0900|13.9800|14.0300|2101800|29489003.0000|14.0300
094000|14.0300|14.0700|13.9800|14.0600|863817|12117236.0000|14.0600
094500|14.0600|14.1700|14.0100|14.1600|1518200|21399855.0000|14.1600
095000|14.1600|14.1800|14.1100|14.1700|1128700|15977576.0000|14.1700
095500|14.1700|14.1900|14.1200|14.1400|1065900|15090198.0000|14.1400
100000|14.1400|14.2200|14.1300|14.2000|1262416|17913923.0000|14.2000
100500|14.2000|14.2300|14.1500|14.1700|1043800|14821763.0000|14.1700
101000|14.1600|14.1700|14.1000|14.1000|640500|9052530.0000|14.1000
101500|14.1000|14.1600|14.1000|14.1200|541766|7654292.0000|14.1200
102000|14.1100|14.1100|14.0700|14.0800|636534|8967517.0000|14.0800
102500|14.0900|14.1000|14.0300|14.0300|928200|13045659.0000|14.0300
103000|14.0300|14.0600|13.9600|14.0600|1155550|16181235.0000|14.0600
103500|14.0600|14.0600|14.0000|14.0200|474650|6657520.0000|14.0200
104000|14.0200|14.0200|13.9900|13.9900|494200|6918055.0000|13.9900
104500|13.9900|13.9900|13.9400|13.9800|615500|8594488.0000|13.9800
105000|13.9800|14.0100|13.9700|13.9900|347400|4859826.0000|13.9900
105500|13.9900|14.0100|13.9800|14.0000|218200|3052567.0000|14.0000
110000|14.0000|14.0200|13.9800|14.0100|288200|4034031.0000|14.0100
110500|14.0000|14.0100|13.9500|13.9600|315100|4403000.0000|13.9600
111000|13.9700|14.0100|13.9600|13.9800|157000|2196558.0000|13.9800
111500|13.9800|13.9900|13.9600|13.9600|151800|2122317.0000|13.9600
112000|13.9700|13.9700|13.9500|13.9500|176200|2459262.0000|13.9500
112500|13.9600|13.9800|13.9500|13.9700|156200|2181002.0000|13.9700
113000|13.9700|13.9800|13.9500|13.9500|176300|2461648.0000|13.9500
130500|13.9600|13.9900|13.9500|13.9900|308600|4307998.0000|13.9900
131000|13.9800|13.9900|13.9600|13.9800|201200|2813342.0000|13.9800
131500|13.9800|13.9800|13.9600|13.9800|181700|2538902.0000|13.9800
132000|13.9700|13.9800|13.9500|13.9700|171600|2396343.0000|13.9700
132500|13.9700|13.9800|13.9500|13.9500|274400|3830910.0000|13.9500
133000|13.9600|13.9600|13.9300|13.9300|256000|3570172.0000|13.9300
133500|13.9400|13.9500|13.9200|13.9300|138900|1935302.0000|13.9300
134000|13.9300|13.9400|13.9200|13.9200|125500|1747810.0000|13.9200
134500|13.9200|13.9400|13.9100|13.9100|318300|4432428.0000|13.9100
135000|13.9100|13.9300|13.9100|13.9100|216100|3007442.0000|13.9100
135500|13.9200|13.9300|13.9000|13.9000|229100|3188394.0000|13.9000
140000|13.9000|13.9100|13.8600|13.8900|568700|7899160.0000|13.8900
140500|13.8900|13.9000|13.8600|13.8800|290400|4029040.0000|13.8800
141000|13.8800|13.9000|13.8700|13.8900|227800|3162784.0000|13.8900
141500|13.8900|13.8900|13.8500|13.8500|514700|7135216.0000|13.8500
142000|13.8500|13.8500|13.7800|13.8100|812158|11217408.0000|13.8100
142500|13.8000|13.8500|13.7700|13.8500|443900|6128816.0000|13.8500
143000|13.8500|13.9000|13.8200|13.9000|426900|5919776.0000|13.9000
143500|13.9000|13.9000|13.8400|13.8900|423600|5875648.0000|13.8900
144000|13.9000|13.9400|13.8800|13.9300|705600|9816800.0000|13.9300
144500|13.9400|13.9800|13.9300|13.9600|608900|8500448.0000|13.9600
145000|13.9500|13.9500|13.9300|13.9500|355200|4951152.0000|13.9500
145500|13.9500|13.9500|13.8900|13.9100|662300|9217360.0000|13.9100
150000|13.9000|13.9100|13.8900|13.9000|536912|7463872.0000|13.9000
