093500|9.73|9.8|9.72|9.78|15325.0|14969155.0|9.76
094000|9.79|9.8|9.77|9.8|13167.0|12889185.0|9.78
094500|9.8|9.81|9.76|9.76|13634.0|13350571.0|9.8
095000|9.77|9.78|9.75|9.75|6986.0|6821305.0|9.76
095500|9.75|9.76|9.74|9.74|6475.0|6315469.0|9.75
100000|9.74|9.76|9.74|9.75|5577.0|5437649.0|9.74
100500|9.75|9.76|9.74|9.75|4364.0|4254824.0|9.75
101000|9.76|9.76|9.73|9.74|7185.0|7002357.0|9.75
101500|9.73|9.75|9.73|9.74|4440.0|4324532.0|9.74
102000|9.74|9.75|9.74|9.74|3015.0|2937260.0|9.74
102500|9.75|9.75|9.73|9.73|5588.0|5440417.0|9.74
103000|9.73|9.73|9.72|9.73|10094.0|9815611.0|9.73
103500|9.73|9.74|9.72|9.73|2798.0|2723152.0|9.73
104000|9.73|9.75|9.73|9.75|2991.0|2913289.0|9.73
104500|9.74|9.75|9.74|9.75|2457.0|2394638.0|9.75
105000|9.74|9.75|9.73|9.73|2308.0|2248138.0|9.75
105500|9.74|9.75|9.73|9.75|1855.0|1807256.0|9.73
110000|9.74|9.76|9.74|9.76|1879.0|1832638.0|9.75
110500|9.76|9.76|9.74|9.75|3210.0|3129742.0|9.76
111000|9.74|9.75|9.74|9.75|2384.0|2323966.0|9.75
111500|9.74|9.75|9.74|9.75|2505.0|2442315.0|9.75
112000|9.75|9.79|9.75|9.77|7983.0|7801895.0|9.75
112500|9.77|9.79|9.76|9.76|3732.0|3649567.0|9.77
113000|9.76|9.77|9.74|9.74|3931.0|3834267.0|9.76
130500|9.74|9.77|9.73|9.75|7036.0|6854418.0|9.74
131000|9.75|9.76|9.73|9.73|3490.0|3398972.0|9.75
131500|9.73|9.74|9.72|9.72|4669.0|4540076.0|9.73
132000|9.73|9.73|9.72|9.72|3688.0|3586801.0|9.72
132500|9.72|9.73|9.72|9.73|2889.0|2810006.0|9.72
133000|9.73|9.73|9.72|9.73|2309.0|2245803.0|9.73
133500|9.73|9.74|9.72|9.73|3816.0|3713484.0|9.73
134000|9.73|9.73|9.72|9.72|1653.0|1607644.0|9.73
134500|9.72|9.73|9.71|9.71|9598.0|9331863.0|9.72
135000|9.71|9.72|9.71|9.71|5167.0|5018874.0|9.71
135500|9.72|9.72|9.71|9.72|7356.0|7144703.0|9.71
140000|9.72|9.72|9.71|9.71|3077.0|2989112.0|9.72
140500|9.72|9.72|9.7|9.72|8285.0|8044848.0|9.71
141000|9.71|9.73|9.71|9.71|2904.0|2822898.0|9.72
141500|9.71|9.72|9.7|9.71|4382.0|4256120.0|9.71
142000|9.7|9.71|9.7|9.7|3624.0|3516891.0|9.71
142500|9.71|9.71|9.68|9.68|19187.0|18602804.0|9.7
143000|9.68|9.69|9.67|9.68|12118.0|11731105.0|9.68
143500|9.68|9.68|9.66|9.67|12532.0|12119809.0|9.68
144000|9.66|9.68|9.66|9.67|6152.0|5948079.0|9.67
144500|9.68|9.68|9.66|9.67|10507.0|10153554.0|9.67
145000|9.67|9.67|9.65|9.66|10080.0|9741135.0|9.67
145500|9.66|9.66|9.64|9.66|11654.0|11247602.0|9.66
150000|9.65|9.68|9.65|9.68|13107.0|12675126.0|9.66
