093500|3.6100|3.7300|3.6100|3.6800|62533803|229997240.0000|3.6800
094000|3.6800|3.7000|3.6700|3.6700|24581600|90496248.0000|3.6700
094500|3.6800|3.7300|3.6700|3.7200|39775798|147127968.0000|3.7200
095000|3.7200|3.7300|3.7000|3.7200|24978956|92845696.0000|3.7200
095500|3.7100|3.7400|3.7000|3.7400|29801227|111007728.0000|3.7400
100000|3.7400|3.7500|3.7100|3.7200|18986541|70826176.0000|3.7200
100500|3.7100|3.7200|3.7000|3.7200|10418528|38626208.0000|3.7200
101000|3.7100|3.7200|3.7000|3.7100|5969100|22149568.0000|3.7100
101500|3.7100|3.7100|3.6900|3.7000|7082900|26212256.0000|3.7000
102000|3.7000|3.7100|3.7000|3.7100|3602800|13338608.0000|3.7100
102500|3.7100|3.7200|3.7000|3.7100|7620400|28278096.0000|3.7100
103000|3.7100|3.7200|3.7000|3.7100|3783600|14040720.0000|3.7100
103500|3.7100|3.7200|3.7000|3.7100|6775876|25130496.0000|3.7100
104000|3.7200|3.7300|3.7100|3.7300|12552500|46684384.0000|3.7300
104500|3.7200|3.7300|3.7200|3.7300|3504116|13050000.0000|3.7300
105000|3.7200|3.7400|3.7200|3.7300|15146495|56504320.0000|3.7300
105500|3.7400|3.7500|3.7300|3.7300|11406400|42670816.0000|3.7300
110000|3.7400|3.7400|3.7300|3.7300|3753104|14020832.0000|3.7300
110500|3.7400|3.7500|3.7300|3.7500|12301008|46035232.0000|3.7500
111000|3.7500|3.7500|3.7400|3.7500|4261600|15960720.0000|3.7500
111500|3.7500|3.7700|3.7400|3.7700|23582832|88529344.0000|3.7700
112000|3.7600|3.7700|3.7500|3.7600|7128400|26820224.0000|3.7600
112500|3.7600|3.7600|3.7500|3.7500|5308992|19916160.0000|3.7500
113000|3.7600|3.7600|3.7500|3.7600|3851104|14466592.0000|3.7600
130500|3.7500|3.7700|3.7500|3.7600|7264608|27320608.0000|3.7600
131000|3.7600|3.7700|3.7500|3.7600|8762992|32975040.0000|3.7600
131500|3.7700|3.7800|3.7600|3.7700|11541808|43559888.0000|3.7700
132000|3.7800|3.7900|3.7600|3.7700|14059760|53124912.0000|3.7700
132500|3.7700|3.7700|3.7600|3.7700|5824032|21919264.0000|3.7700
133000|3.7600|3.7700|3.7600|3.7700|4122496|15516880.0000|3.7700
133500|3.7700|3.7700|3.7400|3.7400|5764000|21620048.0000|3.7400
134000|3.7500|3.7500|3.7300|3.7500|9158592|34226144.0000|3.7500
134500|3.7500|3.7600|3.7400|3.7500|5955008|22358784.0000|3.7500
135000|3.7600|3.7600|3.7500|3.7500|2554704|9582896.0000|3.7500
135500|3.7600|3.7600|3.7500|3.7600|3532288|13272384.0000|3.7600
140000|3.7600|3.7600|3.7500|3.7500|2209008|8293968.0000|3.7500
140500|3.7600|3.7600|3.7500|3.7600|3016512|11326528.0000|3.7600
141000|3.7600|3.7800|3.7500|3.7700|21484688|80981024.0000|3.7700
141500|3.7700|3.7800|3.7600|3.7800|5872112|22131184.0000|3.7800
142000|3.7700|3.7800|3.7700|3.7800|4822496|18199648.0000|3.7800
142500|3.7700|3.7800|3.7700|3.7800|5067792|19127936.0000|3.7800
143000|3.7700|3.7900|3.7700|3.7900|12250352|46336720.0000|3.7900
143500|3.7800|3.7900|3.7800|3.7900|5746400|21757344.0000|3.7900
144000|3.7800|3.8000|3.7800|3.8000|23862896|90557392.0000|3.8000
144500|3.8000|3.8200|3.8000|3.8200|22967344|87488480.0000|3.8200
145000|3.8200|3.8400|3.8200|3.8200|22926672|87707648.0000|3.8200
145500|3.8200|3.8300|3.8100|3.8200|13163712|50258112.0000|3.8200
150000|3.8200|3.8300|3.8200|3.8300|14121792|54057344.0000|3.8300
