09350000|21.0454752000|21.3279648000|20.7818182400|21.1019731200|4272500|95921171.0000|21.1019731200
09400000|21.0925568000|21.2243852800|20.9795609600|21.2243852800|1671590|37360387.0000|21.2243852800
09450000|21.2243852800|21.2997158400|20.7724019200|20.8100672000|1899600|42443195.0000|20.8100672000
09500000|20.8100672000|20.8571488000|20.6405734400|20.8477324800|2550800|56246434.0000|20.8477324800
09550000|20.8571488000|20.8853977600|20.6970713600|20.8665651200|1748966|38647853.0000|20.8665651200
10000000|20.8853977600|20.9983936000|20.8100672000|20.8100672000|897800|19944992.0000|20.8100672000
10050000|20.8194835200|20.9230630400|20.8194835200|20.8853977600|658200|14585536.0000|20.8853977600
10100000|20.8853977600|20.8853977600|20.7347366400|20.7535692800|1165868|25728448.0000|20.7535692800
10150000|20.7441529600|20.7912345600|20.6876550400|20.7629856000|910198|20029296.0000|20.7629856000
10200000|20.7441529600|20.8853977600|20.7441529600|20.8477324800|631100|13967856.0000|20.8477324800
10250000|20.8477324800|20.8948140800|20.8100672000|20.8853977600|566600|12535872.0000|20.8853977600
10300000|20.8853977600|20.9042304000|20.7818182400|20.7912345600|579056|12825824.0000|20.7912345600
10350000|20.7912345600|20.8288998400|20.5558265600|20.5934918400|1727300|37926912.0000|20.5934918400
10400000|20.5746592000|20.6688224000|20.5746592000|20.6594060800|1155500|25286624.0000|20.6594060800
10450000|20.6594060800|20.7064876800|20.5652428800|20.5840755200|738000|16173696.0000|20.5840755200
10500000|20.5652428800|20.6029081600|20.5275776000|20.5934918400|792900|17314368.0000|20.5934918400
10550000|20.5934918400|20.6123244800|20.5181612800|20.5275776000|715300|15628000.0000|20.5275776000
11000000|20.5275776000|20.5275776000|20.4428307200|20.4804960000|1288500|28038192.0000|20.4804960000
11050000|20.4899123200|20.5087449600|20.3580838400|20.5087449600|1202200|26085760.0000|20.5087449600
11100000|20.5087449600|20.5369939200|20.4428307200|20.5087449600|644400|14026304.0000|20.5087449600
11150000|20.5087449600|20.5369939200|20.4522470400|20.4710796800|454900|9900368.0000|20.4710796800
11200000|20.4710796800|20.5934918400|20.4710796800|20.5840755200|401200|8747808.0000|20.5840755200
11250000|20.5840755200|20.6405734400|20.5558265600|20.5652428800|425000|9294640.0000|20.5652428800
11300000|20.5652428800|20.5746592000|20.4428307200|20.4710796800|578900|12600560.0000|20.4710796800
13050000|20.4710796800|20.4804960000|20.3486675200|20.3769164800|627900|13615072.0000|20.3769164800
13100000|20.3486675200|20.3957491200|20.3204185600|20.3957491200|807200|17438176.0000|20.3957491200
13150000|20.3957491200|20.5087449600|20.3863328000|20.4804960000|444900|9664112.0000|20.4804960000
13200000|20.4804960000|20.5275776000|20.4710796800|20.4710796800|552300|12021264.0000|20.4710796800
13250000|20.4616633600|20.4804960000|20.4239980800|20.4710796800|338200|7345152.0000|20.4710796800
13300000|20.4710796800|20.4710796800|20.3486675200|20.3769164800|414000|8976688.0000|20.3769164800
13350000|20.3769164800|20.4804960000|20.3580838400|20.4804960000|455000|9856272.0000|20.4804960000
13400000|20.4804960000|20.5840755200|20.4710796800|20.5464102400|456700|9961408.0000|20.5464102400
13450000|20.5464102400|20.5746592000|20.5087449600|20.5369939200|355800|7760000.0000|20.5369939200
13500000|20.5369939200|20.5746592000|20.4710796800|20.4804960000|425400|9271200.0000|20.4804960000
13550000|20.4899123200|20.5087449600|20.4145817600|20.4145817600|256900|5583536.0000|20.4145817600
14000000|20.4239980800|20.4239980800|20.3392512000|20.3769164800|364500|7887280.0000|20.3769164800
14050000|20.3675001600|20.4522470400|20.3675001600|20.4334144000|393500|8536960.0000|20.4334144000
14100000|20.4239980800|20.4239980800|20.3675001600|20.3769164800|346648|7505920.0000|20.3769164800
14150000|20.3863328000|20.3957491200|20.2733369600|20.2921696000|581052|12544688.0000|20.2921696000
14200000|20.2921696000|20.2921696000|20.2262553600|20.2545043200|653556|14059008.0000|20.2545043200
14250000|20.2639206400|20.2639206400|20.1226758400|20.1509248000|823444|17650656.0000|20.1509248000
14300000|20.1509248000|20.1791737600|20.0850105600|20.0850105600|676559|14474640.0000|20.0850105600
14350000|20.0850105600|20.1415084800|20.0379289600|20.0944268800|679700|14500192.0000|20.0944268800
14400000|20.0944268800|20.1038432000|20.0096800000|20.0850105600|733553|15626608.0000|20.0850105600
14450000|20.0850105600|20.1697574400|20.0850105600|20.1226758400|547000|11679104.0000|20.1226758400
14500000|20.1226758400|20.1320921600|20.0567616000|20.0850105600|890100|18981696.0000|20.0850105600
14550000|20.1038432000|20.1038432000|20.0567616000|20.0944268800|665477|14194272.0000|20.0944268800
15000000|20.0755942400|20.0944268800|20.0661779200|20.0755942400|490614|10459040.0000|20.0755942400
