09350000|13.2069354900|13.4534396700|13.1595308400|13.3870731600|2566675|35964254.0000|13.3870731600
09400000|13.3775922300|13.3775922300|13.2258973500|13.2448592100|942100|13211063.0000|13.2448592100
09450000|13.2353782800|13.2543401400|13.1784927000|13.2353782800|752200|10489545.0000|13.2353782800
09500000|13.2258973500|13.2448592100|13.2069354900|13.2353782800|577900|8059291.0000|13.2353782800
09550000|13.2448592100|13.2448592100|13.1784927000|13.1974545600|688600|9589950.0000|13.1974545600
10000000|13.2069354900|13.2258973500|13.1974545600|13.2069354900|315400|4395403.0000|13.2069354900
10050000|13.2069354900|13.2353782800|13.1974545600|13.2069354900|374900|5227126.0000|13.2069354900
10100000|13.2069354900|13.2164164200|13.1690117700|13.1784927000|657497|9144999.0000|13.1784927000
10150000|13.1784927000|13.1974545600|13.1690117700|13.1690117700|217000|3016460.0000|13.1690117700
10200000|13.1784927000|13.1879736300|13.1595308400|13.1784927000|570103|7921151.0000|13.1784927000
10250000|13.1879736300|13.2069354900|13.1784927000|13.1974545600|200200|2786116.0000|13.1974545600
10300000|13.1974545600|13.2448592100|13.1974545600|13.2448592100|282100|3933131.0000|13.2448592100
10350000|13.2353782800|13.2827829300|13.2353782800|13.2638210700|506900|7086465.0000|13.2638210700
10400000|13.2543401400|13.2733020000|13.2353782800|13.2448592100|286700|4006847.0000|13.2448592100
10450000|13.2543401400|13.2638210700|13.2258973500|13.2638210700|297500|4156344.0000|13.2638210700
10500000|13.2638210700|13.2733020000|13.2448592100|13.2638210700|245900|3439481.0000|13.2638210700
10550000|13.2638210700|13.2638210700|13.2353782800|13.2543401400|226300|3162631.0000|13.2543401400
11000000|13.2543401400|13.2733020000|13.2543401400|13.2638210700|170300|2382325.0000|13.2638210700
11050000|13.2638210700|13.2827829300|13.2448592100|13.2638210700|264700|3702233.0000|13.2638210700
11100000|13.2638210700|13.2733020000|13.2448592100|13.2733020000|177100|2477050.0000|13.2733020000
11150000|13.2733020000|13.2733020000|13.2448592100|13.2448592100|349100|4881271.0000|13.2448592100
11200000|13.2448592100|13.2543401400|13.2353782800|13.2543401400|196064|2739709.0000|13.2543401400
11250000|13.2543401400|13.2733020000|13.2353782800|13.2638210700|337800|4723505.0000|13.2638210700
11300000|13.2638210700|13.3491494400|13.2638210700|13.3301875800|522400|7337357.0000|13.3301875800
13050000|13.3396685100|13.3491494400|13.3017447900|13.3301875800|226900|3188885.0000|13.3301875800
13100000|13.3396685100|13.3586303700|13.3207066500|13.3586303700|195800|2755969.0000|13.3586303700
13150000|13.3491494400|13.3681113000|13.3301875800|13.3586303700|218200|3072727.0000|13.3586303700
13200000|13.3586303700|13.3586303700|13.3301875800|13.3396685100|142101|1998934.0000|13.3396685100
13250000|13.3301875800|13.3396685100|13.3207066500|13.3301875800|175500|2466434.0000|13.3301875800
13300000|13.3301875800|13.3586303700|13.3207066500|13.3491494400|312100|4389713.0000|13.3491494400
13350000|13.3491494400|13.3681113000|13.3301875800|13.3586303700|302100|4254389.0000|13.3586303700
13400000|13.3586303700|13.3681113000|13.3491494400|13.3586303700|163600|2305520.0000|13.3586303700
13450000|13.3586303700|13.3681113000|13.3301875800|13.3396685100|399500|5628344.0000|13.3396685100
13500000|13.3301875800|13.3775922300|13.3301875800|13.3775922300|363916|5127982.0000|13.3775922300
13550000|13.3681113000|13.4060350200|13.3681113000|13.3681113000|279200|3940705.0000|13.3681113000
14000000|13.3681113000|13.3775922300|13.3491494400|13.3586303700|249311|3513868.0000|13.3586303700
14050000|13.3681113000|13.3681113000|13.3491494400|13.3681113000|193300|2724272.0000|13.3681113000
14100000|13.3681113000|13.3870731600|13.3586303700|13.3775922300|262500|3701023.0000|13.3775922300
14150000|13.3870731600|13.3870731600|13.3681113000|13.3870731600|348000|4911503.0000|13.3870731600
14200000|13.3870731600|13.4249968800|13.3870731600|13.4060350200|452300|6396755.0000|13.4060350200
14250000|13.4060350200|13.4534396700|13.4060350200|13.4249968800|749500|10620565.0000|13.4249968800
14300000|13.4155159500|13.4249968800|13.3965540900|13.4155159500|591752|8371156.0000|13.4155159500
14350000|13.4155159500|13.4439587400|13.4155159500|13.4155159500|858557|12163220.0000|13.4155159500
14400000|13.4155159500|13.4439587400|13.4155159500|13.4344778100|388701|5507348.0000|13.4344778100
14450000|13.4344778100|13.4534396700|13.4249968800|13.4439587400|879900|12476101.0000|13.4439587400
14500000|13.4344778100|13.4534396700|13.4249968800|13.4439587400|871300|12353552.0000|13.4439587400
14550000|13.4534396700|13.4534396700|13.4249968800|13.4344778100|556300|7886384.0000|13.4344778100
15000000|13.4249968800|13.4439587400|13.4249968800|13.4249968800|638700|9048752.0000|13.4249968800
