093500|5.5400|5.5400|5.5000|5.5000|1299300|7179407.0000|5.5000
094000|5.5000|5.5200|5.5000|5.5200|689100|3793651.0000|5.5200
094500|5.5200|5.5200|5.5100|5.5100|333600|1838811.0000|5.5100
095000|5.5100|5.5200|5.5000|5.5100|341100|1879350.0000|5.5100
095500|5.5100|5.5300|5.5100|5.5200|566600|3127495.0000|5.5200
100000|5.5200|5.5300|5.5200|5.5300|133700|738218.0000|5.5300
100500|5.5300|5.5300|5.5200|5.5200|302000|1667372.0000|5.5200
101000|5.5200|5.5300|5.5100|5.5200|434300|2397126.0000|5.5200
101500|5.5200|5.5300|5.5100|5.5100|154600|852856.0000|5.5100
102000|5.5100|5.5200|5.5100|5.5200|96600|532826.0000|5.5200
102500|5.5200|5.5200|5.5100|5.5100|83600|461036.0000|5.5100
103000|5.5100|5.5200|5.5000|5.5100|605500|3336406.0000|5.5100
103500|5.5100|5.5200|5.5100|5.5100|91000|501474.0000|5.5100
104000|5.5200|5.5200|5.5000|5.5100|155000|854158.0000|5.5100
104500|5.5100|5.5200|5.5100|5.5100|44500|245340.0000|5.5100
105000|5.5100|5.5200|5.5000|5.5200|202500|1115728.0000|5.5200
105500|5.5200|5.5200|5.5100|5.5100|30400|167642.0000|5.5100
110000|5.5100|5.5200|5.5100|5.5200|39000|215016.0000|5.5200
110500|5.5200|5.5200|5.5100|5.5100|43600|240346.0000|5.5100
111000|5.5200|5.5200|5.5100|5.5200|90200|497212.0000|5.5200
111500|5.5200|5.5200|5.5000|5.5100|320800|1767674.0000|5.5100
112000|5.5100|5.5100|5.5000|5.5000|115400|635632.0000|5.5000
112500|5.5000|5.5200|5.5000|5.5100|145000|798732.0000|5.5100
113000|5.5100|5.5100|5.5000|5.5000|123700|680992.0000|5.5000
130500|5.5100|5.5100|5.5000|5.5000|310600|1708708.0000|5.5000
131000|5.5000|5.5100|5.5000|5.5000|278400|1531444.0000|5.5000
131500|5.5000|5.5100|5.5000|5.5000|60900|335056.0000|5.5000
132000|5.5000|5.5100|5.5000|5.5100|297000|1633852.0000|5.5100
132500|5.5100|5.5100|5.5000|5.5000|95900|528020.0000|5.5000
133000|5.5000|5.5100|5.5000|5.5100|179000|984992.0000|5.5100
133500|5.5000|5.5100|5.4900|5.4900|393700|2165096.0000|5.4900
134000|5.4900|5.5000|5.4900|5.4900|92400|507964.0000|5.4900
134500|5.4900|5.5000|5.4900|5.4900|29700|163124.0000|5.4900
135000|5.4900|5.5000|5.4900|5.5000|61500|337744.0000|5.5000
135500|5.5000|5.5000|5.4900|5.4900|48500|266456.0000|5.4900
140000|5.4900|5.5000|5.4900|5.5000|136900|751964.0000|5.5000
140500|5.5000|5.5000|5.4800|5.4900|499600|2742520.0000|5.4900
141000|5.4900|5.4900|5.4800|5.4800|492400|2698460.0000|5.4800
141500|5.4800|5.4900|5.4800|5.4800|233900|1281820.0000|5.4800
142000|5.4800|5.5000|5.4800|5.4900|565400|3100892.0000|5.4900
142500|5.4900|5.5000|5.4900|5.4900|115600|635172.0000|5.4900
143000|5.4900|5.5000|5.4900|5.5000|32500|178644.0000|5.5000
143500|5.5000|5.5000|5.4900|5.4900|116900|642528.0000|5.4900
144000|5.4900|5.5000|5.4900|5.5000|310100|1705012.0000|5.5000
144500|5.5000|5.5000|5.4900|5.4900|179100|984592.0000|5.4900
145000|5.4900|5.5000|5.4900|5.5000|444500|2440732.0000|5.5000
145500|5.5000|5.5100|5.4900|5.4900|329100|1809800.0000|5.4900
150000|5.4900|5.5100|5.4900|5.5000|143300|788396.0000|5.5000
