093500|5.0700|5.0800|5.0600|5.0700|963500|4882616.0000|5.0700
094000|5.0800|5.1000|5.0700|5.1000|460200|2338748.0000|5.1000
094500|5.1000|5.1100|5.0800|5.1100|839100|4276996.0000|5.1100
095000|5.1100|5.1300|5.1000|5.1300|932500|4769079.0000|5.1300
095500|5.1200|5.1300|5.1100|5.1200|347100|1777377.0000|5.1200
100000|5.1200|5.1300|5.1200|5.1300|239300|1226202.0000|5.1300
100500|5.1200|5.1200|5.1100|5.1200|272800|1396328.0000|5.1200
101000|5.1100|5.1200|5.1100|5.1100|252400|1290330.0000|5.1100
101500|5.1100|5.1100|5.1000|5.1100|325100|1659920.0000|5.1100
102000|5.1100|5.1100|5.1000|5.1100|119100|608236.0000|5.1100
102500|5.1100|5.1200|5.0900|5.1000|1074600|5490913.0000|5.1000
103000|5.1000|5.1100|5.0900|5.1000|335000|1708418.0000|5.1000
103500|5.1000|5.1000|5.0800|5.0900|549600|2797457.0000|5.0900
104000|5.0900|5.1000|5.0800|5.0800|127300|647911.0000|5.0800
104500|5.0800|5.0900|5.0800|5.0900|156000|792962.0000|5.0900
105000|5.0900|5.0900|5.0800|5.0800|98400|500322.0000|5.0800
105500|5.0900|5.1000|5.0800|5.1000|151800|772786.0000|5.1000
110000|5.1000|5.1000|5.0900|5.0900|195300|994587.0000|5.0900
110500|5.0900|5.1000|5.0800|5.0900|154600|787053.0000|5.0900
111000|5.1000|5.1000|5.0900|5.1000|65000|330974.0000|5.1000
111500|5.1000|5.1000|5.0800|5.1000|131700|670405.0000|5.1000
112000|5.0900|5.1000|5.0800|5.1000|133700|680656.0000|5.1000
112500|5.0800|5.1000|5.0800|5.1000|79500|404771.0000|5.1000
113000|5.0900|5.1000|5.0900|5.0900|54100|275678.0000|5.0900
130500|5.1000|5.1000|5.0800|5.0900|285100|1450849.0000|5.0900
131000|5.0800|5.1000|5.0800|5.1000|35000|178144.0000|5.1000
131500|5.1000|5.1100|5.0900|5.1000|244700|1248705.0000|5.1000
132000|5.1000|5.1100|5.0900|5.1000|192200|980345.0000|5.1000
132500|5.1000|5.1000|5.0900|5.1000|108200|551312.0000|5.1000
133000|5.1000|5.1000|5.0900|5.1000|93900|478407.0000|5.1000
133500|5.1000|5.1100|5.0900|5.1000|91600|467243.0000|5.1000
134000|5.1000|5.1100|5.0900|5.1100|173500|884897.0000|5.1100
134500|5.1000|5.1200|5.1000|5.1100|446100|2277381.0000|5.1100
135000|5.1200|5.1200|5.1100|5.1200|377700|1930408.0000|5.1200
135500|5.1200|5.1200|5.1000|5.1100|219000|1118962.0000|5.1100
140000|5.1200|5.1200|5.1100|5.1200|86400|441598.0000|5.1200
140500|5.1200|5.1200|5.1100|5.1200|59700|305276.0000|5.1200
141000|5.1200|5.1200|5.1100|5.1100|399000|2039705.0000|5.1100
141500|5.1200|5.1200|5.1000|5.1100|173300|885385.0000|5.1100
142000|5.1000|5.1200|5.1000|5.1100|156200|797445.0000|5.1100
142500|5.1100|5.1100|5.1000|5.1000|135900|693482.0000|5.1000
143000|5.1100|5.1100|5.0900|5.0900|214600|1095246.0000|5.0900
143500|5.1100|5.1100|5.0900|5.1000|97600|497683.0000|5.1000
144000|5.1000|5.1100|5.0900|5.1000|190100|969267.0000|5.1000
144500|5.1000|5.1100|5.0900|5.1000|210800|1074639.0000|5.1000
145000|5.0900|5.1000|5.0900|5.1000|110600|563425.0000|5.1000
145500|5.0900|5.1100|5.0900|5.1000|301500|1537016.0000|5.1000
150000|5.1100|5.1100|5.0900|5.1100|158641|809870.0000|5.1100
