09350000|27.7200000000|28.2000000000|27.7200000000|28.1500000000|1813600|50851856.0000|28.1500000000
09400000|28.1600000000|28.4100000000|28.1300000000|28.2500000000|1291000|36507552.0000|28.2500000000
09450000|28.2300000000|28.5700000000|28.2300000000|28.5400000000|2342700|66659920.0000|28.5400000000
09500000|28.5400000000|28.5800000000|28.3900000000|28.4500000000|1231600|35093312.0000|28.4500000000
09550000|28.4500000000|28.4500000000|28.3400000000|28.3700000000|539900|15340144.0000|28.3700000000
10000000|28.3700000000|28.5100000000|28.3600000000|28.4500000000|469000|13340064.0000|28.4500000000
10050000|28.4400000000|28.5400000000|28.4200000000|28.4200000000|725900|20691792.0000|28.4200000000
10100000|28.4400000000|28.5500000000|28.4300000000|28.5200000000|835100|23796704.0000|28.5200000000
10150000|28.5200000000|28.5300000000|28.4200000000|28.4700000000|494900|14085344.0000|28.4700000000
10200000|28.4800000000|28.5600000000|28.4100000000|28.4600000000|983800|28045792.0000|28.4600000000
10250000|28.4500000000|28.4800000000|28.3400000000|28.3800000000|962600|27323520.0000|28.3800000000
10300000|28.3500000000|28.4100000000|28.2800000000|28.2800000000|583400|16538656.0000|28.2800000000
10350000|28.2900000000|28.3500000000|28.2500000000|28.3200000000|511200|14462432.0000|28.3200000000
10400000|28.3100000000|28.3500000000|28.2100000000|28.2100000000|415000|11743872.0000|28.2100000000
10450000|28.2200000000|28.2800000000|28.1800000000|28.2600000000|417100|11773216.0000|28.2600000000
10500000|28.2600000000|28.2700000000|28.1200000000|28.1200000000|567800|15994016.0000|28.1200000000
10550000|28.1200000000|28.1200000000|28.0000000000|28.0000000000|732600|20552832.0000|28.0000000000
11000000|28.0100000000|28.1600000000|27.9800000000|28.1400000000|761400|21357888.0000|28.1400000000
11050000|28.1300000000|28.1700000000|28.0000000000|28.1400000000|473800|13308864.0000|28.1400000000
11100000|28.1400000000|28.1800000000|28.1000000000|28.1400000000|400300|11266144.0000|28.1400000000
11150000|28.1400000000|28.2300000000|28.1400000000|28.2100000000|225600|6359808.0000|28.2100000000
11200000|28.2000000000|28.2200000000|28.1400000000|28.2000000000|164000|4622528.0000|28.2000000000
11250000|28.2000000000|28.2100000000|28.1100000000|28.1600000000|184400|5194816.0000|28.1600000000
11300000|28.1400000000|28.2000000000|28.1200000000|28.1300000000|176100|4956384.0000|28.1300000000
13050000|28.1400000000|28.1400000000|28.0200000000|28.0500000000|226800|6368288.0000|28.0500000000
13100000|28.0400000000|28.1100000000|28.0000000000|28.0000000000|169800|4763104.0000|28.0000000000
13150000|27.9800000000|27.9900000000|27.8900000000|27.8900000000|340200|9511648.0000|27.8900000000
13200000|27.8900000000|27.8900000000|27.7900000000|27.8000000000|455300|12678912.0000|27.8000000000
13250000|27.7900000000|27.8200000000|27.7700000000|27.7700000000|301900|8391552.0000|27.7700000000
13300000|27.7700000000|27.7700000000|27.6300000000|27.6600000000|501400|13882464.0000|27.6600000000
13350000|27.6600000000|27.7700000000|27.6500000000|27.7600000000|487300|13504256.0000|27.7600000000
13400000|27.7400000000|27.7700000000|27.6300000000|27.6300000000|426000|11792064.0000|27.6300000000
13450000|27.6200000000|27.7300000000|27.6100000000|27.6800000000|369900|10233536.0000|27.6800000000
13500000|27.6800000000|27.6900000000|27.6400000000|27.6500000000|204900|5668864.0000|27.6500000000
13550000|27.6500000000|27.6900000000|27.6300000000|27.6400000000|314600|8699520.0000|27.6400000000
14000000|27.6500000000|27.6600000000|27.6000000000|27.6600000000|241400|6668800.0000|27.6600000000
14050000|27.6500000000|27.7200000000|27.6000000000|27.6800000000|297700|8232128.0000|27.6800000000
14100000|27.7000000000|27.8000000000|27.7000000000|27.8000000000|374200|10377152.0000|27.8000000000
14150000|27.8000000000|27.8700000000|27.7000000000|27.8100000000|324600|9017728.0000|27.8100000000
14200000|27.8200000000|27.8600000000|27.8200000000|27.8400000000|124300|3459520.0000|27.8400000000
14250000|27.8400000000|27.9100000000|27.8200000000|27.9000000000|259900|7241472.0000|27.9000000000
14300000|27.8900000000|27.9300000000|27.8800000000|27.9100000000|148300|4138686.0000|27.9100000000
14350000|27.9300000000|28.0200000000|27.9000000000|28.0000000000|524100|14651848.0000|28.0000000000
14400000|28.0000000000|28.0500000000|27.9800000000|27.9900000000|378600|10607286.0000|27.9900000000
14450000|27.9900000000|28.0000000000|27.9500000000|27.9600000000|216400|6053314.0000|27.9600000000
14500000|27.9600000000|28.0000000000|27.9600000000|28.0000000000|278200|7785666.0000|28.0000000000
14550000|27.9900000000|28.0200000000|27.9600000000|27.9700000000|349700|9790207.0000|27.9700000000
15000000|27.9700000000|27.9900000000|27.9600000000|27.9600000000|336400|9408512.0000|27.9600000000
