093500|10.38|10.38|10.35|10.37|1398.0|1449014.0|10.4
094000|10.37|10.38|10.36|10.38|1328.0|1377289.0|10.37
094500|10.38|10.41|10.37|10.38|1273.0|1321850.0|10.38
095000|10.38|10.39|10.37|10.38|1196.0|1241725.0|10.38
095500|10.37|10.39|10.37|10.38|613.0|636131.0|10.38
100000|10.37|10.39|10.36|10.39|728.0|754993.0|10.38
100500|10.38|10.39|10.36|10.36|414.0|429436.0|10.39
101000|10.36|10.39|10.36|10.38|337.0|349668.0|10.36
101500|10.39|10.4|10.38|10.38|169.0|175583.0|10.38
102000|10.38|10.38|10.36|10.36|384.0|398129.0|10.38
102500|10.37|10.37|10.36|10.37|331.0|342967.0|10.36
103000|10.36|10.37|10.35|10.36|847.0|877581.0|10.37
103500|10.37|10.38|10.36|10.37|247.0|256156.0|10.36
104000|10.36|10.39|10.36|10.38|981.0|1017725.0|10.37
104500|10.38|10.39|10.37|10.39|119.0|123968.0|10.38
105000|10.39|10.39|10.38|10.38|171.0|177648.0|10.39
105500|10.39|10.39|10.38|10.39|85.0|88311.0|10.38
110000|10.39|10.39|10.38|10.39|86.0|89286.0|10.39
110500|10.38|10.39|10.37|10.38|365.0|378776.0|10.39
111000|10.39|10.39|10.38|10.38|223.0|231557.0|10.38
111500|10.39|10.39|10.38|10.39|165.0|171364.0|10.38
112000|10.39|10.4|10.38|10.39|452.0|469386.0|10.39
112500|10.39|10.4|10.38|10.38|241.0|250332.0|10.39
113000|10.39|10.39|10.37|10.38|958.0|994283.0|10.38
130500|10.39|10.4|10.38|10.38|830.0|862302.0|10.38
131000|10.38|10.39|10.38|10.38|119.0|123551.0|10.38
131500|10.38|10.4|10.38|10.38|883.0|917404.0|10.38
132000|10.38|10.39|10.38|10.39|203.0|210838.0|10.38
132500|10.4|10.4|10.39|10.39|352.0|366041.0|10.39
133000|10.4|10.4|10.39|10.39|626.0|651028.0|10.39
133500|10.4|10.41|10.39|10.41|610.0|634526.0|10.39
134000|10.41|10.41|10.4|10.41|181.0|188362.0|10.41
134500|10.4|10.41|10.4|10.41|354.0|368310.0|10.41
135000|10.41|10.41|10.39|10.4|468.0|486788.0|10.41
135500|10.4|10.4|10.39|10.39|192.0|199580.0|10.4
140000|10.39|10.4|10.38|10.39|1099.0|1141870.0|10.39
140500|10.4|10.4|10.39|10.4|218.0|226597.0|10.39
141000|10.4|10.4|10.39|10.4|492.0|511591.0|10.4
141500|10.4|10.41|10.39|10.4|628.0|653120.0|10.4
142000|10.4|10.4|10.39|10.4|460.0|478291.0|10.4
142500|10.4|10.4|10.39|10.4|778.0|808746.0|10.4
143000|10.4|10.41|10.39|10.4|998.0|1037364.0|10.4
143500|10.41|10.41|10.39|10.41|330.0|343408.0|10.4
144000|10.41|10.41|10.4|10.41|1040.0|1082456.0|10.41
144500|10.4|10.41|10.4|10.41|998.0|1038587.0|10.41
145000|10.41|10.43|10.4|10.43|3321.0|3458774.0|10.41
145500|10.43|10.44|10.42|10.44|2130.0|2221891.0|10.43
150000|10.43|10.43|10.42|10.43|1644.0|1714450.0|10.44
