09350000|4.6420578000|4.6570321800|4.6345706100|4.6420578000|217000|1345315.0000|4.6420578000
09400000|4.6420578000|4.6570321800|4.6345706100|4.6495449900|230400|1430383.0000|4.6495449900
09450000|4.6495449900|4.6570321800|4.6345706100|4.6495449900|195300|1211483.0000|4.6495449900
09500000|4.6495449900|4.6570321800|4.6420578000|4.6570321800|143564|890811.0000|4.6570321800
09550000|4.6570321800|4.6645193700|4.6495449900|4.6570321800|154100|958060.0000|4.6570321800
10000000|4.6570321800|4.6570321800|4.6495449900|4.6570321800|100100|622178.0000|4.6570321800
10050000|4.6495449900|4.6570321800|4.6495449900|4.6570321800|103500|643036.0000|4.6570321800
10100000|4.6570321800|4.6570321800|4.6495449900|4.6570321800|52162|324153.0000|4.6570321800
10150000|4.6570321800|4.6570321800|4.6495449900|4.6570321800|79400|493549.0000|4.6570321800
10200000|4.6570321800|4.6645193700|4.6495449900|4.6645193700|167300|1041195.0000|4.6645193700
10250000|4.6645193700|4.6645193700|4.6570321800|4.6570321800|68100|423939.0000|4.6570321800
10300000|4.6570321800|4.6645193700|4.6570321800|4.6570321800|135400|842286.0000|4.6570321800
10350000|4.6570321800|4.6645193700|4.6495449900|4.6645193700|372100|2314496.0000|4.6645193700
10400000|4.6645193700|4.6645193700|4.6570321800|4.6645193700|95200|592254.0000|4.6645193700
10450000|4.6645193700|4.6645193700|4.6495449900|4.6495449900|140800|874457.0000|4.6495449900
10500000|4.6495449900|4.6570321800|4.6495449900|4.6495449900|44500|276627.0000|4.6495449900
10550000|4.6495449900|4.6570321800|4.6495449900|4.6495449900|125700|780998.0000|4.6495449900
11000000|4.6495449900|4.6645193700|4.6495449900|4.6645193700|69300|431153.0000|4.6645193700
11050000|4.6645193700|4.6645193700|4.6495449900|4.6570321800|119900|745863.0000|4.6570321800
11100000|4.6570321800|4.6645193700|4.6570321800|4.6645193700|64000|398413.0000|4.6645193700
11150000|4.6570321800|4.6645193700|4.6570321800|4.6645193700|68700|427958.0000|4.6645193700
11200000|4.6645193700|4.6720065600|4.6645193700|4.6645193700|114600|714271.0000|4.6645193700
11250000|4.6645193700|4.6720065600|4.6570321800|4.6720065600|236500|1473563.0000|4.6720065600
11300000|4.6720065600|4.6794937500|4.6645193700|4.6720065600|139100|867621.0000|4.6720065600
13050000|4.6720065600|4.6720065600|4.6645193700|4.6720065600|49300|307545.0000|4.6720065600
13100000|4.6720065600|4.6720065600|4.6495449900|4.6570321800|239500|1490331.0000|4.6570321800
13150000|4.6570321800|4.6645193700|4.6495449900|4.6570321800|60900|378774.0000|4.6570321800
13200000|4.6570321800|4.6645193700|4.6495449900|4.6570321800|105200|654444.0000|4.6570321800
13250000|4.6570321800|4.6570321800|4.6495449900|4.6570321800|33000|205255.0000|4.6570321800
13300000|4.6570321800|4.6570321800|4.6495449900|4.6570321800|51300|319013.0000|4.6570321800
13350000|4.6570321800|4.6570321800|4.6420578000|4.6495449900|300800|1868025.0000|4.6495449900
13400000|4.6570321800|4.6645193700|4.6570321800|4.6645193700|77900|484514.0000|4.6645193700
13450000|4.6645193700|4.6645193700|4.6570321800|4.6570321800|136300|848049.0000|4.6570321800
13500000|4.6570321800|4.6570321800|4.6495449900|4.6570321800|36700|228227.0000|4.6570321800
13550000|4.6570321800|4.6570321800|4.6495449900|4.6570321800|38800|241265.0000|4.6570321800
14000000|4.6570321800|4.6645193700|4.6570321800|4.6570321800|71900|447255.0000|4.6570321800
14050000|4.6570321800|4.6645193700|4.6495449900|4.6570321800|183800|1142002.0000|4.6570321800
14100000|4.6570321800|4.6570321800|4.6420578000|4.6495449900|136200|845796.0000|4.6495449900
14150000|4.6495449900|4.6570321800|4.6495449900|4.6570321800|110600|687086.0000|4.6570321800
14200000|4.6570321800|4.6570321800|4.6495449900|4.6570321800|66700|414283.0000|4.6570321800
14250000|4.6570321800|4.6570321800|4.6495449900|4.6570321800|37100|230746.0000|4.6570321800
14300000|4.6570321800|4.6645193700|4.6495449900|4.6645193700|199211|1239007.0000|4.6645193700
14350000|4.6645193700|4.6645193700|4.6570321800|4.6645193700|49100|305692.0000|4.6645193700
14400000|4.6645193700|4.6645193700|4.6570321800|4.6645193700|71800|447210.0000|4.6645193700
14450000|4.6645193700|4.6720065600|4.6570321800|4.6570321800|185900|1157780.0000|4.6570321800
14500000|4.6570321800|4.6645193700|4.6495449900|4.6645193700|239700|1491880.0000|4.6645193700
14550000|4.6645193700|4.6720065600|4.6570321800|4.6645193700|152700|950993.0000|4.6645193700
15000000|4.6720065600|4.6720065600|4.6495449900|4.6495449900|221400|1377716.0000|4.6495449900
