09350000|3.7016338200|3.7513201800|3.6850717000|3.7347580600|978534|4399464.0000|3.7347580600
09400000|3.7347580600|3.7513201800|3.7264770000|3.7513201800|595200|2687355.0000|3.7513201800
09450000|3.7513201800|3.7513201800|3.7347580600|3.7513201800|450100|2036532.0000|3.7513201800
09500000|3.7430391200|3.7513201800|3.7347580600|3.7513201800|472600|2137990.0000|3.7513201800
09550000|3.7513201800|3.7596012400|3.7430391200|3.7513201800|483100|2188590.0000|3.7513201800
10000000|3.7596012400|3.7761633600|3.7513201800|3.7678823000|1512500|6873179.0000|3.7678823000
10050000|3.7678823000|3.7678823000|3.7513201800|3.7513201800|417300|1892562.0000|3.7513201800
10100000|3.7513201800|3.7596012400|3.7513201800|3.7513201800|108200|490364.0000|3.7513201800
10150000|3.7513201800|3.7678823000|3.7513201800|3.7678823000|192000|871355.0000|3.7678823000
10200000|3.7678823000|3.7761633600|3.7513201800|3.7513201800|361400|1642381.0000|3.7513201800
10250000|3.7513201800|3.7596012400|3.7513201800|3.7596012400|63600|288327.0000|3.7596012400
10300000|3.7596012400|3.7596012400|3.7430391200|3.7513201800|312500|1414857.0000|3.7513201800
10350000|3.7513201800|3.7596012400|3.7430391200|3.7596012400|322900|1464293.0000|3.7596012400
10400000|3.7596012400|3.7678823000|3.7513201800|3.7678823000|118400|537649.0000|3.7678823000
10450000|3.7678823000|3.7678823000|3.7513201800|3.7596012400|108900|494325.0000|3.7596012400
10500000|3.7596012400|3.7596012400|3.7264770000|3.7430391200|352700|1593923.0000|3.7430391200
10550000|3.7430391200|3.7513201800|3.7347580600|3.7430391200|191000|862700.0000|3.7430391200
11000000|3.7430391200|3.7513201800|3.7347580600|3.7430391200|361300|1632993.0000|3.7430391200
11050000|3.7430391200|3.7513201800|3.7347580600|3.7430391200|83700|378418.0000|3.7430391200
11100000|3.7430391200|3.7430391200|3.7347580600|3.7430391200|52800|238220.0000|3.7430391200
11150000|3.7430391200|3.7430391200|3.7347580600|3.7347580600|64300|290177.0000|3.7347580600
11200000|3.7430391200|3.7430391200|3.7347580600|3.7430391200|87300|394221.0000|3.7430391200
11250000|3.7430391200|3.7513201800|3.7347580600|3.7513201800|98100|443453.0000|3.7513201800
11300000|3.7513201800|3.7513201800|3.7430391200|3.7430391200|47300|214059.0000|3.7430391200
13050000|3.7513201800|3.7596012400|3.7430391200|3.7430391200|508900|2304890.0000|3.7430391200
13100000|3.7430391200|3.7513201800|3.7347580600|3.7347580600|171000|772791.0000|3.7347580600
13150000|3.7347580600|3.7513201800|3.7347580600|3.7347580600|75000|338649.0000|3.7347580600
13200000|3.7347580600|3.7430391200|3.7347580600|3.7347580600|160100|722413.0000|3.7347580600
13250000|3.7430391200|3.7430391200|3.7347580600|3.7430391200|225300|1016486.0000|3.7430391200
13300000|3.7347580600|3.7430391200|3.7264770000|3.7264770000|181600|818446.0000|3.7264770000
13350000|3.7264770000|3.7347580600|3.7181959400|3.7181959400|218000|981392.0000|3.7181959400
13400000|3.7181959400|3.7264770000|3.7099148800|3.7181959400|262900|1180216.0000|3.7181959400
13450000|3.7181959400|3.7264770000|3.7099148800|3.7181959400|232800|1044985.0000|3.7181959400
13500000|3.7181959400|3.7347580600|3.7099148800|3.7347580600|276100|1241751.0000|3.7347580600
13550000|3.7347580600|3.7347580600|3.7099148800|3.7181959400|229800|1033150.0000|3.7181959400
14000000|3.7264770000|3.7264770000|3.7099148800|3.7264770000|187100|841236.0000|3.7264770000
14050000|3.7264770000|3.7347580600|3.7181959400|3.7264770000|204300|919724.0000|3.7264770000
14100000|3.7264770000|3.7347580600|3.7264770000|3.7264770000|240000|1081155.0000|3.7264770000
14150000|3.7264770000|3.7347580600|3.7264770000|3.7264770000|174400|785829.0000|3.7264770000
14200000|3.7264770000|3.7347580600|3.7264770000|3.7347580600|78500|353719.0000|3.7347580600
14250000|3.7347580600|3.7347580600|3.7181959400|3.7264770000|133400|600077.0000|3.7264770000
14300000|3.7264770000|3.7347580600|3.7181959400|3.7264770000|182600|820951.0000|3.7264770000
14350000|3.7181959400|3.7264770000|3.7181959400|3.7181959400|163800|736084.0000|3.7181959400
14400000|3.7181959400|3.7264770000|3.7099148800|3.7099148800|176900|794844.0000|3.7099148800
14450000|3.7181959400|3.7181959400|3.7016338200|3.7099148800|198700|890581.0000|3.7099148800
14500000|3.7181959400|3.7181959400|3.7016338200|3.7016338200|236551|1060205.0000|3.7016338200
14550000|3.7016338200|3.7181959400|3.7016338200|3.7099148800|112700|505440.0000|3.7099148800
15000000|3.7099148800|3.7181959400|3.7099148800|3.7181959400|192500|863767.0000|3.7181959400
