093500|6.33|6.56|6.32|6.49|244648.0|157411497.0|6.09
094000|6.49|6.6|6.48|6.59|147156.0|96168123.0|6.49
094500|6.59|6.62|6.55|6.55|90721.0|59725198.0|6.59
095000|6.57|6.6|6.56|6.57|80389.0|52880655.0|6.55
095500|6.58|6.6|6.56|6.57|66399.0|43682106.0|6.57
100000|6.57|6.64|6.56|6.6|70971.0|46837242.0|6.57
100500|6.6|6.64|6.59|6.62|33890.0|22422697.0|6.6
101000|6.61|6.65|6.61|6.65|18171.0|12047316.0|6.62
101500|6.65|6.65|6.63|6.64|26661.0|17707830.0|6.65
102000|6.64|6.7|6.64|6.7|190481.0|127476509.0|6.64
102500|6.7|6.7|6.6|6.63|73001.0|48684284.0|6.7
103000|6.62|6.64|6.58|6.58|25526.0|16849667.0|6.63
103500|6.58|6.59|6.53|6.54|23321.0|15284620.0|6.58
104000|6.54|6.56|6.52|6.56|18917.0|12378484.0|6.54
104500|6.56|6.6|6.56|6.57|15541.0|10226600.0|6.56
105000|6.57|6.57|6.53|6.54|12656.0|8284087.0|6.57
105500|6.54|6.54|6.53|6.54|6151.0|4021158.0|6.54
110000|6.54|6.54|6.52|6.52|12438.0|8117818.0|6.54
110500|6.52|6.52|6.5|6.5|15141.0|9858271.0|6.52
111000|6.5|6.55|6.5|6.55|14123.0|9228065.0|6.5
111500|6.55|6.56|6.52|6.52|5733.0|3748355.0|6.55
112000|6.52|6.54|6.52|6.53|6689.0|4364608.0|6.52
112500|6.53|6.54|6.52|6.52|5269.0|3440112.0|6.53
113000|6.52|6.55|6.52|6.54|4253.0|2779817.0|6.52
130500|6.54|6.54|6.5|6.5|17832.0|11618582.0|6.54
131000|6.5|6.51|6.48|6.49|13868.0|9006644.0|6.5
131500|6.48|6.5|6.48|6.48|12513.0|8116697.0|6.49
132000|6.49|6.49|6.44|6.45|32157.0|20803067.0|6.48
132500|6.45|6.48|6.44|6.45|36982.0|23853035.0|6.45
133000|6.45|6.45|6.42|6.42|41852.0|26932312.0|6.45
133500|6.42|6.48|6.42|6.47|13669.0|8822617.0|6.42
134000|6.47|6.48|6.47|6.47|3873.0|2508412.0|6.47
134500|6.47|6.48|6.43|6.44|13828.0|8916441.0|6.47
135000|6.45|6.47|6.45|6.46|4789.0|3092394.0|6.44
135500|6.45|6.48|6.45|6.46|6582.0|4256563.0|6.46
140000|6.46|6.48|6.46|6.48|6162.0|3988394.0|6.46
140500|6.48|6.49|6.47|6.48|5125.0|3319839.0|6.48
141000|6.47|6.48|6.47|6.47|6227.0|4029004.0|6.48
141500|6.47|6.48|6.46|6.48|5556.0|3593264.0|6.47
142000|6.47|6.49|6.47|6.48|7751.0|5025290.0|6.48
142500|6.48|6.49|6.48|6.48|4167.0|2701525.0|6.48
143000|6.48|6.49|6.48|6.49|5337.0|3461076.0|6.48
143500|6.48|6.49|6.48|6.49|7256.0|4704690.0|6.49
144000|6.48|6.5|6.48|6.5|8972.0|5820429.0|6.49
144500|6.49|6.5|6.48|6.48|11838.0|7681787.0|6.5
145000|6.5|6.5|6.48|6.49|14385.0|9339219.0|6.48
145500|6.48|6.5|6.48|6.5|23268.0|15110782.0|6.49
150000|6.5|6.51|6.49|6.5|14354.0|9329248.0|6.5
