093500|10.51|10.75|10.46|10.56|67568.0|71809610.0|10.73
094000|10.56|10.61|10.39|10.42|50768.0|53181579.0|10.56
094500|10.43|10.48|10.34|10.44|49850.0|51877012.0|10.42
095000|10.45|10.46|10.3|10.35|30840.0|32005292.0|10.44
095500|10.34|10.46|10.34|10.37|17943.0|18668909.0|10.35
100000|10.38|10.45|10.38|10.42|15550.0|16196597.0|10.37
100500|10.43|10.43|10.35|10.37|12174.0|12636948.0|10.42
101000|10.37|10.37|10.32|10.32|14735.0|15228256.0|10.37
101500|10.32|10.33|10.25|10.25|20904.0|21528847.0|10.32
102000|10.25|10.3|10.23|10.27|12102.0|12426561.0|10.25
102500|10.25|10.35|10.25|10.31|12974.0|13372870.0|10.27
103000|10.33|10.35|10.27|10.28|7242.0|7461599.0|10.31
103500|10.28|10.29|10.22|10.26|12318.0|12635434.0|10.28
104000|10.26|10.32|10.24|10.27|7472.0|7679224.0|10.26
104500|10.29|10.31|10.27|10.27|4772.0|4910206.0|10.27
105000|10.27|10.3|10.24|10.27|7161.0|7344305.0|10.27
105500|10.26|10.3|10.19|10.27|14294.0|14634978.0|10.27
110000|10.27|10.27|10.17|10.25|6977.0|7133196.0|10.27
110500|10.25|10.31|10.25|10.28|8585.0|8828786.0|10.25
111000|10.28|10.3|10.25|10.3|16045.0|16486261.0|10.28
111500|10.3|10.31|10.21|10.21|7406.0|7603503.0|10.3
112000|10.22|10.29|10.2|10.28|6800.0|6954439.0|10.21
112500|10.29|10.29|10.24|10.26|5167.0|5300389.0|10.28
113000|10.25|10.27|10.22|10.24|3844.0|3934705.0|10.26
130500|10.23|10.26|10.18|10.26|8733.0|8926479.0|10.24
131000|10.27|10.27|10.2|10.23|4667.0|4768099.0|10.26
131500|10.24|10.44|10.23|10.42|17883.0|18504456.0|10.23
132000|10.42|10.43|10.3|10.3|11176.0|11604862.0|10.42
132500|10.29|10.32|10.27|10.32|4727.0|4866209.0|10.3
133000|10.32|10.59|10.32|10.45|32692.0|34256262.0|10.32
133500|10.45|10.59|10.42|10.59|20366.0|21376905.0|10.45
134000|10.59|10.64|10.55|10.6|22205.0|23536491.0|10.59
134500|10.62|10.72|10.5|10.58|27343.0|29067093.0|10.6
135000|10.59|10.62|10.53|10.55|10142.0|10723869.0|10.58
135500|10.54|10.54|10.49|10.5|8507.0|8939465.0|10.55
140000|10.5|10.5|10.45|10.48|4794.0|5023399.0|10.5
140500|10.48|10.51|10.43|10.51|4549.0|4761895.0|10.48
141000|10.51|10.51|10.46|10.46|4012.0|4204601.0|10.51
141500|10.46|10.49|10.43|10.48|3385.0|3540150.0|10.46
142000|10.48|10.58|10.47|10.57|7635.0|8046788.0|10.48
142500|10.58|10.62|10.54|10.58|11648.0|12337021.0|10.57
143000|10.58|10.58|10.5|10.55|7052.0|7436059.0|10.58
143500|10.55|10.66|10.47|10.49|12133.0|12812342.0|10.55
144000|10.5|10.53|10.47|10.48|6672.0|7008593.0|10.49
144500|10.49|10.51|10.41|10.44|10701.0|11188160.0|10.48
145000|10.44|10.55|10.42|10.54|14034.0|14727447.0|10.44
145500|10.55|10.55|10.45|10.48|16275.0|17080017.0|10.54
150000|10.47|10.48|10.4|10.4|20702.0|21590337.0|10.48
