09350000|8.0600000000|8.0700000000|8.0200000000|8.0500000000|1389100|11178512.0000|8.0500000000
09400000|8.0500000000|8.0900000000|8.0500000000|8.0900000000|1558700|12578708.0000|8.0900000000
09450000|8.0900000000|8.1000000000|8.0800000000|8.0900000000|1527900|12356964.0000|8.0900000000
09500000|8.0900000000|8.1100000000|8.0800000000|8.1000000000|1660800|13442060.0000|8.1000000000
09550000|8.0900000000|8.1000000000|8.0700000000|8.0800000000|853800|6900780.0000|8.0800000000
10000000|8.0700000000|8.0900000000|8.0500000000|8.0700000000|951600|7680024.0000|8.0700000000
10050000|8.0600000000|8.0900000000|8.0600000000|8.0900000000|613300|4952744.0000|8.0900000000
10100000|8.0800000000|8.1000000000|8.0800000000|8.0900000000|611700|4949088.0000|8.0900000000
10150000|8.1000000000|8.1000000000|8.0800000000|8.0800000000|393000|3178904.0000|8.0800000000
10200000|8.0800000000|8.0900000000|8.0700000000|8.0800000000|967900|7821040.0000|8.0800000000
10250000|8.0700000000|8.0800000000|8.0700000000|8.0800000000|340900|2752592.0000|8.0800000000
10300000|8.0800000000|8.0800000000|8.0600000000|8.0600000000|950500|7671496.0000|8.0600000000
10350000|8.0600000000|8.0700000000|8.0500000000|8.0600000000|348300|2807120.0000|8.0600000000
10400000|8.0500000000|8.0700000000|8.0500000000|8.0600000000|242100|1950656.0000|8.0600000000
10450000|8.0500000000|8.0600000000|8.0400000000|8.0400000000|513900|4133944.0000|8.0400000000
10500000|8.0400000000|8.0600000000|8.0300000000|8.0600000000|325700|2620512.0000|8.0600000000
10550000|8.0600000000|8.0600000000|8.0500000000|8.0600000000|264100|2126368.0000|8.0600000000
11000000|8.0500000000|8.0600000000|8.0400000000|8.0600000000|399000|3212984.0000|8.0600000000
11050000|8.0600000000|8.0600000000|8.0500000000|8.0600000000|116500|938160.0000|8.0600000000
11100000|8.0600000000|8.0600000000|8.0400000000|8.0500000000|346300|2787400.0000|8.0500000000
11150000|8.0500000000|8.0600000000|8.0500000000|8.0600000000|156100|1256864.0000|8.0600000000
11200000|8.0600000000|8.0600000000|8.0500000000|8.0600000000|140900|1134792.0000|8.0600000000
11250000|8.0500000000|8.0600000000|8.0400000000|8.0600000000|304500|2450856.0000|8.0600000000
11300000|8.0500000000|8.0600000000|8.0400000000|8.0500000000|289200|2328192.0000|8.0500000000
13050000|8.0500000000|8.0600000000|8.0400000000|8.0500000000|628200|5055232.0000|8.0500000000
13100000|8.0500000000|8.0500000000|8.0300000000|8.0300000000|664300|5342368.0000|8.0300000000
13150000|8.0300000000|8.0400000000|8.0200000000|8.0300000000|676500|5432568.0000|8.0300000000
13200000|8.0300000000|8.0400000000|8.0200000000|8.0200000000|228700|1836176.0000|8.0200000000
13250000|8.0300000000|8.0400000000|8.0200000000|8.0300000000|805300|6466192.0000|8.0300000000
13300000|8.0200000000|8.0300000000|8.0100000000|8.0100000000|1398500|11210496.0000|8.0100000000
13350000|8.0100000000|8.0200000000|7.9900000000|8.0100000000|1270200|10166336.0000|8.0100000000
13400000|8.0100000000|8.0100000000|7.9900000000|7.9900000000|655500|5243920.0000|7.9900000000
13450000|7.9900000000|8.0000000000|7.9900000000|7.9900000000|422500|3378192.0000|7.9900000000
13500000|7.9900000000|8.0000000000|7.9800000000|7.9800000000|694600|5546528.0000|7.9800000000
13550000|7.9900000000|8.0000000000|7.9700000000|7.9700000000|660200|5271392.0000|7.9700000000
14000000|7.9700000000|7.9800000000|7.9500000000|7.9500000000|1297300|10325664.0000|7.9500000000
14050000|7.9600000000|7.9800000000|7.9600000000|7.9700000000|621200|4951440.0000|7.9700000000
14100000|7.9700000000|7.9900000000|7.9700000000|7.9800000000|566000|4514960.0000|7.9800000000
14150000|7.9700000000|7.9800000000|7.9500000000|7.9500000000|1052300|8379376.0000|7.9500000000
14200000|7.9600000000|7.9600000000|7.9300000000|7.9400000000|1139400|9049872.0000|7.9400000000
14250000|7.9400000000|7.9400000000|7.9100000000|7.9300000000|1715000|13593568.0000|7.9300000000
14300000|7.9200000000|7.9300000000|7.9000000000|7.9100000000|1904400|15073872.0000|7.9100000000
14350000|7.9100000000|7.9500000000|7.8900000000|7.9500000000|1716900|13592352.0000|7.9500000000
14400000|7.9400000000|7.9600000000|7.9200000000|7.9200000000|710800|5643120.0000|7.9200000000
14450000|7.9200000000|7.9200000000|7.8900000000|7.9000000000|1161700|9176224.0000|7.9000000000
14500000|7.8900000000|7.9100000000|7.8800000000|7.9000000000|1911300|15079264.0000|7.9000000000
14550000|7.9000000000|7.9100000000|7.8900000000|7.8900000000|1378500|10883392.0000|7.8900000000
15000000|7.8900000000|7.8900000000|7.8800000000|7.8800000000|1048600|8266176.0000|7.8800000000
