093500|7.7|7.7|7.65|7.65|13368.0|10246370.0|7.7
094000|7.65|7.66|7.63|7.63|12841.0|9818326.0|7.65
094500|7.63|7.65|7.63|7.64|10660.0|8142330.0|7.63
095000|7.64|7.67|7.63|7.66|9064.0|6936356.0|7.64
095500|7.66|7.67|7.64|7.65|6888.0|5271889.0|7.66
100000|7.66|7.66|7.62|7.62|9715.0|7419360.0|7.65
100500|7.63|7.63|7.61|7.62|10101.0|7697021.0|7.62
101000|7.62|7.63|7.6|7.6|12467.0|9492380.0|7.62
101500|7.61|7.61|7.56|7.59|23265.0|17653728.0|7.6
102000|7.59|7.6|7.58|7.59|5948.0|4512895.0|7.59
102500|7.58|7.59|7.57|7.57|8344.0|6322763.0|7.59
103000|7.57|7.58|7.55|7.56|16154.0|12212085.0|7.57
103500|7.55|7.56|7.53|7.55|13849.0|10449323.0|7.56
104000|7.55|7.57|7.54|7.56|9935.0|7504473.0|7.55
104500|7.55|7.57|7.54|7.56|6982.0|5271312.0|7.56
105000|7.56|7.58|7.56|7.58|3081.0|2332258.0|7.56
105500|7.58|7.58|7.56|7.56|3785.0|2862274.0|7.58
110000|7.57|7.58|7.55|7.56|2671.0|2020049.0|7.56
110500|7.57|7.57|7.55|7.56|1850.0|1398479.0|7.56
111000|7.56|7.57|7.55|7.55|1914.0|1447120.0|7.56
111500|7.55|7.57|7.55|7.56|1990.0|1504539.0|7.55
112000|7.55|7.57|7.55|7.56|1517.0|1146813.0|7.56
112500|7.57|7.57|7.55|7.55|3521.0|2662739.0|7.56
113000|7.55|7.55|7.53|7.53|11308.0|8528790.0|7.55
130500|7.54|7.55|7.52|7.53|10898.0|8210345.0|7.53
131000|7.53|7.54|7.52|7.54|6165.0|4640508.0|7.53
131500|7.53|7.56|7.53|7.55|3097.0|2336614.0|7.54
132000|7.55|7.55|7.53|7.54|2026.0|1528020.0|7.55
132500|7.54|7.55|7.53|7.54|2042.0|1539933.0|7.54
133000|7.55|7.56|7.54|7.56|2296.0|1734359.0|7.54
133500|7.56|7.57|7.54|7.54|5596.0|4226148.0|7.56
134000|7.54|7.55|7.53|7.53|3502.0|2640228.0|7.54
134500|7.54|7.54|7.53|7.54|1665.0|1254506.0|7.53
135000|7.54|7.54|7.53|7.53|3129.0|2357863.0|7.54
135500|7.54|7.55|7.52|7.55|4910.0|3698328.0|7.53
140000|7.54|7.56|7.54|7.56|1930.0|1457042.0|7.55
140500|7.56|7.56|7.53|7.54|4738.0|3574446.0|7.56
141000|7.55|7.55|7.53|7.53|4955.0|3735894.0|7.54
141500|7.54|7.55|7.53|7.54|4668.0|3518787.0|7.53
142000|7.55|7.57|7.54|7.57|2590.0|1957309.0|7.54
142500|7.57|7.57|7.55|7.57|12094.0|9131706.0|7.57
143000|7.57|7.58|7.56|7.58|3585.0|2714060.0|7.57
143500|7.58|7.58|7.56|7.58|4386.0|3320914.0|7.58
144000|7.57|7.58|7.56|7.56|4120.0|3120080.0|7.58
144500|7.57|7.58|7.56|7.58|1874.0|1418826.0|7.56
145000|7.58|7.59|7.57|7.59|4456.0|3376118.0|7.58
145500|7.58|7.59|7.57|7.59|8304.0|6295315.0|7.59
150000|7.59|7.59|7.58|7.58|5866.0|4448496.0|7.59
