093500|7.6800|7.6900|7.6600|7.6800|1222475|9382197.0000|7.6800
094000|7.6800|7.7000|7.6700|7.6700|809100|6215696.0000|7.6700
094500|7.6800|7.6800|7.6500|7.6600|688300|5276694.0000|7.6600
095000|7.6500|7.6600|7.6400|7.6500|677300|5178442.0000|7.6500
095500|7.6400|7.6500|7.6300|7.6500|698750|5338277.0000|7.6500
100000|7.6500|7.6600|7.6400|7.6500|785400|6005746.0000|7.6500
100500|7.6500|7.6500|7.6300|7.6500|578050|4416269.0000|7.6500
101000|7.6500|7.6500|7.6300|7.6400|326200|2493334.0000|7.6400
101500|7.6500|7.6500|7.6300|7.6400|651600|4981189.0000|7.6400
102000|7.6500|7.6600|7.6400|7.6600|252600|1932412.0000|7.6600
102500|7.6600|7.6600|7.6400|7.6400|337400|2581975.0000|7.6400
103000|7.6400|7.6600|7.6400|7.6500|484210|3702360.0000|7.6500
103500|7.6500|7.6600|7.6400|7.6500|237270|1815771.0000|7.6500
104000|7.6500|7.6600|7.6400|7.6500|382400|2925703.0000|7.6500
104500|7.6500|7.6700|7.6500|7.6500|238900|1829271.0000|7.6500
105000|7.6500|7.6600|7.6400|7.6600|555500|4250795.0000|7.6600
105500|7.6600|7.6700|7.6500|7.6500|293890|2250623.0000|7.6500
110000|7.6500|7.6600|7.6400|7.6400|260190|1990179.0000|7.6400
110500|7.6400|7.6500|7.6400|7.6400|186200|1423445.0000|7.6400
111000|7.6400|7.6500|7.6300|7.6300|520730|3977446.0000|7.6300
111500|7.6400|7.6500|7.6300|7.6500|181710|1388264.0000|7.6500
112000|7.6500|7.6500|7.6400|7.6500|281600|2153707.0000|7.6500
112500|7.6500|7.6600|7.6400|7.6500|127500|975579.0000|7.6500
113000|7.6500|7.6600|7.6400|7.6500|127300|973838.0000|7.6500
130500|7.6500|7.6600|7.6400|7.6400|194720|1489381.0000|7.6400
131000|7.6400|7.6600|7.6400|7.6400|465790|3561183.0000|7.6400
131500|7.6400|7.6500|7.6300|7.6300|474200|3620805.0000|7.6300
132000|7.6300|7.6400|7.6300|7.6400|180280|1376579.0000|7.6400
132500|7.6400|7.6400|7.6300|7.6400|211100|1611775.0000|7.6400
133000|7.6300|7.6400|7.6300|7.6400|305800|2334036.0000|7.6400
133500|7.6300|7.6400|7.6200|7.6200|486650|3711778.0000|7.6200
134000|7.6300|7.6300|7.6200|7.6200|256930|1958702.0000|7.6200
134500|7.6200|7.6300|7.6100|7.6200|524320|3995797.0000|7.6200
135000|7.6100|7.6300|7.6100|7.6200|291600|2222154.0000|7.6200
135500|7.6200|7.6300|7.6200|7.6200|152030|1159145.0000|7.6200
140000|7.6200|7.6300|7.6100|7.6200|401770|3061085.0000|7.6200
140500|7.6200|7.6300|7.6100|7.6100|801230|6106019.0000|7.6100
141000|7.6100|7.6200|7.6100|7.6100|304800|2321493.0000|7.6100
141500|7.6100|7.6300|7.6100|7.6300|196930|1500760.0000|7.6300
142000|7.6200|7.6300|7.6200|7.6300|202525|1544120.0000|7.6300
142500|7.6300|7.6300|7.6100|7.6100|565475|4307199.0000|7.6100
143000|7.6200|7.6200|7.6100|7.6100|824360|6274818.0000|7.6100
143500|7.6100|7.6200|7.6000|7.6000|705400|5367358.0000|7.6000
144000|7.6000|7.6100|7.6000|7.6000|559415|4252175.0000|7.6000
144500|7.6000|7.6100|7.5800|7.6000|1161295|8820429.0000|7.6000
145000|7.6000|7.6100|7.5900|7.6000|418566|3182127.0000|7.6000
145500|7.6100|7.6200|7.6000|7.6000|818700|6226242.0000|7.6000
150000|7.6000|7.6100|7.6000|7.6000|485630|3691335.0000|7.6000
