093500|7.8500|7.8500|7.5500|7.5800|9309900|71062192.0000|7.5800
094000|7.5800|7.6200|7.5800|7.6100|4497800|34160464.0000|7.6100
094500|7.6000|7.6300|7.5800|7.6200|3847900|29260000.0000|7.6200
095000|7.6200|7.6700|7.6100|7.6500|3058100|23373024.0000|7.6500
095500|7.6400|7.6400|7.6100|7.6200|2820900|21512656.0000|7.6200
100000|7.6200|7.6300|7.5900|7.6100|2759500|20996336.0000|7.6100
100500|7.6100|7.6600|7.6000|7.6400|2511100|19166928.0000|7.6400
101000|7.6500|7.6600|7.6300|7.6400|2090600|15987648.0000|7.6400
101500|7.6400|7.6400|7.5900|7.6000|3401500|25899296.0000|7.6000
102000|7.6000|7.6100|7.5800|7.6000|2000000|15188368.0000|7.6000
102500|7.6000|7.6400|7.5900|7.6300|1674900|12746176.0000|7.6300
103000|7.6300|7.6400|7.5900|7.6200|2162500|16458176.0000|7.6200
103500|7.6300|7.6400|7.6000|7.6100|1503300|11459136.0000|7.6100
104000|7.6100|7.6200|7.5700|7.5900|2827600|21451456.0000|7.5900
104500|7.5900|7.6000|7.5800|7.5900|1052200|7982336.0000|7.5900
105000|7.5800|7.5900|7.5700|7.5800|929200|7042752.0000|7.5800
105500|7.5800|7.5900|7.5600|7.5600|1608000|12173760.0000|7.5600
110000|7.5600|7.5600|7.5300|7.5500|2161800|16315840.0000|7.5500
110500|7.5400|7.5500|7.5300|7.5400|1197200|9029024.0000|7.5400
111000|7.5400|7.5400|7.5200|7.5300|1408700|10605440.0000|7.5300
111500|7.5400|7.5500|7.5200|7.5400|1007100|7587456.0000|7.5400
112000|7.5300|7.5400|7.5200|7.5300|1590600|11970784.0000|7.5300
112500|7.5300|7.5500|7.5300|7.5500|578200|4359936.0000|7.5500
113000|7.5500|7.5500|7.5300|7.5400|576100|4345248.0000|7.5400
130500|7.5600|7.5600|7.5200|7.5200|1190600|8968896.0000|7.5200
131000|7.5100|7.5200|7.4900|7.5000|2478500|18604928.0000|7.5000
131500|7.4900|7.5100|7.4900|7.5100|1237200|9279296.0000|7.5100
132000|7.5200|7.5200|7.5000|7.5000|901300|6769696.0000|7.5000
132500|7.5100|7.5100|7.4900|7.5000|1031000|7729664.0000|7.5000
133000|7.4900|7.5100|7.4800|7.5000|1869200|14001568.0000|7.5000
133500|7.4900|7.5200|7.4900|7.5200|648000|4862336.0000|7.5200
134000|7.5200|7.5200|7.5000|7.5100|752800|5653440.0000|7.5100
134500|7.5100|7.5300|7.5000|7.5200|702000|5275616.0000|7.5200
135000|7.5200|7.5200|7.5100|7.5100|681300|5121536.0000|7.5100
135500|7.5100|7.5200|7.5000|7.5100|949200|7128288.0000|7.5100
140000|7.5000|7.5100|7.5000|7.5100|849900|6378816.0000|7.5100
140500|7.5100|7.5200|7.4900|7.5200|990800|7434400.0000|7.5200
141000|7.5200|7.5400|7.5100|7.5200|860400|6478912.0000|7.5200
141500|7.5200|7.5300|7.5100|7.5300|928900|6988224.0000|7.5300
142000|7.5200|7.5300|7.5000|7.5100|759600|5705152.0000|7.5100
142500|7.5100|7.5200|7.5000|7.5100|818400|6144455.0000|7.5100
143000|7.5000|7.5100|7.4900|7.5100|1050600|7883643.0000|7.5100
143500|7.5100|7.5400|7.5100|7.5400|1452300|10932094.0000|7.5400
144000|7.5500|7.5600|7.5400|7.5500|1427300|10776572.0000|7.5500
144500|7.5400|7.5700|7.5400|7.5700|960600|7259458.0000|7.5700
145000|7.5600|7.5800|7.5600|7.5800|1662900|12580806.0000|7.5800
145500|7.5800|7.6200|7.5700|7.6100|2290800|17397940.0000|7.6100
150000|7.6100|7.6200|7.6000|7.6100|1900800|14466634.0000|7.6100
