093500|8.2800|8.4000|8.2800|8.3800|9981600|83278760.0000|8.3800
094000|8.3800|8.3900|8.2700|8.2700|6356700|52905312.0000|8.2700
094500|8.2700|8.3600|8.2700|8.3300|3978900|33117120.0000|8.3300
095000|8.3300|8.3500|8.2800|8.3300|2169000|18046592.0000|8.3300
095500|8.3300|8.3500|8.2900|8.3000|2937400|24426336.0000|8.3000
100000|8.3000|8.3100|8.2600|8.2700|3246600|26898336.0000|8.2700
100500|8.2700|8.2700|8.2100|8.2700|3791000|31224640.0000|8.2700
101000|8.2700|8.2700|8.1800|8.1900|3286900|26998528.0000|8.1900
101500|8.1900|8.2100|8.1400|8.1800|5093100|41649120.0000|8.1800
102000|8.1800|8.2200|8.1800|8.1900|5321900|43678592.0000|8.1900
102500|8.2000|8.2200|8.1800|8.2200|2521700|20688160.0000|8.2200
103000|8.2200|8.2600|8.2100|8.2100|2893500|23819584.0000|8.2100
103500|8.2200|8.2400|8.2100|8.2300|1182300|9723808.0000|8.2300
104000|8.2300|8.2300|8.1800|8.1900|1523900|12496128.0000|8.1900
104500|8.1900|8.2000|8.1600|8.1800|2165400|17707072.0000|8.1800
105000|8.1800|8.2100|8.1700|8.1800|1613400|13216416.0000|8.1800
105500|8.1800|8.2100|8.1800|8.1900|1766600|14466176.0000|8.1900
110000|8.2000|8.2500|8.1900|8.2500|1201000|9874848.0000|8.2500
110500|8.2500|8.2600|8.2300|8.2600|1443600|11908384.0000|8.2600
111000|8.2600|8.2600|8.2100|8.2200|757100|6240096.0000|8.2200
111500|8.2100|8.2200|8.2000|8.2100|588900|4835456.0000|8.2100
112000|8.2200|8.2200|8.1800|8.2100|1066400|8747104.0000|8.2100
112500|8.2000|8.2300|8.2000|8.2000|703600|5781600.0000|8.2000
113000|8.2000|8.2000|8.1600|8.1900|1509200|12330946.0000|8.1900
130500|8.1900|8.2300|8.1700|8.1800|2394700|19620158.0000|8.1800
131000|8.1800|8.2000|8.1800|8.1800|854000|6996600.0000|8.1800
131500|8.1800|8.2100|8.1700|8.2000|1508500|12358400.0000|8.2000
132000|8.2000|8.2500|8.1800|8.2300|2895600|23813070.0000|8.2300
132500|8.2300|8.3700|8.2300|8.3500|6791600|56501300.0000|8.3500
133000|8.3500|8.3500|8.2900|8.2900|2753400|22908290.0000|8.2900
133500|8.2800|8.3300|8.2500|8.2700|2723600|22567681.0000|8.2700
134000|8.2700|8.2900|8.2400|8.2900|1495000|12352381.0000|8.2900
134500|8.2800|8.3100|8.2500|8.2600|2859900|23703172.0000|8.2600
135000|8.2700|8.2800|8.2000|8.2100|1929800|15912123.0000|8.2100
135500|8.2000|8.2200|8.1800|8.2100|2843700|23323011.0000|8.2100
140000|8.2200|8.2200|8.1700|8.1800|1709400|13999036.0000|8.1800
140500|8.1800|8.2000|8.1600|8.1600|1506100|12309516.0000|8.1600
141000|8.1600|8.1700|8.1400|8.1500|1855100|15121276.0000|8.1500
141500|8.1500|8.1600|8.1100|8.1100|2323600|18903552.0000|8.1100
142000|8.1200|8.1300|8.0900|8.1100|3357100|27204096.0000|8.1100
142500|8.1100|8.1600|8.1100|8.1300|1941600|15804352.0000|8.1300
143000|8.1300|8.1500|8.1100|8.1100|1705900|13864448.0000|8.1100
143500|8.1100|8.1400|8.0600|8.0600|2051400|16597632.0000|8.0600
144000|8.0600|8.0800|8.0500|8.0500|2428100|19576960.0000|8.0500
144500|8.0500|8.0700|8.0400|8.0700|2923700|23536512.0000|8.0700
145000|8.0700|8.1400|8.0700|8.1300|1971300|16002304.0000|8.1300
145500|8.1400|8.1500|8.1100|8.1300|2019400|16414592.0000|8.1300
150000|8.1200|8.1300|8.1100|8.1300|1919600|15597568.0000|8.1300
