09350000|43.1972408400|43.5848829000|43.1376036000|43.4357898000|865006|37721326.0000|43.4357898000
09400000|43.3761525600|43.4159107200|43.1376036000|43.1376036000|668194|29108070.0000|43.1376036000
09450000|43.1077849800|43.2369990000|42.9388128000|42.9984500400|818900|35493495.0000|42.9984500400
09500000|42.9984500400|43.0282686600|42.7499615400|42.7897197000|1052400|45420221.0000|42.7897197000
09550000|42.7599010800|43.0083895800|42.7400220000|42.9785709600|675200|29100604.0000|42.9785709600
10000000|42.9984500400|43.1276640600|42.9984500400|43.1276640600|412457|17857288.0000|43.1276640600
10050000|43.1077849800|43.1276640600|42.9388128000|42.9785709600|477000|20641015.0000|42.9785709600
10100000|42.9487523400|43.0879059000|42.9189337200|42.9288732600|440705|19057742.0000|42.9288732600
10150000|42.9288732600|43.0382082000|42.8493569400|42.8493569400|314100|13565528.0000|42.8493569400
10200000|42.9089941800|42.9388128000|42.8493569400|42.9089941800|369200|15937893.0000|42.9089941800
10250000|42.9089941800|42.9189337200|42.7400220000|42.9189337200|913805|39341202.0000|42.9189337200
10300000|42.8990546400|42.9189337200|42.7698406200|42.8791755600|360077|15521200.0000|42.8791755600
10350000|42.8990546400|42.8990546400|42.7599010800|42.7698406200|261926|11277376.0000|42.7698406200
10400000|42.7797801600|42.9189337200|42.7797801600|42.8990546400|255450|11010368.0000|42.8990546400
10450000|42.9089941800|43.0083895800|42.8990546400|42.9388128000|208700|9018224.0000|42.9388128000
10500000|42.9586918800|43.0282686600|42.9388128000|42.9885105000|231007|9989504.0000|42.9885105000
10550000|42.9686314200|43.1276640600|42.9686314200|43.0879059000|197713|8563856.0000|43.0879059000
11000000|43.0879059000|43.0978454400|42.9586918800|42.9785709600|169187|7321408.0000|42.9785709600
11050000|42.9785709600|42.9785709600|42.8592964800|42.8592964800|163200|7045888.0000|42.8592964800
11100000|42.8891151000|42.8891151000|42.7698406200|42.8493569400|293500|12643744.0000|42.8493569400
11150000|42.8791755600|42.8791755600|42.8394174000|42.8791755600|80550|3473024.0000|42.8791755600
11200000|42.8791755600|42.9189337200|42.8394174000|42.9189337200|159000|6855456.0000|42.9189337200
11250000|42.9189337200|42.9885105000|42.8990546400|42.9885105000|137194|5927056.0000|42.9885105000
11300000|42.9885105000|43.0382082000|42.9089941800|42.9586918800|321471|13903536.0000|42.9586918800
13050000|42.9984500400|42.9984500400|42.8195383200|42.9288732600|358150|15456544.0000|42.9288732600
13100000|42.9288732600|42.9487523400|42.8592964800|42.8891151000|144300|6229456.0000|42.8891151000
13150000|42.8891151000|42.9189337200|42.8692360200|42.8891151000|107750|4649744.0000|42.8891151000
13200000|42.8990546400|42.9089941800|42.8692360200|42.8990546400|173600|7490336.0000|42.8990546400
13250000|42.8990546400|42.9388128000|42.8791755600|42.9089941800|203900|8802000.0000|42.9089941800
13300000|42.9089941800|42.9388128000|42.8891151000|42.9388128000|205306|8864640.0000|42.9388128000
13350000|42.9288732600|42.9785709600|42.9089941800|42.9586918800|244050|10542208.0000|42.9586918800
13400000|42.9586918800|42.9785709600|42.8990546400|42.9288732600|371950|16072224.0000|42.9288732600
13450000|42.9288732600|42.9388128000|42.8493569400|42.8493569400|253344|10931904.0000|42.8493569400
13500000|42.8493569400|42.9189337200|42.8394174000|42.8990546400|128200|5529808.0000|42.8990546400
13550000|42.8891151000|42.8990546400|42.8493569400|42.8891151000|157100|6776992.0000|42.8891151000
14000000|42.8891151000|43.0183291200|42.8791755600|43.0183291200|286000|12359152.0000|43.0183291200
14050000|43.0083895800|43.0978454400|42.9686314200|42.9686314200|368800|15971952.0000|42.9686314200
14100000|42.9686314200|42.9885105000|42.8891151000|42.8990546400|288700|12466656.0000|42.8990546400
14150000|42.8990546400|42.9288732600|42.8294778600|42.8692360200|265500|11447744.0000|42.8692360200
14200000|42.8592964800|42.9189337200|42.7897197000|42.7897197000|276500|11916688.0000|42.7897197000
14250000|42.7996592400|42.8891151000|42.7897197000|42.8294778600|163600|7050576.0000|42.8294778600
14300000|42.8394174000|42.8592964800|42.8195383200|42.8493569400|169050|7286464.0000|42.8493569400
14350000|42.8493569400|42.8891151000|42.8294778600|42.8592964800|263000|11339360.0000|42.8592964800
14400000|42.8592964800|42.8692360200|42.8095987800|42.8394174000|270750|11668704.0000|42.8394174000
14450000|42.8394174000|42.8394174000|42.8095987800|42.8195383200|268300|11559968.0000|42.8195383200
14500000|42.8294778600|42.8294778600|42.7996592400|42.8095987800|302400|13025888.0000|42.8095987800
14550000|42.7996592400|42.7996592400|42.7499615400|42.7698406200|569069|24486752.0000|42.7698406200
15000000|42.7698406200|42.7797801600|42.7599010800|42.7797801600|481112|20704256.0000|42.7797801600
