09350000|94.2661553600|95.1725607000|94.2179423100|95.0568493800|59600|5852347.0000|95.0568493800
09400000|95.0568493800|95.4811242200|94.9893511100|95.2014885300|39300|3881536.0000|95.2014885300
09450000|95.3461276800|95.8282581800|95.2400589700|95.7704025200|82300|8160519.0000|95.7704025200
09500000|95.7511173000|95.7511173000|95.2014885300|95.3557702900|38200|3781302.0000|95.3557702900
09550000|95.4618390000|95.5004094400|95.2593441900|95.2593441900|30500|3018720.0000|95.2593441900
10000000|95.2593441900|95.3846981200|95.2207737500|95.2304163600|50400|4980784.0000|95.2304163600
10050000|95.2304163600|95.4329111700|95.1243476500|95.4232685600|58900|5819852.0000|95.4232685600
10100000|95.4232685600|95.5004094400|95.2882720200|95.2882720200|34700|3434100.0000|95.2882720200
10150000|95.3268424600|95.4039833400|95.2304163600|95.2882720200|27600|2725228.0000|95.2882720200
10200000|95.3075572400|95.3943407300|95.2882720200|95.3654129000|15800|1562264.0000|95.3654129000
10250000|95.3654129000|95.3750555100|95.1629180900|95.2207737500|22900|2261980.0000|95.2207737500
10300000|95.2207737500|95.2400589700|94.6807875900|94.6807875900|59800|5892896.0000|94.6807875900
10350000|94.6904302000|94.6904302000|94.4686501700|94.4686501700|34900|3422712.0000|94.4686501700
10400000|94.4782927800|94.4782927800|94.4107945100|94.4493649500|16900|1657080.0000|94.4493649500
10450000|94.4011519000|94.4011519000|94.2082997000|94.2661553600|35000|3420568.0000|94.2661553600
10500000|94.2661553600|94.3143684100|94.2372275300|94.3143684100|12500|1220328.0000|94.3143684100
10550000|94.3432962400|94.4011519000|94.3047258000|94.3240110200|35300|3458968.0000|94.3240110200
11000000|94.3143684100|94.3240110200|94.2757979700|94.3047258000|18800|1838524.0000|94.3047258000
11050000|94.3047258000|94.3143684100|94.2661553600|94.2854405800|18800|1836336.0000|94.2854405800
11100000|94.2854405800|94.2854405800|94.2275849200|94.2372275300|13100|1284344.0000|94.2372275300
11150000|94.2468701400|94.2468701400|94.0154475000|94.0154475000|32900|3213400.0000|94.0154475000
11200000|93.9865196700|93.9865196700|93.7165265900|93.8225953000|21400|2082024.0000|93.8225953000
11250000|93.8322379100|93.9190214000|93.7647396400|93.7647396400|13200|1282296.0000|93.7647396400
11300000|93.7647396400|94.3529388500|93.7647396400|94.1311588200|39900|3886784.0000|94.1311588200
13050000|94.1311588200|94.2082997000|94.0733031600|94.1986570900|21500|2099120.0000|94.1986570900
13100000|94.1986570900|94.2950831900|94.1311588200|94.2950831900|8500|830216.0000|94.2950831900
13150000|94.2950831900|94.3336536300|94.1697292600|94.2468701400|12500|1222288.0000|94.2468701400
13200000|94.2468701400|94.3143684100|94.1890144800|94.2950831900|11300|1104464.0000|94.2950831900
13250000|94.2854405800|94.2854405800|94.2275849200|94.2372275300|11400|1114264.0000|94.2372275300
13300000|94.2372275300|94.2372275300|94.1118736000|94.1118736000|14500|1416064.0000|94.1118736000
13350000|94.1118736000|94.1215162100|93.9575918400|94.0154475000|23100|2253120.0000|94.0154475000
13400000|94.0154475000|94.0347327200|93.9479492300|94.0058048900|20300|1978960.0000|94.0058048900
13450000|94.0058048900|94.0058048900|93.9190214000|93.9672344500|15700|1530136.0000|93.9672344500
13500000|93.9672344500|93.9672344500|93.8129526900|93.8225953000|61500|5986208.0000|93.8225953000
13550000|93.9286640100|94.1504440400|93.8418805200|94.1504440400|15900|1549568.0000|94.1504440400
14000000|94.1504440400|94.1504440400|93.7454544200|94.0154475000|37300|3636120.0000|94.0154475000
14050000|93.7840248600|93.9961622800|93.7840248600|93.8900935700|19500|1899096.0000|93.8900935700
14100000|93.8900935700|94.1504440400|93.8900935700|94.1215162100|30800|3002496.0000|94.1215162100
14150000|94.0829457700|94.2082997000|93.9768770600|93.9768770600|20000|1951848.0000|93.9768770600
14200000|93.9865196700|94.1118736000|93.8225953000|93.8708083500|49700|4839416.0000|93.8708083500
14250000|93.8708083500|94.0443753300|93.8322379100|94.0443753300|12300|1201624.0000|94.0443753300
14300000|94.0250901100|94.1311588200|94.0250901100|94.1311588200|18000|1756272.0000|94.1311588200
14350000|94.1311588200|94.2757979700|94.1311588200|94.2468701400|18100|1768448.0000|94.2468701400
14400000|94.2372275300|94.3047258000|94.1697292600|94.2565127500|47300|4623456.0000|94.2565127500
14450000|94.2565127500|94.2661553600|94.1890144800|94.2179423100|16200|1583288.0000|94.2179423100
14500000|94.2179423100|94.2179423100|94.1118736000|94.2179423100|30700|2998736.0000|94.2179423100
14550000|94.1118736000|94.2179423100|94.1118736000|94.2179423100|34000|3319384.0000|94.2179423100
15000000|94.2179423100|94.2950831900|94.1408014300|94.2950831900|21600|2109992.0000|94.2950831900
