093500|81.13|81.37|81.01|81.25|1456.0|12117650.0|81.13
094000|81.26|81.44|80.99|81.08|1051.0|8753229.0|81.25
094500|81.11|81.15|80.71|80.87|1166.0|9663987.0|81.08
095000|80.88|80.91|80.62|80.75|1424.0|11779507.0|80.87
095500|80.83|80.92|80.73|80.73|1002.0|8296798.0|80.75
100000|80.72|81.04|80.71|80.96|521.0|4316670.0|80.73
100500|80.96|81.15|80.84|81.15|377.0|3127956.0|80.96
101000|81.13|81.14|80.94|81.12|439.0|3647822.0|81.15
101500|81.13|81.13|80.93|80.93|477.0|3960339.0|81.12
102000|80.94|81.04|80.79|81.03|497.0|4120435.0|80.93
102500|81.04|81.13|80.92|81.13|395.0|3277864.0|81.03
103000|81.13|81.28|81.02|81.15|581.0|4834849.0|81.13
103500|81.08|81.15|81.08|81.13|82.0|681602.0|81.15
104000|81.09|81.13|81.06|81.12|150.0|1246834.0|81.13
104500|81.12|81.18|81.12|81.15|269.0|2237144.0|81.12
105000|81.16|81.18|81.13|81.17|233.0|1938056.0|81.15
105500|81.18|81.23|81.15|81.2|780.0|6490438.0|81.17
110000|81.2|81.23|81.15|81.2|317.0|2638193.0|81.2
110500|81.13|81.17|81.02|81.13|157.0|1304619.0|81.2
111000|81.13|81.13|80.99|81.04|255.0|2117296.0|81.13
111500|81.03|81.13|81.01|81.11|140.0|1163091.0|81.04
112000|81.06|81.13|80.99|81.11|221.0|1834877.0|81.11
112500|81.13|81.14|81.02|81.02|142.0|1179870.0|81.11
113000|81.02|81.14|81.02|81.13|62.0|515568.0|81.02
130500|81.14|81.14|81.05|81.12|224.0|1861934.0|81.13
131000|81.12|81.12|81.03|81.03|157.0|1304735.0|81.12
131500|81.02|81.04|80.96|80.98|269.0|2232838.0|81.03
132000|80.99|81.0|80.95|80.95|215.0|1783942.0|80.98
132500|80.94|80.98|80.89|80.89|381.0|3159872.0|80.95
133000|80.9|80.99|80.89|80.99|363.0|3010349.0|80.89
133500|80.95|81.02|80.92|80.98|98.0|813380.0|80.99
134000|80.98|80.98|80.92|80.96|160.0|1327445.0|80.98
134500|80.96|81.13|80.96|81.13|254.0|2109857.0|80.96
135000|81.13|81.18|81.13|81.17|218.0|1813099.0|81.13
135500|81.16|81.17|81.12|81.12|52.0|432448.0|81.17
140000|81.12|81.13|81.04|81.11|50.0|413711.0|81.12
140500|81.1|81.15|81.09|81.09|174.0|1448118.0|81.11
141000|81.09|81.13|81.09|81.1|156.0|1294937.0|81.09
141500|81.1|81.13|81.07|81.11|163.0|1358163.0|81.1
142000|81.1|81.13|81.07|81.11|134.0|1113642.0|81.11
142500|81.11|81.13|81.02|81.02|308.0|2559870.0|81.11
143000|81.13|81.16|81.09|81.13|186.0|1546692.0|81.02
143500|81.13|81.14|81.03|81.04|118.0|980657.0|81.13
144000|81.04|81.05|80.94|80.94|293.0|2432421.0|81.04
144500|80.95|80.99|80.93|80.96|264.0|2184514.0|80.94
145000|80.95|81.08|80.95|81.07|235.0|1950889.0|80.96
145500|81.06|81.07|81.04|81.07|354.0|2940483.0|81.07
150000|81.06|81.08|81.06|81.08|365.0|3032622.0|81.07
