09350000|7.2211563200|7.2736102400|7.2211563200|7.2561256000|1589900|13177174.0000|7.2561256000
09400000|7.2561256000|7.3085795200|7.2561256000|7.3085795200|1511300|12582198.0000|7.3085795200
09450000|7.2998372000|7.3085795200|7.2823525600|7.2998372000|922500|7698892.0000|7.2998372000
09500000|7.2998372000|7.3085795200|7.2910948800|7.2998372000|585400|4887124.0000|7.2998372000
09550000|7.2910948800|7.2998372000|7.2910948800|7.2998372000|430900|3594900.0000|7.2998372000
10000000|7.2998372000|7.3173218400|7.2910948800|7.2998372000|1540200|12873404.0000|7.2998372000
10050000|7.2998372000|7.3260641600|7.2998372000|7.3085795200|1276200|10675464.0000|7.3085795200
10100000|7.3085795200|7.3435488000|7.2998372000|7.3348064800|2082000|17456984.0000|7.3348064800
10150000|7.3260641600|7.3348064800|7.3173218400|7.3173218400|528200|4424896.0000|7.3173218400
10200000|7.3173218400|7.3348064800|7.3085795200|7.3348064800|649400|5442672.0000|7.3348064800
10250000|7.3348064800|7.3435488000|7.3173218400|7.3260641600|874100|7331536.0000|7.3260641600
10300000|7.3260641600|7.3348064800|7.3173218400|7.3348064800|491900|4123312.0000|7.3348064800
10350000|7.3348064800|7.3348064800|7.3085795200|7.3173218400|495300|4148976.0000|7.3173218400
10400000|7.3085795200|7.3435488000|7.3085795200|7.3348064800|1599900|13414544.0000|7.3348064800
10450000|7.3348064800|7.3522911200|7.3260641600|7.3522911200|1893800|15905944.0000|7.3522911200
10500000|7.3435488000|7.3522911200|7.3348064800|7.3435488000|1250500|10511280.0000|7.3435488000
10550000|7.3522911200|7.3610334400|7.3435488000|7.3435488000|738700|6212864.0000|7.3435488000
11000000|7.3435488000|7.3610334400|7.3435488000|7.3522911200|589000|4953184.0000|7.3522911200
11050000|7.3522911200|7.3610334400|7.3435488000|7.3522911200|639500|5382672.0000|7.3522911200
11100000|7.3610334400|7.3610334400|7.3435488000|7.3522911200|847300|7129120.0000|7.3522911200
11150000|7.3522911200|7.3522911200|7.3348064800|7.3435488000|841300|7068320.0000|7.3435488000
11200000|7.3435488000|7.3522911200|7.3348064800|7.3435488000|660800|5551840.0000|7.3435488000
11250000|7.3435488000|7.3522911200|7.3348064800|7.3348064800|694800|5838112.0000|7.3348064800
11300000|7.3348064800|7.3435488000|7.3260641600|7.3348064800|565200|4742928.0000|7.3348064800
13050000|7.3348064800|7.3348064800|7.2910948800|7.3173218400|1345000|11253024.0000|7.3173218400
13100000|7.3173218400|7.3173218400|7.2823525600|7.2910948800|791000|6603008.0000|7.2910948800
13150000|7.2998372000|7.3085795200|7.2910948800|7.3085795200|653000|5454544.0000|7.3085795200
13200000|7.3085795200|7.3348064800|7.2998372000|7.3173218400|883100|7390400.0000|7.3173218400
13250000|7.3173218400|7.3260641600|7.3085795200|7.3173218400|548400|4589936.0000|7.3173218400
13300000|7.3173218400|7.3435488000|7.3085795200|7.3260641600|824300|6907584.0000|7.3260641600
13350000|7.3260641600|7.3435488000|7.3085795200|7.3085795200|1113800|9332688.0000|7.3085795200
13400000|7.3173218400|7.3348064800|7.2910948800|7.3260641600|1024800|8569264.0000|7.3260641600
13450000|7.3085795200|7.3173218400|7.2823525600|7.2998372000|999200|8344576.0000|7.2998372000
13500000|7.2998372000|7.3173218400|7.2910948800|7.3173218400|808000|6751936.0000|7.3173218400
13550000|7.3173218400|7.3260641600|7.2998372000|7.3173218400|740500|6196704.0000|7.3173218400
14000000|7.3085795200|7.3260641600|7.2910948800|7.2910948800|546200|4564960.0000|7.2910948800
14050000|7.2910948800|7.2998372000|7.2648679200|7.2648679200|1193800|9942144.0000|7.2648679200
14100000|7.2648679200|7.2998372000|7.2648679200|7.2736102400|998200|8309216.0000|7.2736102400
14150000|7.2648679200|7.2910948800|7.2561256000|7.2823525600|866100|7202496.0000|7.2823525600
14200000|7.2823525600|7.2823525600|7.2473832800|7.2561256000|955700|7947872.0000|7.2561256000
14250000|7.2561256000|7.2648679200|7.2036716800|7.2473832800|1771800|14656864.0000|7.2473832800
14300000|7.2473832800|7.3173218400|7.2473832800|7.3173218400|1617500|13484768.0000|7.3173218400
14350000|7.3085795200|7.3348064800|7.2910948800|7.3348064800|1260900|10557344.0000|7.3348064800
14400000|7.3348064800|7.3522911200|7.3260641600|7.3522911200|1850000|15538080.0000|7.3522911200
14450000|7.3435488000|7.3610334400|7.3260641600|7.3522911200|1310400|11014720.0000|7.3522911200
14500000|7.3435488000|7.3522911200|7.3348064800|7.3435488000|1114900|9368608.0000|7.3435488000
14550000|7.3435488000|7.3522911200|7.3260641600|7.3435488000|1515400|12732640.0000|7.3435488000
15000000|7.3522911200|7.3522911200|7.3348064800|7.3435488000|911100|7653664.0000|7.3435488000
