09350000|9.1961979500|9.1961979500|9.0668042100|9.1315010800|3483300|34377796.0000|9.1315010800
09400000|9.1315010800|9.1961979500|9.1315010800|9.1961979500|1802600|17870688.0000|9.1961979500
09450000|9.2054403600|9.2516524100|9.1961979500|9.2424100000|2209100|22032004.0000|9.2424100000
09500000|9.2424100000|9.2701372300|9.2239251800|9.2608948200|1073000|10732264.0000|9.2608948200
09550000|9.2701372300|9.3255916900|9.2608948200|9.3255916900|1568100|15771976.0000|9.3255916900
10000000|9.3163492800|9.3255916900|9.2886220500|9.3255916900|880600|8870056.0000|9.3255916900
10050000|9.3163492800|9.3255916900|9.2608948200|9.2701372300|1343600|13514280.0000|9.2701372300
10100000|9.2701372300|9.2978644600|9.2701372300|9.2793796400|626800|6293792.0000|9.2793796400
10150000|9.2701372300|9.3255916900|9.2701372300|9.2978644600|668200|6728272.0000|9.2978644600
10200000|9.2978644600|9.3348341000|9.2886220500|9.3255916900|638900|6442080.0000|9.3255916900
10250000|9.3255916900|9.3348341000|9.3071068700|9.3071068700|546800|5517008.0000|9.3071068700
10300000|9.3071068700|9.3348341000|9.2978644600|9.3255916900|361400|3645008.0000|9.3255916900
10350000|9.3255916900|9.3348341000|9.2978644600|9.3071068700|388000|3911776.0000|9.3071068700
10400000|9.3071068700|9.3255916900|9.3071068700|9.3163492800|238000|2399072.0000|9.3163492800
10450000|9.3163492800|9.3255916900|9.2608948200|9.2608948200|664500|6681776.0000|9.2608948200
10500000|9.2701372300|9.2886220500|9.2608948200|9.2793796400|203900|2046112.0000|9.2793796400
10550000|9.2793796400|9.2793796400|9.2424100000|9.2516524100|640900|6420624.0000|9.2516524100
11000000|9.2424100000|9.2793796400|9.2331675900|9.2424100000|698200|6994320.0000|9.2424100000
11050000|9.2424100000|9.2424100000|9.2054403600|9.2331675900|724500|7229040.0000|9.2331675900
11100000|9.2331675900|9.2793796400|9.2239251800|9.2701372300|1237200|12384576.0000|9.2701372300
11150000|9.2701372300|9.2886220500|9.2608948200|9.2701372300|665200|6670016.0000|9.2701372300
11200000|9.2793796400|9.2978644600|9.2701372300|9.2886220500|248500|2496448.0000|9.2886220500
11250000|9.2886220500|9.3071068700|9.2793796400|9.3071068700|164600|1655904.0000|9.3071068700
11300000|9.3071068700|9.3163492800|9.2886220500|9.2978644600|234800|2363744.0000|9.2978644600
13050000|9.2978644600|9.3163492800|9.2978644600|9.3163492800|273600|2755200.0000|9.3163492800
13100000|9.3163492800|9.3163492800|9.2886220500|9.2978644600|218100|2195440.0000|9.2978644600
13150000|9.2978644600|9.2978644600|9.2608948200|9.2886220500|306300|3074992.0000|9.2886220500
13200000|9.2793796400|9.3071068700|9.2793796400|9.2978644600|156500|1574160.0000|9.2978644600
13250000|9.2978644600|9.3255916900|9.2978644600|9.3163492800|223800|2254928.0000|9.3163492800
13300000|9.3255916900|9.3348341000|9.3163492800|9.3255916900|523200|5281184.0000|9.3255916900
13350000|9.3255916900|9.3533189200|9.3255916900|9.3440765100|537000|5427232.0000|9.3440765100
13400000|9.3440765100|9.3533189200|9.3348341000|9.3348341000|193800|1959360.0000|9.3348341000
13450000|9.3348341000|9.3533189200|9.3255916900|9.3533189200|505100|5103264.0000|9.3533189200
13500000|9.3533189200|9.3533189200|9.3348341000|9.3440765100|746600|7550320.0000|9.3440765100
13550000|9.3533189200|9.3625613300|9.3255916900|9.3348341000|579500|5860384.0000|9.3348341000
14000000|9.3348341000|9.3440765100|9.3255916900|9.3348341000|151900|1533568.0000|9.3348341000
14050000|9.3255916900|9.3440765100|9.3163492800|9.3348341000|342900|3461152.0000|9.3348341000
14100000|9.3255916900|9.3348341000|9.3163492800|9.3348341000|259300|2616160.0000|9.3348341000
14150000|9.3348341000|9.3348341000|9.3163492800|9.3163492800|164500|1659632.0000|9.3163492800
14200000|9.3163492800|9.3348341000|9.3071068700|9.3163492800|257500|2596800.0000|9.3163492800
14250000|9.3163492800|9.3255916900|9.2978644600|9.2978644600|345000|3474048.0000|9.2978644600
14300000|9.3071068700|9.3255916900|9.2978644600|9.3071068700|290500|2925856.0000|9.3071068700
14350000|9.3071068700|9.3255916900|9.3071068700|9.3255916900|313400|3159296.0000|9.3255916900
14400000|9.3163492800|9.3255916900|9.3071068700|9.3255916900|362200|3650784.0000|9.3255916900
14450000|9.3071068700|9.3255916900|9.2978644600|9.3071068700|505500|5091680.0000|9.3071068700
14500000|9.3071068700|9.3255916900|9.2978644600|9.3163492800|673400|6782560.0000|9.3163492800
14550000|9.3163492800|9.3163492800|9.2886220500|9.3163492800|1234200|12420128.0000|9.3163492800
15000000|9.2978644600|9.3348341000|9.2978644600|9.3163492800|868800|8757056.0000|9.3163492800
