09350000|2.7788288400|2.8170258000|2.7692796000|2.7979273200|9124500|26711337.0000|2.7979273200
09400000|2.7979273200|2.8265750400|2.7979273200|2.8074765600|10326100|30424746.0000|2.8074765600
09450000|2.8074765600|2.8265750400|2.8074765600|2.8074765600|2937800|8664503.0000|2.8074765600
09500000|2.8074765600|2.8265750400|2.8074765600|2.8170258000|3859500|11382861.0000|2.8170258000
09550000|2.8170258000|2.8265750400|2.8074765600|2.8170258000|3400400|10032994.0000|2.8170258000
10000000|2.8170258000|2.8170258000|2.8074765600|2.8170258000|768900|2266676.0000|2.8170258000
10050000|2.8074765600|2.8170258000|2.8074765600|2.8170258000|2302300|6781646.0000|2.8170258000
10100000|2.8170258000|2.8265750400|2.8074765600|2.8170258000|4201800|12401986.0000|2.8170258000
10150000|2.8170258000|2.8265750400|2.8074765600|2.8170258000|2592600|7649851.0000|2.8170258000
10200000|2.8170258000|2.8361242800|2.8170258000|2.8265750400|3976400|11767844.0000|2.8265750400
10250000|2.8361242800|2.8456735200|2.8265750400|2.8361242800|6606800|19627137.0000|2.8361242800
10300000|2.8361242800|2.8647720000|2.8265750400|2.8647720000|12986300|38808632.0000|2.8647720000
10350000|2.8552227600|2.8647720000|2.8456735200|2.8552227600|3994800|11954882.0000|2.8552227600
10400000|2.8647720000|2.8647720000|2.8552227600|2.8647720000|1809800|5414506.0000|2.8647720000
10450000|2.8552227600|2.8647720000|2.8552227600|2.8552227600|1530800|4588950.0000|2.8552227600
10500000|2.8552227600|2.8647720000|2.8456735200|2.8456735200|1578400|4720402.0000|2.8456735200
10550000|2.8552227600|2.8552227600|2.8456735200|2.8552227600|516000|1540928.0000|2.8552227600
11000000|2.8456735200|2.8552227600|2.8456735200|2.8456735200|463695|1383918.0000|2.8456735200
11050000|2.8456735200|2.8552227600|2.8456735200|2.8456735200|1851476|5519472.0000|2.8456735200
11100000|2.8456735200|2.8552227600|2.8456735200|2.8456735200|447600|1336827.0000|2.8456735200
11150000|2.8552227600|2.8838704800|2.8456735200|2.8743212400|10288925|30866862.0000|2.8743212400
11200000|2.8647720000|2.8743212400|2.8647720000|2.8743212400|1732500|5213909.0000|2.8743212400
11250000|2.8647720000|2.8743212400|2.8647720000|2.8647720000|656700|1972870.0000|2.8647720000
11300000|2.8647720000|2.8743212400|2.8552227600|2.8647720000|935000|2803990.0000|2.8647720000
13050000|2.8647720000|2.8647720000|2.8456735200|2.8456735200|1443400|4317103.0000|2.8456735200
13100000|2.8456735200|2.8552227600|2.8456735200|2.8456735200|1532800|4568352.0000|2.8456735200
13150000|2.8456735200|2.8552227600|2.8361242800|2.8552227600|1074700|3209728.0000|2.8552227600
13200000|2.8456735200|2.8552227600|2.8456735200|2.8456735200|145900|435120.0000|2.8456735200
13250000|2.8552227600|2.8552227600|2.8456735200|2.8456735200|257800|769456.0000|2.8456735200
13300000|2.8456735200|2.8552227600|2.8456735200|2.8456735200|869300|2597552.0000|2.8456735200
13350000|2.8552227600|2.8743212400|2.8456735200|2.8647720000|2143500|6421008.0000|2.8647720000
13400000|2.8647720000|2.8838704800|2.8552227600|2.8743212400|4242700|12758192.0000|2.8743212400
13450000|2.8838704800|2.8838704800|2.8743212400|2.8743212400|4461200|13467920.0000|2.8743212400
13500000|2.8838704800|2.8934197200|2.8743212400|2.8838704800|3179000|9600336.0000|2.8838704800
13550000|2.8838704800|2.8934197200|2.8743212400|2.8838704800|567600|1712144.0000|2.8838704800
14000000|2.8838704800|2.8838704800|2.8743212400|2.8743212400|309800|934336.0000|2.8743212400
14050000|2.8838704800|2.8838704800|2.8743212400|2.8743212400|655000|1974960.0000|2.8743212400
14100000|2.8743212400|2.8838704800|2.8647720000|2.8838704800|1203200|3622912.0000|2.8838704800
14150000|2.8838704800|2.8838704800|2.8743212400|2.8838704800|474700|1430224.0000|2.8838704800
14200000|2.8838704800|2.8838704800|2.8743212400|2.8838704800|2554700|7691136.0000|2.8838704800
14250000|2.8743212400|2.8838704800|2.8647720000|2.8647720000|1290400|3882624.0000|2.8647720000
14300000|2.8743212400|2.8743212400|2.8647720000|2.8647720000|870500|2615200.0000|2.8647720000
14350000|2.8647720000|2.8743212400|2.8647720000|2.8743212400|351000|1055088.0000|2.8743212400
14400000|2.8647720000|2.8743212400|2.8647720000|2.8647720000|997000|2992720.0000|2.8647720000
14450000|2.8647720000|2.8743212400|2.8647720000|2.8647720000|954700|2865984.0000|2.8647720000
14500000|2.8647720000|2.8743212400|2.8647720000|2.8647720000|618300|1858848.0000|2.8647720000
14550000|2.8743212400|2.8743212400|2.8647720000|2.8647720000|1236700|3716400.0000|2.8647720000
15000000|2.8743212400|2.8743212400|2.8647720000|2.8743212400|2214700|6654048.0000|2.8743212400
