09350000|3.4900000000|3.4900000000|3.4600000000|3.4600000000|4090000|14191545.0000|3.4600000000
09400000|3.4600000000|3.4700000000|3.4500000000|3.4600000000|2670500|9237579.0000|3.4600000000
09450000|3.4600000000|3.4900000000|3.4500000000|3.4900000000|5064500|17578684.0000|3.4900000000
09500000|3.4900000000|3.4900000000|3.4800000000|3.4900000000|1279300|4457240.0000|3.4900000000
09550000|3.4900000000|3.5000000000|3.4800000000|3.4900000000|4564400|15928152.0000|3.4900000000
10000000|3.4900000000|3.4900000000|3.4800000000|3.4800000000|934100|3256400.0000|3.4800000000
10050000|3.4800000000|3.5000000000|3.4800000000|3.4900000000|3547400|12382944.0000|3.4900000000
10100000|3.4900000000|3.5100000000|3.4900000000|3.4900000000|4959800|17349800.0000|3.4900000000
10150000|3.4900000000|3.5100000000|3.4900000000|3.5000000000|735800|2575200.0000|3.5000000000
10200000|3.4900000000|3.5100000000|3.4900000000|3.5100000000|1871300|6549320.0000|3.5100000000
10250000|3.5000000000|3.5100000000|3.4900000000|3.5000000000|890400|3116408.0000|3.5000000000
10300000|3.5000000000|3.5100000000|3.4900000000|3.5000000000|814700|2850688.0000|3.5000000000
10350000|3.5000000000|3.5000000000|3.4900000000|3.4900000000|760700|2655400.0000|3.4900000000
10400000|3.4900000000|3.5000000000|3.4800000000|3.4800000000|1545200|5392640.0000|3.4800000000
10450000|3.4900000000|3.4900000000|3.4800000000|3.4800000000|232300|809088.0000|3.4800000000
10500000|3.4800000000|3.4900000000|3.4800000000|3.4800000000|243600|848552.0000|3.4800000000
10550000|3.4800000000|3.4900000000|3.4700000000|3.4700000000|1767600|6147648.0000|3.4700000000
11000000|3.4800000000|3.4800000000|3.4700000000|3.4800000000|225600|783800.0000|3.4800000000
11050000|3.4700000000|3.4900000000|3.4700000000|3.4800000000|853300|2971480.0000|3.4800000000
11100000|3.4800000000|3.4900000000|3.4800000000|3.4900000000|362700|1264144.0000|3.4900000000
11150000|3.4900000000|3.4900000000|3.4800000000|3.4800000000|430000|1499168.0000|3.4800000000
11200000|3.4900000000|3.4900000000|3.4800000000|3.4800000000|496300|1728168.0000|3.4800000000
11250000|3.4800000000|3.4900000000|3.4800000000|3.4800000000|323900|1128896.0000|3.4800000000
11300000|3.4800000000|3.4900000000|3.4800000000|3.4800000000|623800|2173088.0000|3.4800000000
13050000|3.4900000000|3.4900000000|3.4700000000|3.4800000000|687200|2390352.0000|3.4800000000
13100000|3.4800000000|3.4800000000|3.4700000000|3.4700000000|169300|587776.0000|3.4700000000
13150000|3.4700000000|3.4800000000|3.4700000000|3.4800000000|983200|3412544.0000|3.4800000000
13200000|3.4700000000|3.4800000000|3.4700000000|3.4800000000|290400|1007888.0000|3.4800000000
13250000|3.4700000000|3.4800000000|3.4700000000|3.4700000000|214200|743728.0000|3.4700000000
13300000|3.4800000000|3.4800000000|3.4700000000|3.4700000000|236400|821088.0000|3.4700000000
13350000|3.4700000000|3.4800000000|3.4700000000|3.4700000000|271700|943840.0000|3.4700000000
13400000|3.4800000000|3.4800000000|3.4700000000|3.4700000000|344500|1196368.0000|3.4700000000
13450000|3.4800000000|3.4900000000|3.4700000000|3.4800000000|3539800|12321712.0000|3.4800000000
13500000|3.4900000000|3.4900000000|3.4700000000|3.4800000000|1265000|4402160.0000|3.4800000000
13550000|3.4900000000|3.5000000000|3.4800000000|3.4900000000|3186900|11125664.0000|3.4900000000
14000000|3.4900000000|3.5000000000|3.4900000000|3.5000000000|647300|2264752.0000|3.5000000000
14050000|3.4900000000|3.5100000000|3.4900000000|3.5000000000|1667900|5840384.0000|3.5000000000
14100000|3.5100000000|3.5100000000|3.5000000000|3.5100000000|1005900|3525600.0000|3.5100000000
14150000|3.5100000000|3.5200000000|3.5000000000|3.5200000000|3463800|12157808.0000|3.5200000000
14200000|3.5200000000|3.5200000000|3.5100000000|3.5200000000|810600|2848704.0000|3.5200000000
14250000|3.5100000000|3.5200000000|3.5000000000|3.5100000000|2002300|7028880.0000|3.5100000000
14300000|3.5200000000|3.5200000000|3.5100000000|3.5100000000|672200|2361808.0000|3.5100000000
14350000|3.5100000000|3.5200000000|3.5000000000|3.5100000000|1275200|4477136.0000|3.5100000000
14400000|3.5100000000|3.5200000000|3.5000000000|3.5000000000|863400|3030224.0000|3.5000000000
14450000|3.5000000000|3.5100000000|3.5000000000|3.5000000000|489000|1714160.0000|3.5000000000
14500000|3.5000000000|3.5100000000|3.5000000000|3.5100000000|794900|2786544.0000|3.5100000000
14550000|3.5100000000|3.5100000000|3.5000000000|3.5100000000|1930500|6762496.0000|3.5100000000
15000000|3.5000000000|3.5200000000|3.5000000000|3.5100000000|1679100|5890608.0000|3.5100000000
