09350000|32.8816785700|33.2476631200|32.8816785700|33.1419342500|1264400|51452766.0000|33.1419342500
09400000|33.1175352800|33.2964610600|33.1094022900|33.2557961100|1209789|49407241.0000|33.2557961100
09450000|33.2476631200|33.2557961100|33.0850033200|33.1500672400|782400|31892814.0000|33.1500672400
09500000|33.1500672400|33.2069981700|33.1012693000|33.1825992000|472600|19271143.0000|33.1825992000
09550000|33.1825992000|33.1988651800|32.9630084700|33.0362053800|682200|27745670.0000|33.0362053800
10000000|33.0362053800|33.0850033200|32.9955404300|33.0687373400|393700|15988447.0000|33.0687373400
10050000|33.0687373400|33.1419342500|33.0036734200|33.1256682700|334200|13578953.0000|33.1256682700
10100000|33.1338012600|33.1500672400|33.0280723900|33.0606043500|469600|19114548.0000|33.0606043500
10150000|33.0606043500|33.0768703300|32.8084816600|32.8247476400|873300|35346006.0000|32.8247476400
10200000|32.8328806300|33.0524713600|32.8328806300|33.0118064100|295083|11941020.0000|33.0118064100
10250000|33.0199394000|33.0931363100|32.9711414600|33.0443383700|224700|9127216.0000|33.0443383700
10300000|33.0443383700|33.0850033200|32.9874074400|33.0768703300|244000|9914400.0000|33.0768703300
10350000|33.0687373400|33.1419342500|33.0687373400|33.0687373400|347089|14133856.0000|33.0687373400
10400000|33.0687373400|33.1338012600|33.0199394000|33.0687373400|333800|13578144.0000|33.0687373400
10450000|33.0606043500|33.0768703300|33.0118064100|33.0199394000|137700|5594896.0000|33.0199394000
10500000|33.0280723900|33.0606043500|33.0036734200|33.0199394000|104800|4256016.0000|33.0199394000
10550000|33.0280723900|33.0443383700|32.9955404300|33.0443383700|123100|4998048.0000|33.0443383700
11000000|33.0280723900|33.0768703300|32.9955404300|33.0768703300|81600|3315248.0000|33.0768703300
11050000|33.0768703300|33.0768703300|33.0280723900|33.0443383700|85400|3470880.0000|33.0443383700
11100000|33.0362053800|33.0850033200|33.0280723900|33.0443383700|122200|4966320.0000|33.0443383700
11150000|33.0362053800|33.1012693000|33.0118064100|33.0768703300|106700|4338400.0000|33.0768703300
11200000|33.0768703300|33.0850033200|33.0199394000|33.0687373400|243200|9880816.0000|33.0687373400
11250000|33.0687373400|33.0931363100|32.9955404300|33.0524713600|180600|7340464.0000|33.0524713600
11300000|33.0524713600|33.0687373400|33.0036734200|33.0280723900|144100|5852016.0000|33.0280723900
13050000|33.0362053800|33.0931363100|33.0036734200|33.0443383700|223700|9088928.0000|33.0443383700
13100000|33.0362053800|33.0768703300|32.9792744500|32.9792744500|303300|12313952.0000|32.9792744500
13150000|33.0118064100|33.0118064100|32.9304765100|32.9548754800|247600|10034624.0000|32.9548754800
13200000|32.9630084700|32.9874074400|32.8898115600|32.8979445500|242917|9835152.0000|32.8979445500
13250000|32.9060775400|32.9304765100|32.8654125900|32.9142105300|182483|7380880.0000|32.9142105300
13300000|32.9142105300|32.9223435200|32.8491466100|32.8572796000|299343|12099584.0000|32.8572796000
13350000|32.8410136200|32.9142105300|32.8410136200|32.8735455800|225400|9108992.0000|32.8735455800
13400000|32.8898115600|32.8979445500|32.8572796000|32.8735455800|192482|7780528.0000|32.8735455800
13450000|32.8654125900|32.9386095000|32.8572796000|32.9223435200|172400|6971184.0000|32.9223435200
13500000|32.9386095000|32.9548754800|32.8979445500|32.9142105300|166393|6735680.0000|32.9142105300
13550000|32.9060775400|32.9386095000|32.8898115600|32.9142105300|113700|4600160.0000|32.9142105300
14000000|32.9142105300|32.9874074400|32.8979445500|32.9711414600|151200|6123200.0000|32.9711414600
14050000|32.9711414600|32.9711414600|32.9223435200|32.9223435200|152900|6193952.0000|32.9223435200
14100000|32.9223435200|32.9711414600|32.9223435200|32.9386095000|177000|7169248.0000|32.9386095000
14150000|32.9386095000|33.0118064100|32.9386095000|32.9874074400|182047|7378960.0000|32.9874074400
14200000|33.0036734200|33.0280723900|32.9874074400|33.0036734200|262800|10666208.0000|33.0036734200
14250000|33.0036734200|33.0524713600|33.0036734200|33.0524713600|184300|7484080.0000|33.0524713600
14300000|33.0606043500|33.0768703300|33.0443383700|33.0768703300|253700|10314096.0000|33.0768703300
14350000|33.0850033200|33.1012693000|33.0687373400|33.0931363100|238300|9694208.0000|33.0931363100
14400000|33.0931363100|33.1256682700|33.0362053800|33.0362053800|562700|22889744.0000|33.0362053800
14450000|33.0280723900|33.1175352800|33.0199394000|33.0931363100|438800|17851488.0000|33.0931363100
14500000|33.0931363100|33.1338012600|33.0850033200|33.1256682700|274294|11164544.0000|33.1256682700
14550000|33.1256682700|33.1663332200|33.1175352800|33.1663332200|551702|22477088.0000|33.1663332200
15000000|33.1582002300|33.1907321900|33.1582002300|33.1663332200|787003|32097360.0000|33.1663332200
