09350000|20.9323297600|20.9691662400|20.8862841600|20.9047024000|982300|22325576.0000|20.9047024000
09400000|20.9139115200|20.9323297600|20.8954932800|20.9139115200|410100|9310658.0000|20.9139115200
09450000|20.9139115200|20.9139115200|20.8586568000|20.8770750400|501200|11364278.0000|20.8770750400
09500000|20.8770750400|20.9231206400|20.8586568000|20.9231206400|436600|9898440.0000|20.9231206400
09550000|20.9323297600|20.9691662400|20.9231206400|20.9507480000|615900|14010240.0000|20.9507480000
10000000|20.9507480000|20.9691662400|20.9323297600|20.9599571200|304300|6923384.0000|20.9599571200
10050000|20.9691662400|20.9875844800|20.9507480000|20.9507480000|483300|11006576.0000|20.9507480000
10100000|20.9599571200|20.9967936000|20.9323297600|20.9691662400|705800|16073880.0000|20.9691662400
10150000|20.9875844800|21.0244209600|20.9323297600|20.9967936000|790400|18006952.0000|20.9967936000
10200000|21.0060027200|21.0244209600|20.9599571200|20.9783753600|1261800|28789040.0000|20.9783753600
10250000|20.9783753600|20.9967936000|20.9599571200|20.9691662400|1229200|28007520.0000|20.9691662400
10300000|20.9599571200|20.9599571200|20.9139115200|20.9139115200|397400|9037136.0000|20.9139115200
10350000|20.9231206400|20.9507480000|20.9139115200|20.9323297600|245700|5586016.0000|20.9323297600
10400000|20.9415388800|20.9507480000|20.9047024000|20.9323297600|366400|8323984.0000|20.9323297600
10450000|20.9323297600|20.9599571200|20.9323297600|20.9507480000|200900|4569696.0000|20.9507480000
10500000|20.9507480000|20.9507480000|20.9139115200|20.9139115200|217600|4946752.0000|20.9139115200
10550000|20.9139115200|20.9323297600|20.9047024000|20.9047024000|166500|3781552.0000|20.9047024000
11000000|20.9139115200|20.9231206400|20.8954932800|20.9139115200|279800|6352656.0000|20.9139115200
11050000|20.9139115200|20.9139115200|20.8954932800|20.8954932800|144700|3284080.0000|20.8954932800
11100000|20.8954932800|20.8954932800|20.8770750400|20.8954932800|287600|6522560.0000|20.8954932800
11150000|20.8954932800|20.8954932800|20.8770750400|20.8862841600|173400|3932272.0000|20.8862841600
11200000|20.8862841600|20.9047024000|20.8770750400|20.8770750400|175400|3978800.0000|20.8770750400
11250000|20.8770750400|20.8770750400|20.8586568000|20.8678659200|422000|9562608.0000|20.8678659200
11300000|20.8678659200|20.8770750400|20.8586568000|20.8678659200|170700|3867248.0000|20.8678659200
13050000|20.8678659200|20.8678659200|20.8402385600|20.8494476800|318400|7209872.0000|20.8494476800
13100000|20.8494476800|20.8494476800|20.8218203200|20.8310294400|354300|8014992.0000|20.8310294400
13150000|20.8310294400|20.8586568000|20.7665656000|20.7665656000|1078700|24376368.0000|20.7665656000
13200000|20.7665656000|20.7941929600|20.7665656000|20.7757747200|430800|9723232.0000|20.7757747200
13250000|20.7665656000|20.7757747200|20.7481473600|20.7481473600|450000|10143264.0000|20.7481473600
13300000|20.7481473600|20.7573564800|20.7389382400|20.7481473600|574400|12941440.0000|20.7481473600
13350000|20.7573564800|20.7757747200|20.7481473600|20.7757747200|291100|6560672.0000|20.7757747200
13400000|20.7757747200|20.8034020800|20.7665656000|20.7665656000|298300|6731808.0000|20.7665656000
13450000|20.7665656000|20.7849838400|20.7573564800|20.7665656000|399800|9016512.0000|20.7665656000
13500000|20.7665656000|20.7757747200|20.7573564800|20.7665656000|330500|7453600.0000|20.7665656000
13550000|20.7665656000|20.7941929600|20.7665656000|20.7849838400|263400|5944224.0000|20.7849838400
14000000|20.7849838400|20.7849838400|20.7757747200|20.7757747200|209600|4730080.0000|20.7757747200
14050000|20.7849838400|20.8034020800|20.7757747200|20.7757747200|299600|6762176.0000|20.7757747200
14100000|20.7849838400|20.7849838400|20.7573564800|20.7573564800|422800|9535328.0000|20.7573564800
14150000|20.7573564800|20.7849838400|20.7573564800|20.7757747200|206700|4661088.0000|20.7757747200
14200000|20.7757747200|20.8034020800|20.7665656000|20.7757747200|602300|13593888.0000|20.7757747200
14250000|20.7849838400|20.7941929600|20.7665656000|20.7941929600|145100|3273792.0000|20.7941929600
14300000|20.7941929600|20.8402385600|20.7849838400|20.8310294400|137900|3116128.0000|20.8310294400
14350000|20.8402385600|20.8678659200|20.8310294400|20.8678659200|274100|6207360.0000|20.8678659200
14400000|20.8586568000|20.8770750400|20.8402385600|20.8494476800|434500|9841536.0000|20.8494476800
14450000|20.8402385600|20.8678659200|20.8310294400|20.8310294400|457500|10356320.0000|20.8310294400
14500000|20.8310294400|20.8494476800|20.8218203200|20.8310294400|302100|6834656.0000|20.8310294400
14550000|20.8310294400|20.8494476800|20.8126112000|20.8402385600|346800|7844096.0000|20.8402385600
15000000|20.8402385600|20.8402385600|20.8218203200|20.8402385600|366700|8296800.0000|20.8402385600
