09350000|17.7548443000|18.4427283200|17.7455485700|18.2568137200|16051900|314763808.0000|18.2568137200
09400000|18.2568137200|18.3311795600|18.1359692300|18.3311795600|5339000|104647424.0000|18.3311795600
09450000|18.3311795600|18.5635728100|18.3311795600|18.5170941600|11795100|234204636.0000|18.5170941600
09500000|18.5170941600|18.5170941600|18.3683624800|18.4427283200|4598200|91270091.0000|18.4427283200
09550000|18.4427283200|18.4520240500|18.3497710200|18.4055454000|3729300|73820598.0000|18.4055454000
10000000|18.4055454000|18.4148411300|18.3590667500|18.3869539400|2453800|48552251.0000|18.3869539400
10050000|18.3869539400|18.4892069700|18.3869539400|18.4613197800|3734600|74123336.0000|18.4613197800
10100000|18.4613197800|18.4985027000|18.4055454000|18.4055454000|2673900|53094144.0000|18.4055454000
10150000|18.4055454000|18.4613197800|18.3962496700|18.4613197800|1800700|35690119.0000|18.4613197800
10200000|18.4613197800|18.5821642700|18.4520240500|18.5821642700|8397600|167409657.0000|18.5821642700
10250000|18.5821642700|18.7216002200|18.5728685400|18.7030087600|9002700|180651136.0000|18.7030087600
10300000|18.7030087600|19.0376550400|18.6937130300|19.0004721200|7898800|159769728.0000|19.0004721200
10350000|19.0004721200|19.0004721200|18.7494874100|18.7494874100|4333800|88199040.0000|18.7494874100
10400000|18.7494874100|18.7959660600|18.6844173000|18.7030087600|2668100|53778304.0000|18.7030087600
10450000|18.7030087600|18.7773746000|18.6844173000|18.7587831400|1519400|30636544.0000|18.7587831400
10500000|18.7587831400|18.7680788700|18.6658258400|18.6658258400|1271100|25606016.0000|18.6658258400
10550000|18.6658258400|18.7308959500|18.5914600000|18.7123044900|2280000|45740032.0000|18.7123044900
11000000|18.7123044900|18.7216002200|18.6100514600|18.6751215700|1152400|23138560.0000|18.6751215700
11050000|18.6751215700|18.6751215700|18.5914600000|18.6100514600|1083500|21707392.0000|18.6100514600
11100000|18.6100514600|18.6379386500|18.5914600000|18.6007557300|945300|18929024.0000|18.6007557300
11150000|18.6007557300|18.6379386500|18.5821642700|18.5821642700|679700|13603968.0000|18.5821642700
11200000|18.5821642700|18.5914600000|18.5356856200|18.5728685400|1069700|21364484.0000|18.5728685400
11250000|18.5728685400|18.5821642700|18.4985027000|18.5077984300|954300|19032440.0000|18.5077984300
11300000|18.5077984300|18.5170941600|18.4520240500|18.4799112400|1326400|26380030.0000|18.4799112400
13050000|18.4799112400|18.5914600000|18.4799112400|18.5263898900|1029700|20536588.0000|18.5263898900
13100000|18.5263898900|18.5542770800|18.4892069700|18.5542770800|524500|10445943.0000|18.5542770800
13150000|18.5542770800|18.5542770800|18.4148411300|18.4241368600|1310500|26057603.0000|18.4241368600
13200000|18.4241368600|18.4241368600|18.3590667500|18.3590667500|1569700|31046912.0000|18.3590667500
13250000|18.3590667500|18.3590667500|18.3311795600|18.3311795600|1372500|27080576.0000|18.3311795600
13300000|18.3311795600|18.4520240500|18.3125881000|18.4055454000|1106400|21870592.0000|18.4055454000
13350000|18.4055454000|18.4241368600|18.3590667500|18.4148411300|495700|9808768.0000|18.4148411300
13400000|18.4148411300|18.4706155100|18.4148411300|18.4148411300|648200|12857089.0000|18.4148411300
13450000|18.4148411300|18.4334325900|18.3683624800|18.3683624800|533600|10569471.0000|18.3683624800
13500000|18.3683624800|18.3776582100|18.3311795600|18.3497710200|675400|13332992.0000|18.3497710200
13550000|18.3497710200|18.3869539400|18.3497710200|18.3869539400|458200|9053696.0000|18.3869539400
14000000|18.3869539400|18.3962496700|18.3218838300|18.3218838300|692100|13664000.0000|18.3218838300
14050000|18.3218838300|18.3590667500|18.3218838300|18.3590667500|616200|12156544.0000|18.3590667500
14100000|18.3590667500|18.3776582100|18.2939966400|18.2939966400|1327600|26172160.0000|18.2939966400
14150000|18.2939966400|18.3032923700|18.2475179900|18.2847009100|1352900|26602752.0000|18.2847009100
14200000|18.2847009100|18.3032923700|18.2475179900|18.2475179900|775500|15247616.0000|18.2475179900
14250000|18.2475179900|18.2568137200|18.2010393400|18.2196308000|1712600|33579008.0000|18.2196308000
14300000|18.2196308000|18.2939966400|18.1824478800|18.2939966400|1397200|27395328.0000|18.2939966400
14350000|18.2939966400|18.3032923700|18.2661094500|18.2661094500|1004900|19768576.0000|18.2661094500
14400000|18.2661094500|18.2847009100|18.2196308000|18.2289265300|1063100|20872448.0000|18.2289265300
14450000|18.2289265300|18.2382222600|18.2010393400|18.2010393400|1136600|22266624.0000|18.2010393400
14500000|18.2010393400|18.2196308000|18.1638564200|18.1638564200|1934400|37836800.0000|18.1638564200
14550000|18.1638564200|18.1917436100|18.1638564200|18.1824478800|1982200|38755840.0000|18.1824478800
15000000|18.1824478800|18.2010393400|18.1824478800|18.1917436100|1686800|33008128.0000|18.1917436100
