093500|15.2200|15.2400|15.0300|15.1700|2278900|34494972.0000|15.1700
094000|15.1900|15.2900|15.1700|15.1800|663300|10102171.0000|15.1800
094500|15.1900|15.1900|15.0900|15.0900|716900|10844910.0000|15.0900
095000|15.1000|15.1700|15.0700|15.1300|590900|8924506.0000|15.1300
095500|15.1300|15.2800|15.1200|15.2400|550600|8368541.0000|15.2400
100000|15.2500|15.3600|15.2400|15.2800|476599|7289631.0000|15.2800
100500|15.2800|15.3600|15.2200|15.3600|347600|5315800.0000|15.3600
101000|15.3600|15.4100|15.3100|15.3600|453700|6970277.0000|15.3600
101500|15.3700|15.5500|15.3700|15.4400|627325|9698333.0000|15.4400
102000|15.4700|15.5900|15.4400|15.5000|626600|9721829.0000|15.5000
102500|15.5000|15.5100|15.4000|15.4000|185700|2871772.0000|15.4000
103000|15.4000|15.4000|15.3600|15.3900|163300|2512133.0000|15.3900
103500|15.3800|15.3900|15.2900|15.3200|281200|4312534.0000|15.3200
104000|15.3200|15.3600|15.3100|15.3100|168487|2582598.0000|15.3100
104500|15.3200|15.3700|15.3200|15.3300|141100|2164043.0000|15.3300
105000|15.3300|15.3300|15.2900|15.2900|174700|2673536.0000|15.2900
105500|15.3000|15.3000|15.2700|15.2700|136500|2085968.0000|15.2700
110000|15.2700|15.2700|15.2100|15.2100|174200|2655398.0000|15.2100
110500|15.2300|15.2500|15.2300|15.2500|141700|2158683.0000|15.2500
111000|15.2600|15.3300|15.2600|15.2600|323300|4939889.0000|15.2600
111500|15.2600|15.2600|15.2300|15.2400|110100|1678143.0000|15.2400
112000|15.2400|15.2400|15.1900|15.2100|278000|4228179.0000|15.2100
112500|15.2200|15.2300|15.1800|15.2300|168300|2558154.0000|15.2300
113000|15.2400|15.2600|15.2200|15.2500|140600|2143469.0000|15.2500
130500|15.2500|15.2600|15.1800|15.2200|148400|2259025.0000|15.2200
131000|15.2100|15.2800|15.1900|15.2400|125200|1906211.0000|15.2400
131500|15.2400|15.3400|15.2400|15.3100|166100|2538455.0000|15.3100
132000|15.3100|15.3200|15.2600|15.2600|110700|1693369.0000|15.2600
132500|15.2700|15.2800|15.2000|15.2000|95200|1451820.0000|15.2000
133000|15.2000|15.2100|15.1800|15.1800|121100|1840150.0000|15.1800
133500|15.1900|15.2200|15.1700|15.1900|319413|4853512.0000|15.1900
134000|15.1900|15.2000|15.1700|15.1800|160400|2434714.0000|15.1800
134500|15.1700|15.1800|15.1500|15.1700|278500|4223952.0000|15.1700
135000|15.1600|15.1900|15.1600|15.1800|185000|2808003.0000|15.1800
135500|15.1900|15.2000|15.1800|15.1900|154600|2347572.0000|15.1900
140000|15.2000|15.2100|15.1800|15.2100|185130|2812532.0000|15.2100
140500|15.2100|15.2100|15.1400|15.1400|235800|3575775.0000|15.1400
141000|15.1500|15.1500|15.1300|15.1400|116900|1770197.0000|15.1400
141500|15.1500|15.1700|15.1400|15.1600|112100|1698489.0000|15.1600
142000|15.1600|15.1600|15.1300|15.1400|175300|2654501.0000|15.1400
142500|15.1500|15.1600|15.1300|15.1600|144992|2195622.0000|15.1600
143000|15.1600|15.1600|15.0800|15.0900|584800|8841719.0000|15.0900
143500|15.0900|15.1000|15.0600|15.0800|487600|7352842.0000|15.0800
144000|15.0900|15.1000|15.0800|15.0800|185432|2797987.0000|15.0800
144500|15.0900|15.0900|15.0700|15.0700|278368|4197424.0000|15.0700
145000|15.0800|15.0900|15.0700|15.0900|392832|5921846.0000|15.0900
145500|15.0900|15.1000|15.0800|15.0900|454484|6860112.0000|15.0900
150000|15.1000|15.1000|15.0900|15.0900|785366|11856256.0000|15.0900
