093500|35.83|36.45|35.83|35.86|6871.0|24713670.0|35.83
094000|35.85|35.96|35.71|35.88|4070.0|14578111.0|35.86
094500|35.91|35.98|35.83|35.88|2907.0|10428763.0|35.88
095000|35.88|35.95|35.87|35.91|1584.0|5686830.0|35.88
095500|35.93|35.93|35.74|35.74|3209.0|11494342.0|35.91
100000|35.74|35.74|35.5|35.71|5279.0|18789485.0|35.74
100500|35.72|35.8|35.6|35.68|3024.0|10793109.0|35.71
101000|35.69|35.71|35.51|35.57|1658.0|5899609.0|35.68
101500|35.56|35.64|35.51|35.59|1311.0|4661643.0|35.57
102000|35.6|35.63|35.5|35.6|1993.0|7084515.0|35.59
102500|35.6|35.6|35.56|35.56|924.0|3288688.0|35.6
103000|35.56|35.6|35.54|35.54|903.0|3211174.0|35.56
103500|35.56|35.59|35.45|35.49|1684.0|5979357.0|35.54
104000|35.5|35.63|35.5|35.62|1245.0|4428454.0|35.49
104500|35.6|35.61|35.51|35.54|747.0|2655569.0|35.62
105000|35.54|35.63|35.53|35.59|1185.0|4215471.0|35.54
105500|35.59|35.63|35.49|35.49|2312.0|8218342.0|35.59
110000|35.5|35.5|35.36|35.4|2255.0|7986506.0|35.49
110500|35.4|35.55|35.39|35.51|1023.0|3625530.0|35.4
111000|35.5|35.58|35.5|35.57|446.0|1585369.0|35.51
111500|35.57|35.64|35.57|35.61|1095.0|3897762.0|35.57
112000|35.6|35.67|35.51|35.55|1047.0|3728245.0|35.61
112500|35.54|35.62|35.54|35.61|333.0|1184669.0|35.55
113000|35.6|35.63|35.58|35.63|467.0|1662392.0|35.61
130500|35.64|35.64|35.43|35.5|1738.0|6172030.0|35.63
131000|35.49|35.55|35.45|35.54|620.0|2201452.0|35.5
131500|35.55|35.58|35.49|35.53|811.0|2881159.0|35.54
132000|35.53|35.6|35.5|35.6|613.0|2178878.0|35.53
132500|35.6|35.62|35.55|35.59|666.0|2368504.0|35.6
133000|35.59|35.65|35.59|35.63|627.0|2233882.0|35.59
133500|35.64|35.81|35.64|35.76|2052.0|7328719.0|35.63
134000|35.76|35.77|35.67|35.75|1170.0|4179123.0|35.76
134500|35.76|35.78|35.69|35.69|984.0|3515403.0|35.75
135000|35.7|35.78|35.67|35.7|803.0|2868075.0|35.69
135500|35.72|35.73|35.61|35.61|923.0|3292792.0|35.7
140000|35.61|35.62|35.56|35.56|532.0|1894111.0|35.61
140500|35.58|35.67|35.55|35.63|830.0|2953515.0|35.56
141000|35.63|35.66|35.62|35.65|564.0|2009842.0|35.63
141500|35.65|35.67|35.6|35.6|508.0|1809667.0|35.65
142000|35.6|35.63|35.55|35.61|877.0|3121699.0|35.6
142500|35.62|35.62|35.59|35.6|440.0|1566498.0|35.61
143000|35.59|35.6|35.56|35.56|859.0|3056906.0|35.6
143500|35.59|35.6|35.48|35.5|1317.0|4679289.0|35.56
144000|35.49|35.5|35.4|35.4|1857.0|6583190.0|35.5
144500|35.4|35.43|35.35|35.4|2894.0|10243105.0|35.4
145000|35.39|35.42|35.35|35.36|2488.0|8803558.0|35.4
145500|35.34|35.53|35.32|35.53|4419.0|15667602.0|35.36
150000|35.53|35.59|35.5|35.5|2312.0|8213396.0|35.53
