09350000|2.5268990400|2.5351568800|2.5186412000|2.5186412000|9661450|29572040.0000|2.5186412000
09400000|2.5186412000|2.5268990400|2.5186412000|2.5268990400|837008|2556321.0000|2.5268990400
09450000|2.5186412000|2.5268990400|2.5186412000|2.5268990400|3459100|10582620.0000|2.5268990400
09500000|2.5268990400|2.5351568800|2.5186412000|2.5351568800|1777300|5439499.0000|2.5351568800
09550000|2.5351568800|2.5351568800|2.5268990400|2.5268990400|740600|2267275.0000|2.5268990400
10000000|2.5351568800|2.5351568800|2.5186412000|2.5268990400|3797800|11621267.0000|2.5268990400
10050000|2.5268990400|2.5268990400|2.5186412000|2.5186412000|377900|1154861.0000|2.5186412000
10100000|2.5268990400|2.5351568800|2.5186412000|2.5351568800|1770500|5419138.0000|2.5351568800
10150000|2.5268990400|2.5351568800|2.5268990400|2.5268990400|1748000|5349926.0000|2.5268990400
10200000|2.5268990400|2.5268990400|2.5186412000|2.5268990400|606098|1854092.0000|2.5268990400
10250000|2.5186412000|2.5268990400|2.5186412000|2.5268990400|499900|1527688.0000|2.5268990400
10300000|2.5268990400|2.5268990400|2.5186412000|2.5268990400|561900|1717249.0000|2.5268990400
10350000|2.5186412000|2.5268990400|2.5186412000|2.5268990400|2211500|6765126.0000|2.5268990400
10400000|2.5268990400|2.5351568800|2.5186412000|2.5351568800|2158800|6612420.0000|2.5351568800
10450000|2.5351568800|2.5351568800|2.5268990400|2.5351568800|665100|2036703.0000|2.5351568800
10500000|2.5351568800|2.5351568800|2.5268990400|2.5351568800|4808000|14755260.0000|2.5351568800
10550000|2.5268990400|2.5351568800|2.5268990400|2.5351568800|1404911|4303765.0000|2.5351568800
11000000|2.5268990400|2.5351568800|2.5268990400|2.5351568800|1097900|3361387.0000|2.5351568800
11050000|2.5351568800|2.5351568800|2.5268990400|2.5351568800|1382400|4238649.0000|2.5351568800
11100000|2.5268990400|2.5351568800|2.5268990400|2.5351568800|840789|2576811.0000|2.5351568800
11150000|2.5351568800|2.5351568800|2.5268990400|2.5351568800|859800|2633879.0000|2.5351568800
11200000|2.5351568800|2.5351568800|2.5268990400|2.5351568800|340700|1044280.0000|2.5351568800
11250000|2.5351568800|2.5351568800|2.5268990400|2.5351568800|1216500|3731912.0000|2.5351568800
11300000|2.5351568800|2.5351568800|2.5268990400|2.5351568800|1391500|4266456.0000|2.5351568800
13050000|2.5351568800|2.5351568800|2.5268990400|2.5351568800|3722200|11402074.0000|2.5351568800
13100000|2.5351568800|2.5434147200|2.5268990400|2.5351568800|10930100|33557393.0000|2.5351568800
13150000|2.5434147200|2.5434147200|2.5351568800|2.5434147200|890300|2739153.0000|2.5434147200
13200000|2.5434147200|2.5434147200|2.5351568800|2.5434147200|4717100|14527425.0000|2.5434147200
13250000|2.5351568800|2.5434147200|2.5351568800|2.5434147200|1352400|4162927.0000|2.5434147200
13300000|2.5351568800|2.5434147200|2.5351568800|2.5434147200|812400|2495955.0000|2.5434147200
13350000|2.5434147200|2.5434147200|2.5351568800|2.5434147200|1661700|5110887.0000|2.5434147200
13400000|2.5434147200|2.5434147200|2.5351568800|2.5434147200|902464|2779092.0000|2.5434147200
13450000|2.5434147200|2.5434147200|2.5351568800|2.5434147200|1592600|4901272.0000|2.5434147200
13500000|2.5351568800|2.5516725600|2.5351568800|2.5434147200|8478500|26115324.0000|2.5434147200
13550000|2.5434147200|2.5516725600|2.5351568800|2.5434147200|4372600|13467678.0000|2.5434147200
14000000|2.5434147200|2.5434147200|2.5351568800|2.5434147200|406400|1250534.0000|2.5434147200
14050000|2.5434147200|2.5434147200|2.5351568800|2.5351568800|502300|1546005.0000|2.5351568800
14100000|2.5351568800|2.5434147200|2.5351568800|2.5434147200|463000|1423414.0000|2.5434147200
14150000|2.5434147200|2.5516725600|2.5351568800|2.5434147200|4535100|13968083.0000|2.5434147200
14200000|2.5516725600|2.5516725600|2.5434147200|2.5434147200|1245307|3838016.0000|2.5434147200
14250000|2.5516725600|2.5516725600|2.5434147200|2.5434147200|574108|1769712.0000|2.5434147200
14300000|2.5434147200|2.5516725600|2.5434147200|2.5434147200|465100|1434688.0000|2.5434147200
14350000|2.5516725600|2.5516725600|2.5434147200|2.5434147200|879834|2715472.0000|2.5434147200
14400000|2.5434147200|2.5516725600|2.5434147200|2.5516725600|1101900|3396720.0000|2.5516725600
14450000|2.5516725600|2.5516725600|2.5434147200|2.5516725600|1391700|4289472.0000|2.5516725600
14500000|2.5516725600|2.5516725600|2.5434147200|2.5516725600|3260700|10060384.0000|2.5516725600
14550000|2.5516725600|2.5516725600|2.5434147200|2.5516725600|4645500|14320576.0000|2.5516725600
15000000|2.5516725600|2.5516725600|2.5434147200|2.5434147200|3692683|11379024.0000|2.5434147200
