093500|11.2100|11.2400|11.2100|11.2400|613700|6890601.0000|11.2400
094000|11.2400|11.2500|11.2100|11.2500|826200|9274423.0000|11.2500
094500|11.2500|11.2500|11.2000|11.2000|522200|5857827.0000|11.2000
095000|11.2000|11.2300|11.1800|11.2100|445300|4986784.0000|11.2100
095500|11.2100|11.2500|11.2100|11.2500|277700|3119038.0000|11.2500
100000|11.2500|11.2500|11.2200|11.2200|372900|4188108.0000|11.2200
100500|11.2200|11.2400|11.2000|11.2400|400200|4491306.0000|11.2400
101000|11.2400|11.2600|11.2200|11.2300|494400|5557620.0000|11.2300
101500|11.2200|11.2300|11.2100|11.2100|355100|3982776.0000|11.2100
102000|11.2100|11.2300|11.2000|11.2000|209000|2342728.0000|11.2000
102500|11.2000|11.2100|11.1900|11.2100|474700|5317528.0000|11.2100
103000|11.2100|11.2100|11.1900|11.1900|144600|1619216.0000|11.1900
103500|11.2000|11.2100|11.1900|11.2000|144100|1613384.0000|11.2000
104000|11.2000|11.2100|11.1900|11.2000|187100|2095360.0000|11.2000
104500|11.2000|11.2200|11.1900|11.2100|110100|1233564.0000|11.2100
105000|11.2100|11.2200|11.2000|11.2100|212700|2384156.0000|11.2100
105500|11.2100|11.2600|11.2100|11.2300|433000|4865216.0000|11.2300
110000|11.2300|11.2500|11.2300|11.2500|144400|1623152.0000|11.2500
110500|11.2500|11.2800|11.2500|11.2700|581600|6550560.0000|11.2700
111000|11.2700|11.2700|11.2600|11.2700|247800|2791496.0000|11.2700
111500|11.2700|11.2700|11.2400|11.2600|315400|3550616.0000|11.2600
112000|11.2500|11.2600|11.2400|11.2500|70700|795392.0000|11.2500
112500|11.2500|11.2600|11.2300|11.2600|212800|2392928.0000|11.2600
113000|11.2600|11.2800|11.2500|11.2800|317000|3568712.0000|11.2800
130500|11.2700|11.3000|11.2500|11.2700|1271100|14331624.0000|11.2700
131000|11.2700|11.2900|11.2700|11.2700|558400|6297944.0000|11.2700
131500|11.2700|11.3100|11.2700|11.3000|521500|5887480.0000|11.3000
132000|11.3000|11.3100|11.2800|11.3000|491300|5550048.0000|11.3000
132500|11.3000|11.3000|11.2800|11.2900|226700|2559432.0000|11.2900
133000|11.2900|11.2900|11.2700|11.2700|115600|1303800.0000|11.2700
133500|11.2700|11.2700|11.2600|11.2700|324900|3659368.0000|11.2700
134000|11.2600|11.2700|11.2500|11.2700|230800|2598584.0000|11.2700
134500|11.2700|11.2800|11.2500|11.2800|252600|2845152.0000|11.2800
135000|11.2800|11.2800|11.2700|11.2700|199200|2245280.0000|11.2700
135500|11.2700|11.2800|11.2600|11.2600|171700|1934736.0000|11.2600
140000|11.2600|11.2700|11.2600|11.2700|307900|3467808.0000|11.2700
140500|11.2700|11.2700|11.2300|11.2300|356600|4011024.0000|11.2300
141000|11.2300|11.2500|11.2300|11.2500|277300|3117296.0000|11.2500
141500|11.2500|11.2500|11.2300|11.2500|161500|1815408.0000|11.2500
142000|11.2500|11.2500|11.2400|11.2500|206000|2316208.0000|11.2500
142500|11.2500|11.2500|11.2300|11.2300|126100|1417216.0000|11.2300
143000|11.2300|11.2400|11.2300|11.2300|279000|3134544.0000|11.2300
143500|11.2300|11.2400|11.2300|11.2300|145800|1638288.0000|11.2300
144000|11.2300|11.2400|11.2200|11.2300|652800|7329856.0000|11.2300
144500|11.2300|11.2400|11.2200|11.2300|498600|5599696.0000|11.2300
145000|11.2300|11.2400|11.2300|11.2300|302300|3396592.0000|11.2300
145500|11.2300|11.2500|11.2300|11.2500|576700|6479488.0000|11.2500
150000|11.2500|11.2500|11.2400|11.2500|764200|8596640.0000|11.2500
