093500|12.06|12.09|12.03|12.05|13430.0|16198282.0|12.04
094000|12.04|12.05|12.01|12.02|8187.0|9847372.0|12.05
094500|12.02|12.05|12.01|12.02|5933.0|7136958.0|12.02
095000|12.03|12.06|12.01|12.06|8262.0|9945378.0|12.02
095500|12.05|12.08|12.03|12.05|6861.0|8272228.0|12.06
100000|12.05|12.08|12.04|12.06|5978.0|7207630.0|12.05
100500|12.06|12.08|12.05|12.05|4993.0|6024731.0|12.06
101000|12.05|12.07|12.04|12.06|4272.0|5150017.0|12.05
101500|12.06|12.06|12.03|12.06|4914.0|5919447.0|12.06
102000|12.06|12.07|12.05|12.06|3614.0|4359137.0|12.06
102500|12.06|12.07|12.05|12.06|5020.0|6053862.0|12.06
103000|12.05|12.07|12.05|12.06|8155.0|9826438.0|12.06
103500|12.06|12.07|12.05|12.06|3169.0|3822774.0|12.06
104000|12.06|12.08|12.05|12.07|5403.0|6520017.0|12.06
104500|12.06|12.08|12.06|12.07|3880.0|4682235.0|12.07
105000|12.07|12.08|12.06|12.06|2887.0|3484114.0|12.07
105500|12.06|12.08|12.06|12.07|3480.0|4200782.0|12.06
110000|12.07|12.14|12.07|12.13|16933.0|20500956.0|12.07
110500|12.12|12.13|12.09|12.09|4656.0|5639096.0|12.13
111000|12.09|12.1|12.07|12.09|4150.0|5016801.0|12.09
111500|12.1|12.1|12.09|12.09|2144.0|2592958.0|12.09
112000|12.1|12.13|12.09|12.12|4715.0|5709961.0|12.09
112500|12.12|12.13|12.11|12.12|4785.0|5799058.0|12.12
113000|12.12|12.14|12.12|12.13|5099.0|6184255.0|12.12
130500|12.13|12.21|12.13|12.16|40741.0|49627425.0|12.13
131000|12.15|12.18|12.15|12.17|4445.0|5408408.0|12.16
131500|12.18|12.21|12.16|12.16|12672.0|15449083.0|12.17
132000|12.16|12.18|12.15|12.16|5093.0|6193460.0|12.16
132500|12.17|12.18|12.15|12.15|4519.0|5498016.0|12.16
133000|12.15|12.16|12.12|12.13|5635.0|6840506.0|12.15
133500|12.12|12.14|12.12|12.14|2556.0|3101605.0|12.13
134000|12.14|12.15|12.12|12.14|6038.0|7331378.0|12.14
134500|12.14|12.15|12.13|12.14|2554.0|3101563.0|12.14
135000|12.15|12.15|12.13|12.14|5664.0|6877356.0|12.14
135500|12.14|12.14|12.13|12.14|3258.0|3954557.0|12.14
140000|12.13|12.15|12.13|12.14|3492.0|4239164.0|12.14
140500|12.15|12.15|12.12|12.13|4014.0|4872763.0|12.14
141000|12.12|12.13|12.11|12.12|3621.0|4388006.0|12.13
141500|12.12|12.13|12.11|12.12|3583.0|4343984.0|12.12
142000|12.13|12.14|12.11|12.13|5751.0|6970825.0|12.12
142500|12.14|12.14|12.11|12.12|4339.0|5264003.0|12.13
143000|12.12|12.12|12.1|12.11|4005.0|4852112.0|12.12
143500|12.11|12.12|12.1|12.1|5525.0|6694178.0|12.11
144000|12.1|12.12|12.1|12.11|5780.0|6999194.0|12.1
144500|12.11|12.12|12.1|12.11|6936.0|8398571.0|12.11
145000|12.11|12.11|12.08|12.09|9747.0|11786410.0|12.11
145500|12.09|12.1|12.08|12.08|9832.0|11885558.0|12.09
150000|12.09|12.1|12.07|12.1|8179.0|9886238.0|12.08
