093500|7.58|7.64|7.57|7.6|21695.0|16481861.0|7.57
094000|7.6|7.65|7.6|7.64|13583.0|10347363.0|7.6
094500|7.64|7.65|7.59|7.6|13064.0|9968092.0|7.64
095000|7.59|7.61|7.58|7.61|10083.0|7661215.0|7.6
095500|7.61|7.61|7.6|7.61|6076.0|4618945.0|7.61
100000|7.6|7.62|7.6|7.61|4717.0|3590032.0|7.61
100500|7.62|7.62|7.59|7.6|9162.0|6962374.0|7.61
101000|7.6|7.61|7.59|7.59|4578.0|3479810.0|7.6
101500|7.59|7.61|7.58|7.61|8045.0|6109830.0|7.59
102000|7.61|7.61|7.59|7.6|4859.0|3692255.0|7.61
102500|7.6|7.61|7.59|7.6|10361.0|7868144.0|7.6
103000|7.6|7.61|7.59|7.59|3047.0|2314610.0|7.6
103500|7.59|7.6|7.58|7.58|6461.0|4902412.0|7.59
104000|7.58|7.59|7.57|7.58|7375.0|5589260.0|7.58
104500|7.58|7.63|7.58|7.6|12754.0|9698877.0|7.58
105000|7.59|7.61|7.57|7.57|9704.0|7364786.0|7.6
105500|7.57|7.59|7.57|7.58|4358.0|3301693.0|7.57
110000|7.57|7.59|7.57|7.57|4053.0|3070238.0|7.58
110500|7.57|7.59|7.57|7.58|3296.0|2498667.0|7.57
111000|7.57|7.58|7.55|7.56|8612.0|6511126.0|7.58
111500|7.56|7.57|7.54|7.55|7365.0|5562420.0|7.56
112000|7.55|7.58|7.55|7.55|3484.0|2634552.0|7.55
112500|7.56|7.57|7.55|7.56|3956.0|2989120.0|7.55
113000|7.55|7.57|7.55|7.56|3349.0|2530887.0|7.56
130500|7.55|7.57|7.54|7.54|8575.0|6476081.0|7.56
131000|7.54|7.55|7.52|7.53|8565.0|6452203.0|7.54
131500|7.54|7.55|7.52|7.53|6218.0|4688610.0|7.53
132000|7.54|7.55|7.53|7.55|3058.0|2304824.0|7.53
132500|7.55|7.57|7.54|7.56|3701.0|2797893.0|7.55
133000|7.55|7.57|7.54|7.55|3316.0|2505522.0|7.56
133500|7.56|7.57|7.54|7.54|3418.0|2580962.0|7.55
134000|7.54|7.55|7.53|7.54|2639.0|1990020.0|7.54
134500|7.54|7.55|7.53|7.54|5115.0|3854737.0|7.54
135000|7.54|7.55|7.52|7.54|8598.0|6470827.0|7.54
135500|7.53|7.55|7.53|7.53|6756.0|5093131.0|7.54
140000|7.54|7.54|7.52|7.53|2473.0|1862106.0|7.53
140500|7.53|7.55|7.53|7.54|5866.0|4421729.0|7.53
141000|7.53|7.54|7.51|7.51|4307.0|3239120.0|7.54
141500|7.51|7.53|7.5|7.52|6032.0|4528367.0|7.51
142000|7.52|7.52|7.49|7.5|6411.0|4808607.0|7.52
142500|7.49|7.51|7.49|7.5|4897.0|3670676.0|7.5
143000|7.49|7.5|7.48|7.5|9831.0|7361509.0|7.5
143500|7.5|7.52|7.48|7.5|19897.0|14916679.0|7.5
144000|7.49|7.49|7.47|7.49|4102.0|3069627.0|7.5
144500|7.48|7.49|7.46|7.48|6946.0|5191722.0|7.49
145000|7.47|7.49|7.47|7.49|12827.0|9589949.0|7.48
145500|7.49|7.5|7.48|7.49|3898.0|2919837.0|7.49
150000|7.5|7.51|7.49|7.49|6189.0|4638084.0|7.49
