093500|7.5800|7.8200|7.4800|7.7900|10612400|81430840.0000|7.7900
094000|7.7900|7.8300|7.7400|7.7700|5756100|44877416.0000|7.7700
094500|7.7700|7.7700|7.7100|7.7500|3169000|24535632.0000|7.7500
095000|7.7500|7.7600|7.6800|7.6800|2007300|15487392.0000|7.6800
095500|7.6800|7.6900|7.6600|7.6700|1258800|9660864.0000|7.6700
100000|7.6700|7.6900|7.6600|7.6700|816800|6268000.0000|7.6700
100500|7.6700|7.6700|7.6200|7.6200|1400800|10705296.0000|7.6200
101000|7.6200|7.6500|7.6000|7.6200|1167100|8890192.0000|7.6200
101500|7.6200|7.6200|7.5900|7.6200|1162500|8840400.0000|7.6200
102000|7.6200|7.6500|7.6100|7.6300|861100|6574848.0000|7.6300
102500|7.6300|7.6500|7.6100|7.6500|618000|4714896.0000|7.6500
103000|7.6500|7.7000|7.6400|7.7000|689600|5287600.0000|7.7000
103500|7.7000|7.7000|7.6500|7.6700|550500|4222256.0000|7.6700
104000|7.6700|7.6800|7.6600|7.6800|303200|2325872.0000|7.6800
104500|7.6800|7.6800|7.6500|7.6500|400100|3067360.0000|7.6500
105000|7.6500|7.6600|7.6300|7.6300|230200|1760048.0000|7.6300
105500|7.6300|7.6500|7.6200|7.6400|312100|2382240.0000|7.6400
110000|7.6400|7.6500|7.6200|7.6200|173600|1325408.0000|7.6200
110500|7.6200|7.6300|7.6100|7.6200|234000|1783744.0000|7.6200
111000|7.6200|7.6600|7.6200|7.6500|274400|2095888.0000|7.6500
111500|7.6400|7.6600|7.6300|7.6500|298900|2285968.0000|7.6500
112000|7.6500|7.7600|7.6300|7.7200|2033000|15679840.0000|7.7200
112500|7.7200|7.7800|7.7200|7.7200|2131200|16514304.0000|7.7200
113000|7.7200|7.7700|7.7200|7.7400|1092800|8469632.0000|7.7400
130500|7.7600|7.7600|7.6800|7.6800|1296700|10004224.0000|7.6800
131000|7.6800|7.6900|7.6600|7.6600|447600|3437312.0000|7.6600
131500|7.6600|7.6800|7.6500|7.6800|346300|2653632.0000|7.6800
132000|7.6800|7.6800|7.6400|7.6500|521400|3994336.0000|7.6500
132500|7.6500|7.6500|7.6300|7.6400|405300|3098048.0000|7.6400
133000|7.6400|7.6500|7.6300|7.6300|287500|2196224.0000|7.6300
133500|7.6300|7.6400|7.6200|7.6300|646400|4931360.0000|7.6300
134000|7.6300|7.6500|7.6300|7.6300|340200|2599040.0000|7.6300
134500|7.6300|7.6400|7.6200|7.6300|469000|3578592.0000|7.6300
135000|7.6300|7.6400|7.6300|7.6300|229000|1748288.0000|7.6300
135500|7.6300|7.6400|7.6200|7.6300|415700|3172608.0000|7.6300
140000|7.6200|7.6300|7.6100|7.6100|537100|4091968.0000|7.6100
140500|7.6100|7.6300|7.6100|7.6100|318900|2430208.0000|7.6100
141000|7.6100|7.6200|7.5900|7.5900|1394400|10600224.0000|7.5900
141500|7.5900|7.6200|7.5900|7.6100|664300|5050016.0000|7.6100
142000|7.6200|7.6200|7.6000|7.6100|184100|1401024.0000|7.6100
142500|7.6100|7.6100|7.6000|7.6100|278300|2116384.0000|7.6100
143000|7.6000|7.6100|7.6000|7.6100|221900|1688192.0000|7.6100
143500|7.6100|7.6100|7.5800|7.5800|786300|5971744.0000|7.5800
144000|7.5800|7.5900|7.5700|7.5800|788800|5975520.0000|7.5800
144500|7.5800|7.5800|7.5600|7.5800|599800|4541408.0000|7.5800
145000|7.5800|7.5800|7.5600|7.5700|705100|5339488.0000|7.5700
145500|7.5700|7.5800|7.5600|7.5600|892000|6753760.0000|7.5600
150000|7.5600|7.5800|7.5600|7.5600|636600|4814560.0000|7.5600
