093500|7.9500|8.0200|7.9200|7.9300|3753700|29895572.0000|7.9300
094000|7.9300|7.9600|7.9000|7.9300|1425500|11294780.0000|7.9300
094500|7.9300|8.0100|7.9000|8.0000|1976100|15742408.0000|8.0000
095000|8.0000|8.0200|7.9500|7.9600|1179700|9423680.0000|7.9600
095500|7.9600|8.0400|7.9600|8.0400|1976500|15839972.0000|8.0400
100000|8.0400|8.0800|8.0300|8.0400|2254200|18163744.0000|8.0400
100500|8.0400|8.0400|8.0000|8.0200|1339400|10743856.0000|8.0200
101000|8.0200|8.0300|7.9800|7.9800|972600|7784912.0000|7.9800
101500|7.9800|7.9800|7.9300|7.9300|1057900|8416688.0000|7.9300
102000|7.9300|7.9400|7.9100|7.9300|1057000|8375176.0000|7.9300
102500|7.9300|7.9400|7.9100|7.9200|759900|6021792.0000|7.9200
103000|7.9200|7.9500|7.9200|7.9400|431200|3422976.0000|7.9400
103500|7.9400|7.9400|7.9300|7.9400|261300|2073760.0000|7.9400
104000|7.9300|7.9600|7.9300|7.9500|243200|1932336.0000|7.9500
104500|7.9500|7.9500|7.9300|7.9400|262100|2080704.0000|7.9400
105000|7.9300|7.9400|7.9200|7.9300|269100|2133248.0000|7.9300
105500|7.9300|7.9300|7.9100|7.9200|351700|2784576.0000|7.9200
110000|7.9100|7.9300|7.9100|7.9300|309300|2450096.0000|7.9300
110500|7.9300|7.9400|7.9200|7.9300|399000|3164704.0000|7.9300
111000|7.9400|7.9500|7.9300|7.9500|152000|1207648.0000|7.9500
111500|7.9500|7.9600|7.9400|7.9400|212200|1686800.0000|7.9400
112000|7.9500|7.9500|7.9300|7.9400|175100|1390224.0000|7.9400
112500|7.9400|7.9400|7.9200|7.9300|228000|1807296.0000|7.9300
113000|7.9300|7.9300|7.9100|7.9100|282800|2238576.0000|7.9100
130500|7.9100|7.9200|7.8800|7.8800|891100|7037376.0000|7.8800
131000|7.8800|7.8900|7.8400|7.8500|755200|5929440.0000|7.8500
131500|7.8500|7.8600|7.8400|7.8600|381200|2991680.0000|7.8600
132000|7.8600|7.8700|7.8400|7.8600|394900|3102256.0000|7.8600
132500|7.8600|7.8700|7.8500|7.8600|302800|2379440.0000|7.8600
133000|7.8600|7.8700|7.8600|7.8600|177000|1391808.0000|7.8600
133500|7.8600|7.8700|7.8500|7.8500|291500|2290160.0000|7.8500
134000|7.8500|7.8800|7.8500|7.8700|320800|2525008.0000|7.8700
134500|7.8700|7.8800|7.8500|7.8700|311000|2446000.0000|7.8700
135000|7.8700|7.8800|7.8500|7.8500|393700|3096752.0000|7.8500
135500|7.8500|7.8600|7.8300|7.8300|628300|4926576.0000|7.8300
140000|7.8300|7.8400|7.8300|7.8400|275200|2156240.0000|7.8400
140500|7.8400|7.8600|7.8400|7.8500|758000|5943216.0000|7.8500
141000|7.8500|7.8600|7.8400|7.8500|379300|2975168.0000|7.8500
141500|7.8500|7.8700|7.8500|7.8500|257500|2023648.0000|7.8500
142000|7.8500|7.8600|7.8500|7.8500|121300|952800.0000|7.8500
142500|7.8500|7.8700|7.8500|7.8500|185400|1456720.0000|7.8500
143000|7.8500|7.8800|7.8500|7.8600|481800|3787840.0000|7.8600
143500|7.8600|7.9000|7.8600|7.8900|595700|4696528.0000|7.8900
144000|7.8900|7.9200|7.8900|7.9100|588300|4651600.0000|7.9100
144500|7.9100|7.9300|7.9100|7.9200|584500|4630400.0000|7.9200
145000|7.9200|7.9400|7.9200|7.9300|580800|4606272.0000|7.9300
145500|7.9300|7.9500|7.9300|7.9400|642300|5100992.0000|7.9400
150000|7.9400|7.9600|7.9400|7.9500|1034700|8225744.0000|7.9500
