09350000|18.5688855000|18.6789233400|18.5597156800|18.6605837000|242700|4927857.0000|18.6605837000
09400000|18.6605837000|18.8806593800|18.6605837000|18.8531499200|332300|6805791.0000|18.8531499200
09450000|18.8531499200|18.9265084800|18.7889611800|18.7889611800|259700|5345670.0000|18.7889611800
09500000|18.7797913600|18.7797913600|18.6514138800|18.7156026200|171200|3494212.0000|18.7156026200
09550000|18.7247724400|18.7981310000|18.7156026200|18.7797913600|122500|2505872.0000|18.7797913600
10000000|18.7981310000|18.7981310000|18.7431120800|18.7706215400|94900|1942492.0000|18.7706215400
10050000|18.7706215400|18.8164706400|18.7522819000|18.8164706400|75500|1547166.0000|18.8164706400
10100000|18.8164706400|18.8714895600|18.8073008200|18.8714895600|83600|1717306.0000|18.8714895600
10150000|18.8714895600|18.8806593800|18.8348102800|18.8806593800|73800|1518022.0000|18.8806593800
10200000|18.8898292000|18.9081688400|18.8439801000|18.8806593800|138900|2859542.0000|18.8806593800
10250000|18.8806593800|18.9173386600|18.8806593800|18.8989990200|103800|2139384.0000|18.8989990200
10300000|18.8989990200|18.9081688400|18.8439801000|18.8531499200|95300|1961884.0000|18.8531499200
10350000|18.8439801000|18.8898292000|18.8439801000|18.8531499200|93100|1915540.0000|18.8531499200
10400000|18.8531499200|18.8714895600|18.8256404600|18.8623197400|52900|1087412.0000|18.8623197400
10450000|18.8623197400|18.8806593800|18.8256404600|18.8806593800|101300|2083184.0000|18.8806593800
10500000|18.8806593800|18.8898292000|18.8439801000|18.8806593800|85000|1748896.0000|18.8806593800
10550000|18.8714895600|18.9173386600|18.8623197400|18.9173386600|124300|2559828.0000|18.9173386600
11000000|18.9081688400|18.9081688400|18.8439801000|18.8898292000|269300|5533244.0000|18.8898292000
11050000|18.8898292000|18.8898292000|18.8439801000|18.8714895600|132600|2727228.0000|18.8714895600
11100000|18.8623197400|18.8714895600|18.8439801000|18.8439801000|70500|1449816.0000|18.8439801000
11150000|18.8439801000|18.8623197400|18.8256404600|18.8531499200|140400|2884660.0000|18.8531499200
11200000|18.8531499200|18.8531499200|18.7706215400|18.8073008200|108500|2225944.0000|18.8073008200
11250000|18.8073008200|18.8531499200|18.7522819000|18.8348102800|124600|2555028.0000|18.8348102800
11300000|18.8348102800|18.8348102800|18.7797913600|18.7889611800|52700|1080748.0000|18.7889611800
13050000|18.7981310000|18.8164706400|18.7339422600|18.7889611800|133500|2733868.0000|18.7889611800
13100000|18.7889611800|18.7981310000|18.7706215400|18.7889611800|34700|710872.0000|18.7889611800
13150000|18.7797913600|18.7981310000|18.7614517200|18.7614517200|39900|816832.0000|18.7614517200
13200000|18.7614517200|18.8164706400|18.7614517200|18.7614517200|60300|1235472.0000|18.7614517200
13250000|18.7706215400|18.8073008200|18.7614517200|18.7797913600|28200|577608.0000|18.7797913600
13300000|18.7706215400|18.8164706400|18.7614517200|18.7981310000|54700|1120856.0000|18.7981310000
13350000|18.7981310000|18.8164706400|18.7522819000|18.7889611800|116900|2394008.0000|18.7889611800
13400000|18.7889611800|18.7889611800|18.7706215400|18.7889611800|49200|1007800.0000|18.7889611800
13450000|18.7889611800|18.7889611800|18.7522819000|18.7522819000|44200|904744.0000|18.7522819000
13500000|18.7522819000|18.7797913600|18.7339422600|18.7431120800|48200|985736.0000|18.7431120800
13550000|18.7431120800|18.7614517200|18.7247724400|18.7522819000|42800|874728.0000|18.7522819000
14000000|18.7522819000|18.7706215400|18.7431120800|18.7522819000|45200|924512.0000|18.7522819000
14050000|18.7522819000|18.7614517200|18.7156026200|18.7431120800|61800|1262800.0000|18.7431120800
14100000|18.7431120800|18.7797913600|18.7247724400|18.7706215400|53300|1089952.0000|18.7706215400
14150000|18.7706215400|18.7706215400|18.7339422600|18.7706215400|52900|1081640.0000|18.7706215400
14200000|18.7797913600|18.7797913600|18.7431120800|18.7522819000|35300|722080.0000|18.7522819000
14250000|18.7522819000|18.7889611800|18.7522819000|18.7889611800|52900|1082960.0000|18.7889611800
14300000|18.7889611800|18.7889611800|18.7522819000|18.7797913600|83100|1701344.0000|18.7797913600
14350000|18.7797913600|18.7981310000|18.7706215400|18.7889611800|50300|1030432.0000|18.7889611800
14400000|18.7889611800|18.7981310000|18.7431120800|18.7706215400|103400|2116344.0000|18.7706215400
14450000|18.7614517200|18.7981310000|18.7522819000|18.7889611800|83500|1708440.0000|18.7889611800
14500000|18.7889611800|18.7981310000|18.7431120800|18.7522819000|143400|2935752.0000|18.7522819000
14550000|18.7522819000|18.7522819000|18.6972629800|18.6972629800|148800|3038192.0000|18.6972629800
15000000|18.6972629800|18.7156026200|18.6972629800|18.7064328000|56400|1150560.0000|18.7064328000
