09350000|30.9438999800|31.2554811000|30.7783725100|31.2165334600|364000|11623525.0000|31.2165334600
09400000|31.1678489100|31.1678489100|30.9633738000|31.0217952600|134323|4286063.0000|31.0217952600
09450000|31.0217952600|31.0607429000|30.9244261600|31.0217952600|115700|3681682.0000|31.0217952600
09500000|30.9828476200|31.1094274500|30.9633738000|30.9731107100|154900|4936994.0000|30.9731107100
09550000|30.9731107100|31.0607429000|30.9633738000|31.0315321700|110200|3510520.0000|31.0315321700
10000000|31.0315321700|31.0412690800|30.9438999800|31.0217952600|109300|3478440.0000|31.0217952600
10050000|31.0120583500|31.0120583500|30.8854785200|30.8952154300|171440|5449713.0000|30.8952154300
10100000|30.8757416100|30.8854785200|30.7783725100|30.7881094200|217140|6875233.0000|30.7881094200
10150000|30.7686356000|30.9438999800|30.7686356000|30.8757416100|109200|3460538.0000|30.8757416100
10200000|30.8757416100|30.9536368900|30.8465308800|30.9536368900|65100|2065532.0000|30.9536368900
10250000|30.9536368900|30.9633738000|30.8660047000|30.8854785200|55100|1748752.0000|30.8854785200
10300000|30.8854785200|30.9244261600|30.8465308800|30.8660047000|122500|3883908.0000|30.8660047000
10350000|30.8660047000|30.8854785200|30.8173201500|30.8854785200|103900|3291129.0000|30.8854785200
10400000|30.8465308800|30.8562677900|30.7978463300|30.8173201500|103800|3285814.0000|30.8173201500
10450000|30.8173201500|30.9438999800|30.7881094200|30.8952154300|138800|4397907.0000|30.8952154300
10500000|30.8952154300|30.9341630700|30.8757416100|30.9049523400|48300|1532976.0000|30.9049523400
10550000|30.9049523400|31.0510059900|30.8952154300|31.0412690800|109700|3490182.0000|31.0412690800
11000000|31.0412690800|31.0412690800|30.9828476200|31.0120583500|67700|2156544.0000|31.0120583500
11050000|31.0315321700|31.0315321700|30.9828476200|30.9925845300|60200|1916980.0000|30.9925845300
11100000|30.9925845300|31.0412690800|30.9925845300|31.0120583500|77160|2457904.0000|31.0120583500
11150000|31.0120583500|31.0120583500|30.9731107100|30.9828476200|58600|1865478.0000|30.9828476200
11200000|30.9828476200|31.0315321700|30.9828476200|31.0120583500|55700|1774054.0000|31.0120583500
11250000|31.0315321700|31.0412690800|31.0023214400|31.0023214400|64600|2058353.0000|31.0023214400
11300000|31.0023214400|31.0023214400|30.9049523400|30.9146892500|66500|2111810.0000|30.9146892500
13050000|30.9146892500|31.0023214400|30.8660047000|30.8854785200|75100|2384828.0000|30.8854785200
13100000|30.8854785200|30.8854785200|30.7881094200|30.7881094200|129400|4096017.0000|30.7881094200
13150000|30.7881094200|30.8173201500|30.7783725100|30.7881094200|121100|3829135.0000|30.7881094200
13200000|30.7881094200|30.8562677900|30.7881094200|30.8173201500|69646|2204037.0000|30.8173201500
13250000|30.8173201500|30.8173201500|30.6810034100|30.7004772300|252540|7971744.0000|30.7004772300
13300000|30.7004772300|30.7199510500|30.5544235800|30.6225819500|291980|9185928.0000|30.6225819500
13350000|30.5836343100|30.6615295900|30.5349497600|30.6517926800|231200|7260700.0000|30.6517926800
13400000|30.6615295900|30.7004772300|30.6517926800|30.6907403200|86900|2737619.0000|30.6907403200
13450000|30.6907403200|30.7491617800|30.6810034100|30.6810034100|40300|1270799.0000|30.6810034100
13500000|30.6810034100|30.7102141400|30.6517926800|30.7102141400|54300|1710124.0000|30.7102141400
13550000|30.7102141400|30.8075832400|30.6810034100|30.8075832400|91080|2877225.0000|30.8075832400
14000000|30.8075832400|30.8173201500|30.7199510500|30.7394248700|60180|1901094.0000|30.7394248700
14050000|30.7686356000|30.7686356000|30.7199510500|30.7394248700|56900|1796126.0000|30.7394248700
14100000|30.7102141400|30.7296879600|30.6907403200|30.6907403200|49100|1548644.0000|30.6907403200
14150000|30.6907403200|30.7491617800|30.6907403200|30.7394248700|79000|2492217.0000|30.7394248700
14200000|30.7394248700|30.7491617800|30.7102141400|30.7394248700|50282|1587033.0000|30.7394248700
14250000|30.7296879600|30.7491617800|30.6712665000|30.6712665000|123700|3900361.0000|30.6712665000
14300000|30.6712665000|30.6810034100|30.5738974000|30.6615295900|255280|8021989.0000|30.6615295900
14350000|30.6615295900|30.6615295900|30.6225819500|30.6225819500|69200|2177680.0000|30.6225819500
14400000|30.6225819500|30.7686356000|30.6225819500|30.6810034100|154500|4873048.0000|30.6810034100
14450000|30.6810034100|30.7004772300|30.6031081300|30.6323188600|83700|2634781.0000|30.6323188600
14500000|30.6420557700|30.6420557700|30.6128450400|30.6225819500|153340|4823341.0000|30.6225819500
14550000|30.6225819500|30.6517926800|30.6128450400|30.6420557700|138076|4343890.0000|30.6420557700
15000000|30.6420557700|30.6615295900|30.6323188600|30.6615295900|202832|6384262.0000|30.6615295900
