093500|5.52|5.54|5.5|5.5|9761.0|5390102.0|5.52
094000|5.5|5.52|5.49|5.51|3129.0|1723750.0|5.5
094500|5.51|5.52|5.5|5.5|1575.0|867361.0|5.51
095000|5.5|5.5|5.48|5.48|3091.0|1697397.0|5.5
095500|5.48|5.49|5.48|5.49|1233.0|676203.0|5.48
100000|5.49|5.5|5.48|5.5|3767.0|2069349.0|5.49
100500|5.51|5.51|5.49|5.5|3903.0|2148231.0|5.5
101000|5.51|5.53|5.51|5.52|2263.0|1248662.0|5.5
101500|5.52|5.53|5.51|5.53|1237.0|682733.0|5.52
102000|5.53|5.53|5.51|5.51|2599.0|1434543.0|5.53
102500|5.51|5.52|5.5|5.51|2675.0|1473156.0|5.51
103000|5.51|5.52|5.5|5.5|1287.0|709026.0|5.51
103500|5.5|5.51|5.5|5.51|677.0|372561.0|5.5
104000|5.51|5.51|5.5|5.5|3473.0|1910278.0|5.51
104500|5.51|5.51|5.5|5.51|1619.0|890522.0|5.5
105000|5.51|5.52|5.5|5.52|2081.0|1146358.0|5.51
105500|5.52|5.54|5.51|5.53|3748.0|2071294.0|5.52
110000|5.54|5.54|5.53|5.53|504.0|279181.0|5.53
110500|5.54|5.54|5.53|5.53|1887.0|1043722.0|5.53
111000|5.53|5.53|5.52|5.53|327.0|180813.0|5.53
111500|5.52|5.53|5.52|5.53|985.0|544674.0|5.53
112000|5.53|5.53|5.52|5.53|468.0|258728.0|5.53
112500|5.53|5.54|5.52|5.53|1313.0|726059.0|5.53
113000|5.53|5.53|5.52|5.52|412.0|227669.0|5.53
130500|5.52|5.53|5.51|5.52|1560.0|860584.0|5.52
131000|5.52|5.53|5.51|5.52|2460.0|1358400.0|5.52
131500|5.52|5.53|5.51|5.52|683.0|376860.0|5.52
132000|5.51|5.52|5.51|5.51|441.0|243307.0|5.52
132500|5.51|5.52|5.5|5.5|1431.0|788305.0|5.51
133000|5.51|5.51|5.5|5.5|414.0|227728.0|5.5
133500|5.5|5.51|5.5|5.51|814.0|447776.0|5.5
134000|5.51|5.52|5.5|5.51|1808.0|996135.0|5.51
134500|5.51|5.52|5.51|5.52|386.0|212985.0|5.51
135000|5.52|5.52|5.51|5.52|466.0|256898.0|5.52
135500|5.51|5.51|5.5|5.5|2032.0|1119047.0|5.52
140000|5.5|5.51|5.5|5.51|454.0|249873.0|5.5
140500|5.5|5.52|5.5|5.51|7256.0|3994266.0|5.51
141000|5.51|5.52|5.5|5.5|1170.0|644638.0|5.51
141500|5.51|5.52|5.5|5.51|1433.0|789593.0|5.5
142000|5.51|5.52|5.5|5.5|1179.0|649419.0|5.51
142500|5.5|5.51|5.5|5.51|397.0|218417.0|5.5
143000|5.51|5.51|5.5|5.5|704.0|387770.0|5.51
143500|5.51|5.51|5.5|5.5|1352.0|744624.0|5.5
144000|5.51|5.51|5.49|5.5|2308.0|1269087.0|5.5
144500|5.49|5.5|5.49|5.49|1338.0|734960.0|5.5
145000|5.49|5.5|5.49|5.5|1328.0|729516.0|5.49
145500|5.49|5.5|5.48|5.49|3611.0|1982918.0|5.5
150000|5.49|5.5|5.48|5.49|1027.0|564083.0|5.49
