093500|6.89|6.96|6.88|6.88|6614.0|4580036.0|6.86
094000|6.88|6.92|6.87|6.92|4203.0|2896945.0|6.88
094500|6.92|6.97|6.89|6.92|6849.0|4748686.0|6.92
095000|6.93|6.95|6.92|6.95|2653.0|1840704.0|6.92
095500|6.96|7.0|6.95|7.0|4650.0|3242115.0|6.95
100000|7.0|7.0|6.95|6.97|2369.0|1653253.0|7.0
100500|6.97|6.98|6.96|6.97|2000.0|1393852.0|6.97
101000|6.96|6.98|6.94|6.96|3414.0|2374876.0|6.97
101500|6.96|6.96|6.93|6.93|3080.0|2139992.0|6.96
102000|6.95|6.97|6.93|6.96|1852.0|1286544.0|6.93
102500|6.95|6.97|6.95|6.97|1246.0|866795.0|6.96
103000|6.95|6.99|6.95|6.98|1768.0|1233078.0|6.97
103500|6.98|6.99|6.95|6.96|2867.0|1997576.0|6.98
104000|6.96|6.99|6.95|6.98|902.0|629311.0|6.96
104500|6.97|6.99|6.97|6.99|842.0|587845.0|6.98
105000|6.98|6.98|6.97|6.98|807.0|562943.0|6.99
105500|6.98|6.99|6.97|6.97|1208.0|843303.0|6.98
110000|6.99|6.99|6.97|6.97|687.0|479477.0|6.97
110500|6.97|6.99|6.97|6.98|1451.0|1012907.0|6.97
111000|6.99|6.99|6.97|6.97|789.0|550845.0|6.98
111500|6.98|6.99|6.97|6.98|526.0|367138.0|6.97
112000|6.98|6.98|6.97|6.98|812.0|566722.0|6.98
112500|6.97|6.99|6.97|6.98|1586.0|1106524.0|6.98
113000|6.98|6.99|6.98|6.99|773.0|539770.0|6.98
130500|6.99|7.12|6.97|7.05|11352.0|7988047.0|6.99
131000|7.05|7.07|7.05|7.05|1473.0|1039638.0|7.05
131500|7.05|7.06|7.04|7.04|1508.0|1062657.0|7.05
132000|7.03|7.04|7.02|7.02|809.0|568669.0|7.04
132500|7.02|7.03|7.01|7.01|1029.0|721798.0|7.02
133000|7.01|7.05|7.01|7.03|1843.0|1294236.0|7.01
133500|7.03|7.04|7.02|7.03|889.0|624978.0|7.03
134000|7.02|7.04|7.01|7.01|1101.0|772955.0|7.03
134500|7.01|7.03|7.01|7.03|1351.0|948007.0|7.01
135000|7.02|7.03|7.01|7.02|685.0|480912.0|7.03
135500|7.02|7.03|7.02|7.02|156.0|109533.0|7.02
140000|7.02|7.03|7.02|7.02|427.0|299969.0|7.02
140500|7.02|7.06|7.02|7.06|3041.0|2140412.0|7.02
141000|7.06|7.06|7.04|7.05|436.0|307366.0|7.06
141500|7.05|7.07|7.04|7.07|2231.0|1574230.0|7.05
142000|7.06|7.08|7.06|7.08|1894.0|1338414.0|7.07
142500|7.08|7.08|7.06|7.07|2827.0|1998001.0|7.08
143000|7.07|7.07|7.06|7.06|2002.0|1415178.0|7.07
143500|7.07|7.11|7.06|7.1|5184.0|3675491.0|7.06
144000|7.09|7.11|7.08|7.1|4275.0|3033524.0|7.1
144500|7.1|7.16|7.1|7.15|18773.0|13388831.0|7.1
145000|7.14|7.17|7.11|7.16|7201.0|5146127.0|7.15
145500|7.16|7.17|7.14|7.14|6336.0|4535457.0|7.16
150000|7.15|7.17|7.15|7.16|2602.0|1862854.0|7.14
