093500|12.28|12.3|12.22|12.26|4619.0|5658356.0|12.28
094000|12.26|12.31|12.25|12.28|3776.0|4640013.0|12.26
094500|12.29|12.3|12.25|12.26|4737.0|5820544.0|12.28
095000|12.27|12.27|12.24|12.27|3458.0|4236784.0|12.26
095500|12.26|12.26|12.25|12.25|1296.0|1588320.0|12.27
100000|12.25|12.28|12.24|12.26|1258.0|1542420.0|12.25
100500|12.28|12.28|12.26|12.28|1061.0|1301994.0|12.26
101000|12.27|12.28|12.26|12.26|732.0|898101.0|12.28
101500|12.26|12.27|12.24|12.25|1613.0|1975544.0|12.26
102000|12.24|12.25|12.24|12.25|646.0|791168.0|12.25
102500|12.25|12.25|12.24|12.24|1240.0|1518481.0|12.25
103000|12.24|12.26|12.24|12.26|1070.0|1310629.0|12.24
103500|12.26|12.61|12.25|12.46|43381.0|54033852.0|12.26
104000|12.46|12.56|12.45|12.56|19067.0|23818855.0|12.46
104500|12.57|12.59|12.46|12.46|20960.0|26300910.0|12.56
105000|12.46|12.5|12.46|12.48|5092.0|6356976.0|12.46
105500|12.49|12.49|12.46|12.46|2672.0|3332596.0|12.48
110000|12.47|12.48|12.45|12.47|3038.0|3785719.0|12.46
110500|12.47|12.47|12.46|12.46|1762.0|2196220.0|12.47
111000|12.46|12.46|12.44|12.46|2353.0|2929443.0|12.46
111500|12.45|12.46|12.44|12.46|2194.0|2731377.0|12.46
112000|12.45|12.46|12.45|12.45|1744.0|2172192.0|12.46
112500|12.45|12.47|12.45|12.46|1231.0|1533904.0|12.45
113000|12.47|12.47|12.45|12.45|2143.0|2669181.0|12.46
130500|12.46|12.46|12.4|12.42|3370.0|4188539.0|12.45
131000|12.42|12.44|12.41|12.42|944.0|1173252.0|12.42
131500|12.42|12.42|12.4|12.42|2041.0|2533056.0|12.42
132000|12.42|12.42|12.41|12.41|808.0|1003173.0|12.42
132500|12.41|12.42|12.39|12.42|2634.0|3268106.0|12.41
133000|12.42|12.46|12.41|12.44|2366.0|2943260.0|12.42
133500|12.45|12.45|12.42|12.44|2284.0|2841275.0|12.44
134000|12.44|12.45|12.44|12.44|1476.0|1836616.0|12.44
134500|12.44|12.45|12.42|12.42|1478.0|1837217.0|12.44
135000|12.42|12.44|12.42|12.43|1223.0|1520620.0|12.42
135500|12.43|12.43|12.42|12.43|1242.0|1543215.0|12.43
140000|12.43|12.44|12.42|12.44|866.0|1076422.0|12.43
140500|12.43|12.44|12.42|12.42|1320.0|1640755.0|12.44
141000|12.42|12.42|12.41|12.42|1918.0|2381891.0|12.42
141500|12.42|12.43|12.42|12.42|957.0|1188973.0|12.42
142000|12.42|12.44|12.42|12.43|2136.0|2654604.0|12.42
142500|12.43|12.43|12.42|12.42|1275.0|1584287.0|12.43
143000|12.42|12.44|12.42|12.44|1071.0|1331111.0|12.42
143500|12.44|12.46|12.43|12.46|3077.0|3829347.0|12.44
144000|12.46|12.46|12.44|12.44|2171.0|2702091.0|12.46
144500|12.45|12.45|12.44|12.44|3620.0|4504846.0|12.44
145000|12.44|12.45|12.43|12.44|3161.0|3931422.0|12.44
145500|12.43|12.45|12.43|12.45|4596.0|5715682.0|12.44
150000|12.45|12.45|12.44|12.45|4487.0|5584929.0|12.45
