093500|61.01|61.24|59.34|59.56|4037.0|24512276.0|61.01
094000|59.57|59.95|59.41|59.41|2000.0|12003395.0|59.56
094500|59.42|59.79|59.28|59.31|2265.0|13578097.0|59.41
095000|59.31|60.54|59.19|60.2|2576.0|15473396.0|59.31
095500|60.01|60.72|59.87|60.31|1528.0|9264023.0|60.2
100000|60.33|61.01|60.33|60.7|1511.0|9235605.0|60.31
100500|60.69|60.73|60.22|60.53|1303.0|7941196.0|60.7
101000|60.49|60.53|60.2|60.2|955.0|5796839.0|60.53
101500|60.2|60.53|60.05|60.39|1070.0|6492404.0|60.2
102000|60.43|60.65|60.35|60.48|331.0|2015788.0|60.39
102500|60.47|60.47|60.12|60.43|574.0|3481881.0|60.48
103000|60.41|60.53|60.19|60.26|1248.0|7575300.0|60.43
103500|60.26|60.8|60.25|60.8|1128.0|6870015.0|60.26
104000|60.76|60.9|60.55|60.76|439.0|2687158.0|60.8
104500|60.69|60.71|60.52|60.7|293.0|1789747.0|60.76
105000|60.7|60.7|60.56|60.68|465.0|2841249.0|60.7
105500|60.68|61.34|60.66|61.3|766.0|4705036.0|60.68
110000|61.3|61.52|61.05|61.05|820.0|5060443.0|61.3
110500|61.07|61.34|60.95|61.32|293.0|1804006.0|61.05
111000|61.33|61.51|61.19|61.44|372.0|2301187.0|61.32
111500|61.42|61.54|61.07|61.11|829.0|5113351.0|61.44
112000|61.1|61.4|61.08|61.16|271.0|1669716.0|61.11
112500|61.14|61.52|61.14|61.52|344.0|2126288.0|61.16
113000|61.41|61.52|61.3|61.5|459.0|2842522.0|61.52
130500|61.52|61.54|61.03|61.03|564.0|3490655.0|61.5
131000|61.03|61.19|60.66|60.76|797.0|4888870.0|61.03
131500|60.73|61.08|60.12|60.55|927.0|5663383.0|60.76
132000|60.65|60.91|60.45|60.88|720.0|4396941.0|60.55
132500|60.88|60.92|60.82|60.92|341.0|2092022.0|60.88
133000|60.87|60.92|60.75|60.76|463.0|2836038.0|60.92
133500|60.76|60.92|60.7|60.89|309.0|1894376.0|60.76
134000|60.89|60.91|60.64|60.87|695.0|4244848.0|60.89
134500|60.73|60.81|60.6|60.6|117.0|715233.0|60.87
135000|60.42|60.62|60.42|60.55|781.0|4762979.0|60.6
135500|60.55|60.77|60.5|60.68|304.0|1857439.0|60.55
140000|60.7|61.01|60.59|60.88|531.0|3250675.0|60.68
140500|60.87|61.42|60.67|61.03|715.0|4390385.0|60.88
141000|60.97|61.05|60.61|60.75|1100.0|6730186.0|61.03
141500|60.75|61.05|60.66|60.68|505.0|3093795.0|60.75
142000|60.75|60.9|60.63|60.69|514.0|3142988.0|60.68
142500|60.73|60.97|60.73|60.86|429.0|2630183.0|60.69
143000|60.86|61.01|60.78|60.82|491.0|3011726.0|60.86
143500|60.82|60.91|60.75|60.75|1022.0|6265171.0|60.82
144000|60.73|60.75|60.56|60.56|859.0|5247683.0|60.75
144500|60.56|60.75|60.56|60.74|848.0|5182483.0|60.56
145000|60.73|60.99|60.66|60.79|1697.0|10389343.0|60.74
145500|60.81|60.99|60.58|60.63|2433.0|14886078.0|60.79
150000|60.65|60.85|60.53|60.81|898.0|5493714.0|60.63
