093500|17.4700|17.8000|17.4500|17.5900|278000|4892970.0000|17.5900
094000|17.5900|17.7000|17.5900|17.6300|138900|2451973.0000|17.6300
094500|17.6400|17.7000|17.6300|17.6900|116100|2051720.0000|17.6900
095000|17.7000|17.7200|17.6100|17.6400|177100|3126718.0000|17.6400
095500|17.6600|17.7100|17.6200|17.6200|137300|2425697.0000|17.6200
100000|17.6300|17.6800|17.6100|17.6500|89200|1573785.0000|17.6500
100500|17.6500|17.6600|17.5200|17.5400|90200|1586719.0000|17.5400
101000|17.5400|17.5800|17.5300|17.5600|73000|1281354.0000|17.5600
101500|17.5500|17.5600|17.5100|17.5300|54200|949866.0000|17.5300
102000|17.5200|17.5300|17.4400|17.4800|111200|1944630.0000|17.4800
102500|17.4800|17.4800|17.3800|17.4400|108400|1889558.0000|17.4400
103000|17.4300|17.4700|17.4200|17.4500|18800|327942.0000|17.4500
103500|17.4500|17.5500|17.4500|17.5500|59300|1037384.0000|17.5500
104000|17.5500|17.6000|17.5400|17.5700|53500|939556.0000|17.5700
104500|17.5800|17.5900|17.5600|17.5600|21100|370838.0000|17.5600
105000|17.5600|17.6000|17.5600|17.5900|45200|794838.0000|17.5900
105500|17.5900|17.6000|17.5500|17.5600|40100|704822.0000|17.5600
110000|17.5600|17.6500|17.5600|17.6000|115700|2036614.0000|17.6000
110500|17.6000|17.6100|17.5600|17.5800|69800|1227764.0000|17.5800
111000|17.5800|17.6200|17.5700|17.6000|54200|953784.0000|17.6000
111500|17.6000|17.6900|17.6000|17.6400|158500|2797328.0000|17.6400
112000|17.6800|17.6800|17.6400|17.6400|55500|979908.0000|17.6400
112500|17.6500|17.6500|17.5900|17.6100|115500|2034084.0000|17.6100
113000|17.6100|17.6100|17.5700|17.5900|36900|648940.0000|17.5900
130500|17.5900|17.5900|17.5000|17.5100|49200|863352.0000|17.5100
131000|17.5100|17.5200|17.4900|17.5000|27100|474364.0000|17.5000
131500|17.5000|17.5200|17.4900|17.4900|61700|1079536.0000|17.4900
132000|17.4900|17.5000|17.4400|17.4900|69800|1219204.0000|17.4900
132500|17.5000|17.5200|17.4800|17.5000|75100|1313944.0000|17.5000
133000|17.5100|17.5300|17.4800|17.4900|77300|1352812.0000|17.4900
133500|17.4800|17.4900|17.4700|17.4800|52500|917896.0000|17.4800
134000|17.4800|17.5000|17.4800|17.4900|38300|669732.0000|17.4900
134500|17.4900|17.5000|17.4600|17.4800|71600|1251400.0000|17.4800
135000|17.4800|17.4800|17.4100|17.4400|127700|2228308.0000|17.4400
135500|17.4400|17.4500|17.4300|17.4400|48400|844048.0000|17.4400
140000|17.4400|17.4600|17.4400|17.4400|25000|436196.0000|17.4400
140500|17.4500|17.4500|17.3900|17.3900|115600|2012556.0000|17.3900
141000|17.3900|17.4400|17.3900|17.4200|33700|586940.0000|17.4200
141500|17.4300|17.4300|17.4000|17.4100|50500|879520.0000|17.4100
142000|17.4200|17.4200|17.4000|17.4100|58700|1021888.0000|17.4100
142500|17.4100|17.4200|17.4100|17.4100|39500|687704.0000|17.4100
143000|17.4200|17.4500|17.4100|17.4500|31800|554276.0000|17.4500
143500|17.4600|17.4600|17.4300|17.4300|38800|676872.0000|17.4300
144000|17.4300|17.4600|17.4300|17.4500|43500|758664.0000|17.4500
144500|17.4400|17.4600|17.4300|17.4500|70900|1236724.0000|17.4500
145000|17.4700|17.4800|17.4500|17.4700|75000|1309504.0000|17.4700
145500|17.4700|17.4800|17.4500|17.4700|98800|1725556.0000|17.4700
150000|17.4600|17.4700|17.4600|17.4700|130600|2281108.0000|17.4700
