093500|10.91|10.93|10.85|10.85|67690.0|73707317.0|10.91
094000|10.85|10.85|10.82|10.83|46584.0|50480155.0|10.85
094500|10.83|10.85|10.82|10.84|39861.0|43187461.0|10.83
095000|10.85|10.85|10.82|10.83|25691.0|27846357.0|10.84
095500|10.83|10.89|10.83|10.84|30290.0|32878049.0|10.83
100000|10.84|10.86|10.83|10.85|19522.0|21173339.0|10.84
100500|10.84|10.85|10.82|10.83|31618.0|34259318.0|10.85
101000|10.83|10.85|10.83|10.85|17981.0|19488255.0|10.83
101500|10.84|10.89|10.84|10.89|36335.0|39508650.0|10.85
102000|10.88|10.89|10.87|10.88|22182.0|24138366.0|10.89
102500|10.88|10.9|10.87|10.87|19825.0|21590264.0|10.88
103000|10.88|10.88|10.86|10.86|7880.0|8563302.0|10.87
103500|10.86|10.88|10.85|10.88|19385.0|21065796.0|10.86
104000|10.87|10.88|10.86|10.86|8124.0|8826439.0|10.88
104500|10.86|10.87|10.85|10.87|9974.0|10836470.0|10.86
105000|10.88|10.92|10.87|10.92|22997.0|25066676.0|10.87
105500|10.93|10.95|10.92|10.93|38330.0|41902761.0|10.92
110000|10.92|10.93|10.91|10.92|13295.0|14517051.0|10.93
110500|10.92|10.92|10.9|10.9|8300.0|9054213.0|10.92
111000|10.9|10.91|10.9|10.91|13187.0|14377973.0|10.9
111500|10.9|10.95|10.9|10.95|18683.0|20412689.0|10.91
112000|10.95|10.98|10.94|10.98|27366.0|29977494.0|10.95
112500|10.98|11.02|10.98|11.0|47800.0|52560791.0|10.98
113000|10.99|11.0|10.97|10.98|21410.0|23527862.0|11.0
130500|10.98|11.0|10.97|10.98|25993.0|28546357.0|10.98
131000|10.98|10.99|10.97|10.97|15088.0|16571442.0|10.98
131500|10.97|10.97|10.93|10.93|25497.0|27935530.0|10.97
132000|10.93|10.94|10.91|10.94|16816.0|18369469.0|10.93
132500|10.94|10.97|10.93|10.97|12591.0|13779672.0|10.94
133000|10.98|10.99|10.95|10.97|18722.0|20534222.0|10.97
133500|10.97|10.98|10.95|10.97|11934.0|13087090.0|10.97
134000|10.98|10.99|10.96|10.96|21550.0|23664094.0|10.97
134500|10.96|10.97|10.94|10.95|10424.0|11418043.0|10.96
135000|10.95|10.97|10.95|10.96|11214.0|12292178.0|10.95
135500|10.96|10.96|10.95|10.95|6200.0|6791500.0|10.96
140000|10.95|10.97|10.95|10.97|8677.0|9505645.0|10.95
140500|10.97|10.97|10.96|10.97|9470.0|10386675.0|10.97
141000|10.97|10.97|10.96|10.96|13513.0|14816516.0|10.97
141500|10.96|10.98|10.95|10.97|9628.0|10558870.0|10.96
142000|10.97|10.98|10.97|10.97|6456.0|7085741.0|10.97
142500|10.98|11.0|10.98|10.98|18281.0|20087674.0|10.97
143000|10.98|11.0|10.98|11.0|10041.0|11038328.0|10.98
143500|11.0|11.0|10.96|10.97|25720.0|28244019.0|11.0
144000|10.96|10.98|10.96|10.98|9705.0|10643630.0|10.97
144500|10.98|10.98|10.96|10.97|9820.0|10773752.0|10.98
145000|10.97|10.98|10.96|10.97|17537.0|19243360.0|10.97
145500|10.98|10.99|10.97|10.98|23100.0|25361957.0|10.97
150000|10.99|11.0|10.98|10.99|25148.0|27638114.0|10.98
