093500|23.82|24.85|23.82|24.5|29475.0|71659336.0|24.23
094000|24.43|24.74|24.36|24.71|23574.0|58022192.0|24.5
094500|24.69|24.71|24.58|24.7|10043.0|24755375.0|24.71
095000|24.75|24.81|24.59|24.78|12403.0|30645882.0|24.7
095500|24.79|25.13|24.79|24.9|26087.0|65182767.0|24.78
100000|24.9|25.14|24.9|25.04|18273.0|45763018.0|24.9
100500|25.03|25.03|24.82|24.85|8692.0|21646905.0|25.04
101000|24.85|25.07|24.83|25.07|5405.0|13462225.0|24.85
101500|25.09|25.13|24.95|24.98|9785.0|24519627.0|25.07
102000|24.99|25.2|24.99|25.18|12852.0|32295257.0|24.98
102500|25.16|25.18|24.95|24.96|6215.0|15571966.0|25.18
103000|24.96|25.07|24.93|25.04|3920.0|9800339.0|24.96
103500|25.05|25.07|24.95|25.04|3091.0|7727807.0|25.04
104000|25.03|25.04|24.9|24.9|4387.0|10949961.0|25.04
104500|24.88|24.92|24.85|24.91|3893.0|9683835.0|24.9
105000|24.91|24.99|24.88|24.94|2585.0|6443045.0|24.91
105500|24.92|24.92|24.84|24.91|3685.0|9166003.0|24.94
110000|24.9|24.91|24.81|24.86|3478.0|8643352.0|24.91
110500|24.85|25.0|24.84|24.99|2664.0|6637245.0|24.86
111000|25.0|25.05|24.94|24.94|2390.0|5976460.0|24.99
111500|24.94|24.94|24.85|24.9|1620.0|4034093.0|24.94
112000|24.88|24.94|24.81|24.81|2327.0|5789092.0|24.9
112500|24.81|24.88|24.66|24.66|4553.0|11280844.0|24.81
113000|24.7|24.77|24.67|24.71|3951.0|9760356.0|24.66
130500|24.72|24.81|24.72|24.78|2987.0|7397140.0|24.71
131000|24.77|24.78|24.68|24.73|2205.0|5450072.0|24.78
131500|24.72|24.75|24.7|24.75|1438.0|3554830.0|24.73
132000|24.75|24.8|24.74|24.74|1984.0|4916718.0|24.75
132500|24.75|24.78|24.73|24.74|1379.0|3412806.0|24.74
133000|24.74|24.79|24.72|24.76|1137.0|2814803.0|24.74
133500|24.77|24.78|24.73|24.73|1575.0|3899287.0|24.76
134000|24.74|24.75|24.72|24.74|1138.0|2814222.0|24.73
134500|24.73|24.77|24.71|24.77|1558.0|3854693.0|24.74
135000|24.77|24.77|24.7|24.77|2559.0|6327600.0|24.77
135500|24.77|24.9|24.77|24.8|3977.0|9886706.0|24.77
140000|24.79|24.8|24.75|24.76|1113.0|2756449.0|24.8
140500|24.76|24.83|24.74|24.79|1215.0|3011089.0|24.76
141000|24.79|24.8|24.73|24.73|1470.0|3639227.0|24.79
141500|24.73|24.97|24.73|24.89|5158.0|12835206.0|24.73
142000|24.89|24.99|24.85|24.87|3653.0|9111570.0|24.89
142500|24.87|24.87|24.79|24.79|2098.0|5205570.0|24.87
143000|24.8|24.82|24.79|24.81|1505.0|3733554.0|24.79
143500|24.81|24.88|24.81|24.87|2122.0|5269901.0|24.81
144000|24.87|24.91|24.87|24.89|4086.0|10171198.0|24.87
144500|24.9|24.9|24.84|24.85|3703.0|9209582.0|24.89
145000|24.85|24.95|24.84|24.87|8887.0|22117345.0|24.85
145500|24.87|24.91|24.86|24.91|8332.0|20742408.0|24.87
150000|24.91|24.91|24.88|24.9|9121.0|22711906.0|24.91
