093500|5.7400|5.7500|5.7100|5.7100|1992144|11393881.0000|5.7100
094000|5.7100|5.7200|5.6800|5.7100|1552100|8851340.0000|5.7100
094500|5.7100|5.7200|5.6900|5.7200|681100|3887751.0000|5.7200
095000|5.7200|5.7200|5.7000|5.7000|471600|2689952.0000|5.7000
095500|5.7000|5.7100|5.6800|5.6800|543700|3095799.0000|5.6800
100000|5.6900|5.6900|5.6700|5.6800|581900|3306190.0000|5.6800
100500|5.6700|5.6800|5.6500|5.6600|998100|5651593.0000|5.6600
101000|5.6700|5.6700|5.6500|5.6700|545400|3088809.0000|5.6700
101500|5.6700|5.6700|5.6500|5.6700|462300|2617337.0000|5.6700
102000|5.6600|5.6700|5.6500|5.6600|458900|2597692.0000|5.6600
102500|5.6600|5.6600|5.6500|5.6600|541800|3062965.0000|5.6600
103000|5.6500|5.6700|5.6500|5.6600|215300|1218405.0000|5.6600
103500|5.6600|5.6700|5.6500|5.6500|415100|2351147.0000|5.6500
104000|5.6500|5.6600|5.6300|5.6300|745500|4207843.0000|5.6300
104500|5.6300|5.6400|5.6200|5.6300|747562|4205414.0000|5.6300
105000|5.6300|5.6400|5.6100|5.6100|448300|2520864.0000|5.6100
105500|5.6100|5.6300|5.6100|5.6300|334600|1879320.0000|5.6300
110000|5.6200|5.6300|5.6100|5.6300|362800|2038928.0000|5.6300
110500|5.6300|5.6400|5.6200|5.6400|300800|1693633.0000|5.6400
111000|5.6400|5.6400|5.6200|5.6300|86700|487852.0000|5.6300
111500|5.6300|5.6300|5.6200|5.6200|131900|741444.0000|5.6200
112000|5.6200|5.6300|5.6200|5.6300|594000|3342340.0000|5.6300
112500|5.6200|5.6400|5.6100|5.6200|552100|3105000.0000|5.6200
113000|5.6300|5.6300|5.6100|5.6100|137400|772175.0000|5.6100
130500|5.6100|5.6300|5.6100|5.6200|530100|2978078.0000|5.6200
131000|5.6200|5.6300|5.6000|5.6300|766300|4299639.0000|5.6300
131500|5.6300|5.6400|5.6200|5.6300|137800|776114.0000|5.6300
132000|5.6300|5.6500|5.6200|5.6500|128500|724429.0000|5.6500
132500|5.6500|5.6600|5.6400|5.6500|224500|1268266.0000|5.6500
133000|5.6500|5.6600|5.6400|5.6500|100300|566599.0000|5.6500
133500|5.6500|5.6600|5.6400|5.6500|274300|1548467.0000|5.6500
134000|5.6500|5.6500|5.6400|5.6400|131300|740848.0000|5.6400
134500|5.6400|5.6500|5.6400|5.6500|121700|686774.0000|5.6500
135000|5.6500|5.6600|5.6400|5.6500|515800|2905923.0000|5.6500
135500|5.6600|5.6600|5.6400|5.6600|163900|925812.0000|5.6600
140000|5.6600|5.6600|5.6400|5.6400|126300|713098.0000|5.6400
140500|5.6400|5.6500|5.6200|5.6200|403300|2270934.0000|5.6200
141000|5.6200|5.6300|5.6100|5.6100|355200|1995101.0000|5.6100
141500|5.6100|5.6200|5.6000|5.6200|369400|2072464.0000|5.6200
142000|5.6100|5.6200|5.6000|5.6200|272300|1527724.0000|5.6200
142500|5.6200|5.6200|5.6100|5.6100|194200|1090161.0000|5.6100
143000|5.6100|5.6300|5.6100|5.6300|238900|1343436.0000|5.6300
143500|5.6300|5.6400|5.6200|5.6400|230000|1294627.0000|5.6400
144000|5.6400|5.6400|5.6300|5.6300|302100|1703084.0000|5.6300
144500|5.6400|5.6400|5.6200|5.6300|215300|1211203.0000|5.6300
145000|5.6200|5.6400|5.6200|5.6400|387267|2179010.0000|5.6400
145500|5.6500|5.6500|5.6300|5.6400|552300|3115972.0000|5.6400
150000|5.6500|5.6500|5.6400|5.6500|393455|2222384.0000|5.6500
