09350000|4.6100000000|4.6400000000|4.5800000000|4.5900000000|2190383|10084920.0000|4.5900000000
09400000|4.5900000000|4.6000000000|4.5800000000|4.5900000000|864800|3969008.0000|4.5900000000
09450000|4.5900000000|4.6100000000|4.5800000000|4.5800000000|1083385|4977979.0000|4.5800000000
09500000|4.5900000000|4.5900000000|4.5700000000|4.5900000000|822082|3768266.0000|4.5900000000
09550000|4.6000000000|4.6000000000|4.5700000000|4.5800000000|514800|2358086.0000|4.5800000000
10000000|4.5800000000|4.5900000000|4.5700000000|4.5800000000|514918|2356842.0000|4.5800000000
10050000|4.5800000000|4.5900000000|4.5700000000|4.5700000000|910000|4163384.0000|4.5700000000
10100000|4.5700000000|4.5900000000|4.5700000000|4.5700000000|861300|3942738.0000|4.5700000000
10150000|4.5700000000|4.5800000000|4.5700000000|4.5700000000|289200|1323511.0000|4.5700000000
10200000|4.5800000000|4.5800000000|4.5600000000|4.5700000000|564200|2579236.0000|4.5700000000
10250000|4.5700000000|4.5800000000|4.5600000000|4.5700000000|331300|1514666.0000|4.5700000000
10300000|4.5700000000|4.6000000000|4.5700000000|4.5800000000|1197776|5481381.0000|4.5800000000
10350000|4.5800000000|4.6000000000|4.5800000000|4.6000000000|224700|1031904.0000|4.6000000000
10400000|4.6000000000|4.6000000000|4.5900000000|4.6000000000|374900|1723069.0000|4.6000000000
10450000|4.5900000000|4.6100000000|4.5900000000|4.6000000000|298600|1373513.0000|4.6000000000
10500000|4.6000000000|4.6100000000|4.5900000000|4.5900000000|410517|1886470.0000|4.5900000000
10550000|4.5900000000|4.6100000000|4.5800000000|4.6000000000|401600|1845654.0000|4.6000000000
11000000|4.5900000000|4.6000000000|4.5900000000|4.5900000000|233800|1073529.0000|4.5900000000
11050000|4.5900000000|4.6000000000|4.5700000000|4.5800000000|425800|1951208.0000|4.5800000000
11100000|4.5900000000|4.5900000000|4.5700000000|4.5700000000|118600|542275.0000|4.5700000000
11150000|4.5800000000|4.5800000000|4.5500000000|4.5600000000|1784924|8139954.0000|4.5600000000
11200000|4.5700000000|4.5700000000|4.5500000000|4.5600000000|726300|3311800.0000|4.5600000000
11250000|4.5600000000|4.5700000000|4.5600000000|4.5600000000|162200|740950.0000|4.5600000000
11300000|4.5600000000|4.5700000000|4.5500000000|4.5700000000|523300|2385886.0000|4.5700000000
13050000|4.5500000000|4.5800000000|4.5500000000|4.5700000000|590200|2695801.0000|4.5700000000
13100000|4.5700000000|4.5800000000|4.5600000000|4.5700000000|356800|1630458.0000|4.5700000000
13150000|4.5700000000|4.5800000000|4.5600000000|4.5700000000|190400|870371.0000|4.5700000000
13200000|4.5700000000|4.5800000000|4.5700000000|4.5700000000|249500|1141090.0000|4.5700000000
13250000|4.5700000000|4.5800000000|4.5600000000|4.5700000000|630100|2878616.0000|4.5700000000
13300000|4.5700000000|4.5800000000|4.5600000000|4.5700000000|336200|1536461.0000|4.5700000000
13350000|4.5800000000|4.5900000000|4.5700000000|4.5800000000|422100|1932968.0000|4.5800000000
13400000|4.5800000000|4.5900000000|4.5700000000|4.5700000000|259200|1186155.0000|4.5700000000
13450000|4.5700000000|4.5800000000|4.5600000000|4.5700000000|573600|2621571.0000|4.5700000000
13500000|4.5700000000|4.5800000000|4.5700000000|4.5700000000|306600|1402232.0000|4.5700000000
13550000|4.5700000000|4.5900000000|4.5700000000|4.5900000000|313700|1435781.0000|4.5900000000
14000000|4.5800000000|4.5900000000|4.5800000000|4.5800000000|121300|555723.0000|4.5800000000
14050000|4.5800000000|4.6000000000|4.5800000000|4.6000000000|495200|2272684.0000|4.6000000000
14100000|4.6000000000|4.6100000000|4.5900000000|4.6000000000|226800|1043023.0000|4.6000000000
14150000|4.6000000000|4.6200000000|4.6000000000|4.6100000000|657700|3031494.0000|4.6100000000
14200000|4.6100000000|4.6300000000|4.6100000000|4.6200000000|950500|4389278.0000|4.6200000000
14250000|4.6200000000|4.6200000000|4.6100000000|4.6100000000|276900|1278570.0000|4.6100000000
14300000|4.6100000000|4.6200000000|4.6100000000|4.6100000000|314500|1450840.0000|4.6100000000
14350000|4.6100000000|4.6200000000|4.6000000000|4.6200000000|1043000|4808348.0000|4.6200000000
14400000|4.6200000000|4.6200000000|4.6000000000|4.6100000000|440400|2030217.0000|4.6100000000
14450000|4.6000000000|4.6200000000|4.6000000000|4.6100000000|891600|4114899.0000|4.6100000000
14500000|4.6200000000|4.6300000000|4.6200000000|4.6200000000|651476|3012537.0000|4.6200000000
14550000|4.6200000000|4.6300000000|4.6100000000|4.6100000000|698200|3226162.0000|4.6100000000
15000000|4.6100000000|4.6200000000|4.6100000000|4.6200000000|429315|1982206.0000|4.6200000000
