09350000|6.6441447600|6.6523071000|6.6196577400|6.6441447600|2355000|19153696.0000|6.6441447600
09400000|6.6441447600|6.6523071000|6.6359824200|6.6523071000|1362700|11094480.0000|6.6523071000
09450000|6.6441447600|6.6604694400|6.6359824200|6.6441447600|2062200|16793824.0000|6.6441447600
09500000|6.6523071000|6.6767941200|6.6523071000|6.6686317800|2036000|16619432.0000|6.6686317800
09550000|6.6686317800|6.6767941200|6.6604694400|6.6767941200|1573300|12861140.0000|6.6767941200
10000000|6.6686317800|6.6849564600|6.6686317800|6.6849564600|971100|7945928.0000|6.6849564600
10050000|6.6849564600|6.6931188000|6.6686317800|6.6767941200|1344400|11006608.0000|6.6767941200
10100000|6.6767941200|6.6931188000|6.6686317800|6.6931188000|1334800|10928024.0000|6.6931188000
10150000|6.6931188000|6.6931188000|6.6767941200|6.6849564600|1033300|8462792.0000|6.6849564600
10200000|6.6849564600|6.7094434800|6.6849564600|6.6931188000|2557400|20989328.0000|6.6931188000
10250000|6.6931188000|6.7094434800|6.6931188000|6.7012811400|1545500|12688688.0000|6.7012811400
10300000|6.7012811400|6.7257681600|6.7012811400|6.7176058200|4125000|33935424.0000|6.7176058200
10350000|6.7176058200|6.7257681600|6.7094434800|6.7094434800|1375800|11320080.0000|6.7094434800
10400000|6.7094434800|6.7257681600|6.7094434800|6.7094434800|2662600|21923088.0000|6.7094434800
10450000|6.7094434800|6.7094434800|6.6931188000|6.6931188000|905100|7430528.0000|6.6931188000
10500000|6.6931188000|6.7012811400|6.6931188000|6.7012811400|1024600|8407696.0000|6.7012811400
10550000|6.7012811400|6.7012811400|6.6849564600|6.6849564600|1065200|8733568.0000|6.6849564600
11000000|6.6849564600|6.7012811400|6.6767941200|6.6931188000|2097700|17184848.0000|6.6931188000
11050000|6.7012811400|6.7094434800|6.6849564600|6.6931188000|1837900|15092096.0000|6.6931188000
11100000|6.6849564600|6.6849564600|6.6686317800|6.6767941200|1387700|11352320.0000|6.6767941200
11150000|6.6849564600|6.6849564600|6.6686317800|6.6686317800|888600|7268672.0000|6.6686317800
11200000|6.6767941200|6.6849564600|6.6686317800|6.6767941200|506200|4138720.0000|6.6767941200
11250000|6.6767941200|6.6931188000|6.6686317800|6.6767941200|967400|7914976.0000|6.6767941200
11300000|6.6767941200|6.6849564600|6.6686317800|6.6849564600|446900|3656768.0000|6.6849564600
13050000|6.6767941200|6.6849564600|6.6686317800|6.6849564600|750300|6140448.0000|6.6849564600
13100000|6.6849564600|6.6931188000|6.6686317800|6.6767941200|475800|3893280.0000|6.6767941200
13150000|6.6767941200|6.6767941200|6.6604694400|6.6604694400|836900|6837888.0000|6.6604694400
13200000|6.6604694400|6.6686317800|6.6523071000|6.6523071000|885600|7224640.0000|6.6523071000
13250000|6.6523071000|6.6686317800|6.6441447600|6.6604694400|1801900|14701792.0000|6.6604694400
13300000|6.6604694400|6.6686317800|6.6523071000|6.6686317800|476600|3888576.0000|6.6686317800
13350000|6.6604694400|6.6767941200|6.6523071000|6.6767941200|533300|4356864.0000|6.6767941200
13400000|6.6686317800|6.6767941200|6.6686317800|6.6767941200|349100|2853408.0000|6.6767941200
13450000|6.6686317800|6.6767941200|6.6604694400|6.6767941200|780800|6380896.0000|6.6767941200
13500000|6.6523071000|6.6767941200|6.6441447600|6.6767941200|2446800|19972224.0000|6.6767941200
13550000|6.6767941200|6.6849564600|6.6686317800|6.6849564600|208600|1707520.0000|6.6849564600
14000000|6.6849564600|6.6849564600|6.6686317800|6.6686317800|427800|3498784.0000|6.6686317800
14050000|6.6686317800|6.6767941200|6.6523071000|6.6523071000|883700|7210848.0000|6.6523071000
14100000|6.6523071000|6.6686317800|6.6523071000|6.6604694400|458800|3742656.0000|6.6604694400
14150000|6.6523071000|6.6604694400|6.6441447600|6.6604694400|821800|6695648.0000|6.6604694400
14200000|6.6523071000|6.6604694400|6.6441447600|6.6523071000|647700|5275968.0000|6.6523071000
14250000|6.6441447600|6.6686317800|6.6441447600|6.6604694400|666700|5437408.0000|6.6604694400
14300000|6.6604694400|6.6767941200|6.6604694400|6.6686317800|512600|4186496.0000|6.6686317800
14350000|6.6686317800|6.6849564600|6.6686317800|6.6849564600|698100|5710784.0000|6.6849564600
14400000|6.6849564600|6.6849564600|6.6686317800|6.6767941200|381200|3118944.0000|6.6767941200
14450000|6.6767941200|6.6767941200|6.6604694400|6.6686317800|641800|5243584.0000|6.6686317800
14500000|6.6767941200|6.6849564600|6.6686317800|6.6849564600|1047800|8570400.0000|6.6849564600
14550000|6.6767941200|6.6931188000|6.6767941200|6.6849564600|1194600|9783040.0000|6.6849564600
15000000|6.6849564600|6.6931188000|6.6849564600|6.6849564600|1511100|12382944.0000|6.6849564600
