09350000|5.2360852200|5.2540786400|5.1911016700|5.1911016700|2471200|14322725.0000|5.1911016700
09400000|5.2000983800|5.2090950900|5.1911016700|5.2090950900|548200|3166579.0000|5.2090950900
09450000|5.2090950900|5.2090950900|5.1731082500|5.1731082500|1621900|9351620.0000|5.1731082500
09500000|5.1731082500|5.1821049600|5.1641115400|5.1731082500|1292500|7431384.0000|5.1731082500
09550000|5.1641115400|5.1821049600|5.1641115400|5.1821049600|596500|3427460.0000|5.1821049600
10000000|5.1821049600|5.1911016700|5.1821049600|5.1911016700|470100|2708876.0000|5.1911016700
10050000|5.1821049600|5.1911016700|5.1731082500|5.1821049600|967700|5572780.0000|5.1821049600
10100000|5.1821049600|5.2000983800|5.1731082500|5.1911016700|660700|3810320.0000|5.1911016700
10150000|5.1911016700|5.2270885100|5.1911016700|5.2180918000|1245300|7211224.0000|5.2180918000
10200000|5.2180918000|5.2450819300|5.2180918000|5.2450819300|1445100|8401752.0000|5.2450819300
10250000|5.2360852200|5.2540786400|5.2360852200|5.2450819300|1316300|7674248.0000|5.2450819300
10300000|5.2450819300|5.2630753500|5.2450819300|5.2540786400|1831500|10702656.0000|5.2540786400
10350000|5.2630753500|5.2720720600|5.2540786400|5.2630753500|1501900|8787248.0000|5.2630753500
10400000|5.2540786400|5.2720720600|5.2450819300|5.2720720600|1847100|10802288.0000|5.2720720600
10450000|5.2720720600|5.2720720600|5.2630753500|5.2630753500|259200|1518192.0000|5.2630753500
10500000|5.2630753500|5.2900654800|5.2630753500|5.2810687700|1349500|7915392.0000|5.2810687700
10550000|5.2810687700|5.2810687700|5.2630753500|5.2630753500|659500|3864848.0000|5.2630753500
11000000|5.2720720600|5.2720720600|5.2450819300|5.2540786400|1090500|6372704.0000|5.2540786400
11050000|5.2450819300|5.2540786400|5.2360852200|5.2450819300|793700|4627176.0000|5.2450819300
11100000|5.2450819300|5.2540786400|5.2360852200|5.2450819300|323100|1883328.0000|5.2450819300
11150000|5.2360852200|5.2450819300|5.2360852200|5.2450819300|168200|980256.0000|5.2450819300
11200000|5.2450819300|5.2540786400|5.2360852200|5.2450819300|312900|1824352.0000|5.2450819300
11250000|5.2540786400|5.2540786400|5.2450819300|5.2450819300|184900|1078760.0000|5.2450819300
11300000|5.2450819300|5.2630753500|5.2450819300|5.2540786400|362700|2117632.0000|5.2540786400
13050000|5.2540786400|5.2720720600|5.2540786400|5.2630753500|688500|4026512.0000|5.2630753500
13100000|5.2630753500|5.2630753500|5.2540786400|5.2540786400|233700|1366800.0000|5.2540786400
13150000|5.2630753500|5.2630753500|5.2450819300|5.2450819300|449300|2623520.0000|5.2450819300
13200000|5.2450819300|5.2540786400|5.2450819300|5.2540786400|199700|1164864.0000|5.2540786400
13250000|5.2540786400|5.2540786400|5.2450819300|5.2450819300|325400|1898240.0000|5.2450819300
13300000|5.2540786400|5.2540786400|5.2360852200|5.2540786400|704400|4106176.0000|5.2540786400
13350000|5.2540786400|5.2540786400|5.2450819300|5.2540786400|158300|924096.0000|5.2540786400
13400000|5.2540786400|5.2540786400|5.2450819300|5.2540786400|199600|1165520.0000|5.2540786400
13450000|5.2540786400|5.2540786400|5.2450819300|5.2540786400|92800|541728.0000|5.2540786400
13500000|5.2540786400|5.2540786400|5.2360852200|5.2450819300|565800|3298736.0000|5.2450819300
13550000|5.2360852200|5.2450819300|5.2360852200|5.2450819300|158200|921744.0000|5.2450819300
14000000|5.2450819300|5.2450819300|5.2360852200|5.2360852200|190500|1109984.0000|5.2360852200
14050000|5.2360852200|5.2450819300|5.2360852200|5.2360852200|320400|1865296.0000|5.2360852200
14100000|5.2360852200|5.2450819300|5.2360852200|5.2450819300|210400|1225632.0000|5.2450819300
14150000|5.2450819300|5.2540786400|5.2360852200|5.2450819300|451700|2633168.0000|5.2450819300
14200000|5.2450819300|5.2540786400|5.2450819300|5.2450819300|183800|1072624.0000|5.2450819300
14250000|5.2540786400|5.2540786400|5.2450819300|5.2450819300|542800|3166192.0000|5.2450819300
14300000|5.2540786400|5.2540786400|5.2450819300|5.2450819300|227500|1327952.0000|5.2450819300
14350000|5.2450819300|5.2540786400|5.2450819300|5.2540786400|188300|1098624.0000|5.2540786400
14400000|5.2540786400|5.2540786400|5.2450819300|5.2540786400|503800|2941632.0000|5.2540786400
14450000|5.2540786400|5.2540786400|5.2450819300|5.2540786400|357500|2085632.0000|5.2540786400
14500000|5.2540786400|5.2540786400|5.2450819300|5.2540786400|719400|4195568.0000|5.2540786400
14550000|5.2540786400|5.2540786400|5.2450819300|5.2450819300|300900|1755856.0000|5.2450819300
15000000|5.2450819300|5.2540786400|5.2450819300|5.2450819300|494700|2884912.0000|5.2450819300
