09350000|7.2000000000|7.3000000000|7.2000000000|7.2100000000|47726215|346379460.0000|7.2100000000
09400000|7.2100000000|7.2100000000|7.1600000000|7.2000000000|21252760|152805956.0000|7.2000000000
09450000|7.2000000000|7.2700000000|7.1800000000|7.2500000000|12751363|92116011.0000|7.2500000000
09500000|7.2500000000|7.2500000000|7.1500000000|7.1600000000|16279800|116827223.0000|7.1600000000
09550000|7.1600000000|7.2000000000|7.0900000000|7.0900000000|11534100|82312232.0000|7.0900000000
10000000|7.0900000000|7.1700000000|7.0900000000|7.1000000000|7638800|54424425.0000|7.1000000000
10050000|7.1100000000|7.1100000000|7.0300000000|7.0300000000|11493500|81353586.0000|7.0300000000
10100000|7.0200000000|7.0300000000|7.0100000000|7.0300000000|10216700|71713288.0000|7.0300000000
10150000|7.0200000000|7.0600000000|7.0100000000|7.0500000000|8623000|60569232.0000|7.0500000000
10200000|7.0600000000|7.1100000000|7.0400000000|7.0700000000|9249500|65404887.0000|7.0700000000
10250000|7.0800000000|7.0800000000|7.0600000000|7.0800000000|3131600|22142212.0000|7.0800000000
10300000|7.0700000000|7.1100000000|7.0600000000|7.1100000000|3607066|25579395.0000|7.1100000000
10350000|7.1100000000|7.1300000000|7.1000000000|7.1300000000|4826900|34344719.0000|7.1300000000
10400000|7.1300000000|7.1300000000|7.0800000000|7.0800000000|3723634|26449704.0000|7.0800000000
10450000|7.0800000000|7.1100000000|7.0800000000|7.1000000000|3578700|25392368.0000|7.1000000000
10500000|7.0900000000|7.1100000000|7.0800000000|7.1100000000|2464500|17492868.0000|7.1100000000
10550000|7.1100000000|7.1200000000|7.0800000000|7.1200000000|2784900|19745416.0000|7.1200000000
11000000|7.1100000000|7.1200000000|7.0500000000|7.0700000000|3156700|22355064.0000|7.0700000000
11050000|7.0700000000|7.0700000000|7.0400000000|7.0600000000|2583300|18224441.0000|7.0600000000
11100000|7.0600000000|7.0700000000|7.0400000000|7.0500000000|2295000|16184194.0000|7.0500000000
11150000|7.0500000000|7.0500000000|7.0100000000|7.0200000000|5299300|37233885.0000|7.0200000000
11200000|7.0200000000|7.0200000000|6.9800000000|6.9800000000|8135800|56971917.0000|6.9800000000
11250000|6.9800000000|7.0200000000|6.9600000000|7.0200000000|5046900|35222870.0000|7.0200000000
11300000|7.0100000000|7.0600000000|7.0100000000|7.0600000000|2013400|14146020.0000|7.0600000000
13050000|7.0600000000|7.0700000000|7.0300000000|7.0300000000|3151500|22213961.0000|7.0300000000
13100000|7.0300000000|7.0500000000|6.9900000000|7.0000000000|2570900|18038716.0000|7.0000000000
13150000|7.0000000000|7.0200000000|7.0000000000|7.0200000000|1785100|12516892.0000|7.0200000000
13200000|7.0300000000|7.0600000000|7.0200000000|7.0500000000|2029700|14290784.0000|7.0500000000
13250000|7.0400000000|7.0500000000|7.0200000000|7.0500000000|2062730|14514341.0000|7.0500000000
13300000|7.0400000000|7.0700000000|7.0300000000|7.0600000000|2252100|15882372.0000|7.0600000000
13350000|7.0600000000|7.0700000000|7.0500000000|7.0600000000|2330800|16451384.0000|7.0600000000
13400000|7.0500000000|7.0600000000|7.0400000000|7.0500000000|1636400|11531399.0000|7.0500000000
13450000|7.0500000000|7.0500000000|7.0300000000|7.0400000000|1189000|8374244.0000|7.0400000000
13500000|7.0400000000|7.0400000000|7.0200000000|7.0300000000|1302200|9152968.0000|7.0300000000
13550000|7.0400000000|7.0400000000|7.0200000000|7.0300000000|2254910|15847824.0000|7.0300000000
14000000|7.0300000000|7.0400000000|7.0200000000|7.0300000000|1512900|10628931.0000|7.0300000000
14050000|7.0300000000|7.0500000000|7.0200000000|7.0500000000|1440700|10126843.0000|7.0500000000
14100000|7.0400000000|7.0500000000|7.0300000000|7.0300000000|1110730|7816449.0000|7.0300000000
14150000|7.0400000000|7.0400000000|7.0300000000|7.0300000000|1740699|12249168.0000|7.0300000000
14200000|7.0300000000|7.0500000000|7.0300000000|7.0400000000|1583100|11143383.0000|7.0400000000
14250000|7.0300000000|7.0400000000|7.0300000000|7.0300000000|1534500|10791941.0000|7.0300000000
14300000|7.0300000000|7.0400000000|7.0200000000|7.0300000000|1576400|11084211.0000|7.0300000000
14350000|7.0300000000|7.0400000000|7.0300000000|7.0400000000|1290100|9076587.0000|7.0400000000
14400000|7.0300000000|7.0400000000|7.0200000000|7.0300000000|3916590|27547402.0000|7.0300000000
14450000|7.0200000000|7.0400000000|7.0200000000|7.0400000000|2913354|20480307.0000|7.0400000000
14500000|7.0300000000|7.0500000000|7.0300000000|7.0300000000|4133546|29068586.0000|7.0300000000
14550000|7.0300000000|7.0500000000|7.0300000000|7.0400000000|4438531|31246902.0000|7.0400000000
15000000|7.0400000000|7.0500000000|7.0400000000|7.0500000000|3800300|26779371.0000|7.0500000000
