093500|15.9400|16.0500|15.9400|15.9600|589400|9424255.0000|15.9600
094000|15.9600|16.0900|15.9600|16.0900|477700|7658325.0000|16.0900
094500|16.0900|16.1100|16.0400|16.1000|343200|5516134.0000|16.1000
095000|16.1000|16.1000|16.0400|16.0500|278800|4477942.0000|16.0500
095500|16.0500|16.0800|16.0500|16.0800|197600|3174536.0000|16.0800
100000|16.0800|16.1300|16.0600|16.1200|543000|8746364.0000|16.1200
100500|16.1200|16.1500|16.1100|16.1300|320600|5169724.0000|16.1300
101000|16.1300|16.1300|16.0700|16.0800|285800|4599448.0000|16.0800
101500|16.0800|16.0800|16.0600|16.0700|143600|2308024.0000|16.0700
102000|16.0700|16.0900|16.0100|16.0300|339700|5451324.0000|16.0300
102500|16.0400|16.0700|16.0300|16.0600|95600|1534604.0000|16.0600
103000|16.0600|16.0600|16.0000|16.0100|312100|5002068.0000|16.0100
103500|16.0000|16.0100|15.9900|16.0000|166500|2664392.0000|16.0000
104000|16.0000|16.0200|15.9800|15.9900|163500|2615536.0000|15.9900
104500|15.9900|16.0000|15.9600|15.9800|181200|2896784.0000|15.9800
105000|15.9900|16.0000|15.9800|15.9900|88600|1416360.0000|15.9900
105500|15.9800|16.0000|15.9800|16.0000|62900|1005824.0000|16.0000
110000|15.9900|16.0100|15.9800|16.0100|144100|2304552.0000|16.0100
110500|16.0100|16.0200|16.0000|16.0200|74400|1191064.0000|16.0200
111000|16.0200|16.0200|16.0100|16.0100|94700|1516544.0000|16.0100
111500|16.0100|16.0200|16.0000|16.0000|63700|1019680.0000|16.0000
112000|15.9900|16.0000|15.9800|15.9800|83500|1334792.0000|15.9800
112500|15.9800|15.9900|15.9700|15.9900|110300|1762568.0000|15.9900
113000|15.9800|15.9900|15.9700|15.9800|41300|659856.0000|15.9800
130500|15.9800|16.0700|15.9800|16.0500|144600|2316168.0000|16.0500
131000|16.0600|16.0800|16.0400|16.0700|89600|1438880.0000|16.0700
131500|16.0700|16.0800|16.0300|16.0300|113200|1817480.0000|16.0300
132000|16.0400|16.0500|16.0100|16.0300|91300|1463384.0000|16.0300
132500|16.0300|16.0400|16.0100|16.0200|86600|1388064.0000|16.0200
133000|16.0300|16.0300|16.0100|16.0300|110200|1765104.0000|16.0300
133500|16.0300|16.0700|16.0300|16.0600|259300|4161856.0000|16.0600
134000|16.0600|16.1200|16.0600|16.1100|270500|4351336.0000|16.1100
134500|16.1100|16.1300|16.1000|16.1200|242700|3910528.0000|16.1200
135000|16.1200|16.1300|16.0900|16.1000|152400|2455456.0000|16.1000
135500|16.0900|16.1300|16.0900|16.1000|131700|2122288.0000|16.1000
140000|16.1000|16.1300|16.1000|16.1200|117400|1892376.0000|16.1200
140500|16.1100|16.1100|16.0700|16.1000|183200|2947736.0000|16.1000
141000|16.0900|16.1000|16.0800|16.1000|72600|1168448.0000|16.1000
141500|16.1000|16.1000|16.0800|16.0800|97200|1564256.0000|16.0800
142000|16.0800|16.0900|16.0600|16.0600|121700|1956160.0000|16.0600
142500|16.0700|16.1200|16.0600|16.0900|272700|4389624.0000|16.0900
143000|16.0900|16.1200|16.0900|16.1100|123100|1982792.0000|16.1100
143500|16.1100|16.1700|16.1100|16.1700|507000|8183344.0000|16.1700
144000|16.1700|16.2000|16.1500|16.2000|465300|7527008.0000|16.2000
144500|16.2000|16.2200|16.1800|16.1800|654600|10607120.0000|16.1800
145000|16.1800|16.2200|16.1700|16.2200|447900|7258256.0000|16.2200
145500|16.2200|16.2600|16.2200|16.2600|698800|11345856.0000|16.2600
150000|16.2600|16.2600|16.2400|16.2500|410200|6665968.0000|16.2500
