093500|118.6800|118.6800|118.0200|118.4500|305400|36168100.0000|118.4500
094000|118.4500|118.7500|118.4000|118.4100|155600|18442080.0000|118.4100
094500|118.4100|118.4100|117.9000|117.9500|238200|28128600.0000|117.9500
095000|117.9500|117.9500|117.3500|117.3500|339200|39890168.0000|117.3500
095500|117.3500|117.4300|117.3500|117.3900|163300|19168360.0000|117.3900
100000|117.3900|117.5400|117.3500|117.4500|116500|13678416.0000|117.4500
100500|117.4500|117.4700|117.2400|117.2400|170900|20054240.0000|117.2400
101000|117.2400|117.3300|117.2000|117.2100|92200|10809984.0000|117.2100
101500|117.2100|117.2800|117.1900|117.2000|97400|11417136.0000|117.2000
102000|117.2000|117.2200|117.1000|117.1200|102400|11999184.0000|117.1200
102500|117.1200|117.3200|117.1200|117.1700|63200|7408992.0000|117.1700
103000|117.1700|117.2000|116.8800|116.9700|240400|28133712.0000|116.9700
103500|116.9700|116.9700|116.9100|116.9200|62200|7273520.0000|116.9200
104000|116.9200|117.0000|116.8000|117.0000|115500|13495728.0000|117.0000
104500|117.0000|117.0500|116.9600|116.9800|51500|6028736.0000|116.9800
105000|116.9800|116.9900|116.8300|116.9500|58600|6847392.0000|116.9500
105500|116.9500|116.9600|116.8300|116.9000|53600|6264800.0000|116.9000
110000|116.9000|116.9200|116.8600|116.8900|39800|4651872.0000|116.8900
110500|116.8900|117.0700|116.8800|117.0100|56600|6621088.0000|117.0100
111000|117.0200|117.0700|117.0200|117.0500|40600|4752416.0000|117.0500
111500|117.0500|117.2800|117.0100|117.1800|52000|6088800.0000|117.1800
112000|117.1800|117.2500|117.0100|117.2100|41400|4849888.0000|117.2100
112500|117.2100|117.2600|116.9900|117.0100|54100|6334112.0000|117.0100
113000|117.0100|117.0800|116.8400|116.8900|49600|5799520.0000|116.8900
130500|116.9600|117.1800|116.9600|117.1100|56000|6555232.0000|117.1100
131000|117.1100|117.1500|116.9600|117.1000|48500|5678240.0000|117.1000
131500|117.1000|117.1300|117.0000|117.0000|57700|6752352.0000|117.0000
132000|117.0000|117.1600|117.0000|117.1100|42500|4977792.0000|117.1100
132500|117.1100|117.1100|117.0000|117.0300|43200|5055136.0000|117.0300
133000|117.0300|117.2600|117.0000|117.2000|62500|7318624.0000|117.2000
133500|117.2000|117.4600|117.2000|117.2500|53500|6275104.0000|117.2500
134000|117.2500|117.4000|117.2200|117.2200|39800|4669568.0000|117.2200
134500|117.2200|117.3000|117.1600|117.2700|41800|4899968.0000|117.2700
135000|117.2700|117.5900|117.2700|117.5600|96700|11358432.0000|117.5600
135500|117.5600|117.5700|117.4300|117.4900|67500|7930752.0000|117.4900
140000|117.4900|117.6700|117.4000|117.6400|86000|10105216.0000|117.6400
140500|117.6400|117.6500|117.4800|117.5500|53000|6229760.0000|117.5500
141000|117.5500|117.6700|117.4000|117.6300|82300|9674912.0000|117.6300
141500|117.6300|117.6300|117.3100|117.4700|72900|8564000.0000|117.4700
142000|117.4700|117.4700|117.2600|117.2600|51900|6091424.0000|117.2600
142500|117.2600|117.4700|117.2200|117.4300|59100|6936672.0000|117.4300
143000|117.4300|117.4800|117.3700|117.4200|56800|6670432.0000|117.4200
143500|117.4200|117.5000|117.3300|117.3500|76500|8983520.0000|117.3500
144000|117.3500|117.4600|117.3100|117.3700|79400|9319744.0000|117.3700
144500|117.3700|117.4200|117.3100|117.4000|63600|7464064.0000|117.4000
145000|117.4000|117.4800|117.3600|117.4600|85200|10004000.0000|117.4600
145500|117.4600|117.4900|117.4000|117.4200|61200|7188448.0000|117.4200
150000|117.4200|117.4600|117.3000|117.3000|83700|9829952.0000|117.3000
