093500|74.05|74.59|74.05|74.49|6030.0|46472842.0|74.02
094000|74.49|74.61|74.35|74.39|4837.0|37336784.0|74.49
094500|74.35|74.59|74.25|74.59|3611.0|27854167.0|74.39
095000|74.58|74.82|74.58|74.72|5880.0|45519255.0|74.59
095500|74.72|75.16|74.68|75.08|8246.0|64023957.0|74.72
100000|75.04|75.35|75.02|75.31|8794.0|68498634.0|75.08
100500|75.31|75.76|75.31|75.53|10584.0|82832196.0|75.31
101000|75.54|75.85|75.4|75.4|7969.0|62471157.0|75.53
101500|75.41|75.5|75.36|75.49|2636.0|20600554.0|75.4
102000|75.51|75.62|75.46|75.46|3326.0|26023646.0|75.49
102500|75.47|75.61|75.47|75.48|3922.0|30697050.0|75.46
103000|75.49|75.53|75.21|75.45|3433.0|26791258.0|75.48
103500|75.44|75.61|75.41|75.56|3722.0|29123279.0|75.45
104000|75.56|75.59|75.51|75.52|2476.0|19371927.0|75.56
104500|75.53|75.78|75.53|75.54|4671.0|36601343.0|75.52
105000|75.53|75.67|75.53|75.57|1779.0|13932260.0|75.54
105500|75.59|75.78|75.58|75.76|2886.0|22627144.0|75.57
110000|75.77|76.05|75.75|76.05|7591.0|59657786.0|75.76
110500|76.05|76.27|76.04|76.26|7072.0|55780712.0|76.05
111000|76.26|76.27|76.07|76.16|3844.0|30332675.0|76.26
111500|76.15|76.26|76.15|76.26|3259.0|25731653.0|76.16
112000|76.25|76.49|76.25|76.48|7448.0|58903984.0|76.26
112500|76.48|76.5|76.33|76.33|4962.0|39296840.0|76.48
113000|76.34|76.54|76.29|76.49|4823.0|38194277.0|76.33
130500|76.53|76.99|76.53|76.99|10338.0|82236796.0|76.49
131000|77.01|77.09|76.68|76.68|4669.0|37191562.0|76.99
131500|76.68|76.68|76.53|76.65|2449.0|19431102.0|76.68
132000|76.64|76.7|76.58|76.68|2379.0|18892519.0|76.65
132500|76.68|76.69|76.48|76.48|2565.0|20338094.0|76.68
133000|76.47|76.65|76.47|76.55|2278.0|18064414.0|76.48
133500|76.55|76.67|76.53|76.59|1880.0|14916855.0|76.55
134000|76.59|76.61|76.48|76.5|1661.0|13172977.0|76.59
134500|76.5|76.5|76.42|76.43|1538.0|12179038.0|76.5
135000|76.42|76.44|76.28|76.44|2558.0|20224270.0|76.43
135500|76.44|76.65|76.44|76.65|2244.0|17791414.0|76.44
140000|76.65|76.65|76.45|76.49|2059.0|16323726.0|76.65
140500|76.49|76.71|76.49|76.66|2500.0|19838537.0|76.49
141000|76.71|76.77|76.61|76.66|3040.0|24152645.0|76.66
141500|76.67|76.67|76.37|76.37|2364.0|18731247.0|76.66
142000|76.37|76.38|76.3|76.38|1814.0|14344061.0|76.37
142500|76.38|76.42|76.32|76.32|2008.0|15880314.0|76.38
143000|76.32|76.43|76.32|76.41|1900.0|15033554.0|76.32
143500|76.41|76.42|76.32|76.35|2235.0|17677506.0|76.41
144000|76.36|76.36|76.32|76.33|2230.0|17632703.0|76.35
144500|76.33|76.33|76.22|76.24|2794.0|22073981.0|76.33
145000|76.23|76.32|76.19|76.32|3135.0|24764244.0|76.24
145500|76.33|76.33|76.27|76.29|2873.0|22709534.0|76.32
150000|76.28|76.31|76.26|76.29|2650.0|20939642.0|76.29
