09350000|32.7800000000|33.0100000000|32.7800000000|32.9300000000|2905493|95596064.0000|32.9300000000
09400000|32.9300000000|32.9300000000|32.7900000000|32.8500000000|1391952|45723590.0000|32.8500000000
09450000|32.8500000000|32.9700000000|32.8400000000|32.9700000000|1239388|40797175.0000|32.9700000000
09500000|33.0000000000|33.1500000000|33.0000000000|33.1100000000|2036143|67328447.0000|33.1100000000
09550000|33.1100000000|33.1700000000|33.0700000000|33.1500000000|1225200|40580056.0000|33.1500000000
10000000|33.1500000000|33.1900000000|33.1100000000|33.1800000000|1060316|35152751.0000|33.1800000000
10050000|33.2100000000|33.2300000000|33.0700000000|33.1100000000|1430560|47411652.0000|33.1100000000
10100000|33.1000000000|33.2300000000|33.1000000000|33.1600000000|685400|22742098.0000|33.1600000000
10150000|33.1500000000|33.1800000000|33.0400000000|33.0600000000|719200|23808280.0000|33.0600000000
10200000|33.0600000000|33.0600000000|32.9500000000|32.9900000000|1040800|34352463.0000|32.9900000000
10250000|32.9900000000|33.0100000000|32.9200000000|33.0100000000|729400|24045818.0000|33.0100000000
10300000|33.0200000000|33.0800000000|32.9500000000|32.9500000000|462400|15274016.0000|32.9500000000
10350000|32.9500000000|32.9700000000|32.8700000000|32.8800000000|901200|29660884.0000|32.8800000000
10400000|32.8700000000|32.8800000000|32.8100000000|32.8100000000|836000|27460560.0000|32.8100000000
10450000|32.8000000000|32.8600000000|32.7900000000|32.7900000000|606700|19910639.0000|32.7900000000
10500000|32.7900000000|32.8000000000|32.7600000000|32.8000000000|916100|30026489.0000|32.8000000000
10550000|32.8000000000|32.8900000000|32.8000000000|32.8800000000|272971|8969244.0000|32.8800000000
11000000|32.8900000000|32.9200000000|32.8600000000|32.8700000000|334800|11012107.0000|32.8700000000
11050000|32.8700000000|32.8800000000|32.8000000000|32.8400000000|321740|10562807.0000|32.8400000000
11100000|32.8500000000|32.9100000000|32.8100000000|32.8100000000|276400|9083417.0000|32.8100000000
11150000|32.8100000000|32.8900000000|32.8100000000|32.8100000000|314600|10336813.0000|32.8100000000
11200000|32.8100000000|32.8400000000|32.8100000000|32.8300000000|257900|8464172.0000|32.8300000000
11250000|32.8300000000|32.8800000000|32.8200000000|32.8700000000|201500|6619468.0000|32.8700000000
11300000|32.8800000000|32.8900000000|32.8200000000|32.8300000000|191500|6292649.0000|32.8300000000
13050000|32.8200000000|32.8700000000|32.7900000000|32.8200000000|453470|14880564.0000|32.8200000000
13100000|32.8100000000|32.8400000000|32.7700000000|32.7700000000|310700|10192327.0000|32.7700000000
13150000|32.7700000000|32.7700000000|32.6900000000|32.7300000000|642700|21029973.0000|32.7300000000
13200000|32.7300000000|32.7400000000|32.6700000000|32.7400000000|598879|19581858.0000|32.7400000000
13250000|32.7400000000|32.7600000000|32.6800000000|32.7000000000|349200|11422279.0000|32.7000000000
13300000|32.7100000000|32.7300000000|32.6900000000|32.6900000000|398200|13024183.0000|32.6900000000
13350000|32.6900000000|32.7200000000|32.6600000000|32.7100000000|409200|13374795.0000|32.7100000000
13400000|32.7100000000|32.7400000000|32.7100000000|32.7400000000|297272|9727755.0000|32.7400000000
13450000|32.7400000000|32.7700000000|32.7100000000|32.7300000000|332500|10885331.0000|32.7300000000
13500000|32.7300000000|32.8200000000|32.7100000000|32.8100000000|410200|13446969.0000|32.8100000000
13550000|32.8100000000|32.8300000000|32.8000000000|32.8300000000|239400|7855628.0000|32.8300000000
14000000|32.8300000000|32.8500000000|32.8000000000|32.8000000000|417600|13705271.0000|32.8000000000
14050000|32.8000000000|32.8200000000|32.7600000000|32.7600000000|301100|9875779.0000|32.7600000000
14100000|32.7600000000|32.7900000000|32.7300000000|32.7900000000|348200|11407215.0000|32.7900000000
14150000|32.7800000000|32.8000000000|32.7500000000|32.8000000000|473100|15507970.0000|32.8000000000
14200000|32.7900000000|32.8000000000|32.7300000000|32.7500000000|294700|9656379.0000|32.7500000000
14250000|32.7500000000|32.7700000000|32.7300000000|32.7400000000|423800|13876862.0000|32.7400000000
14300000|32.7400000000|32.7500000000|32.7200000000|32.7400000000|341700|11186504.0000|32.7400000000
14350000|32.7400000000|32.7600000000|32.7200000000|32.7200000000|435400|14251990.0000|32.7200000000
14400000|32.7200000000|32.7200000000|32.6800000000|32.6800000000|522000|17071467.0000|32.6800000000
14450000|32.6800000000|32.7100000000|32.6300000000|32.6300000000|685700|22405642.0000|32.6300000000
14500000|32.6300000000|32.7000000000|32.6300000000|32.6600000000|676100|22090936.0000|32.6600000000
14550000|32.6600000000|32.6700000000|32.6000000000|32.6200000000|1110900|36249704.0000|32.6200000000
15000000|32.6000000000|32.6200000000|32.6000000000|32.6100000000|816477|26624282.0000|32.6100000000
