093500|20.7800|21.1700|20.7000|21.0000|1472806|30918784.0000|21.0000
094000|21.0300|21.1000|20.8500|20.8500|924800|19461083.0000|20.8500
094500|20.8400|20.9100|20.7500|20.7800|594200|12374332.0000|20.7800
095000|20.7700|20.9100|20.6300|20.6600|585000|12152010.0000|20.6600
095500|20.6800|20.7300|20.5500|20.6300|606800|12521902.0000|20.6300
100000|20.6400|20.6800|20.5400|20.5900|345500|7122099.0000|20.5900
100500|20.5900|20.6500|20.5700|20.6000|276700|5705267.0000|20.6000
101000|20.6100|20.6500|20.5100|20.6100|415100|8533832.0000|20.6100
101500|20.6000|20.6300|20.5000|20.6000|228800|4703614.0000|20.6000
102000|20.6000|20.7400|20.5600|20.7000|392300|8105777.0000|20.7000
102500|20.7000|20.9500|20.7000|20.8800|521000|10838997.0000|20.8800
103000|20.9300|20.9500|20.7300|20.7800|571200|11905383.0000|20.7800
103500|20.8100|20.9700|20.7300|20.8100|742200|15470246.0000|20.8100
104000|20.8100|20.9000|20.7300|20.8200|370300|7709152.0000|20.8200
104500|20.7800|20.8400|20.7200|20.7600|290500|6033303.0000|20.7600
105000|20.7600|20.7800|20.6500|20.6800|246100|5098120.0000|20.6800
105500|20.6800|20.7000|20.6100|20.6900|172000|3552959.0000|20.6900
110000|20.6900|20.7500|20.6900|20.7200|158800|3290578.0000|20.7200
110500|20.7200|20.7800|20.6900|20.7800|144000|2983651.0000|20.7800
111000|20.7900|20.9600|20.7600|20.9400|296630|6182864.0000|20.9400
111500|20.9400|21.0000|20.7900|20.8800|337700|7063765.0000|20.8800
112000|20.8800|21.0600|20.8700|21.0400|471500|9888361.0000|21.0400
112500|21.0400|21.0400|20.8200|20.8300|324400|6783832.0000|20.8300
113000|20.8300|20.9000|20.8300|20.8700|198200|4137983.0000|20.8700
130500|20.9000|20.9100|20.6400|20.7200|350700|7292906.0000|20.7200
131000|20.7200|20.7700|20.7000|20.7000|182400|3779371.0000|20.7000
131500|20.7000|20.8200|20.7000|20.7500|178600|3708205.0000|20.7500
132000|20.7500|20.7500|20.6100|20.6700|320900|6632295.0000|20.6700
132500|20.6700|20.7100|20.5800|20.6300|232000|4785319.0000|20.6300
133000|20.6100|20.7000|20.5900|20.6200|280300|5783839.0000|20.6200
133500|20.5900|20.6300|20.5400|20.5800|325400|6695525.0000|20.5800
134000|20.5800|20.6000|20.4800|20.5000|391900|8047894.0000|20.5000
134500|20.5000|20.5100|20.4000|20.4800|636257|13015920.0000|20.4800
135000|20.4700|20.5600|20.4700|20.5200|410400|8418048.0000|20.5200
135500|20.5200|20.5300|20.4400|20.4700|319843|6549648.0000|20.4700
140000|20.4800|20.4800|20.4000|20.4600|269300|5506304.0000|20.4600
140500|20.4500|20.4900|20.3800|20.4300|230800|4716624.0000|20.4300
141000|20.4400|20.5100|20.4200|20.5000|222200|4552016.0000|20.5000
141500|20.5000|20.5400|20.4600|20.5100|227500|4663856.0000|20.5100
142000|20.5100|20.5300|20.4600|20.4800|328500|6737472.0000|20.4800
142500|20.4800|20.5200|20.4000|20.4300|529900|10839280.0000|20.4300
143000|20.4300|20.5100|20.4200|20.4500|613500|12553632.0000|20.4500
143500|20.4500|20.5000|20.3900|20.3900|337000|6888320.0000|20.3900
144000|20.3900|20.4200|20.3500|20.3500|280800|5726512.0000|20.3500
144500|20.3500|20.4000|20.3000|20.3400|604900|12305040.0000|20.3400
145000|20.3400|20.3700|20.2700|20.2800|642212|13054624.0000|20.2800
145500|20.2900|20.3800|20.2600|20.3600|421181|8558864.0000|20.3600
150000|20.3300|20.4200|20.3300|20.4200|272432|5549776.0000|20.4200
