093500|26.5200|26.5200|26.2300|26.2900|662900|17481060.0000|26.2900
094000|26.2800|26.5000|26.2800|26.4600|355000|9387612.0000|26.4600
094500|26.4600|26.5700|26.4500|26.4900|252700|6692584.0000|26.4900
095000|26.4800|26.5500|26.4000|26.5200|250500|6632208.0000|26.5200
095500|26.5200|26.6000|26.4900|26.5500|316400|8397596.0000|26.5500
100000|26.5600|26.5900|26.4900|26.5100|198500|5266684.0000|26.5100
100500|26.5100|26.5400|26.4500|26.5300|183400|4855988.0000|26.5300
101000|26.5300|26.9700|26.5000|26.9300|1248500|33513412.0000|26.9300
101500|26.9300|27.0400|26.7800|26.7800|998400|26894952.0000|26.7800
102000|26.7900|26.8500|26.6800|26.8300|422400|11300544.0000|26.8300
102500|26.8400|26.8400|26.6000|26.6500|323400|8639008.0000|26.6500
103000|26.6400|26.7500|26.6300|26.7400|134800|3595200.0000|26.7400
103500|26.7400|26.7700|26.6900|26.7000|218100|5832880.0000|26.7000
104000|26.6900|26.6900|26.6000|26.6300|167400|4458528.0000|26.6300
104500|26.6300|26.6300|26.5800|26.5900|104300|2774112.0000|26.5900
105000|26.5900|26.7200|26.5900|26.6900|68600|1829392.0000|26.6900
105500|26.6900|26.7500|26.6800|26.7300|106900|2856272.0000|26.7300
110000|26.7400|26.7600|26.6900|26.7400|50500|1349856.0000|26.7400
110500|26.7600|26.9000|26.7000|26.8400|297400|7973136.0000|26.8400
111000|26.8400|26.9100|26.8100|26.9000|208500|5601616.0000|26.9000
111500|26.8600|26.9800|26.7000|26.7100|500300|13436736.0000|26.7100
112000|26.7500|26.7500|26.7000|26.7200|86400|2308832.0000|26.7200
112500|26.7300|26.8700|26.7200|26.8500|114800|3075248.0000|26.8500
113000|26.8500|26.8700|26.8100|26.8600|61100|1639856.0000|26.8600
130500|26.8600|26.9300|26.7400|26.7500|419800|11261904.0000|26.7500
131000|26.7800|26.9500|26.7500|26.8700|657100|17666624.0000|26.8700
131500|26.9000|26.9600|26.8600|26.8700|364900|9819232.0000|26.8700
132000|26.8800|26.9900|26.8300|26.9800|482600|12993744.0000|26.9800
132500|26.9700|27.1600|26.9700|27.0500|847700|22926400.0000|27.0500
133000|27.0400|27.0400|26.9200|26.9300|208900|5633408.0000|26.9300
133500|26.9200|26.9300|26.9000|26.9000|106500|2866240.0000|26.9000
134000|26.9100|26.9400|26.9000|26.9400|165100|4442912.0000|26.9400
134500|26.9400|27.0000|26.9100|26.9800|106100|2860608.0000|26.9800
135000|26.9600|27.0500|26.9300|26.9700|201200|5430176.0000|26.9700
135500|26.9900|27.0700|26.9400|27.0400|185500|5011456.0000|27.0400
140000|27.0400|27.0700|26.9600|26.9900|140400|3791232.0000|26.9900
140500|27.0000|27.0100|26.9200|26.9200|99800|2692416.0000|26.9200
141000|26.9400|26.9900|26.9200|26.9600|90400|2436256.0000|26.9600
141500|26.9600|27.0000|26.9200|26.9300|130300|3512576.0000|26.9300
142000|26.9300|26.9300|26.8800|26.9100|114200|3072864.0000|26.9100
142500|26.9000|26.9600|26.8700|26.9500|274400|7383136.0000|26.9500
143000|26.9600|26.9700|26.9200|26.9400|141500|3814016.0000|26.9400
143500|26.9500|26.9500|26.8900|26.8900|87300|2350208.0000|26.8900
144000|26.9000|26.9100|26.8500|26.8600|179000|4811968.0000|26.8600
144500|26.8700|26.8800|26.8500|26.8600|187200|5027808.0000|26.8600
145000|26.8600|26.8700|26.8100|26.8500|210400|5646912.0000|26.8500
145500|26.8500|26.8500|26.8200|26.8200|181800|4878048.0000|26.8200
150000|26.8300|26.8700|26.8300|26.8400|179100|4807488.0000|26.8400
