093500|14.4|14.46|14.28|14.29|9540.0|13678609.0|14.4
094000|14.28|14.32|14.22|14.27|8541.0|12179978.0|14.29
094500|14.27|14.28|14.24|14.25|6141.0|8755818.0|14.27
095000|14.25|14.26|14.1|14.11|20858.0|29525880.0|14.25
095500|14.1|14.11|13.98|13.98|27402.0|38451630.0|14.11
100000|13.98|13.99|13.81|13.83|24644.0|34299864.0|13.98
100500|13.83|13.88|13.8|13.86|19129.0|26473625.0|13.83
101000|13.83|13.99|13.83|13.97|14898.0|20746032.0|13.86
101500|13.97|13.99|13.92|13.99|4008.0|5594181.0|13.97
102000|13.95|13.98|13.93|13.93|5239.0|7312515.0|13.99
102500|13.93|14.04|13.93|14.03|5312.0|7425529.0|13.93
103000|14.04|14.07|14.0|14.0|4428.0|6210468.0|14.03
103500|14.0|14.0|13.97|13.98|2700.0|3775496.0|14.0
104000|13.97|13.99|13.93|13.96|3447.0|4809369.0|13.98
104500|13.95|13.98|13.94|13.98|1686.0|2354142.0|13.96
105000|13.98|13.98|13.96|13.98|2703.0|3775166.0|13.98
105500|13.96|14.03|13.96|13.98|5600.0|7840828.0|13.98
110000|13.96|13.98|13.91|13.93|3249.0|4527103.0|13.98
110500|13.91|13.93|13.9|13.91|1977.0|2750526.0|13.93
111000|13.92|13.95|13.9|13.94|2547.0|3544859.0|13.91
111500|13.94|13.98|13.94|13.98|1518.0|2119241.0|13.94
112000|13.95|13.98|13.93|13.95|2654.0|3702850.0|13.98
112500|13.95|13.96|13.93|13.94|1200.0|1673378.0|13.95
113000|13.94|13.97|13.91|13.94|3289.0|4581983.0|13.94
130500|13.93|13.94|13.84|13.88|5746.0|7974861.0|13.94
131000|13.87|13.91|13.87|13.89|1435.0|1993998.0|13.88
131500|13.9|13.9|13.85|13.86|2506.0|3476032.0|13.89
132000|13.86|13.86|13.81|13.82|8268.0|11434508.0|13.86
132500|13.81|13.82|13.75|13.81|13845.0|19086126.0|13.82
133000|13.8|13.8|13.73|13.74|6473.0|8908972.0|13.81
133500|13.73|13.79|13.7|13.78|9161.0|12578977.0|13.74
134000|13.78|13.81|13.78|13.8|4532.0|6251481.0|13.78
134500|13.8|13.9|13.8|13.86|4360.0|6039745.0|13.8
135000|13.85|13.95|13.85|13.88|18086.0|25138551.0|13.86
135500|13.86|13.9|13.84|13.89|8125.0|11260783.0|13.88
140000|13.89|13.89|13.77|13.81|5207.0|7186233.0|13.89
140500|13.81|13.84|13.78|13.83|4669.0|6443979.0|13.81
141000|13.81|13.86|13.8|13.84|2738.0|3786049.0|13.83
141500|13.83|13.85|13.81|13.83|2467.0|3410965.0|13.84
142000|13.82|13.84|13.81|13.83|1763.0|2437244.0|13.83
142500|13.83|13.9|13.83|13.9|7784.0|10810405.0|13.83
143000|13.9|14.0|13.88|13.98|11061.0|15399504.0|13.9
143500|13.98|13.98|13.92|13.93|2095.0|2922256.0|13.98
144000|13.93|13.93|13.9|13.9|2154.0|2996303.0|13.93
144500|13.91|13.93|13.88|13.9|4347.0|6039747.0|13.9
145000|13.89|13.91|13.89|13.9|5443.0|7560599.0|13.9
145500|13.9|13.9|13.88|13.9|3209.0|4459370.0|13.9
150000|13.9|13.9|13.89|13.89|4047.0|5621731.0|13.9
