093500|25.7900|25.9400|25.7500|25.8800|277932|7186560.0000|25.8800
094000|25.9000|25.9100|25.6300|25.6400|200148|5161070.0000|25.6400
094500|25.6400|25.7500|25.6300|25.6500|224900|5770359.0000|25.6500
095000|25.6500|25.7300|25.6500|25.7100|103300|2653404.0000|25.7100
095500|25.7100|25.7100|25.5300|25.5600|256500|6561424.0000|25.5600
100000|25.5500|25.6100|25.5500|25.5800|106700|2729772.0000|25.5800
100500|25.5900|25.6100|25.5300|25.5700|131600|3364577.0000|25.5700
101000|25.5700|25.6500|25.5500|25.6500|59800|1530751.0000|25.6500
101500|25.6600|25.7000|25.6400|25.6800|37900|973380.0000|25.6800
102000|25.6800|25.6900|25.6100|25.6300|42800|1097825.0000|25.6300
102500|25.6600|25.7200|25.6300|25.7200|72212|1854390.0000|25.7200
103000|25.7200|25.8100|25.7100|25.7300|124800|3216395.0000|25.7300
103500|25.7200|25.7200|25.6000|25.6400|110768|2842423.0000|25.6400
104000|25.6300|25.7000|25.6300|25.6500|36400|934144.0000|25.6500
104500|25.6500|25.6700|25.6200|25.6300|67120|1721316.0000|25.6300
105000|25.6200|25.6300|25.5700|25.6300|78300|2004346.0000|25.6300
105500|25.6000|25.7300|25.6000|25.6900|41729|1071496.0000|25.6900
110000|25.6700|25.6800|25.6000|25.6100|33900|868598.0000|25.6100
110500|25.6000|25.6700|25.6000|25.6600|58460|1498171.0000|25.6600
111000|25.6500|25.7600|25.6500|25.6800|80420|2066354.0000|25.6800
111500|25.6600|25.7400|25.6300|25.7200|64000|1644725.0000|25.7200
112000|25.7300|25.7800|25.6900|25.7000|50000|1286404.0000|25.7000
112500|25.6900|25.7200|25.6600|25.6700|44700|1148489.0000|25.6700
113000|25.6300|25.7500|25.6300|25.6900|55880|1435431.0000|25.6900
130500|25.6900|25.7100|25.6100|25.6200|50700|1300707.0000|25.6200
131000|25.6300|25.6400|25.6100|25.6300|24520|628164.0000|25.6300
131500|25.6300|25.6300|25.5800|25.5800|44100|1129128.0000|25.5800
132000|25.6000|25.6600|25.5800|25.6400|58160|1489372.0000|25.6400
132500|25.6300|25.6500|25.6000|25.6300|56700|1452793.0000|25.6300
133000|25.6400|25.7300|25.6300|25.7200|75520|1939676.0000|25.7200
133500|25.7200|25.7900|25.7200|25.7900|104200|2683031.0000|25.7900
134000|25.7900|25.8300|25.7700|25.7900|102800|2651458.0000|25.7900
134500|25.7900|25.9000|25.7600|25.7600|192400|4967809.0000|25.7600
135000|25.7700|25.8300|25.7600|25.7600|142200|3666861.0000|25.7600
135500|25.7600|25.7800|25.7200|25.7800|131700|3390521.0000|25.7800
140000|25.7800|25.8000|25.7100|25.7900|106700|2748523.0000|25.7900
140500|25.7800|25.8100|25.7700|25.7700|55000|1418434.0000|25.7700
141000|25.7900|25.8200|25.7700|25.7700|63800|1645603.0000|25.7700
141500|25.7900|25.8100|25.7500|25.7700|130300|3359565.0000|25.7700
142000|25.7700|25.7800|25.7400|25.7500|72800|1875107.0000|25.7500
142500|25.7500|25.7500|25.6800|25.6900|82120|2112197.0000|25.6900
143000|25.7200|25.7400|25.6900|25.7000|35200|905274.0000|25.7000
143500|25.7100|25.7300|25.6600|25.6600|134180|3446938.0000|25.6600
144000|25.6800|25.6800|25.6500|25.6800|147620|3788262.0000|25.6800
144500|25.6700|25.6900|25.6200|25.6400|177100|4541973.0000|25.6400
145000|25.6500|25.6600|25.5900|25.6400|287000|7353138.0000|25.6400
145500|25.6100|25.6400|25.6000|25.6100|107520|2754217.0000|25.6100
150000|25.6100|25.7100|25.6100|25.7100|125038|3208708.0000|25.7100
