093500|5.27|5.36|5.23|5.29|153366.0|82371045.0|5.33
094000|5.28|5.28|5.22|5.25|92764.0|49440933.0|5.29
094500|5.25|5.26|5.21|5.23|66871.0|35493639.0|5.25
095000|5.23|5.25|5.22|5.22|49906.0|26508991.0|5.23
095500|5.22|5.25|5.19|5.22|73071.0|38662321.0|5.22
100000|5.22|5.23|5.2|5.2|31175.0|16493662.0|5.22
100500|5.2|5.23|5.2|5.22|28536.0|15111671.0|5.2
101000|5.22|5.24|5.2|5.2|21017.0|11143170.0|5.22
101500|5.21|5.22|5.17|5.17|35017.0|18474774.0|5.2
102000|5.18|5.19|5.16|5.17|36935.0|19390896.0|5.17
102500|5.17|5.18|5.15|5.15|24696.0|12949493.0|5.17
103000|5.16|5.18|5.15|5.18|15291.0|8015737.0|5.15
103500|5.18|5.18|5.16|5.16|13462.0|7059249.0|5.18
104000|5.16|5.16|5.15|5.16|11091.0|5805822.0|5.16
104500|5.16|5.16|5.14|5.15|18888.0|9876807.0|5.16
105000|5.16|5.16|5.13|5.14|16905.0|8830461.0|5.15
105500|5.14|5.14|5.12|5.14|29419.0|15331756.0|5.14
110000|5.14|5.15|5.13|5.14|12902.0|6739724.0|5.14
110500|5.15|5.15|5.14|5.14|14294.0|7472782.0|5.14
111000|5.15|5.17|5.14|5.17|15632.0|8193344.0|5.14
111500|5.17|5.2|5.16|5.19|14235.0|7488934.0|5.17
112000|5.19|5.19|5.17|5.18|8496.0|4472582.0|5.19
112500|5.19|5.19|5.17|5.18|5697.0|2994101.0|5.18
113000|5.18|5.19|5.16|5.18|8620.0|4534409.0|5.18
130500|5.19|5.23|5.17|5.22|21356.0|11283129.0|5.18
131000|5.22|5.23|5.21|5.22|14015.0|7429289.0|5.22
131500|5.23|5.25|5.21|5.24|18691.0|9926139.0|5.22
132000|5.24|5.24|5.21|5.21|7502.0|3979214.0|5.24
132500|5.22|5.22|5.2|5.2|5869.0|3102586.0|5.21
133000|5.2|5.21|5.19|5.2|3457.0|1824046.0|5.2
133500|5.2|5.2|5.18|5.18|7669.0|4038533.0|5.2
134000|5.19|5.21|5.18|5.21|5853.0|3089532.0|5.18
134500|5.21|5.23|5.2|5.23|12876.0|6823919.0|5.21
135000|5.22|5.22|5.18|5.18|11321.0|5975292.0|5.23
135500|5.18|5.19|5.17|5.18|8705.0|4576740.0|5.18
140000|5.18|5.18|5.17|5.17|6541.0|3436560.0|5.18
140500|5.17|5.18|5.15|5.15|15109.0|7923901.0|5.17
141000|5.15|5.16|5.15|5.16|6084.0|3185199.0|5.15
141500|5.16|5.16|5.14|5.15|9562.0|5002036.0|5.16
142000|5.14|5.15|5.14|5.15|11265.0|5882646.0|5.15
142500|5.14|5.16|5.14|5.16|7186.0|3757318.0|5.15
143000|5.16|5.16|5.14|5.14|23214.0|12131269.0|5.16
143500|5.14|5.15|5.14|5.15|6896.0|3604539.0|5.14
144000|5.15|5.16|5.14|5.14|14834.0|7759811.0|5.15
144500|5.15|5.15|5.14|5.15|12946.0|6763527.0|5.14
145000|5.15|5.15|5.13|5.13|38723.0|20202351.0|5.15
145500|5.13|5.14|5.12|5.13|31926.0|16618406.0|5.13
150000|5.13|5.14|5.12|5.13|33663.0|17535509.0|5.13
