093500|28.8000|29.0100|28.3400|28.5100|1510632|43285275.0000|28.5100
094000|28.5200|28.6200|28.2800|28.3200|685000|19473436.0000|28.3200
094500|28.3800|28.3800|28.0000|28.2500|716600|20209466.0000|28.2500
095000|28.2500|28.3600|28.1500|28.2400|378800|10709079.0000|28.2400
095500|28.2400|28.2900|27.9600|28.0100|522038|14651106.0000|28.0100
100000|28.0100|28.2000|27.9700|27.9800|298200|8362257.0000|27.9800
100500|27.9800|28.1000|27.7700|27.7700|668500|18665762.0000|27.7700
101000|27.7800|27.9100|27.7500|27.8000|416382|11597628.0000|27.8000
101500|27.7900|27.8000|27.5100|27.5100|573100|15859773.0000|27.5100
102000|27.5100|27.6400|27.4800|27.5200|974000|26813173.0000|27.5200
102500|27.5200|27.6900|27.5000|27.5700|456100|12587319.0000|27.5700
103000|27.5600|27.8300|27.5600|27.8100|434646|12034645.0000|27.8100
103500|27.8100|27.9900|27.8100|27.8400|249500|6956118.0000|27.8400
104000|27.8400|28.0400|27.8000|28.0000|270200|7541697.0000|28.0000
104500|28.0200|28.0300|27.9100|27.9300|256100|7166668.0000|27.9300
105000|27.9400|28.0000|27.9200|27.9500|238300|6665256.0000|27.9500
105500|27.9500|28.0700|27.9400|28.0700|310000|8673451.0000|28.0700
110000|28.0500|28.1800|28.0000|28.0000|234888|6596903.0000|28.0000
110500|28.0000|28.0800|27.8400|27.8800|182500|5100058.0000|27.8800
111000|27.8500|27.9900|27.8000|27.9000|193600|5393391.0000|27.9000
111500|27.9200|27.9900|27.8300|27.9000|161000|4493891.0000|27.9000
112000|27.8700|27.8900|27.8100|27.8100|118264|3293184.0000|27.8100
112500|27.8100|27.9000|27.7700|27.8700|156256|4349328.0000|27.8700
113000|27.8700|27.9500|27.7800|27.7800|150600|4196640.0000|27.7800
130500|27.7800|27.8800|27.7000|27.7000|183300|5089072.0000|27.7000
131000|27.7100|27.7100|27.6000|27.6800|197500|5464800.0000|27.6800
131500|27.6800|27.8900|27.6800|27.8700|223726|6221792.0000|27.8700
132000|27.8700|28.0600|27.8200|28.0600|471780|13202272.0000|28.0600
132500|28.0600|28.0900|27.9200|27.9800|393323|11007360.0000|27.9800
133000|27.9800|27.9900|27.8700|27.9800|362100|10116832.0000|27.9800
133500|28.0000|28.0600|27.9400|27.9800|388300|10871696.0000|27.9800
134000|27.9800|27.9800|27.8100|27.8500|241700|6739632.0000|27.8500
134500|27.8300|27.9500|27.7600|27.8600|441600|12294352.0000|27.8600
135000|27.8400|27.8400|27.7100|27.7100|169400|4702800.0000|27.7100
135500|27.7100|27.7800|27.6900|27.6900|185200|5132112.0000|27.6900
140000|27.7000|27.7900|27.6800|27.7500|180500|5002816.0000|27.7500
140500|27.7700|27.7700|27.6100|27.6100|268000|7420752.0000|27.6100
141000|27.6200|27.6600|27.5600|27.6000|359950|9937248.0000|27.6000
141500|27.6000|27.6100|27.5500|27.5600|180300|4971936.0000|27.5600
142000|27.5600|27.5900|27.5200|27.5200|217700|5998608.0000|27.5200
142500|27.5200|27.5500|27.5000|27.5100|242453|6670624.0000|27.5100
143000|27.5000|27.5900|27.4900|27.4900|197047|5423200.0000|27.4900
143500|27.4900|27.4900|27.3600|27.4500|626833|17187520.0000|27.4500
144000|27.4800|27.5700|27.4600|27.5200|231158|6362208.0000|27.5200
144500|27.5200|27.5300|27.4700|27.4700|283639|7800304.0000|27.4700
145000|27.4500|27.5200|27.4500|27.5200|373627|10275440.0000|27.5200
145500|27.5100|27.6100|27.5100|27.6000|281929|7766896.0000|27.6000
150000|27.5800|27.6000|27.5700|27.6000|353300|9745360.0000|27.6000
