093500|16.91|16.91|16.85|16.86|5176.0|8735186.0|16.92
094000|16.86|16.94|16.86|16.91|4947.0|8365499.0|16.86
094500|16.91|16.97|16.88|16.96|5239.0|8871298.0|16.91
095000|16.96|16.99|16.93|16.97|8114.0|13764264.0|16.96
095500|16.98|17.03|16.96|16.99|9988.0|16974503.0|16.97
100000|16.98|17.0|16.97|16.97|5228.0|8881875.0|16.99
100500|16.97|16.98|16.96|16.97|2033.0|3449757.0|16.97
101000|16.96|16.97|16.94|16.97|2984.0|5060291.0|16.97
101500|16.97|17.0|16.97|16.99|2640.0|4484648.0|16.97
102000|16.99|17.01|16.98|16.98|3199.0|5438331.0|16.99
102500|16.99|16.99|16.95|16.97|2303.0|3907950.0|16.98
103000|16.97|16.97|16.95|16.95|1701.0|2884381.0|16.97
103500|16.95|16.97|16.94|16.94|1735.0|2940725.0|16.95
104000|16.94|16.96|16.94|16.94|971.0|1645674.0|16.94
104500|16.94|16.96|16.94|16.96|531.0|900109.0|16.94
105000|16.95|16.96|16.94|16.94|1238.0|2097940.0|16.96
105500|16.93|16.95|16.93|16.93|676.0|1144973.0|16.94
110000|16.93|16.93|16.9|16.9|2231.0|3773628.0|16.93
110500|16.9|16.91|16.88|16.89|1688.0|2851832.0|16.9
111000|16.89|16.9|16.89|16.89|640.0|1081098.0|16.89
111500|16.89|16.92|16.89|16.92|417.0|704798.0|16.89
112000|16.91|16.93|16.91|16.93|274.0|463578.0|16.92
112500|16.93|16.93|16.91|16.92|562.0|950917.0|16.93
113000|16.91|16.92|16.9|16.91|519.0|877389.0|16.92
130500|16.9|16.91|16.88|16.9|1577.0|2664108.0|16.91
131000|16.89|16.9|16.89|16.89|399.0|674066.0|16.9
131500|16.89|16.89|16.88|16.88|868.0|1465287.0|16.89
132000|16.88|16.91|16.87|16.91|1217.0|2055170.0|16.88
132500|16.91|16.92|16.9|16.9|554.0|936613.0|16.91
133000|16.9|16.9|16.88|16.88|483.0|815663.0|16.9
133500|16.88|16.89|16.88|16.88|771.0|1301819.0|16.88
134000|16.89|16.9|16.88|16.9|607.0|1025128.0|16.88
134500|16.89|16.91|16.89|16.9|1508.0|2548617.0|16.9
135000|16.91|16.91|16.9|16.9|812.0|1372822.0|16.9
135500|16.91|16.91|16.89|16.9|679.0|1147571.0|16.9
140000|16.89|16.9|16.88|16.9|746.0|1259834.0|16.9
140500|16.89|16.89|16.88|16.88|477.0|805360.0|16.9
141000|16.88|16.89|16.88|16.88|1252.0|2113278.0|16.88
141500|16.87|16.89|16.86|16.88|1103.0|1860924.0|16.88
142000|16.87|16.88|16.84|16.84|3245.0|5469582.0|16.88
142500|16.83|16.84|16.82|16.83|1895.0|3189797.0|16.84
143000|16.83|16.84|16.82|16.82|1670.0|2810887.0|16.83
143500|16.83|16.84|16.82|16.84|1735.0|2919511.0|16.82
144000|16.84|16.86|16.83|16.86|1451.0|2444396.0|16.84
144500|16.85|16.88|16.85|16.87|1373.0|2315207.0|16.86
145000|16.87|16.89|16.87|16.88|763.0|1288250.0|16.87
145500|16.88|16.89|16.87|16.88|2629.0|4438797.0|16.88
150000|16.88|16.89|16.87|16.88|2254.0|3805411.0|16.88
