093500|61.5200|61.5200|60.0400|60.4700|909998|55068628.5600|60.4700
094000|60.3800|61.3400|60.2100|61.0000|478200|29077378.0000|61.0000
094500|61.1300|61.2300|60.9200|61.0600|499100|30468657.0000|61.0600
095000|61.0500|61.1300|60.8000|60.9100|501300|30560515.0000|60.9100
095500|60.9100|61.0000|60.6000|61.0000|305100|18537593.0000|61.0000
100000|61.1300|61.3400|61.0000|61.3000|340900|20845895.0000|61.3000
100500|61.3000|61.8300|61.1900|61.8000|585215|36034049.8500|61.8000
101000|61.8000|62.4900|61.8000|62.3900|440000|27368945.0000|62.3900
101500|62.3500|62.3600|61.6800|61.8500|143900|8929671.0000|61.8500
102000|61.8300|62.0000|61.5800|61.5800|256400|15844628.1000|61.5800
102500|61.5600|61.7600|61.1100|61.2400|233816|14333182.9200|61.2400
103000|61.2900|61.3800|61.1500|61.2500|115400|7066441.0000|61.2500
103500|61.1800|61.5100|61.1700|61.2600|89500|5486255.0000|61.2600
104000|61.2500|61.2600|61.0400|61.1800|91674|5607093.8800|61.1800
104500|61.2000|61.5000|61.2000|61.2100|84400|5171312.0000|61.2100
105000|61.2100|61.2200|61.0200|61.1600|84100|5135431.0000|61.1600
105500|61.1600|61.3000|61.1200|61.1600|37500|2294374.0000|61.1600
110000|61.1600|61.3900|61.1600|61.3500|60900|3735054.0000|61.3500
110500|61.3800|61.4500|61.2100|61.3600|49600|3042134.0000|61.3600
111000|61.3300|61.3300|61.0500|61.1100|81600|4989978.0000|61.1100
111500|61.1100|61.2300|61.0800|61.1300|32100|1961948.0000|61.1300
112000|61.1300|61.1300|60.8900|60.9000|139900|8535097.0000|60.9000
112500|60.8700|61.1000|60.8700|61.1000|55800|3403467.0000|61.1000
113000|61.0900|61.1000|60.9200|60.9500|28900|1762464.0000|60.9500
130500|60.9500|61.1900|60.9000|61.0200|61263|3738814.8100|61.0200
131000|61.0200|61.0600|60.9200|61.0300|49500|3020129.0000|61.0300
131500|61.0400|61.0700|60.9600|61.0400|45900|2800889.0000|61.0400
132000|61.0300|61.0400|60.9900|60.9900|45200|2757655.0000|60.9900
132500|60.9900|61.0900|60.9200|61.0300|76100|4642585.0000|61.0300
133000|61.0300|61.2900|61.0300|61.2500|55600|3401770.0000|61.2500
133500|61.2500|61.4300|61.1400|61.2200|74700|4579311.0000|61.2200
134000|61.2200|61.3100|61.2100|61.2500|58300|3570630.0000|61.2500
134500|61.2700|61.4000|61.2100|61.3000|85000|5211581.0000|61.3000
135000|61.3000|61.3000|61.0900|61.1700|70400|4307570.0000|61.1700
135500|61.1900|61.1900|60.9800|60.9800|103400|6316529.0000|60.9800
140000|60.9700|61.0000|60.9200|60.9200|102500|6249236.0000|60.9200
140500|60.9200|61.0200|60.8900|61.0200|153000|9323633.0000|61.0200
141000|61.0500|61.2400|61.0200|61.2000|91100|5567524.0000|61.2000
141500|61.2000|61.2800|61.0700|61.2800|114600|7008438.0000|61.2800
142000|61.2300|61.4400|61.1900|61.3300|107400|6587724.0000|61.3300
142500|61.3500|61.5400|61.3400|61.5400|139700|8584177.0000|61.5400
143000|61.5000|61.6000|61.4000|61.4000|125800|7739227.0000|61.4000
143500|61.3400|61.5800|61.3400|61.5800|109700|6747100.0000|61.5800
144000|61.5900|61.6000|61.3500|61.5000|129200|7942747.0000|61.5000
144500|61.4800|61.5000|61.4200|61.4600|119000|7313895.0000|61.4600
145000|61.4600|61.4700|61.3000|61.3600|134000|8223254.0000|61.3600
145500|61.3500|61.5100|61.3500|61.4900|147500|9064687.0000|61.4900
150000|61.5100|61.6200|61.4900|61.6200|192700|11864774.0000|61.6200
