093500|9.2700|9.3100|9.2300|9.2700|248656|2306626.0000|9.2700
094000|9.2600|9.2700|9.2500|9.2700|74500|690144.0000|9.2700
094500|9.2700|9.2900|9.2600|9.2900|156157|1447870.0000|9.2900
095000|9.2900|9.2900|9.2700|9.2800|51460|477437.0000|9.2800
095500|9.2700|9.2900|9.2600|9.2900|55200|511981.0000|9.2900
100000|9.2900|9.3000|9.2800|9.2900|78822|732292.0000|9.2900
100500|9.3000|9.3000|9.2700|9.2900|42700|396338.0000|9.2900
101000|9.2900|9.3000|9.2800|9.2900|78600|730338.0000|9.2900
101500|9.2900|9.3000|9.2700|9.2700|61900|574954.0000|9.2700
102000|9.2600|9.2800|9.2600|9.2700|53056|491860.0000|9.2700
102500|9.2700|9.2900|9.2600|9.2800|77800|721783.0000|9.2800
103000|9.2800|9.2900|9.2800|9.2900|23400|217287.0000|9.2900
103500|9.2800|9.3000|9.2700|9.3000|110500|1026303.0000|9.3000
104000|9.2900|9.3400|9.2900|9.3400|301280|2806759.0000|9.3400
104500|9.3300|9.3300|9.3200|9.3200|50800|473680.0000|9.3200
105000|9.3200|9.3300|9.3100|9.3200|26100|243264.0000|9.3200
105500|9.3200|9.3300|9.3100|9.3100|38800|361585.0000|9.3100
110000|9.3100|9.3300|9.3100|9.3300|46908|437585.0000|9.3300
110500|9.3300|9.3500|9.3300|9.3400|48500|452889.0000|9.3400
111000|9.3400|9.3500|9.3300|9.3400|44800|418422.0000|9.3400
111500|9.3400|9.3400|9.3300|9.3400|35000|326897.0000|9.3400
112000|9.3300|9.3400|9.3300|9.3400|38300|357631.0000|9.3400
112500|9.3300|9.3400|9.3300|9.3300|18500|172734.0000|9.3300
113000|9.3300|9.3500|9.3300|9.3400|38320|357824.0000|9.3400
130500|9.3500|9.3500|9.3300|9.3400|67580|631193.0000|9.3400
131000|9.3400|9.3500|9.3400|9.3400|41200|384813.0000|9.3400
131500|9.3400|9.3500|9.3100|9.3100|143592|1339897.0000|9.3100
132000|9.3200|9.3300|9.3100|9.3200|16800|156595.0000|9.3200
132500|9.3200|9.3300|9.3100|9.3200|62200|579655.0000|9.3200
133000|9.3300|9.3300|9.3200|9.3300|9420|87837.0000|9.3300
133500|9.3300|9.3300|9.3200|9.3300|26800|249979.0000|9.3300
134000|9.3300|9.3700|9.3300|9.3600|196800|1840006.0000|9.3600
134500|9.3600|9.3600|9.3500|9.3600|62540|585198.0000|9.3600
135000|9.3500|9.3600|9.3400|9.3500|40060|374729.0000|9.3500
135500|9.3400|9.3500|9.3400|9.3400|11100|103773.0000|9.3400
140000|9.3500|9.3600|9.3400|9.3500|26800|250647.0000|9.3500
140500|9.3600|9.3600|9.3400|9.3400|54400|508675.0000|9.3400
141000|9.3400|9.3500|9.3400|9.3500|75700|707302.0000|9.3500
141500|9.3500|9.3600|9.3500|9.3500|27700|259108.0000|9.3500
142000|9.3500|9.3600|9.3400|9.3500|36500|341328.0000|9.3500
142500|9.3500|9.3600|9.3400|9.3500|38500|359979.0000|9.3500
143000|9.3500|9.3500|9.3400|9.3400|19700|184032.0000|9.3400
143500|9.3400|9.3700|9.3400|9.3600|62000|579836.0000|9.3600
144000|9.3500|9.3600|9.3400|9.3600|54000|504954.0000|9.3600
144500|9.3500|9.3500|9.3400|9.3500|61100|570891.0000|9.3500
145000|9.3400|9.3500|9.3400|9.3400|70000|654279.0000|9.3400
145500|9.3500|9.3700|9.3400|9.3500|110436|1033097.0000|9.3500
150000|9.3600|9.3600|9.3200|9.3300|195701|1826567.0000|9.3300
