093500|4.8200|4.8200|4.7900|4.8000|822900|3953348.0000|4.8000
094000|4.8200|4.8400|4.8100|4.8300|744400|3585990.0000|4.8300
094500|4.8300|4.8400|4.8100|4.8100|760900|3667295.0000|4.8100
095000|4.8100|4.8300|4.8100|4.8300|354700|1709015.0000|4.8300
095500|4.8300|4.8400|4.8100|4.8300|389900|1881398.0000|4.8300
100000|4.8400|4.8600|4.8400|4.8500|703700|3409435.0000|4.8500
100500|4.8600|4.8600|4.8400|4.8500|231900|1124838.0000|4.8500
101000|4.8400|4.8400|4.8200|4.8200|237700|1147780.0000|4.8200
101500|4.8200|4.8300|4.8200|4.8200|265300|1278966.0000|4.8200
102000|4.8200|4.8300|4.8200|4.8300|38000|183512.0000|4.8300
102500|4.8300|4.8400|4.8200|4.8300|74600|360198.0000|4.8300
103000|4.8200|4.8300|4.8100|4.8100|236900|1142120.0000|4.8100
103500|4.8100|4.8200|4.7800|4.7900|811400|3887886.0000|4.7900
104000|4.7900|4.8000|4.7800|4.8000|97700|468118.0000|4.8000
104500|4.8000|4.8000|4.7800|4.8000|241600|1157556.0000|4.8000
105000|4.7900|4.8000|4.7900|4.7900|178600|856028.0000|4.7900
105500|4.8000|4.8000|4.7900|4.8000|154800|742500.0000|4.8000
110000|4.8000|4.8100|4.7900|4.7900|201100|963898.0000|4.7900
110500|4.7900|4.8000|4.7900|4.7900|157500|754438.0000|4.7900
111000|4.7900|4.8000|4.7900|4.8000|88700|424906.0000|4.8000
111500|4.8000|4.8000|4.7900|4.8000|75800|363712.0000|4.8000
112000|4.8000|4.8100|4.8000|4.8100|678700|3258192.0000|4.8100
112500|4.8100|4.8100|4.7900|4.8000|121700|584180.0000|4.8000
113000|4.8000|4.8100|4.7900|4.8000|255700|1225340.0000|4.8000
130500|4.8000|4.8100|4.8000|4.8000|186400|894884.0000|4.8000
131000|4.8000|4.8000|4.7800|4.7900|236900|1135448.0000|4.7900
131500|4.7900|4.7900|4.7800|4.7900|41700|199624.0000|4.7900
132000|4.7900|4.7900|4.7700|4.7700|371600|1776092.0000|4.7700
132500|4.7800|4.7900|4.7700|4.7800|115200|550380.0000|4.7800
133000|4.7700|4.7900|4.7700|4.7900|283600|1355556.0000|4.7900
133500|4.7900|4.7900|4.7800|4.7800|50800|243016.0000|4.7800
134000|4.7800|4.7900|4.7700|4.7800|179600|858312.0000|4.7800
134500|4.7700|4.7900|4.7700|4.7800|184500|882292.0000|4.7800
135000|4.7800|4.7900|4.7700|4.7800|201600|963632.0000|4.7800
135500|4.7900|4.7900|4.7800|4.7800|74100|354240.0000|4.7800
140000|4.7800|4.7900|4.7700|4.7800|57600|275256.0000|4.7800
140500|4.7800|4.7900|4.7800|4.7800|235600|1126728.0000|4.7800
141000|4.7900|4.7900|4.7700|4.7800|87300|417192.0000|4.7800
141500|4.7800|4.7900|4.7700|4.7800|204900|979332.0000|4.7800
142000|4.7800|4.7800|4.7700|4.7800|128200|612756.0000|4.7800
142500|4.7800|4.7900|4.7700|4.7800|109500|523064.0000|4.7800
143000|4.7800|4.7900|4.7800|4.7800|47900|229288.0000|4.7800
143500|4.7800|4.8000|4.7800|4.8000|388500|1863032.0000|4.8000
144000|4.8000|4.8000|4.7900|4.8000|154900|742252.0000|4.8000
144500|4.8000|4.8000|4.7900|4.8000|65900|316340.0000|4.8000
145000|4.8000|4.8000|4.7900|4.8000|176200|843972.0000|4.8000
145500|4.8000|4.8000|4.7800|4.7900|216200|1035360.0000|4.7900
150000|4.7800|4.8000|4.7800|4.7900|182200|872840.0000|4.7900
