093500|5.0200|5.0600|5.0000|5.0100|1754700|8816997.0000|5.0100
094000|5.0100|5.0200|4.9800|5.0200|659000|3294981.0000|5.0200
094500|5.0200|5.0300|4.9900|5.0300|542500|2718430.0000|5.0300
095000|5.0300|5.0400|5.0200|5.0300|674400|3394560.0000|5.0300
095500|5.0200|5.0300|5.0000|5.0100|517500|2592326.0000|5.0100
100000|5.0100|5.0100|4.9800|4.9800|552900|2759386.0000|4.9800
100500|4.9800|5.0000|4.9800|4.9900|384600|1919322.0000|4.9900
101000|4.9900|5.0000|4.9800|4.9900|201900|1007600.0000|4.9900
101500|4.9900|4.9900|4.9800|4.9800|110700|552018.0000|4.9800
102000|4.9900|4.9900|4.9800|4.9900|177200|883570.0000|4.9900
102500|4.9900|5.0000|4.9800|4.9800|288000|1437490.0000|4.9800
103000|4.9800|5.0000|4.9700|5.0000|693800|3457972.0000|5.0000
103500|4.9900|5.0000|4.9900|4.9900|116200|580236.0000|4.9900
104000|4.9900|5.0000|4.9700|4.9700|273400|1361620.0000|4.9700
104500|4.9800|4.9900|4.9700|4.9900|144600|720348.0000|4.9900
105000|4.9900|5.0000|4.9800|4.9900|140100|699052.0000|4.9900
105500|4.9900|4.9900|4.9700|4.9800|135600|675248.0000|4.9800
110000|4.9700|4.9800|4.9600|4.9700|445000|2210924.0000|4.9700
110500|4.9600|4.9700|4.9600|4.9600|165800|822452.0000|4.9600
111000|4.9600|4.9700|4.9600|4.9600|75600|375312.0000|4.9600
111500|4.9600|4.9800|4.9600|4.9700|138000|686128.0000|4.9700
112000|4.9800|4.9800|4.9600|4.9600|204000|1013352.0000|4.9600
112500|4.9600|4.9700|4.9500|4.9600|298100|1478728.0000|4.9600
113000|4.9600|4.9600|4.9300|4.9400|595100|2942920.0000|4.9400
130500|4.9400|4.9600|4.9400|4.9500|302000|1494420.0000|4.9500
131000|4.9500|4.9500|4.9400|4.9500|290400|1435080.0000|4.9500
131500|4.9400|4.9600|4.9300|4.9400|227400|1123176.0000|4.9400
132000|4.9400|4.9600|4.9300|4.9500|354000|1751308.0000|4.9500
132500|4.9500|4.9600|4.9400|4.9500|143400|709444.0000|4.9500
133000|4.9600|4.9800|4.9500|4.9700|219000|1087356.0000|4.9700
133500|4.9600|4.9700|4.9500|4.9700|125800|624284.0000|4.9700
134000|4.9700|4.9700|4.9500|4.9700|318400|1580328.0000|4.9700
134500|4.9700|4.9700|4.9600|4.9600|155900|773768.0000|4.9600
135000|4.9700|4.9800|4.9600|4.9700|579400|2879796.0000|4.9700
135500|4.9600|4.9600|4.9400|4.9400|331500|1642396.0000|4.9400
140000|4.9400|4.9600|4.9400|4.9500|213300|1055944.0000|4.9500
140500|4.9500|4.9600|4.9400|4.9500|503200|2489732.0000|4.9500
141000|4.9500|4.9700|4.9500|4.9600|229900|1140088.0000|4.9600
141500|4.9600|4.9700|4.9500|4.9700|186900|927112.0000|4.9700
142000|4.9600|4.9700|4.9600|4.9700|108900|540928.0000|4.9700
142500|4.9700|4.9800|4.9600|4.9600|412300|2050240.0000|4.9600
143000|4.9600|4.9900|4.9600|4.9900|239300|1190968.0000|4.9900
143500|4.9900|5.0000|4.9800|4.9800|840600|4193432.0000|4.9800
144000|4.9800|4.9900|4.9700|4.9800|243100|1210864.0000|4.9800
144500|4.9800|4.9900|4.9800|4.9900|303500|1512880.0000|4.9900
145000|4.9900|4.9900|4.9800|4.9800|287900|1434136.0000|4.9800
145500|4.9800|4.9900|4.9800|4.9900|587600|2929992.0000|4.9900
150000|4.9900|5.0000|4.9800|4.9800|638100|3181584.0000|4.9800
