093500|5.3100|5.3700|5.2900|5.3700|10033196|53595368.0000|5.3700
094000|5.3700|5.3700|5.3300|5.3600|4215906|22557162.0000|5.3600
094500|5.3600|5.3700|5.3400|5.3500|2190300|11721014.0000|5.3500
095000|5.3500|5.3500|5.3100|5.3500|3330000|17748291.0000|5.3500
095500|5.3500|5.3500|5.3300|5.3500|1904800|10177658.0000|5.3500
100000|5.3500|5.3500|5.3400|5.3400|1634800|8731978.0000|5.3400
100500|5.3400|5.3500|5.3300|5.3500|1815600|9696823.0000|5.3500
101000|5.3400|5.3700|5.3400|5.3600|2819700|15102172.0000|5.3600
101500|5.3700|5.3800|5.3500|5.3800|3691400|19810888.0000|5.3800
102000|5.3800|5.3800|5.3500|5.3800|3439100|18459396.0000|5.3800
102500|5.3800|5.3900|5.3700|5.3800|3357821|18070986.0000|5.3800
103000|5.3900|5.4100|5.3800|5.3900|3473800|18739728.0000|5.3900
103500|5.4000|5.4000|5.3800|5.3900|1966300|10601017.0000|5.3900
104000|5.3900|5.4000|5.3700|5.3700|2472600|13320111.0000|5.3700
104500|5.3800|5.3900|5.3700|5.3700|995600|5354958.0000|5.3700
105000|5.3800|5.3900|5.3700|5.3700|1412000|7597092.0000|5.3700
105500|5.3700|5.3900|5.3700|5.3800|1849100|9946270.0000|5.3800
110000|5.3800|5.4500|5.3800|5.4500|9993740|54178048.0000|5.4500
110500|5.4500|5.4500|5.4100|5.4200|2826400|15343392.0000|5.4200
111000|5.4200|5.4200|5.4000|5.4100|1863500|10082480.0000|5.4100
111500|5.4100|5.4200|5.4000|5.4100|2163200|11688592.0000|5.4100
112000|5.4100|5.4500|5.4000|5.4400|2793800|15186032.0000|5.4400
112500|5.4400|5.4400|5.4300|5.4400|929100|5052816.0000|5.4400
113000|5.4400|5.4500|5.4300|5.4400|1308700|7122752.0000|5.4400
130500|5.4400|5.4600|5.4400|5.4400|2012715|10961248.0000|5.4400
131000|5.4400|5.4500|5.4300|5.4400|1243000|6764688.0000|5.4400
131500|5.4400|5.4400|5.4300|5.4400|1162800|6318480.0000|5.4400
132000|5.4300|5.4500|5.4300|5.4500|1503300|8181872.0000|5.4500
132500|5.4400|5.4600|5.4400|5.4600|2204800|12021712.0000|5.4600
133000|5.4600|5.4700|5.4500|5.4600|2446100|13365968.0000|5.4600
133500|5.4700|5.4900|5.4600|5.4700|5210455|28533008.0000|5.4700
134000|5.4700|5.4800|5.4600|5.4600|2522500|13807936.0000|5.4600
134500|5.4700|5.4800|5.4600|5.4600|2278100|12468016.0000|5.4600
135000|5.4600|5.4800|5.4600|5.4700|3297900|18036208.0000|5.4700
135500|5.4700|5.4800|5.4600|5.4700|3515700|19229120.0000|5.4700
140000|5.4700|5.4700|5.4500|5.4600|1918900|10481376.0000|5.4600
140500|5.4600|5.4600|5.4400|5.4500|1859700|10132704.0000|5.4500
141000|5.4500|5.4500|5.4400|5.4400|875500|4767616.0000|5.4400
141500|5.4400|5.4500|5.4400|5.4400|950100|5169888.0000|5.4400
142000|5.4400|5.4400|5.4300|5.4400|1141000|6200336.0000|5.4400
142500|5.4300|5.4400|5.4100|5.4100|2510700|13614048.0000|5.4100
143000|5.4100|5.4300|5.4100|5.4100|1289400|6983248.0000|5.4100
143500|5.4100|5.4200|5.3900|5.3900|2444300|13214272.0000|5.3900
144000|5.3900|5.4000|5.3800|5.3800|1607100|8663072.0000|5.3800
144500|5.3800|5.4000|5.3800|5.4000|2779000|14975584.0000|5.4000
145000|5.4000|5.4000|5.3800|5.3800|2010660|10827920.0000|5.3800
145500|5.3800|5.3900|5.3700|5.3700|1703820|9158208.0000|5.3700
150000|5.3700|5.3800|5.3700|5.3700|1847500|9924080.0000|5.3700
