093500|4.3500|4.3500|4.2900|4.3100|12161000|52493496.0000|4.3100
094000|4.3100|4.3100|4.2600|4.2700|10626800|45461384.0000|4.2700
094500|4.2700|4.2900|4.2600|4.2800|4571500|19565000.0000|4.2800
095000|4.2800|4.2800|4.2600|4.2600|5070000|21651488.0000|4.2600
095500|4.2600|4.2700|4.2500|4.2700|4968600|21165424.0000|4.2700
100000|4.2700|4.2700|4.2500|4.2700|3170300|13503808.0000|4.2700
100500|4.2700|4.2800|4.2500|4.2800|4797800|20433360.0000|4.2800
101000|4.2800|4.2900|4.2600|4.2700|4729800|20215040.0000|4.2700
101500|4.2700|4.2900|4.2600|4.2900|1995800|8523024.0000|4.2900
102000|4.2900|4.2900|4.2600|4.2700|2542500|10860624.0000|4.2700
102500|4.2700|4.2700|4.2500|4.2600|2370100|10097856.0000|4.2600
103000|4.2600|4.2700|4.2400|4.2600|5214600|22159328.0000|4.2600
103500|4.2600|4.2700|4.2500|4.2600|2119100|9029568.0000|4.2600
104000|4.2600|4.2800|4.2600|4.2700|1952500|8338560.0000|4.2700
104500|4.2800|4.2800|4.2600|4.2700|3093600|13210816.0000|4.2700
105000|4.2600|4.2700|4.2500|4.2700|2191200|9333376.0000|4.2700
105500|4.2600|4.2700|4.2500|4.2500|997700|4248800.0000|4.2500
110000|4.2500|4.2600|4.2500|4.2600|1478700|6287232.0000|4.2600
110500|4.2600|4.2600|4.2500|4.2600|1944000|8262976.0000|4.2600
111000|4.2600|4.2700|4.2500|4.2700|1403500|5981312.0000|4.2700
111500|4.2700|4.2700|4.2500|4.2600|1577400|6717344.0000|4.2600
112000|4.2600|4.2700|4.2500|4.2700|854000|3639904.0000|4.2700
112500|4.2700|4.2800|4.2600|4.2600|1734900|7408064.0000|4.2600
113000|4.2600|4.2800|4.2600|4.2800|1410300|6028224.0000|4.2800
130500|4.2700|4.3000|4.2700|4.2900|2859200|12245952.0000|4.2900
131000|4.2900|4.2900|4.2700|4.2800|3682800|15754624.0000|4.2800
131500|4.2800|4.2900|4.2700|4.2800|1848500|7911584.0000|4.2800
132000|4.2800|4.2900|4.2700|4.2700|1415400|6050336.0000|4.2700
132500|4.2700|4.2800|4.2600|4.2600|1783900|7615648.0000|4.2600
133000|4.2600|4.2700|4.2600|4.2700|1039200|4428896.0000|4.2700
133500|4.2700|4.2700|4.2600|4.2700|1289600|5498112.0000|4.2700
134000|4.2700|4.2700|4.2500|4.2500|2072900|8825120.0000|4.2500
134500|4.2500|4.2700|4.2500|4.2700|2040100|8684288.0000|4.2700
135000|4.2700|4.2700|4.2500|4.2600|2621600|11177216.0000|4.2600
135500|4.2600|4.2700|4.2500|4.2500|1273100|5415296.0000|4.2500
140000|4.2500|4.2600|4.2400|4.2400|2912900|12376576.0000|4.2400
140500|4.2400|4.2600|4.2400|4.2400|1742700|7396512.0000|4.2400
141000|4.2400|4.2600|4.2400|4.2500|1412200|5999808.0000|4.2500
141500|4.2500|4.2600|4.2400|4.2500|925700|3932032.0000|4.2500
142000|4.2500|4.2500|4.2400|4.2400|1154900|4897920.0000|4.2400
142500|4.2400|4.2500|4.2400|4.2400|1217300|5163840.0000|4.2400
143000|4.2400|4.2500|4.2400|4.2500|1291600|5477664.0000|4.2500
143500|4.2500|4.2600|4.2400|4.2600|2372600|10081056.0000|4.2600
144000|4.2600|4.2600|4.2500|4.2600|482900|2054048.0000|4.2600
144500|4.2600|4.2600|4.2500|4.2600|1593100|6777120.0000|4.2600
145000|4.2600|4.2600|4.2500|4.2500|1155000|4911424.0000|4.2500
145500|4.2500|4.2600|4.2500|4.2600|1636900|6961760.0000|4.2600
150000|4.2600|4.2600|4.2500|4.2600|1924700|8196544.0000|4.2600
