093500|5.2900|5.3000|5.2700|5.2800|3428900|18113488.0000|5.2800
094000|5.2800|5.3000|5.2700|5.2900|1786000|9434088.0000|5.2900
094500|5.2900|5.3200|5.2900|5.3200|1431200|7591604.0000|5.3200
095000|5.3200|5.3200|5.3000|5.3100|2051600|10889052.0000|5.3100
095500|5.3100|5.3100|5.2900|5.3000|1227700|6501512.0000|5.3000
100000|5.3000|5.3200|5.2900|5.3100|1446300|7673344.0000|5.3100
100500|5.3100|5.3200|5.2900|5.2900|1062500|5636624.0000|5.2900
101000|5.2900|5.3000|5.2800|5.2900|1234600|6524652.0000|5.2900
101500|5.2900|5.2900|5.2600|5.2700|1541700|8125872.0000|5.2700
102000|5.2700|5.2700|5.2600|5.2700|1779100|9361680.0000|5.2700
102500|5.2700|5.2700|5.2600|5.2700|1472900|7751424.0000|5.2700
103000|5.2700|5.2800|5.2500|5.2600|2434400|12816408.0000|5.2600
103500|5.2600|5.2700|5.2500|5.2700|1282700|6746680.0000|5.2700
104000|5.2700|5.2800|5.2600|5.2800|1158800|6109760.0000|5.2800
104500|5.2800|5.2900|5.2700|5.2700|1056500|5573904.0000|5.2700
105000|5.2700|5.3000|5.2700|5.2900|1352700|7152264.0000|5.2900
105500|5.2900|5.3000|5.2800|5.2900|1405600|7441648.0000|5.2900
110000|5.2900|5.3000|5.2900|5.2900|922600|4885248.0000|5.2900
110500|5.2900|5.3100|5.2900|5.3000|937900|4972096.0000|5.3000
111000|5.3000|5.3300|5.3000|5.3200|2547700|13549312.0000|5.3200
111500|5.3200|5.3400|5.3200|5.3400|1299300|6932992.0000|5.3400
112000|5.3400|5.3600|5.3300|5.3400|2343400|12531376.0000|5.3400
112500|5.3400|5.3500|5.3400|5.3400|762400|4074880.0000|5.3400
113000|5.3400|5.3600|5.3300|5.3600|1354200|7240112.0000|5.3600
130500|5.3500|5.3700|5.3400|5.3500|3208000|17177856.0000|5.3500
131000|5.3500|5.3600|5.3400|5.3500|1112700|5948240.0000|5.3500
131500|5.3500|5.3500|5.3200|5.3200|1163700|6200448.0000|5.3200
132000|5.3200|5.3300|5.3100|5.3100|1847800|9826064.0000|5.3100
132500|5.3100|5.3300|5.3100|5.3300|1371500|7300464.0000|5.3300
133000|5.3300|5.3400|5.3200|5.3300|1284800|6855584.0000|5.3300
133500|5.3300|5.3500|5.3300|5.3400|1584300|8458912.0000|5.3400
134000|5.3400|5.3500|5.3300|5.3300|1963700|10493424.0000|5.3300
134500|5.3300|5.3500|5.3300|5.3400|820800|4381104.0000|5.3400
135000|5.3400|5.3400|5.3100|5.3200|1509900|8037696.0000|5.3200
135500|5.3200|5.3300|5.3200|5.3200|380400|2025088.0000|5.3200
140000|5.3200|5.3400|5.3200|5.3200|1114800|5941184.0000|5.3200
140500|5.3200|5.3500|5.3200|5.3400|914400|4881632.0000|5.3400
141000|5.3400|5.3500|5.3300|5.3400|1392100|7438368.0000|5.3400
141500|5.3400|5.3500|5.3300|5.3500|1682000|8979168.0000|5.3500
142000|5.3400|5.3500|5.3200|5.3300|1341800|7163616.0000|5.3300
142500|5.3300|5.3300|5.3100|5.3100|1216300|6471584.0000|5.3100
143000|5.3100|5.3300|5.3100|5.3200|781400|4156064.0000|5.3200
143500|5.3200|5.3300|5.3100|5.3200|662700|3525920.0000|5.3200
144000|5.3200|5.3300|5.3100|5.3200|293100|1557696.0000|5.3200
144500|5.3200|5.3200|5.3000|5.3100|1103800|5856128.0000|5.3100
145000|5.3100|5.3100|5.3000|5.3100|929600|4928960.0000|5.3100
145500|5.3100|5.3100|5.2900|5.2900|1452600|7689920.0000|5.2900
150000|5.2900|5.3000|5.2800|5.2900|1149800|6084608.0000|5.2900
