09350000|37.4139298000|37.9976253800|37.4139298000|37.7775434400|3775661|148830782.0000|37.7775434400
09400000|37.7584058800|37.7584058800|36.8876469000|36.9641971400|3445332|134092034.0000|36.9641971400
09450000|36.9354908000|37.2991044400|36.9354908000|37.1460039600|1855974|71958640.0000|37.1460039600
09500000|37.1938478600|37.3660859000|37.1364351800|37.2703981000|1192447|46419088.0000|37.2703981000
09550000|37.2034166400|37.3086732200|37.0311786000|37.0311786000|2233953|86750384.0000|37.0311786000
10000000|37.0311786000|37.0311786000|36.7441152000|36.8493717800|2363600|91049408.0000|36.8493717800
10050000|36.8685093400|37.1460039600|36.7632527600|36.8493717800|1496126|57708080.0000|36.8493717800
10100000|36.8493717800|37.3086732200|36.8398030000|37.3086732200|1165600|44995488.0000|37.3086732200
10150000|37.3182420000|37.3565171200|37.0407473800|37.0407473800|662800|25749984.0000|37.0407473800
10200000|37.0407473800|37.3182420000|37.0311786000|37.3086732200|634100|24609984.0000|37.3086732200
10250000|37.3086732200|37.7488371000|37.2321229800|37.5478927200|1299100|50925152.0000|37.5478927200
10300000|37.6053054000|37.7009932000|37.4139298000|37.5478927200|1116809|43875552.0000|37.5478927200
10350000|37.5478927200|37.9210751400|37.5478927200|37.7488371000|2174500|85971824.0000|37.7488371000
10400000|37.7775434400|37.8923688000|37.7296995400|37.7775434400|1114300|44028736.0000|37.7775434400
10450000|37.7775434400|37.7775434400|37.5191863800|37.6053054000|830200|32655904.0000|37.6053054000
10500000|37.6148741800|37.7009932000|37.5096176000|37.6818556400|745633|29326480.0000|37.6818556400
10550000|37.6818556400|37.7775434400|37.4617737000|37.4617737000|563400|22148176.0000|37.4617737000
11000000|37.4522049200|37.6531493000|37.4139298000|37.6340117400|450800|17674848.0000|37.6340117400
11050000|37.6435805200|37.6722868600|37.5191863800|37.5191863800|268600|10560448.0000|37.5191863800
11100000|37.5191863800|37.7296995400|37.5191863800|37.5670302800|506371|19929072.0000|37.5670302800
11150000|37.5670302800|37.6818556400|37.5287551600|37.6818556400|238297|9365200.0000|37.6818556400
11200000|37.6722868600|37.7584058800|37.6148741800|37.7488371000|462240|18193088.0000|37.7488371000
11250000|37.7584058800|37.7679746600|37.4904800400|37.4904800400|701360|27559536.0000|37.4904800400
11300000|37.5000488200|37.6818556400|37.4426361400|37.6340117400|584264|22916432.0000|37.6340117400
13050000|37.6531493000|37.6531493000|37.4617737000|37.4617737000|341418|13396848.0000|37.4617737000
13100000|37.4617737000|37.4904800400|37.4139298000|37.4809112600|389932|15254992.0000|37.4809112600
13150000|37.4904800400|37.5000488200|37.0885912800|37.1077288400|758336|29537104.0000|37.1077288400
13200000|37.1268664000|37.2034166400|36.9929034800|36.9929034800|629600|24420656.0000|36.9929034800
13250000|36.9929034800|37.2703981000|36.9833347000|37.2225542000|737864|28580096.0000|37.2225542000
13300000|37.2416917600|37.2703981000|37.1938478600|37.2608293200|266200|10359280.0000|37.2608293200
13350000|37.2416917600|37.5287551600|37.1364351800|37.5287551600|413600|16115792.0000|37.5287551600
13400000|37.5287551600|37.5478927200|37.3182420000|37.4043610200|364300|14258944.0000|37.4043610200
13450000|37.3947922400|37.4043610200|37.3182420000|37.3278107800|226200|8827120.0000|37.3278107800
13500000|37.3278107800|37.3469483400|37.1842790800|37.2991044400|473609|18444576.0000|37.2991044400
13550000|37.2991044400|37.4426361400|37.2799668800|37.3182420000|320500|12522832.0000|37.3182420000
14000000|37.3182420000|37.4043610200|37.3086732200|37.3373795600|190300|7429552.0000|37.3373795600
14050000|37.3278107800|37.4139298000|37.2991044400|37.3278107800|451286|17612528.0000|37.3278107800
14100000|37.3086732200|37.3182420000|37.1747103000|37.1842790800|305261|11883744.0000|37.1842790800
14150000|37.1842790800|37.2703981000|37.1747103000|37.2416917600|234500|9123072.0000|37.2416917600
14200000|37.2321229800|37.2703981000|37.2129854200|37.2703981000|269584|10490368.0000|37.2703981000
14250000|37.2703981000|37.3182420000|37.2416917600|37.2416917600|227600|8867152.0000|37.2416917600
14300000|37.2416917600|37.2703981000|37.2225542000|37.2703981000|303600|11815024.0000|37.2703981000
14350000|37.2703981000|37.4904800400|37.2416917600|37.2895356600|650540|25383648.0000|37.2895356600
14400000|37.2895356600|37.2895356600|37.2129854200|37.2703981000|518600|20182720.0000|37.2703981000
14450000|37.2703981000|37.2991044400|37.2321229800|37.2321229800|451833|17589360.0000|37.2321229800
14500000|37.2321229800|37.2416917600|37.2225542000|37.2321229800|843629|32822496.0000|37.2321229800
14550000|37.2321229800|37.3182420000|37.2225542000|37.2608293200|832800|32435472.0000|37.2608293200
15000000|37.2512605400|37.2608293200|37.2416917600|37.2608293200|926813|36084096.0000|37.2608293200
