09350000|33.5194363400|34.3327826400|33.3950422000|34.3136450800|5481408|194479398.0000|34.3136450800
09400000|34.3136450800|34.8399279800|34.3136450800|34.3423514200|5696375|205772986.0000|34.3423514200
09450000|34.3327826400|34.9260470000|34.3327826400|34.8112216400|4139246|150105152.0000|34.8112216400
09500000|34.8303592000|35.0791474800|34.5624333600|34.8207904200|4310802|157037296.0000|34.8207904200
09550000|34.8207904200|34.8207904200|34.3423514200|34.4858831200|3170507|114627392.0000|34.4858831200
10000000|34.4763143400|34.4763143400|34.1509758200|34.1509758200|1958461|70305392.0000|34.1509758200
10050000|34.1509758200|34.4667455600|33.9787377800|34.4667455600|1997366|71348912.0000|34.4667455600
10100000|34.4763143400|34.4858831200|34.2658011800|34.2658011800|1025500|36840368.0000|34.2658011800
10150000|34.2562324000|34.3901953200|34.0935631400|34.0935631400|851950|30523024.0000|34.0935631400
10200000|34.0839943600|34.2179572800|33.8639124200|33.8639124200|1820200|64715632.0000|33.8639124200
10250000|33.8639124200|34.1318382600|33.8447748600|34.0744255800|1397431|49668240.0000|34.0744255800
10300000|34.0648568000|34.1509758200|33.9883065600|34.1509758200|751573|26738800.0000|34.1509758200
10350000|34.1605446000|34.2275260600|33.9596002200|33.9596002200|688427|24535136.0000|33.9596002200
10400000|33.9500314400|33.9500314400|33.7108119400|33.8352060800|1506797|53263232.0000|33.8352060800
10450000|33.8447748600|33.9691690000|33.7299495000|33.7777934000|1117603|39522016.0000|33.7777934000
10500000|33.7586558400|34.0744255800|33.7108119400|34.0744255800|938307|33198160.0000|34.0744255800
10550000|34.0648568000|34.0648568000|33.8064997400|33.8064997400|720200|25555152.0000|33.8064997400
11000000|33.7969309600|33.8352060800|33.7969309600|33.8256373000|489100|17282544.0000|33.8256373000
11050000|33.8256373000|33.8352060800|33.3950422000|33.4715924400|2720411|95424000.0000|33.4715924400
11100000|33.4715924400|33.6821056000|33.4715924400|33.4715924400|1127334|39585856.0000|33.4715924400
11150000|33.4620236600|33.4907300000|33.3854734200|33.4333173200|1294566|45224720.0000|33.4333173200
11200000|33.4237485400|33.5577114600|33.3950422000|33.5577114600|1248157|43603344.0000|33.5577114600
11250000|33.5577114600|33.6916743800|33.4524548800|33.4524548800|643100|22588640.0000|33.4524548800
11300000|33.4620236600|33.4907300000|33.3950422000|33.4237485400|623400|21798256.0000|33.4237485400
13050000|33.4237485400|33.4237485400|33.1079788000|33.4046109800|1478825|51425072.0000|33.4046109800
13100000|33.4237485400|33.4428861000|33.2419417200|33.2419417200|817800|28485936.0000|33.2419417200
13150000|33.2706480600|33.4428861000|33.1845290400|33.4333173200|837400|29130720.0000|33.4333173200
13200000|33.4428861000|33.4620236600|33.2993544000|33.3184919600|689100|24023920.0000|33.3184919600
13250000|33.3184919600|33.3184919600|33.1079788000|33.1175475800|1206590|41816096.0000|33.1175475800
13300000|33.1175475800|33.1271163600|32.8974656400|32.9070344200|1941701|67013760.0000|32.9070344200
13350000|32.8878968600|33.3376295200|32.8687593000|33.0888412400|1756298|60746000.0000|33.0888412400
13400000|33.0601349000|33.2897856200|33.0601349000|33.1845290400|666372|23111072.0000|33.1845290400
13450000|33.1940978200|33.4811612200|33.1845290400|33.1845290400|775600|27030784.0000|33.1845290400
13500000|33.2323729400|33.2802168400|33.0601349000|33.0792724600|574600|19913376.0000|33.0792724600
13550000|33.0601349000|33.2515105000|32.9931534400|32.9931534400|791800|27371360.0000|32.9931534400
14000000|32.9931534400|33.0218597800|32.8687593000|32.8687593000|1201500|41390672.0000|32.8687593000
14050000|32.8783280800|33.0122910000|32.8209154000|32.8304841800|1182500|40676496.0000|32.8304841800
14100000|32.8209154000|32.9166032000|32.5721271200|32.9166032000|2683611|91726720.0000|32.9166032000
14150000|32.9166032000|33.0601349000|32.6391085800|32.7156588200|1160167|39813904.0000|32.7156588200
14200000|32.7060900400|32.8687593000|32.7060900400|32.7826402800|1064800|36470400.0000|32.7826402800
14250000|32.7922090600|32.9357407600|32.7826402800|32.8783280800|729511|25074656.0000|32.8783280800
14300000|32.8878968600|33.1845290400|32.7443651600|33.1845290400|976534|33549648.0000|33.1845290400
14350000|33.1940978200|33.6342617000|33.0888412400|33.6342617000|2064982|72044672.0000|33.6342617000
14400000|33.6438304800|34.2753699600|33.6342617000|33.7777934000|3302900|117212240.0000|33.7777934000
14450000|33.8256373000|33.8256373000|33.3759046400|33.5481426800|1493384|52390416.0000|33.5481426800
14500000|33.5385739000|33.5385739000|33.2323729400|33.2897856200|1158741|40426880.0000|33.2897856200
14550000|33.2993544000|33.4907300000|33.2802168400|33.2802168400|1721700|60057776.0000|33.2802168400
15000000|33.2802168400|33.3471983000|33.2515105000|33.3471983000|1837509|63984784.0000|33.3471983000
