09350000|23.1555885600|23.1652689900|22.8458148000|22.8458148000|1358300|32277172.0000|22.8458148000
09400000|22.8458148000|23.1168668400|22.8458148000|23.0878255500|626000|14852124.0000|23.0878255500
09450000|23.0781451200|23.2330320000|23.0781451200|23.2330320000|891500|21329600.0000|23.2330320000
09500000|23.2330320000|23.3298363000|23.1459081300|23.3298363000|1276900|30668168.0000|23.3298363000
09550000|23.3491971600|23.3879188800|23.2911145800|23.3588775900|1257400|30322056.0000|23.3588775900
10000000|23.3685580200|23.4363210300|23.3491971600|23.3879188800|896800|21677440.0000|23.3879188800
10050000|23.3782384500|23.3975993100|23.2330320000|23.2330320000|587300|14149392.0000|23.2330320000
10100000|23.2330320000|23.2523928600|23.1265472700|23.1362277000|512600|12282176.0000|23.1362277000
10150000|23.1362277000|23.1459081300|23.0394234000|23.0491038300|512000|12219616.0000|23.0491038300
10200000|23.0394234000|23.0781451200|23.0007016800|23.0491038300|411300|9786368.0000|23.0491038300
10250000|23.0587842600|23.1071864100|23.0394234000|23.0491038300|325400|7755376.0000|23.0491038300
10300000|23.0491038300|23.0878255500|23.0297429700|23.0781451200|235400|5605296.0000|23.0781451200
10350000|23.0781451200|23.1555885600|23.0491038300|23.1265472700|219200|5230336.0000|23.1265472700
10400000|23.1362277000|23.1459081300|23.0491038300|23.0587842600|170600|4071376.0000|23.0587842600
10450000|23.0587842600|23.0781451200|23.0297429700|23.0587842600|228800|5447552.0000|23.0587842600
10500000|23.0587842600|23.0878255500|23.0297429700|23.0587842600|204500|4870640.0000|23.0587842600
10550000|23.0491038300|23.0587842600|22.9716603900|22.9716603900|274600|6526592.0000|22.9716603900
11000000|22.9716603900|23.0200625400|22.9522995300|23.0103821100|210400|4994448.0000|23.0103821100
11050000|22.9910212500|23.1168668400|22.9716603900|23.0975059800|170400|4056480.0000|23.0975059800
11100000|23.0975059800|23.1168668400|23.0684646900|23.1071864100|91800|2189888.0000|23.1071864100
11150000|23.1071864100|23.1555885600|23.0878255500|23.1459081300|218400|5217184.0000|23.1459081300
11200000|23.1459081300|23.1749494200|23.0975059800|23.1071864100|142700|3411552.0000|23.1071864100
11250000|23.1071864100|23.1652689900|23.0975059800|23.1459081300|163100|3897408.0000|23.1459081300
11300000|23.1459081300|23.2233515700|23.1362277000|23.2136711400|170400|4078784.0000|23.2136711400
13050000|23.2136711400|23.2136711400|23.1555885600|23.1846298500|302600|7250912.0000|23.1846298500
13100000|23.1846298500|23.2330320000|23.1749494200|23.2330320000|136200|3265408.0000|23.2330320000
13150000|23.2330320000|23.2330320000|23.1749494200|23.1943102800|159000|3810880.0000|23.1943102800
13200000|23.1943102800|23.3104754400|23.1943102800|23.2814341500|608400|14621088.0000|23.2814341500
13250000|23.3007950100|23.4072797400|23.2911145800|23.4072797400|851500|20544128.0000|23.4072797400
13300000|23.4072797400|23.4072797400|23.2814341500|23.3298363000|365300|8808352.0000|23.3298363000
13350000|23.3298363000|23.3782384500|23.3298363000|23.3782384500|442800|10686464.0000|23.3782384500
13400000|23.4072797400|23.4847231800|23.3879188800|23.3975993100|1835600|44443584.0000|23.3975993100
13450000|23.3879188800|23.4169601700|23.2814341500|23.3201558700|803300|19356128.0000|23.3201558700
13500000|23.3201558700|23.4169601700|23.3104754400|23.4072797400|563900|13613888.0000|23.4072797400
13550000|23.4072797400|23.4266406000|23.3975993100|23.4266406000|363900|8801600.0000|23.4266406000
14000000|23.4266406000|23.4266406000|23.4072797400|23.4169601700|308100|7453920.0000|23.4169601700
14050000|23.4266406000|23.4266406000|23.3395167300|23.3395167300|451300|10903040.0000|23.3395167300
14100000|23.3395167300|23.3782384500|23.3007950100|23.3298363000|386100|9308864.0000|23.3298363000
14150000|23.3395167300|23.3491971600|23.2814341500|23.3104754400|332500|8008576.0000|23.3104754400
14200000|23.3201558700|23.3298363000|23.2620732900|23.2620732900|381100|9167808.0000|23.2620732900
14250000|23.2620732900|23.2717537200|23.1943102800|23.2330320000|541400|12991872.0000|23.2330320000
14300000|23.2136711400|23.2717537200|23.2136711400|23.2717537200|224500|5390752.0000|23.2717537200
14350000|23.2717537200|23.2814341500|23.2427124300|23.2427124300|162500|3905056.0000|23.2427124300
14400000|23.2427124300|23.2620732900|23.2330320000|23.2620732900|169100|4061152.0000|23.2620732900
14450000|23.2523928600|23.2620732900|23.2136711400|23.2233515700|346000|8304256.0000|23.2233515700
14500000|23.2233515700|23.2427124300|23.1749494200|23.2039907100|500300|11995040.0000|23.2039907100
14550000|23.2039907100|23.2136711400|23.1749494200|23.2039907100|445700|10676064.0000|23.2039907100
15000000|23.2039907100|23.2039907100|23.1846298500|23.1943102800|552500|13238976.0000|23.1943102800
