09350000|15.9358838100|16.2813532200|15.8738764800|16.2282040800|1289121|23431498.0000|16.2282040800
09400000|16.2370622700|16.2990696000|16.0687566600|16.0953312300|941500|17189218.0000|16.0953312300
09450000|16.1041894200|16.1839131300|16.0953312300|16.1130476100|486300|8863991.0000|16.1130476100
09500000|16.0953312300|16.1573385600|16.0953312300|16.1219058000|349600|6364846.0000|16.1219058000
09550000|16.1219058000|16.1307639900|16.0776148500|16.0864730400|284800|5174960.0000|16.0864730400
10000000|16.0864730400|16.0864730400|16.0244657100|16.0776148500|302943|5486721.0000|16.0776148500
10050000|16.0687566600|16.0864730400|16.0244657100|16.0244657100|354500|6420983.0000|16.0244657100
10100000|16.0333239000|16.0333239000|15.9978911400|16.0156075200|268600|4855362.0000|16.0156075200
10150000|16.0156075200|16.0333239000|15.9713165700|15.9713165700|358000|6467125.0000|15.9713165700
10200000|15.9713165700|16.0244657100|15.9624583800|16.0067493300|221700|3999739.0000|16.0067493300
10250000|15.9978911400|16.0510402800|15.9890329500|16.0421820900|200700|3628526.0000|16.0421820900
10300000|16.0421820900|16.0598984700|16.0156075200|16.0244657100|227709|4121585.0000|16.0244657100
10350000|16.0244657100|16.0244657100|15.9801747600|16.0156075200|197500|3568724.0000|16.0156075200
10400000|16.0156075200|16.0333239000|16.0067493300|16.0156075200|162200|2933437.0000|16.0156075200
10450000|16.0333239000|16.0864730400|16.0156075200|16.0864730400|185400|3360775.0000|16.0864730400
10500000|16.0864730400|16.1041894200|16.0244657100|16.0333239000|177900|3226745.0000|16.0333239000
10550000|16.0421820900|16.0598984700|16.0067493300|16.0067493300|168800|3053473.0000|16.0067493300
11000000|16.0156075200|16.0333239000|15.9890329500|16.0156075200|159000|2874945.0000|16.0156075200
11050000|16.0156075200|16.0421820900|16.0067493300|16.0067493300|158600|2868664.0000|16.0067493300
11100000|16.0067493300|16.0421820900|15.9978911400|16.0244657100|181700|3285360.0000|16.0244657100
11150000|16.0333239000|16.0510402800|15.9978911400|16.0067493300|198223|3584619.0000|16.0067493300
11200000|16.0156075200|16.0687566600|16.0156075200|16.0510402800|157800|2858803.0000|16.0510402800
11250000|16.0510402800|16.0776148500|16.0333239000|16.0687566600|137400|2490726.0000|16.0687566600
11300000|16.0687566600|16.1130476100|16.0598984700|16.0953312300|158600|2879954.0000|16.0953312300
13050000|16.0953312300|16.1041894200|16.0510402800|16.0510402800|201200|3651957.0000|16.0510402800
13100000|16.0510402800|16.0776148500|16.0421820900|16.0510402800|95800|1736990.0000|16.0510402800
13150000|16.0510402800|16.0598984700|16.0333239000|16.0510402800|115300|2088815.0000|16.0510402800
13200000|16.0510402800|16.0510402800|16.0156075200|16.0333239000|253100|4580897.0000|16.0333239000
13250000|16.0333239000|16.0598984700|16.0156075200|16.0510402800|210200|3804398.0000|16.0510402800
13300000|16.0244657100|16.0598984700|16.0244657100|16.0333239000|133500|2416819.0000|16.0333239000
13350000|16.0333239000|16.0333239000|16.0067493300|16.0067493300|326900|5911886.0000|16.0067493300
13400000|15.9978911400|16.0244657100|15.9978911400|15.9978911400|145600|2631446.0000|15.9978911400
13450000|15.9978911400|16.0067493300|15.9890329500|16.0067493300|165200|2983464.0000|16.0067493300
13500000|16.0067493300|16.0156075200|15.9890329500|15.9890329500|182900|3302620.0000|15.9890329500
13550000|15.9890329500|15.9978911400|15.9713165700|15.9713165700|326700|5896198.0000|15.9713165700
14000000|15.9801747600|15.9978911400|15.9713165700|15.9890329500|257600|4648125.0000|15.9890329500
14050000|15.9890329500|15.9978911400|15.9713165700|15.9713165700|154500|2788110.0000|15.9713165700
14100000|15.9713165700|15.9801747600|15.9358838100|15.9358838100|438100|7890108.0000|15.9358838100
14150000|15.9447420000|15.9447420000|15.9181674300|15.9270256200|290899|5232840.0000|15.9270256200
14200000|15.9358838100|15.9624583800|15.9181674300|15.9358838100|427800|7697962.0000|15.9358838100
14250000|15.9358838100|15.9624583800|15.9358838100|15.9447420000|287600|5176843.0000|15.9447420000
14300000|15.9447420000|15.9536001900|15.9358838100|15.9447420000|177900|3201750.0000|15.9447420000
14350000|15.9536001900|15.9536001900|15.9181674300|15.9181674300|333801|6003021.0000|15.9181674300
14400000|15.9181674300|15.9358838100|15.9004510500|15.9004510500|270100|4853527.0000|15.9004510500
14450000|15.9093092400|15.9181674300|15.8915928600|15.9093092400|437100|7847702.0000|15.9093092400
14500000|15.9181674300|15.9181674300|15.8915928600|15.9093092400|575010|10320572.0000|15.9093092400
14550000|15.9181674300|15.9447420000|15.9093092400|15.9447420000|247160|4444464.0000|15.9447420000
15000000|15.9447420000|15.9624583800|15.9447420000|15.9447420000|295300|5316344.0000|15.9447420000
