093500|20.31|20.39|20.3|20.36|7444.0|15306367.0|20.29
094000|20.36|20.37|20.27|20.3|11053.0|22690355.0|20.36
094500|20.3|20.32|20.26|20.3|5956.0|12207681.0|20.3
095000|20.31|20.32|20.28|20.3|4770.0|9778177.0|20.3
095500|20.3|20.31|20.2|20.23|6980.0|14267641.0|20.3
100000|20.24|20.28|20.18|20.23|6447.0|13168564.0|20.23
100500|20.23|20.37|20.22|20.35|5574.0|11420091.0|20.23
101000|20.32|20.44|20.32|20.43|7360.0|15140475.0|20.35
101500|20.43|20.49|20.41|20.42|10760.0|22219937.0|20.43
102000|20.42|20.47|20.39|20.44|5352.0|11039523.0|20.42
102500|20.43|20.47|20.43|20.44|5257.0|10852144.0|20.44
103000|20.43|20.45|20.41|20.43|3480.0|7181823.0|20.44
103500|20.43|20.45|20.41|20.42|3179.0|6558423.0|20.43
104000|20.41|20.42|20.36|20.36|3442.0|7083116.0|20.42
104500|20.36|20.36|20.33|20.35|4521.0|9289321.0|20.36
105000|20.36|20.41|20.34|20.4|2621.0|5392684.0|20.35
105500|20.39|20.44|20.39|20.42|2023.0|4173159.0|20.4
110000|20.4|20.42|20.38|20.4|3336.0|6873267.0|20.42
110500|20.4|20.44|20.4|20.42|1627.0|3353204.0|20.4
111000|20.42|20.46|20.42|20.44|3748.0|7737587.0|20.42
111500|20.44|20.51|20.44|20.5|5799.0|11993122.0|20.44
112000|20.5|20.54|20.48|20.53|5551.0|11496501.0|20.5
112500|20.53|20.53|20.44|20.46|3745.0|7745403.0|20.53
113000|20.46|20.47|20.45|20.45|1734.0|3582439.0|20.46
130500|20.46|20.46|20.39|20.44|3515.0|7249620.0|20.45
131000|20.44|20.44|20.35|20.35|3938.0|8107818.0|20.44
131500|20.35|20.37|20.33|20.34|3230.0|6636714.0|20.35
132000|20.35|20.36|20.33|20.34|3875.0|7958425.0|20.34
132500|20.34|20.39|20.34|20.36|2757.0|5669969.0|20.34
133000|20.35|20.37|20.33|20.33|2554.0|5249165.0|20.36
133500|20.33|20.33|20.28|20.31|6335.0|12990418.0|20.33
134000|20.31|20.31|20.24|20.25|6227.0|12749843.0|20.31
134500|20.26|20.3|20.24|20.25|3585.0|7336876.0|20.25
135000|20.24|20.25|20.16|20.18|11027.0|22486562.0|20.25
135500|20.19|20.2|20.12|20.12|7790.0|15870948.0|20.18
140000|20.12|20.12|20.0|20.05|12024.0|24360156.0|20.12
140500|20.08|20.15|20.07|20.13|6915.0|14042913.0|20.05
141000|20.14|20.17|20.12|20.14|3315.0|6742659.0|20.13
141500|20.13|20.16|20.09|20.12|3633.0|7380854.0|20.14
142000|20.12|20.12|20.04|20.04|4364.0|8849786.0|20.12
142500|20.04|20.05|19.99|20.03|7301.0|14759333.0|20.04
143000|20.01|20.03|19.89|19.9|12882.0|25946271.0|20.03
143500|19.9|20.03|19.86|20.02|16177.0|32579080.0|19.9
144000|20.02|20.02|19.9|19.9|5527.0|11146014.0|20.02
144500|19.91|19.91|19.82|19.85|7970.0|15986650.0|19.9
145000|19.83|19.85|19.79|19.83|14047.0|28110143.0|19.85
145500|19.82|19.83|19.8|19.81|8553.0|17116798.0|19.83
150000|19.81|19.82|19.78|19.8|5761.0|11516670.0|19.81
