093500|6.86|7.0|6.82|6.83|69557.0|48015571.0|6.87
094000|6.83|6.9|6.83|6.9|26069.0|17857733.0|6.83
094500|6.9|6.97|6.89|6.95|41657.0|28915372.0|6.9
095000|6.96|6.98|6.84|6.87|20310.0|14036335.0|6.95
095500|6.87|6.92|6.83|6.9|12353.0|8481717.0|6.87
100000|6.89|6.94|6.87|6.93|18549.0|12802416.0|6.9
100500|6.93|6.95|6.91|6.92|12871.0|8920292.0|6.93
101000|6.93|6.98|6.92|6.95|18581.0|12905015.0|6.92
101500|6.95|6.96|6.93|6.93|6939.0|4822368.0|6.95
102000|6.94|6.94|6.9|6.91|6506.0|4498617.0|6.93
102500|6.89|6.9|6.88|6.88|10042.0|6914286.0|6.91
103000|6.89|6.9|6.85|6.87|17025.0|11689767.0|6.88
103500|6.88|6.88|6.86|6.86|7120.0|4891507.0|6.87
104000|6.86|6.87|6.85|6.87|7838.0|5375583.0|6.86
104500|6.87|6.93|6.86|6.92|7935.0|5462939.0|6.87
105000|6.92|6.97|6.91|6.94|15210.0|10566653.0|6.92
105500|6.97|7.04|6.96|7.03|46281.0|32378392.0|6.94
110000|7.03|7.08|7.02|7.03|39600.0|27926410.0|7.03
110500|7.02|7.03|6.97|7.01|11186.0|7824937.0|7.03
111000|7.0|7.01|6.99|7.0|4532.0|3174034.0|7.01
111500|7.0|7.01|6.98|6.98|7404.0|5180157.0|7.0
112000|6.98|6.99|6.95|6.96|6512.0|4539802.0|6.98
112500|6.97|6.97|6.96|6.96|3058.0|2129454.0|6.96
113000|6.96|6.99|6.96|6.99|3691.0|2574934.0|6.96
130500|6.99|7.07|6.99|7.04|22906.0|16115497.0|6.99
131000|7.04|7.05|7.01|7.02|10022.0|7044814.0|7.04
131500|7.01|7.03|7.01|7.03|4594.0|3225366.0|7.02
132000|7.02|7.03|7.0|7.0|5335.0|3740781.0|7.03
132500|7.01|7.02|6.99|6.99|5300.0|3713767.0|7.0
133000|7.0|7.0|6.98|6.98|5182.0|3622822.0|6.99
133500|6.98|6.99|6.96|6.97|5659.0|3944511.0|6.98
134000|6.97|6.98|6.96|6.98|3165.0|2204712.0|6.97
134500|6.97|6.98|6.96|6.97|2633.0|1835950.0|6.98
135000|6.97|6.97|6.95|6.95|4494.0|3129139.0|6.97
135500|6.96|6.96|6.95|6.96|3779.0|2628765.0|6.95
140000|6.96|6.96|6.91|6.91|11103.0|7694737.0|6.96
140500|6.91|6.95|6.91|6.92|5995.0|4153967.0|6.91
141000|6.94|6.94|6.91|6.92|4562.0|3158474.0|6.92
141500|6.92|6.93|6.91|6.93|2852.0|1973680.0|6.92
142000|6.92|6.93|6.92|6.93|2948.0|2041125.0|6.93
142500|6.93|6.93|6.92|6.92|5823.0|4031163.0|6.93
143000|6.91|6.92|6.91|6.92|5323.0|3681077.0|6.92
143500|6.92|6.92|6.9|6.9|5703.0|3942594.0|6.92
144000|6.9|6.91|6.87|6.88|10941.0|7536542.0|6.9
144500|6.87|6.88|6.86|6.87|9750.0|6700938.0|6.88
145000|6.86|6.87|6.86|6.86|8387.0|5756862.0|6.87
145500|6.86|6.88|6.86|6.87|12638.0|8677117.0|6.86
150000|6.87|6.88|6.86|6.86|13492.0|9266245.0|6.87
