093500|15.3300|15.3900|15.2000|15.2100|800711|12212318.0000|15.2100
094000|15.2200|15.3800|15.2200|15.3500|665900|10205097.0000|15.3500
094500|15.3500|15.3500|15.2100|15.2500|548300|8363988.0000|15.2500
095000|15.2500|15.3900|15.2100|15.3400|372771|5702449.0000|15.3400
095500|15.3500|15.4000|15.3300|15.4000|391800|6021470.0000|15.4000
100000|15.4000|15.4000|15.3300|15.3600|319100|4905857.0000|15.3600
100500|15.3600|15.4000|15.3300|15.3400|252400|3880926.0000|15.3400
101000|15.3400|15.3700|15.3100|15.3400|159210|2441366.0000|15.3400
101500|15.3400|15.3400|15.2600|15.2800|387690|5924921.0000|15.2800
102000|15.2900|15.3100|15.2700|15.3000|189537|2897327.0000|15.3000
102500|15.2900|15.3100|15.2700|15.3100|163794|2504367.0000|15.3100
103000|15.3100|15.3500|15.3000|15.3300|123270|1888901.0000|15.3300
103500|15.3300|15.4500|15.3100|15.4500|270900|4168922.0000|15.4500
104000|15.4500|15.5000|15.4300|15.4600|294500|4557508.0000|15.4600
104500|15.4600|15.5300|15.4400|15.4900|436229|6752742.0000|15.4900
105000|15.5000|15.5200|15.4700|15.5100|295200|4574746.0000|15.5100
105500|15.5100|15.5100|15.4700|15.4800|122600|1900336.0000|15.4800
110000|15.4800|15.4900|15.4600|15.4700|127800|1977891.0000|15.4700
110500|15.4700|15.5000|15.4700|15.5000|256664|3974953.0000|15.5000
111000|15.5000|15.5400|15.5000|15.5400|180400|2800144.0000|15.5400
111500|15.5300|15.5800|15.5300|15.5800|264700|4117861.0000|15.5800
112000|15.5800|15.5900|15.5500|15.5500|280700|4370518.0000|15.5500
112500|15.5500|15.5700|15.5400|15.5500|178400|2774540.0000|15.5500
113000|15.5500|15.5500|15.5200|15.5300|72000|1118484.0000|15.5300
130500|15.5200|15.5300|15.4900|15.5000|135500|2101883.0000|15.5000
131000|15.5000|15.5800|15.4900|15.5500|297900|4630618.0000|15.5500
131500|15.5500|15.5500|15.4900|15.4900|66900|1038510.0000|15.4900
132000|15.4900|15.4900|15.4700|15.4700|54700|846826.0000|15.4700
132500|15.4700|15.4800|15.4500|15.4500|80200|1240429.0000|15.4500
133000|15.4500|15.4700|15.4500|15.4600|63400|980448.0000|15.4600
133500|15.4600|15.4700|15.4500|15.4500|85500|1321595.0000|15.4500
134000|15.4500|15.4500|15.4200|15.4200|102700|1584523.0000|15.4200
134500|15.4200|15.4200|15.3800|15.4000|85900|1322888.0000|15.4000
135000|15.4000|15.4300|15.3800|15.4200|155700|2398964.0000|15.4200
135500|15.4200|15.4200|15.4000|15.4100|36100|556209.0000|15.4100
140000|15.4100|15.4100|15.3800|15.3900|75200|1157769.0000|15.3900
140500|15.3900|15.4100|15.3800|15.4000|127000|1955122.0000|15.4000
141000|15.4000|15.4000|15.3700|15.3700|144800|2228311.0000|15.3700
141500|15.3700|15.3900|15.3600|15.3600|63200|971511.0000|15.3600
142000|15.3600|15.3900|15.3600|15.3900|89900|1382698.0000|15.3900
142500|15.3900|15.3900|15.3700|15.3800|69100|1062762.0000|15.3800
143000|15.3800|15.4500|15.3800|15.4500|168900|2602651.0000|15.4500
143500|15.4200|15.4200|15.3900|15.4000|118100|1819354.0000|15.4000
144000|15.4000|15.4000|15.3800|15.3800|94300|1451165.0000|15.3800
144500|15.3800|15.3900|15.3700|15.3700|101100|1554942.0000|15.3700
145000|15.3700|15.3900|15.3700|15.3800|159700|2455570.0000|15.3800
145500|15.3700|15.3900|15.3600|15.3900|249100|3828261.0000|15.3900
150000|15.3800|15.4000|15.3700|15.4000|207900|3200217.0000|15.4000
