09350000|10.4456445800|10.4456445800|10.2788108600|10.3714962600|6861736|76701250.0000|10.3714962600
09400000|10.3807648000|10.4734502000|10.3436906400|10.3807648000|2786800|31290223.0000|10.3807648000
09450000|10.3807648000|10.4363760400|10.3344221000|10.3714962600|2152124|24108533.0000|10.3714962600
09500000|10.3714962600|10.3807648000|10.3066164800|10.3066164800|2269209|25299504.0000|10.3066164800
09550000|10.3066164800|10.3807648000|10.3066164800|10.3344221000|1302945|14540541.0000|10.3344221000
10000000|10.3436906400|10.3529591800|10.3066164800|10.3158850200|1129500|12590739.0000|10.3158850200
10050000|10.3158850200|10.3807648000|10.3066164800|10.3158850200|1110080|12376835.0000|10.3158850200
10100000|10.3158850200|10.3436906400|10.3066164800|10.3344221000|701200|7811338.0000|10.3344221000
10150000|10.3436906400|10.3436906400|10.3158850200|10.3436906400|776600|8655285.0000|10.3436906400
10200000|10.3436906400|10.3436906400|10.3158850200|10.3251535600|779900|8690292.0000|10.3251535600
10250000|10.3251535600|10.3251535600|10.2880794000|10.2973479400|1372181|15255832.0000|10.2973479400
10300000|10.2973479400|10.3344221000|10.2973479400|10.3344221000|601345|6686489.0000|10.3344221000
10350000|10.3344221000|10.3529591800|10.3344221000|10.3529591800|723789|8075572.0000|10.3529591800
10400000|10.3529591800|10.3900333400|10.3436906400|10.3714962600|651558|7285647.0000|10.3714962600
10450000|10.3714962600|10.3807648000|10.3529591800|10.3529591800|342497|3829879.0000|10.3529591800
10500000|10.3622277200|10.3622277200|10.3344221000|10.3529591800|436845|4875299.0000|10.3529591800
10550000|10.3436906400|10.3900333400|10.3436906400|10.3714962600|387000|4327446.0000|10.3714962600
11000000|10.3714962600|10.5012558200|10.3529591800|10.4827187400|1300100|14643584.0000|10.4827187400
11050000|10.4827187400|10.6032097600|10.4549131200|10.6032097600|3075000|34906816.0000|10.6032097600
11100000|10.5939412200|10.6124783000|10.5197929000|10.5568670600|2253602|25706064.0000|10.5568670600
11150000|10.5568670600|10.7051637000|10.5475985200|10.6773580800|3455900|39658336.0000|10.6773580800
11200000|10.6680895400|10.7051637000|10.6310153800|10.6310153800|2615188|30114208.0000|10.6310153800
11250000|10.6310153800|10.6402839200|10.6124783000|10.6217468400|877400|10054592.0000|10.6217468400
11300000|10.6217468400|10.6217468400|10.5661356000|10.5939412200|955070|10920672.0000|10.5939412200
13050000|10.5939412200|10.6032097600|10.5290614400|10.5383299800|1030103|11748704.0000|10.5383299800
13100000|10.5383299800|10.5754041400|10.5383299800|10.5475985200|738200|8404416.0000|10.5475985200
13150000|10.5475985200|10.5754041400|10.5383299800|10.5383299800|747500|8514720.0000|10.5383299800
13200000|10.5383299800|10.5475985200|10.5012558200|10.5012558200|340700|3867744.0000|10.5012558200
13250000|10.5012558200|10.5012558200|10.4827187400|10.4827187400|450758|5102480.0000|10.4827187400
13300000|10.4919872800|10.5290614400|10.4734502000|10.5197929000|517500|5863808.0000|10.5197929000
13350000|10.5197929000|10.5475985200|10.5197929000|10.5383299800|423400|4814288.0000|10.5383299800
13400000|10.5290614400|10.5383299800|10.5197929000|10.5197929000|247300|2808224.0000|10.5197929000
13450000|10.5197929000|10.5290614400|10.5012558200|10.5105243600|267400|3034320.0000|10.5105243600
13500000|10.5105243600|10.5105243600|10.4919872800|10.5012558200|296700|3361584.0000|10.5012558200
13550000|10.4919872800|10.5290614400|10.4919872800|10.5290614400|241400|2738464.0000|10.5290614400
14000000|10.5290614400|10.5383299800|10.5012558200|10.5012558200|341400|3874080.0000|10.5012558200
14050000|10.5012558200|10.5290614400|10.4827187400|10.5197929000|287700|3261920.0000|10.5197929000
14100000|10.5197929000|10.5383299800|10.5105243600|10.5383299800|252700|2869232.0000|10.5383299800
14150000|10.5383299800|10.5383299800|10.5197929000|10.5197929000|306200|3477984.0000|10.5197929000
14200000|10.5197929000|10.5197929000|10.5012558200|10.5105243600|320600|3636448.0000|10.5105243600
14250000|10.5105243600|10.5197929000|10.5012558200|10.5105243600|290100|3288928.0000|10.5105243600
14300000|10.5105243600|10.5197929000|10.5012558200|10.5197929000|251300|2849856.0000|10.5197929000
14350000|10.5105243600|10.5197929000|10.4919872800|10.4919872800|327600|3712336.0000|10.4919872800
14400000|10.5012558200|10.5105243600|10.4827187400|10.4919872800|472218|5344704.0000|10.4919872800
14450000|10.5012558200|10.5383299800|10.4919872800|10.5290614400|696100|7902800.0000|10.5290614400
14500000|10.5290614400|10.5475985200|10.5290614400|10.5475985200|1007600|11459376.0000|10.5475985200
14550000|10.5475985200|10.5661356000|10.5383299800|10.5568670600|1330468|15145056.0000|10.5568670600
15000000|10.5568670600|10.5846726800|10.5568670600|10.5754041400|1319582|15051648.0000|10.5754041400
