09350000|8.2105165200|8.2397354400|8.1812976000|8.1910372400|366300|3086759.0000|8.1910372400
09400000|8.1910372400|8.2299958000|8.1910372400|8.2299958000|269814|2273782.0000|8.2299958000
09450000|8.2299958000|8.2494750800|8.2105165200|8.2105165200|242000|2044803.0000|8.2105165200
09500000|8.2105165200|8.2202561600|8.2007768800|8.2007768800|108633|915750.0000|8.2007768800
09550000|8.2105165200|8.2202561600|8.2007768800|8.2105165200|192100|1618647.0000|8.2105165200
10000000|8.2105165200|8.2202561600|8.1910372400|8.2202561600|169400|1426707.0000|8.2202561600
10050000|8.2202561600|8.2592147200|8.2007768800|8.2494750800|365700|3093445.0000|8.2494750800
10100000|8.2592147200|8.2884336400|8.2494750800|8.2786940000|332800|2824888.0000|8.2786940000
10150000|8.2786940000|8.2786940000|8.2592147200|8.2689543600|224700|1908237.0000|8.2689543600
10200000|8.2786940000|8.3079129200|8.2689543600|8.2981732800|314566|2677721.0000|8.2981732800
10250000|8.2884336400|8.3273922000|8.2884336400|8.3273922000|441300|3763508.0000|8.3273922000
10300000|8.3273922000|8.3468714800|8.3079129200|8.3371318400|372409|3183645.0000|8.3371318400
10350000|8.3371318400|8.3468714800|8.3079129200|8.3079129200|133700|1143058.0000|8.3079129200
10400000|8.3079129200|8.3176525600|8.2884336400|8.2981732800|97600|831748.0000|8.2981732800
10450000|8.3079129200|8.3079129200|8.2884336400|8.2884336400|63100|537615.0000|8.2884336400
10500000|8.2981732800|8.3079129200|8.2884336400|8.2981732800|50900|433454.0000|8.2981732800
10550000|8.2981732800|8.2981732800|8.2884336400|8.2981732800|51400|437745.0000|8.2981732800
11000000|8.2884336400|8.3079129200|8.2884336400|8.2981732800|69200|589609.0000|8.2981732800
11050000|8.3079129200|8.3176525600|8.2981732800|8.3176525600|65500|558694.0000|8.3176525600
11100000|8.3176525600|8.3176525600|8.2981732800|8.3079129200|38300|326815.0000|8.3079129200
11150000|8.3079129200|8.3273922000|8.3079129200|8.3079129200|107200|915262.0000|8.3079129200
11200000|8.3176525600|8.3273922000|8.3079129200|8.3273922000|83000|708856.0000|8.3273922000
11250000|8.3273922000|8.3273922000|8.3176525600|8.3273922000|81200|693999.0000|8.3273922000
11300000|8.3176525600|8.3273922000|8.3176525600|8.3176525600|47400|405139.0000|8.3176525600
13050000|8.3273922000|8.3371318400|8.3176525600|8.3273922000|206200|1762301.0000|8.3273922000
13100000|8.3273922000|8.3955696800|8.3273922000|8.3760904000|739700|6351119.0000|8.3760904000
13150000|8.3858300400|8.4247886000|8.3760904000|8.4053093200|513000|4426650.0000|8.4053093200
13200000|8.4053093200|8.4247886000|8.3955696800|8.4150489600|467800|4040039.0000|8.4150489600
13250000|8.4247886000|8.4442678800|8.4150489600|8.4442678800|600608|5197108.0000|8.4442678800
13300000|8.4442678800|8.4442678800|8.4345282400|8.4345282400|245500|2126659.0000|8.4345282400
13350000|8.4247886000|8.4345282400|8.4150489600|8.4247886000|250500|2168011.0000|8.4247886000
13400000|8.4150489600|8.4247886000|8.4150489600|8.4247886000|138500|1197220.0000|8.4247886000
13450000|8.4150489600|8.4345282400|8.4150489600|8.4247886000|327200|2829792.0000|8.4247886000
13500000|8.4345282400|8.4345282400|8.4150489600|8.4247886000|149700|1295735.0000|8.4247886000
13550000|8.4247886000|8.4442678800|8.4247886000|8.4345282400|294318|2549111.0000|8.4345282400
14000000|8.4442678800|8.4442678800|8.4247886000|8.4345282400|99500|861777.0000|8.4345282400
14050000|8.4247886000|8.4442678800|8.4247886000|8.4345282400|188800|1635349.0000|8.4345282400
14100000|8.4345282400|8.4442678800|8.4247886000|8.4345282400|171500|1485260.0000|8.4345282400
14150000|8.4345282400|8.4345282400|8.4247886000|8.4345282400|95000|822560.0000|8.4345282400
14200000|8.4345282400|8.4442678800|8.4247886000|8.4345282400|308300|2669647.0000|8.4345282400
14250000|8.4247886000|8.4345282400|8.4247886000|8.4345282400|136700|1183438.0000|8.4345282400
14300000|8.4345282400|8.4345282400|8.4247886000|8.4247886000|104000|900462.0000|8.4247886000
14350000|8.4345282400|8.4345282400|8.4150489600|8.4247886000|353300|3055535.0000|8.4247886000
14400000|8.4247886000|8.4247886000|8.4150489600|8.4150489600|110200|952717.0000|8.4150489600
14450000|8.4150489600|8.4345282400|8.4150489600|8.4247886000|310200|2683729.0000|8.4247886000
14500000|8.4345282400|8.4345282400|8.4247886000|8.4345282400|291600|2524489.0000|8.4345282400
14550000|8.4345282400|8.4442678800|8.4247886000|8.4442678800|539000|4666244.0000|8.4442678800
15000000|8.4345282400|8.4442678800|8.4247886000|8.4247886000|238400|2064897.0000|8.4247886000
