093500|54.25|54.55|54.25|54.45|1128.0|6133478.0|54.01
094000|54.38|54.47|54.31|54.31|520.0|2828504.0|54.45
094500|54.38|54.59|54.15|54.55|966.0|5248443.0|54.31
095000|54.55|54.78|54.44|54.57|1140.0|6227726.0|54.55
095500|54.57|54.57|54.34|54.37|369.0|2009951.0|54.57
100000|54.46|54.57|54.41|54.49|628.0|3418566.0|54.37
100500|54.53|54.56|54.49|54.53|217.0|1183076.0|54.49
101000|54.55|54.55|54.45|54.46|250.0|1362460.0|54.53
101500|54.46|54.61|54.45|54.54|508.0|2769728.0|54.46
102000|54.54|54.55|54.41|54.51|286.0|1558337.0|54.54
102500|54.5|54.64|54.45|54.58|970.0|5291412.0|54.51
103000|54.57|54.72|54.56|54.69|570.0|3115421.0|54.58
103500|54.62|54.65|54.53|54.57|295.0|1609470.0|54.69
104000|54.55|54.64|54.52|54.64|212.0|1156598.0|54.57
104500|54.64|54.68|54.61|54.63|348.0|1901636.0|54.64
105000|54.62|54.62|54.56|54.59|129.0|704321.0|54.63
105500|54.58|54.6|54.56|54.56|136.0|742456.0|54.59
110000|54.56|54.6|54.56|54.6|119.0|649566.0|54.56
110500|54.62|54.67|54.59|54.59|267.0|1458774.0|54.6
111000|54.6|54.6|54.58|54.58|97.0|529539.0|54.59
111500|54.58|54.65|54.56|54.65|168.0|917532.0|54.58
112000|54.64|54.66|54.61|54.61|110.0|601080.0|54.65
112500|54.62|54.65|54.61|54.61|107.0|584497.0|54.61
113000|54.61|54.62|54.58|54.58|86.0|469499.0|54.61
130500|54.58|54.58|54.5|54.55|229.0|1248875.0|54.58
131000|54.54|54.97|54.53|54.92|1356.0|7423687.0|54.55
131500|54.92|55.04|54.82|54.91|857.0|4712047.0|54.92
132000|54.91|54.95|54.82|54.87|251.0|1377605.0|54.91
132500|54.82|54.85|54.73|54.79|397.0|2175314.0|54.87
133000|54.8|54.96|54.8|54.92|759.0|4167985.0|54.79
133500|54.9|54.95|54.88|54.93|513.0|2817520.0|54.92
134000|54.95|54.95|54.88|54.88|165.0|906050.0|54.93
134500|54.88|54.93|54.78|54.93|439.0|2408640.0|54.88
135000|54.93|54.99|54.88|54.95|572.0|3143723.0|54.93
135500|54.96|55.0|54.95|55.0|463.0|2545514.0|54.95
140000|55.01|55.06|54.93|54.93|525.0|2888425.0|55.0
140500|54.93|55.04|54.92|55.02|244.0|1341995.0|54.93
141000|55.0|55.04|54.99|55.0|230.0|1265275.0|55.02
141500|55.0|55.05|54.99|55.04|220.0|1210572.0|55.0
142000|55.03|55.06|55.0|55.0|218.0|1199585.0|55.04
142500|55.0|55.02|54.99|55.01|212.0|1166080.0|55.0
143000|55.0|55.0|54.95|54.97|181.0|995199.0|55.01
143500|54.97|54.99|54.95|54.99|219.0|1203782.0|54.97
144000|54.98|54.99|54.87|54.96|601.0|3302615.0|54.99
144500|54.95|54.96|54.91|54.92|146.0|801909.0|54.96
145000|54.9|54.92|54.85|54.88|347.0|1904540.0|54.92
145500|54.89|55.0|54.86|54.98|628.0|3450647.0|54.88
150000|54.98|54.98|54.91|54.91|483.0|2653784.0|54.98
