093500|55.5400|55.6000|55.3800|55.5100|67600|3749753.0000|55.5100
094000|55.6000|55.7600|55.5800|55.7200|50700|2822778.0000|55.7200
094500|55.7100|55.8400|55.6300|55.6300|54900|3060130.0000|55.6300
095000|55.6600|55.6600|55.4800|55.5100|26600|1478151.0000|55.5100
095500|55.5000|55.5800|55.4500|55.5300|21900|1215541.0000|55.5300
100000|55.5300|55.5800|55.4100|55.5100|23900|1326682.0000|55.5100
100500|55.5100|55.5500|55.4000|55.4500|35100|1946860.0000|55.4500
101000|55.4600|55.4700|55.2200|55.3800|39000|2159291.0000|55.3800
101500|55.4200|55.5400|55.4200|55.5200|23900|1325576.0000|55.5200
102000|55.5300|55.5700|55.4700|55.5000|10400|577418.0000|55.5000
102500|55.5000|55.5400|55.4400|55.4400|7300|404530.0000|55.4400
103000|55.4400|55.4700|55.3600|55.3600|14700|814426.0000|55.3600
103500|55.4100|55.4200|55.2700|55.2700|27600|1527286.0000|55.2700
104000|55.2600|55.3400|55.2100|55.3400|34700|1917176.0000|55.3400
104500|55.3400|55.3600|55.3100|55.3400|10400|575584.0000|55.3400
105000|55.3500|55.4200|55.3200|55.3500|14500|802860.0000|55.3500
105500|55.3500|55.4100|55.3100|55.3500|10800|597716.0000|55.3500
110000|55.3800|55.3800|55.3000|55.3100|17500|968316.0000|55.3100
110500|55.3100|55.3100|55.2300|55.2400|21200|1171448.0000|55.2400
111000|55.2200|55.2600|55.1700|55.2200|17500|966282.0000|55.2200
111500|55.2300|55.2500|55.1900|55.2300|14100|778702.0000|55.2300
112000|55.2200|55.4200|55.2200|55.3300|22400|1239468.0000|55.3300
112500|55.3300|55.3700|55.3000|55.3200|7600|420544.0000|55.3200
113000|55.3200|55.3300|55.2800|55.3300|10900|602840.0000|55.3300
130500|55.3300|55.3500|55.2100|55.2400|34100|1885332.0000|55.2400
131000|55.2400|55.2500|55.0900|55.1300|45200|2492620.0000|55.1300
131500|55.1500|55.1700|55.0900|55.1400|27400|1510516.0000|55.1400
132000|55.1600|55.2700|55.1600|55.2700|13000|717776.0000|55.2700
132500|55.2800|55.2900|55.1800|55.1900|14800|817412.0000|55.1900
133000|55.1900|55.2200|55.1100|55.1800|15000|827612.0000|55.1800
133500|55.1700|55.2100|55.1500|55.1500|8500|469004.0000|55.1500
134000|55.1800|55.2600|55.1300|55.1300|33200|1832428.0000|55.1300
134500|55.1300|55.2300|55.1200|55.1600|31300|1726072.0000|55.1600
135000|55.2000|55.2200|55.1600|55.1700|14100|778080.0000|55.1700
135500|55.1700|55.2200|55.1600|55.1600|23800|1313296.0000|55.1600
140000|55.1600|55.2200|55.1500|55.1600|16900|932608.0000|55.1600
140500|55.1600|55.2600|55.1000|55.2400|51900|2862068.0000|55.2400
141000|55.2400|55.2800|55.2000|55.2800|16000|883884.0000|55.2800
141500|55.2800|55.2800|55.2300|55.2500|9100|502872.0000|55.2500
142000|55.2300|55.2500|55.2100|55.2100|14200|784232.0000|55.2100
142500|55.2100|55.2400|55.2000|55.2300|12500|690228.0000|55.2300
143000|55.2300|55.2500|55.1700|55.1800|31900|1760672.0000|55.1800
143500|55.2300|55.2500|55.2000|55.2100|23900|1319840.0000|55.2100
144000|55.2200|55.2500|55.2000|55.2200|32600|1800132.0000|55.2200
144500|55.2200|55.2900|55.2200|55.2800|55300|3056044.0000|55.2800
145000|55.2800|55.3200|55.2400|55.2700|51200|2830816.0000|55.2700
145500|55.2800|55.3000|55.2500|55.2500|29800|1647124.0000|55.2500
150000|55.2700|55.2900|55.2100|55.2100|37700|2082628.0000|55.2100
