09350000|5.8163580400|5.8651529900|5.8163580400|5.8456350100|3702483|22166501.0000|5.8456350100
09400000|5.8553940000|5.8749119800|5.8456350100|5.8456350100|2593900|15577573.0000|5.8456350100
09450000|5.8456350100|5.8553940000|5.8261170300|5.8261170300|1555800|9304542.0000|5.8261170300
09500000|5.8261170300|5.8456350100|5.8163580400|5.8261170300|1417220|8460954.0000|5.8261170300
09550000|5.8163580400|5.8456350100|5.8163580400|5.8456350100|1050300|6270956.0000|5.8456350100
10000000|5.8456350100|5.8553940000|5.8358760200|5.8456350100|838600|5022309.0000|5.8456350100
10050000|5.8456350100|5.8553940000|5.8358760200|5.8456350100|834620|4998698.0000|5.8456350100
10100000|5.8456350100|5.8456350100|5.8163580400|5.8163580400|747980|4470542.0000|5.8163580400
10150000|5.8261170300|5.8261170300|5.8065990500|5.8163580400|1057000|6300790.0000|5.8163580400
10200000|5.8163580400|5.8163580400|5.8065990500|5.8163580400|480800|2861477.0000|5.8163580400
10250000|5.8163580400|5.8163580400|5.7968400600|5.8065990500|815500|4852297.0000|5.8065990500
10300000|5.8065990500|5.8358760200|5.8065990500|5.8163580400|856500|5107158.0000|5.8163580400
10350000|5.8261170300|5.8358760200|5.8163580400|5.8261170300|535700|3200549.0000|5.8261170300
10400000|5.8261170300|5.8358760200|5.8163580400|5.8261170300|409000|2444484.0000|5.8261170300
10450000|5.8261170300|5.8358760200|5.8261170300|5.8261170300|215100|1285341.0000|5.8261170300
10500000|5.8261170300|5.8358760200|5.8261170300|5.8261170300|187300|1119425.0000|5.8261170300
10550000|5.8261170300|5.8358760200|5.8261170300|5.8261170300|104300|623033.0000|5.8261170300
11000000|5.8261170300|5.8358760200|5.8261170300|5.8358760200|116500|695889.0000|5.8358760200
11050000|5.8358760200|5.8358760200|5.8163580400|5.8261170300|558539|3334882.0000|5.8261170300
11100000|5.8358760200|5.8358760200|5.8163580400|5.8163580400|650600|3879100.0000|5.8163580400
11150000|5.8163580400|5.8163580400|5.8065990500|5.8065990500|1100861|6550955.0000|5.8065990500
11200000|5.8065990500|5.8163580400|5.8065990500|5.8065990500|213700|1271947.0000|5.8065990500
11250000|5.8065990500|5.8163580400|5.8065990500|5.8163580400|150300|894560.0000|5.8163580400
11300000|5.8065990500|5.8163580400|5.7968400600|5.7968400600|350100|2083327.0000|5.7968400600
13050000|5.8065990500|5.8065990500|5.7968400600|5.8065990500|444000|2638595.0000|5.8065990500
13100000|5.8065990500|5.8163580400|5.7968400600|5.8065990500|324539|1929822.0000|5.8065990500
13150000|5.8065990500|5.8261170300|5.8065990500|5.8163580400|685900|4086917.0000|5.8163580400
13200000|5.8163580400|5.8261170300|5.7968400600|5.7968400600|984461|5859584.0000|5.7968400600
13250000|5.7968400600|5.8065990500|5.7870810700|5.7968400600|710500|4219376.0000|5.7968400600
13300000|5.7968400600|5.7968400600|5.7773220800|5.7870810700|1534500|9096259.0000|5.7870810700
13350000|5.7870810700|5.7968400600|5.7773220800|5.7870810700|702800|4166596.0000|5.7870810700
13400000|5.7870810700|5.7968400600|5.7870810700|5.7870810700|233200|1383078.0000|5.7870810700
13450000|5.7870810700|5.7968400600|5.7870810700|5.7870810700|351100|2082597.0000|5.7870810700
13500000|5.7870810700|5.7968400600|5.7773220800|5.7968400600|335300|1988158.0000|5.7968400600
13550000|5.7968400600|5.7968400600|5.7870810700|5.7870810700|352100|2089167.0000|5.7870810700
14000000|5.7870810700|5.7968400600|5.7870810700|5.7968400600|378100|2242648.0000|5.7968400600
14050000|5.7968400600|5.7968400600|5.7870810700|5.7870810700|435100|2581150.0000|5.7870810700
14100000|5.7870810700|5.8065990500|5.7870810700|5.8065990500|737460|4381128.0000|5.8065990500
14150000|5.8065990500|5.8065990500|5.7968400600|5.7968400600|371200|2206957.0000|5.7968400600
14200000|5.8065990500|5.8065990500|5.7968400600|5.8065990500|384839|2286326.0000|5.8065990500
14250000|5.7968400600|5.8065990500|5.7870810700|5.7968400600|384800|2285647.0000|5.7968400600
14300000|5.7968400600|5.8065990500|5.7968400600|5.8065990500|234600|1393926.0000|5.8065990500
14350000|5.8065990500|5.8065990500|5.7870810700|5.7968400600|674400|4004690.0000|5.7968400600
14400000|5.7870810700|5.7968400600|5.7870810700|5.7870810700|330200|1959624.0000|5.7870810700
14450000|5.7968400600|5.7968400600|5.7870810700|5.7968400600|463660|2752555.0000|5.7968400600
14500000|5.7968400600|5.8065990500|5.7870810700|5.8065990500|623900|3707529.0000|5.8065990500
14550000|5.7968400600|5.8065990500|5.7870810700|5.7968400600|773700|4594514.0000|5.7968400600
15000000|5.7870810700|5.7968400600|5.7870810700|5.7968400600|987911|5865730.0000|5.7968400600
