09350000|39.5638425000|39.6968890500|39.0736710000|39.3817788000|236900|13295902.0000|39.3817788000
09400000|39.3887812500|39.3887812500|38.6535240000|38.7445558500|186400|10388019.0000|38.7445558500
09450000|38.7305509500|38.9196171000|38.4504529500|38.5694946000|259800|14335611.0000|38.5694946000
09500000|38.5694946000|39.0386587500|38.5694946000|38.8005754500|155016|8594674.0000|38.8005754500
09550000|38.8005754500|38.8075779000|38.5134750000|38.5905019500|109600|6049513.0000|38.5905019500
10000000|38.5834995000|38.7375534000|38.4434505000|38.5975044000|195900|10795498.0000|38.5975044000
10050000|38.5554897000|38.8776024000|38.5064725500|38.7935730000|123100|6790961.0000|38.7935730000
10100000|38.7935730000|39.2137200000|38.7655632000|39.0946783500|156500|8716494.0000|39.0946783500
10150000|39.1366930500|39.6968890500|38.9266195500|39.6968890500|134300|7521140.0000|39.6968890500
10200000|39.6828841500|39.9139650000|39.3747763500|39.8019258000|226800|12834025.0000|39.8019258000
10250000|39.8789527500|40.0750213500|39.5358327000|39.9629821500|284600|16206021.0000|39.9629821500
10300000|40.0049968500|40.2640875000|39.8299356000|40.0049968500|199100|11366714.0000|40.0049968500
10350000|40.0049968500|41.1183864000|40.0049968500|41.0273545500|558238|32418425.0000|41.0273545500
10400000|41.0063472000|41.5455358500|40.8943080000|41.3564697000|476200|28028483.0000|41.3564697000
10450000|41.3634721500|41.4404991000|41.1043815000|41.3984844000|437233|25808651.0000|41.3984844000
10500000|41.4404991000|41.6295652500|41.2094182500|41.5455358500|399692|23659894.0000|41.5455358500
10550000|41.5525383000|42.0147000000|41.3844795000|41.7065922000|412808|24586848.0000|41.7065922000
11000000|41.7346020000|42.3648225000|41.7135946500|42.0147000000|455600|27317751.0000|42.0147000000
11050000|42.0147000000|42.0217024500|41.4895162500|41.7065922000|374300|22296704.0000|41.7065922000
11100000|41.6785824000|41.9236681500|41.6645775000|41.8606461000|306130|18280080.0000|41.8606461000
11150000|41.8186314000|41.9166657000|41.7416044500|41.8046265000|182500|10902752.0000|41.8046265000
11200000|41.8046265000|41.8046265000|41.5945530000|41.5945530000|194600|11583888.0000|41.5945530000
11250000|41.5945530000|41.9446755000|41.5245285000|41.9236681500|125545|7476928.0000|41.9236681500
11300000|41.9236681500|42.2247735000|41.9236681500|42.2177710500|143100|8595072.0000|42.2177710500
13050000|42.1617514500|42.1617514500|41.8466412000|41.8956583500|161400|9684576.0000|41.8956583500
13100000|41.9026608000|41.9516779500|41.8116289500|41.9446755000|121000|7239152.0000|41.9446755000
13150000|41.9446755000|42.1687539000|41.9446755000|42.0567147000|118600|7128848.0000|42.0567147000
13200000|42.0567147000|42.0567147000|41.6995897500|41.7416044500|136700|8164896.0000|41.7416044500
13250000|41.7346020000|41.9446755000|41.7135946500|41.7416044500|142800|8528800.0000|41.7416044500
13300000|41.7416044500|41.9796877500|41.7346020000|41.9726853000|125500|7505248.0000|41.9726853000
13350000|41.9726853000|42.0847245000|41.9586804000|42.0707196000|128900|7734208.0000|42.0707196000
13400000|42.0707196000|42.0987294000|41.8186314000|41.8186314000|199700|11965680.0000|41.8186314000
13450000|41.8116289500|41.8256338500|41.5665432000|41.6785824000|201400|11998672.0000|41.6785824000
13500000|41.6645775000|41.6645775000|41.5105236000|41.5945530000|245162|14556480.0000|41.5945530000
13550000|41.6015554500|41.6925873000|41.5105236000|41.5595407500|193600|11505184.0000|41.5595407500
14000000|41.5595407500|41.6505726000|41.5595407500|41.6505726000|99500|5909440.0000|41.6505726000
14050000|41.6435701500|41.8046265000|41.6365677000|41.7135946500|198600|11829856.0000|41.7135946500
14100000|41.7205971000|41.7205971000|41.5595407500|41.6085579000|100600|5982768.0000|41.6085579000
14150000|41.6085579000|41.6925873000|41.4895162500|41.6855848500|121531|7220864.0000|41.6855848500
14200000|41.6715799500|41.6855848500|41.5595407500|41.6715799500|134500|7994000.0000|41.6715799500
14250000|41.6435701500|41.6435701500|41.4054868500|41.4054868500|134507|7975440.0000|41.4054868500
14300000|41.4054868500|41.4685089000|41.2934476500|41.3914819500|175400|10360800.0000|41.3914819500
14350000|41.3634721500|41.5665432000|41.2444305000|41.2654378500|258700|15282976.0000|41.2654378500
14400000|41.2654378500|41.5175260500|41.2654378500|41.3914819500|124993|7386448.0000|41.3914819500
14450000|41.3774770500|41.3774770500|41.1814084500|41.2794427500|133600|7875536.0000|41.2794427500
14500000|41.2794427500|41.3844795000|41.1744060000|41.3704746000|171139|10080672.0000|41.3704746000
14550000|41.3704746000|41.6435701500|41.3704746000|41.5595407500|157618|9354064.0000|41.5595407500
15000000|41.5945530000|41.6225628000|41.5665432000|41.6015554500|85700|5091536.0000|41.6015554500
