09350000|39.1315678000|39.2010908900|38.8932029200|38.9527941400|155800|6115725.0000|38.9527941400
09400000|38.9527941400|39.1117040600|38.7640886100|39.0421809700|133400|5226505.0000|39.0421809700
09450000|39.0223172300|39.0223172300|38.7442248700|38.7541567400|89600|3506204.0000|38.7541567400
09500000|38.7740204800|38.7740204800|38.4065412900|38.4264050300|279200|10828357.0000|38.4264050300
09550000|38.4264050300|38.7839523500|38.3966094200|38.7541567400|117000|4546126.0000|38.7541567400
10000000|38.7541567400|38.8336117000|38.6747017800|38.6846336500|84200|3283988.0000|38.6846336500
10050000|38.6846336500|39.1117040600|38.6747017800|39.0421809700|78200|3060040.0000|39.0421809700
10100000|39.0024534900|39.1117040600|38.8832710500|39.0521128400|50800|1996176.0000|39.0521128400
10150000|39.0719765800|39.1117040600|38.8832710500|38.9229985300|106300|4175016.0000|38.9229985300
10200000|38.9031347900|38.9229985300|38.8634073100|38.9031347900|55100|2157728.0000|38.9031347900
10250000|38.9031347900|38.9428622700|38.8634073100|38.9031347900|53400|2091200.0000|38.9031347900
10300000|38.8832710500|38.9925216200|38.8733391800|38.9627260100|58000|2274052.0000|38.9627260100
10350000|38.9627260100|39.0322491000|38.9329304000|39.0322491000|40400|1583448.0000|39.0322491000
10400000|39.0322491000|39.0620447100|38.9527941400|38.9825897500|45200|1774496.0000|38.9825897500
10450000|38.9726578800|38.9825897500|38.9329304000|38.9428622700|23200|910196.0000|38.9428622700
10500000|38.9527941400|38.9726578800|38.8733391800|38.8733391800|26400|1034420.0000|38.8733391800
10550000|38.8832710500|38.9825897500|38.8733391800|38.9726578800|19200|751760.0000|38.9726578800
11000000|38.9627260100|38.9825897500|38.9130666600|38.9130666600|28300|1111212.0000|38.9130666600
11050000|38.9130666600|38.9627260100|38.8137479600|38.8236798300|48300|1890692.0000|38.8236798300
11100000|38.8336117000|38.8733391800|38.8038160900|38.8733391800|21400|836832.0000|38.8733391800
11150000|38.8733391800|38.8932029200|38.8038160900|38.8137479600|27900|1092968.0000|38.8137479600
11200000|38.8137479600|38.8832710500|38.7740204800|38.8634073100|30800|1204000.0000|38.8634073100
11250000|38.8534754400|38.8832710500|38.7839523500|38.8534754400|34200|1337100.0000|38.8534754400
11300000|38.8336117000|38.8832710500|38.8038160900|38.8534754400|24500|958636.0000|38.8534754400
13050000|38.8336117000|39.0322491000|38.8236798300|38.9527941400|86500|3388980.0000|38.9527941400
13100000|38.9428622700|39.1315678000|38.9229985300|39.1315678000|105400|4141496.0000|39.1315678000
13150000|39.1216359300|39.1712952800|39.0620447100|39.0918403200|52300|2060168.0000|39.0918403200
13200000|39.1017721900|39.1514315400|38.8932029200|38.8932029200|64700|2540584.0000|38.8932029200
13250000|38.9329304000|38.9925216200|38.9130666600|38.9329304000|30700|1203840.0000|38.9329304000
13300000|38.9329304000|39.0322491000|38.9229985300|38.9825897500|133600|5244392.0000|38.9825897500
13350000|38.9825897500|39.1017721900|38.9825897500|39.0421809700|41600|1637560.0000|39.0421809700
13400000|39.0421809700|39.1017721900|39.0322491000|39.0421809700|38500|1511392.0000|39.0421809700
13450000|39.0421809700|39.1315678000|39.0421809700|39.0918403200|32900|1298064.0000|39.0918403200
13500000|39.1017721900|39.1613634100|39.0620447100|39.0620447100|43100|1697208.0000|39.0620447100
13550000|39.0719765800|39.1712952800|39.0620447100|39.1613634100|28500|1122152.0000|39.1613634100
14000000|39.1613634100|39.1712952800|39.1414996700|39.1414996700|26300|1036952.0000|39.1414996700
14050000|39.1514315400|39.2308865000|39.1414996700|39.2010908900|34600|1364048.0000|39.2010908900
14100000|39.2010908900|39.4493876400|39.2010908900|39.4493876400|63200|2502624.0000|39.4493876400
14150000|39.4493876400|39.5685700800|39.4493876400|39.5487063400|45300|1801584.0000|39.5487063400
14200000|39.5189107300|39.6380931700|39.5089788600|39.5586382100|77200|3072824.0000|39.5586382100
14250000|39.5884338200|39.6082975600|39.4990469900|39.5387744700|64100|2552664.0000|39.5387744700
14300000|39.5387744700|39.6579569100|39.5387744700|39.5586382100|51600|2057224.0000|39.5586382100
14350000|39.6281613000|39.7274800000|39.6182294300|39.7175481300|107300|4286976.0000|39.7175481300
14400000|39.7175481300|39.7274800000|39.5288426000|39.6182294300|56800|2267696.0000|39.6182294300
14450000|39.6182294300|39.6182294300|39.5387744700|39.5884338200|55400|2210000.0000|39.5884338200
14500000|39.6182294300|39.6480250400|39.5387744700|39.6281613000|61100|2436040.0000|39.6281613000
14550000|39.6281613000|39.6480250400|39.5983656900|39.6281613000|71700|2860736.0000|39.6281613000
15000000|39.6281613000|39.7076162600|39.6281613000|39.6778206500|40200|1604880.0000|39.6778206500
