093500|48.0|48.98|48.0|48.59|13108.0|63708582.0|48.73
094000|48.62|49.96|48.49|49.8|10414.0|51254832.0|48.59
094500|49.85|50.35|49.5|50.24|20866.0|104352599.0|49.8
095000|50.28|50.5|50.06|50.2|13897.0|69909157.0|50.24
095500|50.23|50.4|50.01|50.28|8341.0|41926449.0|50.2
100000|50.26|50.75|50.22|50.64|11457.0|57807562.0|50.28
100500|50.62|50.65|50.3|50.42|3852.0|19466837.0|50.64
101000|50.41|50.41|50.22|50.34|2634.0|13247827.0|50.42
101500|50.35|50.36|50.01|50.1|5172.0|25936402.0|50.34
102000|50.14|50.25|50.05|50.06|1904.0|9553014.0|50.1
102500|50.06|50.19|49.89|49.9|2484.0|12431962.0|50.06
103000|49.88|49.92|49.7|49.79|3394.0|16897310.0|49.9
103500|49.79|49.79|49.5|49.52|2628.0|13033314.0|49.79
104000|49.52|49.63|49.48|49.5|1809.0|8959613.0|49.52
104500|49.5|49.52|49.34|49.44|1272.0|6288683.0|49.5
105000|49.41|49.44|49.35|49.37|1329.0|6564263.0|49.44
105500|49.35|49.44|49.15|49.44|1751.0|8622625.0|49.37
110000|49.44|49.44|49.2|49.22|1531.0|7549268.0|49.44
110500|49.24|49.3|49.2|49.25|1315.0|6479345.0|49.22
111000|49.24|49.27|49.06|49.15|2783.0|13673585.0|49.25
111500|49.16|49.23|49.1|49.23|997.0|4902314.0|49.15
112000|49.24|49.24|49.05|49.18|1186.0|5828330.0|49.23
112500|49.17|49.2|49.1|49.1|908.0|4462044.0|49.18
113000|49.1|49.24|49.03|49.03|1104.0|5421999.0|49.1
130500|49.04|49.75|49.03|49.47|4136.0|20424492.0|49.03
131000|49.47|49.55|49.12|49.15|2409.0|11895333.0|49.47
131500|49.24|49.3|49.16|49.28|1963.0|9668548.0|49.15
132000|49.29|49.33|49.2|49.23|1177.0|5797960.0|49.28
132500|49.22|49.23|49.06|49.12|991.0|4868299.0|49.23
133000|49.12|49.14|49.06|49.08|599.0|2940214.0|49.12
133500|49.07|49.08|48.88|48.97|2500.0|12242957.0|49.08
134000|48.98|49.02|48.8|48.81|1493.0|7309304.0|48.97
134500|48.8|48.9|48.7|48.79|1408.0|6869473.0|48.81
135000|48.78|48.82|48.71|48.71|1248.0|6084827.0|48.79
135500|48.71|48.99|48.7|48.99|1434.0|7006799.0|48.71
140000|49.0|49.05|48.9|48.9|1466.0|7181637.0|48.99
140500|48.88|48.88|48.7|48.74|1865.0|9095211.0|48.9
141000|48.74|48.86|48.73|48.77|1086.0|5299196.0|48.74
141500|48.76|48.93|48.76|48.9|900.0|4398189.0|48.77
142000|48.9|48.93|48.8|48.88|988.0|4826509.0|48.9
142500|48.88|48.88|48.73|48.76|1004.0|4898119.0|48.88
143000|48.77|48.78|48.68|48.73|1392.0|6782062.0|48.76
143500|48.72|48.76|48.7|48.73|890.0|4336817.0|48.73
144000|48.72|48.74|48.68|48.69|1565.0|7623971.0|48.73
144500|48.69|48.71|48.6|48.68|1773.0|8627950.0|48.69
145000|48.68|48.73|48.66|48.72|1342.0|6535113.0|48.68
145500|48.72|48.86|48.72|48.81|1977.0|9647189.0|48.72
150000|48.82|48.83|48.79|48.82|1898.0|9264633.0|48.81
