09350000|27.3990140000|27.4817627000|27.2335166000|27.2427109000|1031711|30661450.0000|27.2427109000
09400000|27.2427109000|27.3438482000|27.1875451000|27.2794881000|769300|22803844.0000|27.2794881000
09450000|27.2702938000|27.2702938000|27.0864078000|27.1323793000|1203500|35560867.0000|27.1323793000
09500000|27.1507679000|27.2059337000|27.1047964000|27.1783508000|716199|21139664.0000|27.1783508000
09550000|27.1783508000|27.3622368000|27.1783508000|27.3622368000|423800|12568560.0000|27.3622368000
10000000|27.3714311000|27.5461228000|27.3622368000|27.4449855000|873157|26068098.0000|27.4449855000
10050000|27.4449855000|27.4725684000|27.3714311000|27.4357912000|381200|11371169.0000|27.4357912000
10100000|27.4357912000|27.4633741000|27.3438482000|27.3622368000|244734|7290798.0000|27.3622368000
10150000|27.3622368000|27.4449855000|27.3622368000|27.4265969000|159600|4758229.0000|27.4265969000
10200000|27.4265969000|27.4449855000|27.3438482000|27.3438482000|179625|5353109.0000|27.3438482000
10250000|27.3254596000|27.3990140000|27.3162653000|27.3714311000|146400|4354767.0000|27.3714311000
10300000|27.3714311000|27.4265969000|27.3254596000|27.3346539000|182400|5427307.0000|27.3346539000
10350000|27.3254596000|27.3346539000|27.2427109000|27.3162653000|293575|8714505.0000|27.3162653000
10400000|27.3162653000|27.3622368000|27.2794881000|27.3622368000|207700|6170005.0000|27.3622368000
10450000|27.3622368000|27.3990140000|27.2886824000|27.3070710000|161300|4791235.0000|27.3070710000
10500000|27.3070710000|27.3070710000|27.2427109000|27.2794881000|220800|6550088.0000|27.2794881000
10550000|27.2794881000|27.2978767000|27.1783508000|27.1875451000|353500|10468727.0000|27.1875451000
11000000|27.1875451000|27.2335166000|27.1783508000|27.2151280000|282800|8365410.0000|27.2151280000
11050000|27.1875451000|27.2335166000|27.1507679000|27.1967394000|356099|10529185.0000|27.1967394000
11100000|27.1967394000|27.2243223000|27.1691565000|27.2059337000|216400|6402762.0000|27.2059337000
11150000|27.2059337000|27.2702938000|27.1783508000|27.2427109000|167600|4965137.0000|27.2427109000
11200000|27.2335166000|27.2794881000|27.2335166000|27.2794881000|162900|4828758.0000|27.2794881000
11250000|27.2702938000|27.2886824000|27.2243223000|27.2519052000|93100|2759967.0000|27.2519052000
11300000|27.2519052000|27.2519052000|27.1967394000|27.1967394000|158100|4682523.0000|27.1967394000
13050000|27.1875451000|27.1875451000|26.0198690000|26.1118120000|6070115|175413548.0000|26.1118120000
13100000|26.1026177000|26.1577835000|25.8359830000|26.0934234000|3435752|97274960.0000|26.0934234000
13150000|26.1026177000|26.1026177000|25.2199649000|25.3854623000|6473246|179846448.0000|25.3854623000
13200000|25.4130452000|25.8911488000|25.3946566000|25.8175944000|2533651|70769472.0000|25.8175944000
13250000|25.8084001000|25.8084001000|25.5049882000|25.6061255000|2242600|62410784.0000|25.6061255000
13300000|25.5969312000|25.7440400000|25.5417654000|25.7348457000|1426100|39732240.0000|25.7348457000
13350000|25.7164571000|25.7624286000|25.6337084000|25.6520970000|1200500|33552640.0000|25.6520970000
13400000|25.6520970000|25.7716229000|25.6337084000|25.7716229000|790119|22074608.0000|25.7716229000
13450000|25.7624286000|25.7808172000|25.6245141000|25.6429027000|1066400|29774512.0000|25.6429027000
13500000|25.6429027000|25.6520970000|25.5785426000|25.6153198000|968395|26987312.0000|25.6153198000
13550000|25.6153198000|25.7992058000|25.6153198000|25.7992058000|767985|21454144.0000|25.7992058000
14000000|25.7992058000|25.7992058000|25.6980685000|25.7072628000|714835|20019056.0000|25.7072628000
14050000|25.6888742000|25.7440400000|25.6888742000|25.7164571000|623465|17448464.0000|25.7164571000
14100000|25.7164571000|25.8819545000|25.6796799000|25.8819545000|600263|16809248.0000|25.8819545000
14150000|25.8819545000|25.9003431000|25.7992058000|25.8084001000|624500|17556720.0000|25.8084001000
14200000|25.8175944000|25.8359830000|25.7440400000|25.7624286000|562100|15766672.0000|25.7624286000
14250000|25.7624286000|25.8175944000|25.7532343000|25.8175944000|291030|8161488.0000|25.8175944000
14300000|25.8084001000|25.9555089000|25.8084001000|25.9187317000|577350|16267168.0000|25.9187317000
14350000|25.9187317000|25.9371203000|25.8911488000|25.8911488000|670900|18911760.0000|25.8911488000
14400000|25.8911488000|25.8911488000|25.8451773000|25.8727602000|461600|12989632.0000|25.8727602000
14450000|25.8819545000|25.9003431000|25.7900115000|25.7900115000|675000|18978400.0000|25.7900115000
14500000|25.7900115000|25.8084001000|25.6888742000|25.6888742000|1359263|38067296.0000|25.6888742000
14550000|25.6888742000|25.6888742000|25.6061255000|25.6520970000|1785145|49776528.0000|25.6520970000
15000000|25.6612913000|25.8819545000|25.6520970000|25.8819545000|1700100|47722560.0000|25.8819545000
