093500|16.42|16.44|16.35|16.42|6337.0|10706558.0|16.42
094000|16.41|16.46|16.38|16.4|8719.0|14750525.0|16.42
094500|16.41|16.49|16.4|16.49|11693.0|19842520.0|16.4
095000|16.47|16.5|16.46|16.48|6877.0|11684476.0|16.49
095500|16.48|16.51|16.44|16.45|6987.0|11870078.0|16.48
100000|16.46|16.47|16.45|16.45|2133.0|3618586.0|16.45
100500|16.45|16.46|16.41|16.41|3859.0|6535078.0|16.45
101000|16.42|16.44|16.41|16.41|2055.0|3478968.0|16.41
101500|16.42|16.42|16.39|16.4|4736.0|8006417.0|16.41
102000|16.4|16.41|16.36|16.36|5119.0|8641945.0|16.4
102500|16.36|16.37|16.34|16.36|5277.0|8896774.0|16.36
103000|16.36|16.38|16.36|16.37|2077.0|3502377.0|16.36
103500|16.37|16.37|16.32|16.33|6060.0|10203442.0|16.37
104000|16.33|16.34|16.32|16.33|4548.0|7651862.0|16.33
104500|16.33|16.35|16.3|16.35|8374.0|14075257.0|16.33
105000|16.35|16.36|16.31|16.34|3119.0|5248789.0|16.35
105500|16.35|16.35|16.29|16.29|3428.0|5762470.0|16.34
110000|16.29|16.33|16.28|16.31|3434.0|5769542.0|16.29
110500|16.31|16.32|16.27|16.27|3501.0|5878821.0|16.31
111000|16.28|16.28|16.26|16.26|3628.0|6083808.0|16.27
111500|16.26|16.29|16.26|16.26|1765.0|2960518.0|16.26
112000|16.27|16.29|16.25|16.26|3530.0|5918678.0|16.26
112500|16.26|16.3|16.26|16.27|1985.0|3330322.0|16.26
113000|16.28|16.3|16.27|16.29|1896.0|3181947.0|16.27
130500|16.29|16.33|16.27|16.3|3041.0|5106146.0|16.29
131000|16.3|16.32|16.29|16.32|2462.0|4137492.0|16.3
131500|16.32|16.34|16.28|16.29|1973.0|3317261.0|16.32
132000|16.29|16.3|16.26|16.27|3828.0|6419097.0|16.29
132500|16.28|16.31|16.27|16.28|3038.0|5099245.0|16.27
133000|16.28|16.3|16.27|16.3|2036.0|3416971.0|16.28
133500|16.3|16.31|16.27|16.28|2847.0|4777908.0|16.3
134000|16.28|16.29|16.25|16.26|3574.0|5992348.0|16.28
134500|16.26|16.29|16.26|16.28|2033.0|3409326.0|16.26
135000|16.28|16.29|16.25|16.27|2311.0|3874209.0|16.28
135500|16.27|16.32|16.26|16.32|2028.0|3404514.0|16.27
140000|16.32|16.35|16.31|16.32|1787.0|3007192.0|16.32
140500|16.31|16.33|16.28|16.33|2775.0|4663392.0|16.32
141000|16.32|16.34|16.3|16.33|2079.0|3497597.0|16.33
141500|16.32|16.36|16.32|16.34|1919.0|3231303.0|16.33
142000|16.34|16.35|16.32|16.32|1487.0|2503315.0|16.34
142500|16.32|16.33|16.3|16.32|1895.0|3186597.0|16.32
143000|16.3|16.33|16.29|16.29|2064.0|3469706.0|16.32
143500|16.3|16.32|16.3|16.3|1890.0|3178810.0|16.29
144000|16.31|16.33|16.3|16.33|1512.0|2543109.0|16.3
144500|16.33|16.34|16.32|16.33|2516.0|4234682.0|16.33
145000|16.33|16.34|16.32|16.34|1986.0|3343299.0|16.33
145500|16.34|16.37|16.34|16.36|3882.0|6541616.0|16.34
150000|16.36|16.39|16.36|16.39|5266.0|8890321.0|16.36
