093500|10.7100|10.8900|10.7100|10.8000|2172900|23474173.0000|10.8000
094000|10.8000|10.8400|10.7800|10.8100|910900|9847891.0000|10.8100
094500|10.8300|10.8500|10.8000|10.8400|1197800|12971052.0000|10.8400
095000|10.8400|10.9600|10.8400|10.9400|2057300|22461459.0000|10.9400
095500|10.9300|10.9400|10.8500|10.8600|867900|9445107.0000|10.8600
100000|10.8600|10.8800|10.8300|10.8400|460158|4995299.0000|10.8400
100500|10.8400|10.8500|10.8000|10.8200|949600|10277879.0000|10.8200
101000|10.8200|10.8400|10.8000|10.8300|698242|7553660.0000|10.8300
101500|10.8300|10.8600|10.8200|10.8300|380900|4127686.0000|10.8300
102000|10.8300|10.8400|10.7900|10.8100|605700|6548351.0000|10.8100
102500|10.8000|10.8100|10.7800|10.7900|516100|5568750.0000|10.7900
103000|10.7900|10.8700|10.7800|10.8600|1028301|11135627.0000|10.8600
103500|10.8700|10.8700|10.8300|10.8400|714700|7756295.0000|10.8400
104000|10.8500|10.8600|10.8200|10.8300|554100|6006115.0000|10.8300
104500|10.8300|10.8400|10.7700|10.7700|482200|5208429.0000|10.7700
105000|10.7700|10.7800|10.7600|10.7600|561100|6041435.0000|10.7600
105500|10.7600|10.7700|10.7300|10.7500|558600|6006479.0000|10.7500
110000|10.7600|10.8100|10.7500|10.7700|599500|6458821.0000|10.7700
110500|10.7700|10.8100|10.7600|10.7900|595500|6423721.0000|10.7900
111000|10.7900|10.8000|10.7700|10.7700|547900|5910898.0000|10.7700
111500|10.7700|10.8200|10.7700|10.7900|381200|4116963.0000|10.7900
112000|10.7900|10.8200|10.7800|10.8100|378400|4089623.0000|10.8100
112500|10.8100|10.8500|10.8000|10.8400|691500|7487029.0000|10.8400
113000|10.8300|10.8400|10.8000|10.8300|346400|3750381.0000|10.8300
130500|10.8400|10.8400|10.8000|10.8100|784100|8489113.0000|10.8100
131000|10.8100|10.8200|10.7900|10.8000|350000|3781093.0000|10.8000
131500|10.8000|10.8300|10.7900|10.8300|418600|4525553.0000|10.8300
132000|10.8300|10.8400|10.7900|10.8100|425500|4600060.0000|10.8100
132500|10.8200|10.8300|10.7900|10.8100|474100|5126512.0000|10.8100
133000|10.8100|10.8600|10.8100|10.8400|658200|7136334.0000|10.8400
133500|10.8400|10.8600|10.8300|10.8300|326900|3543062.0000|10.8300
134000|10.8400|10.8700|10.8300|10.8500|508500|5520454.0000|10.8500
134500|10.8400|10.8500|10.8100|10.8100|318200|3444084.0000|10.8100
135000|10.8100|10.8200|10.8100|10.8200|374800|4053658.0000|10.8200
135500|10.8100|10.8200|10.8000|10.8100|497800|5379370.0000|10.8100
140000|10.8200|10.8200|10.8000|10.8100|354500|3831480.0000|10.8100
140500|10.8100|10.8100|10.7600|10.7800|478200|5156033.0000|10.7800
141000|10.7800|10.7900|10.7700|10.7800|307800|3318425.0000|10.7800
141500|10.7800|10.7900|10.7500|10.7500|440400|4740510.0000|10.7500
142000|10.7500|10.7700|10.7400|10.7600|546800|5880576.0000|10.7600
142500|10.7600|10.7600|10.7400|10.7500|324800|3492224.0000|10.7500
143000|10.7400|10.7500|10.7300|10.7400|375400|4031600.0000|10.7400
143500|10.7400|10.7700|10.7400|10.7700|376800|4051936.0000|10.7700
144000|10.7600|10.7700|10.7600|10.7600|253800|2732800.0000|10.7600
144500|10.7600|10.7800|10.7500|10.7600|358200|3855408.0000|10.7600
145000|10.7600|10.7800|10.7600|10.7800|501901|5403760.0000|10.7800
145500|10.7700|10.7900|10.7600|10.7600|567300|6111952.0000|10.7600
150000|10.7600|10.7900|10.7600|10.7800|400900|4319712.0000|10.7800
