09350000|14.4331926000|14.4331926000|14.3538348400|14.4331926000|1536300|22297136.0000|14.4331926000
09400000|14.4331926000|14.4431123200|14.2943165200|14.3042362400|1179900|17072256.0000|14.3042362400
09450000|14.3042362400|14.4034334400|14.2943165200|14.3637545600|904800|13071968.0000|14.3637545600
09500000|14.3637545600|14.4629517600|14.3339954000|14.3538348400|866100|12562120.0000|14.3538348400
09550000|14.3538348400|14.3538348400|14.3042362400|14.3439151200|621500|8979040.0000|14.3439151200
10000000|14.3439151200|14.3736742800|14.3141559600|14.3240756800|493800|7140704.0000|14.3240756800
10050000|14.3240756800|14.3240756800|14.2744770800|14.2744770800|943900|13602880.0000|14.2744770800
10100000|14.2744770800|14.2744770800|14.2546376400|14.2645573600|736900|10596392.0000|14.2645573600
10150000|14.2645573600|14.2943165200|14.2447179200|14.2843968000|428100|6155120.0000|14.2843968000
10200000|14.2843968000|14.3042362400|14.2744770800|14.2843968000|456100|6570440.0000|14.2843968000
10250000|14.2843968000|14.2843968000|14.2546376400|14.2843968000|348500|5014464.0000|14.2843968000
10300000|14.2843968000|14.2943165200|14.2645573600|14.2843968000|298800|4302160.0000|14.2843968000
10350000|14.2843968000|14.3042362400|14.2744770800|14.2943165200|243700|3510160.0000|14.2943165200
10400000|14.2843968000|14.2943165200|14.2447179200|14.2447179200|372200|5356008.0000|14.2447179200
10450000|14.2447179200|14.2744770800|14.2447179200|14.2645573600|314400|4520392.0000|14.2645573600
10500000|14.2645573600|14.2744770800|14.2546376400|14.2645573600|228300|3283552.0000|14.2645573600
10550000|14.2645573600|14.2843968000|14.2546376400|14.2843968000|265800|3822416.0000|14.2843968000
11000000|14.2843968000|14.2943165200|14.2645573600|14.2645573600|323200|4651424.0000|14.2645573600
11050000|14.2546376400|14.3042362400|14.2546376400|14.2744770800|155400|2237152.0000|14.2744770800
11100000|14.2744770800|14.3439151200|14.2744770800|14.3439151200|242700|3503488.0000|14.3439151200
11150000|14.3439151200|14.3736742800|14.3339954000|14.3637545600|312100|4518464.0000|14.3637545600
11200000|14.3637545600|14.3835940000|14.3439151200|14.3736742800|247100|3578416.0000|14.3736742800
11250000|14.3736742800|14.3935137200|14.3538348400|14.3637545600|378600|5489152.0000|14.3637545600
11300000|14.3637545600|14.3835940000|14.3439151200|14.3637545600|136200|1972064.0000|14.3637545600
13050000|14.3637545600|14.4331926000|14.3637545600|14.4232728800|411300|5968144.0000|14.4232728800
13100000|14.4232728800|14.4232728800|14.3736742800|14.3835940000|222200|3224128.0000|14.3835940000
13150000|14.3835940000|14.4034334400|14.3538348400|14.3538348400|209800|3040672.0000|14.3538348400
13200000|14.3538348400|14.3736742800|14.3538348400|14.3637545600|103700|1501536.0000|14.3637545600
13250000|14.3637545600|14.3736742800|14.3339954000|14.3339954000|232100|3358160.0000|14.3339954000
13300000|14.3339954000|14.3538348400|14.3339954000|14.3339954000|236500|3418656.0000|14.3339954000
13350000|14.3339954000|14.3538348400|14.2943165200|14.2943165200|381000|5502864.0000|14.2943165200
13400000|14.3141559600|14.3141559600|14.2943165200|14.3042362400|162300|2340320.0000|14.3042362400
13450000|14.3042362400|14.3042362400|14.2843968000|14.2943165200|208500|3003808.0000|14.2943165200
13500000|14.2943165200|14.3240756800|14.2943165200|14.3240756800|147400|2125296.0000|14.3240756800
13550000|14.3240756800|14.3439151200|14.3042362400|14.3339954000|241100|3481056.0000|14.3339954000
14000000|14.3339954000|14.3538348400|14.3141559600|14.3339954000|199300|2880016.0000|14.3339954000
14050000|14.3339954000|14.3736742800|14.3240756800|14.3339954000|266900|3858720.0000|14.3339954000
14100000|14.3339954000|14.3439151200|14.3042362400|14.3042362400|298300|4308384.0000|14.3042362400
14150000|14.3042362400|14.3240756800|14.3042362400|14.3141559600|181100|2614672.0000|14.3141559600
14200000|14.3141559600|14.3240756800|14.2943165200|14.3141559600|216500|3124224.0000|14.3141559600
14250000|14.3042362400|14.3141559600|14.2843968000|14.2943165200|242700|3498064.0000|14.2943165200
14300000|14.2943165200|14.3042362400|14.2843968000|14.2943165200|143300|2064640.0000|14.2943165200
14350000|14.2943165200|14.3141559600|14.2744770800|14.3141559600|510500|7358064.0000|14.3141559600
14400000|14.3141559600|14.3141559600|14.2645573600|14.2744770800|610400|8789376.0000|14.2744770800
14450000|14.2744770800|14.2843968000|14.2546376400|14.2546376400|345400|4968016.0000|14.2546376400
14500000|14.2546376400|14.2843968000|14.2447179200|14.2645573600|585500|8419232.0000|14.2645573600
14550000|14.2645573600|14.2744770800|14.2546376400|14.2546376400|355800|5115072.0000|14.2546376400
15000000|14.2546376400|14.2645573600|14.2447179200|14.2546376400|564000|8104752.0000|14.2546376400
