09350000|12.7270007600|12.7567599200|12.6377232800|12.7567599200|1152500|14750448.0000|12.7567599200
09400000|12.7567599200|12.7567599200|12.6774021600|12.7468402000|511300|6553976.0000|12.7468402000
09450000|12.7468402000|12.7964388000|12.7270007600|12.7468402000|849500|10937000.0000|12.7468402000
09500000|12.7468402000|12.7468402000|12.6972416000|12.7270007600|304000|3898642.0000|12.7270007600
09550000|12.7270007600|12.7666796400|12.7170810400|12.7468402000|158700|2038416.0000|12.7468402000
10000000|12.7468402000|12.7964388000|12.7369204800|12.7865190800|320900|4130112.0000|12.7865190800
10050000|12.7865190800|12.7964388000|12.7369204800|12.7765993600|267500|3444640.0000|12.7765993600
10100000|12.7765993600|12.7865190800|12.7170810400|12.7170810400|170300|2189988.0000|12.7170810400
10150000|12.7170810400|12.7170810400|12.6377232800|12.6377232800|354200|4529036.0000|12.6377232800
10200000|12.6377232800|12.6377232800|12.5881246800|12.5980444000|646600|8220232.0000|12.5980444000
10250000|12.6079641200|12.6377232800|12.5980444000|12.6079641200|238900|3038656.0000|12.6079641200
10300000|12.6079641200|12.6377232800|12.5782049600|12.5980444000|254700|3233948.0000|12.5980444000
10350000|12.5980444000|12.5980444000|12.5583655200|12.5980444000|201200|2549084.0000|12.5980444000
10400000|12.5980444000|12.6178838400|12.5782049600|12.6178838400|157700|2002952.0000|12.6178838400
10450000|12.6178838400|12.6178838400|12.5980444000|12.6079641200|50300|639376.0000|12.6079641200
10500000|12.6079641200|12.6079641200|12.5682852400|12.5682852400|196100|2487464.0000|12.5682852400
10550000|12.5782049600|12.6575627200|12.5782049600|12.6476430000|150200|1913488.0000|12.6476430000
11000000|12.6476430000|12.6476430000|12.5881246800|12.5881246800|70700|900024.0000|12.5881246800
11050000|12.5881246800|12.6873218800|12.5682852400|12.6774021600|99400|1263296.0000|12.6774021600
11100000|12.6674824400|12.6873218800|12.6079641200|12.6079641200|121400|1546776.0000|12.6079641200
11150000|12.6079641200|12.6178838400|12.5682852400|12.5782049600|141700|1798480.0000|12.5782049600
11200000|12.5782049600|12.5782049600|12.5583655200|12.5782049600|102200|1295440.0000|12.5782049600
11250000|12.5682852400|12.5782049600|12.5286063600|12.5385260800|141200|1786480.0000|12.5385260800
11300000|12.5385260800|12.5682852400|12.5385260800|12.5484458000|54700|692096.0000|12.5484458000
13050000|12.5583655200|12.5782049600|12.5286063600|12.5286063600|147700|1868736.0000|12.5286063600
13100000|12.5286063600|12.5286063600|12.4790077600|12.4889274800|271400|3419056.0000|12.4889274800
13150000|12.4988472000|12.5087669200|12.4690880400|12.4889274800|106100|1335360.0000|12.4889274800
13200000|12.4889274800|12.4988472000|12.4790077600|12.4988472000|83400|1050032.0000|12.4988472000
13250000|12.4988472000|12.5087669200|12.4790077600|12.4889274800|146700|1848128.0000|12.4889274800
13300000|12.4889274800|12.5087669200|12.4889274800|12.5087669200|120700|1520552.0000|12.5087669200
13350000|12.5087669200|12.5484458000|12.5087669200|12.5484458000|314800|3977968.0000|12.5484458000
13400000|12.5484458000|12.5682852400|12.5385260800|12.5583655200|62800|794744.0000|12.5583655200
13450000|12.5484458000|12.6079641200|12.5484458000|12.5980444000|299600|3813248.0000|12.5980444000
13500000|12.5881246800|12.5881246800|12.5484458000|12.5682852400|169500|2143824.0000|12.5682852400
13550000|12.5484458000|12.5682852400|12.5286063600|12.5484458000|65300|826632.0000|12.5484458000
14000000|12.5484458000|12.5583655200|12.5286063600|12.5286063600|49000|619784.0000|12.5286063600
14050000|12.5385260800|12.5385260800|12.4889274800|12.4988472000|125100|1576504.0000|12.4988472000
14100000|12.4988472000|12.5186866400|12.4889274800|12.4988472000|98000|1235272.0000|12.4988472000
14150000|12.4988472000|12.5782049600|12.4988472000|12.5682852400|182700|2309480.0000|12.5682852400
14200000|12.5682852400|12.6079641200|12.5682852400|12.5881246800|194000|2462360.0000|12.5881246800
14250000|12.5881246800|12.5980444000|12.5583655200|12.5682852400|83600|1060584.0000|12.5682852400
14300000|12.5583655200|12.5682852400|12.5385260800|12.5484458000|230300|2914816.0000|12.5484458000
14350000|12.5484458000|12.5682852400|12.5286063600|12.5682852400|126500|1599920.0000|12.5682852400
14400000|12.5682852400|12.5980444000|12.5682852400|12.5881246800|147700|1873040.0000|12.5881246800
14450000|12.5881246800|12.5980444000|12.5682852400|12.5782049600|152000|1928152.0000|12.5782049600
14500000|12.5782049600|12.5980444000|12.5682852400|12.5881246800|445100|5641848.0000|12.5881246800
14550000|12.5782049600|12.5782049600|12.5484458000|12.5484458000|292100|3698432.0000|12.5484458000
15000000|12.5484458000|12.5583655200|12.5186866400|12.5286063600|201600|2547488.0000|12.5286063600
