09350000|46.7000000000|46.8400000000|46.3800000000|46.5600000000|2738900|127597136.0000|46.5600000000
09400000|46.5500000000|47.0000000000|46.5500000000|46.9100000000|1311300|61364512.0000|46.9100000000
09450000|46.9000000000|47.1500000000|46.8000000000|47.0700000000|1227100|57622032.0000|47.0700000000
09500000|47.0400000000|47.0400000000|46.7300000000|46.7300000000|1093200|51242144.0000|46.7300000000
09550000|46.7500000000|46.7500000000|46.4500000000|46.4500000000|1283500|59788672.0000|46.4500000000
10000000|46.4900000000|46.5300000000|46.3200000000|46.3900000000|1425800|66168896.0000|46.3900000000
10050000|46.3800000000|46.5400000000|46.3500000000|46.5000000000|801100|37203232.0000|46.5000000000
10100000|46.5000000000|46.8000000000|46.5000000000|46.6900000000|1221100|57010656.0000|46.6900000000
10150000|46.6800000000|46.7000000000|46.6000000000|46.6000000000|491100|22915168.0000|46.6000000000
10200000|46.6000000000|46.6400000000|46.5600000000|46.6000000000|456800|21281080.0000|46.6000000000
10250000|46.6000000000|46.6400000000|46.5500000000|46.5500000000|495900|23102660.0000|46.5500000000
10300000|46.5500000000|46.6400000000|46.5500000000|46.5700000000|443800|20674757.0000|46.5700000000
10350000|46.5600000000|46.6200000000|46.4700000000|46.5300000000|554900|25827330.0000|46.5300000000
10400000|46.5300000000|46.6000000000|46.5000000000|46.5800000000|398900|18563453.0000|46.5800000000
10450000|46.5800000000|46.5900000000|46.5000000000|46.5200000000|400900|18651968.0000|46.5200000000
10500000|46.5300000000|46.6800000000|46.5200000000|46.6800000000|865200|40282438.0000|46.6800000000
10550000|46.6900000000|46.7400000000|46.6700000000|46.7100000000|521100|24337854.0000|46.7100000000
11000000|46.7000000000|46.8000000000|46.6800000000|46.7000000000|754400|35244606.0000|46.7000000000
11050000|46.7000000000|46.7700000000|46.6700000000|46.7600000000|292300|13655490.0000|46.7600000000
11100000|46.7600000000|46.8000000000|46.7000000000|46.8000000000|261300|12215167.0000|46.8000000000
11150000|46.8000000000|46.8500000000|46.6800000000|46.6800000000|277900|13000053.0000|46.6800000000
11200000|46.6800000000|46.7100000000|46.5700000000|46.5700000000|341200|15919049.0000|46.5700000000
11250000|46.5700000000|46.7000000000|46.5700000000|46.6700000000|156900|7319424.0000|46.6700000000
11300000|46.7000000000|46.7300000000|46.6800000000|46.7300000000|110600|5165879.0000|46.7300000000
13050000|46.7300000000|46.7800000000|46.6900000000|46.7800000000|322300|15058182.0000|46.7800000000
13100000|46.7800000000|46.9600000000|46.7700000000|46.9000000000|524400|24581118.0000|46.9000000000
13150000|46.9000000000|47.0000000000|46.8600000000|46.9900000000|440600|20675588.0000|46.9900000000
13200000|46.9900000000|47.0800000000|46.9500000000|47.0300000000|575700|27066182.0000|47.0300000000
13250000|47.0100000000|47.1400000000|46.9600000000|47.1200000000|759600|35732788.0000|47.1200000000
13300000|47.1000000000|47.1200000000|46.9700000000|46.9800000000|324600|15265280.0000|46.9800000000
13350000|46.9800000000|47.0800000000|46.9600000000|47.0200000000|347100|16324293.0000|47.0200000000
13400000|47.0200000000|47.1500000000|47.0200000000|47.1300000000|495200|23308866.0000|47.1300000000
13450000|47.1300000000|47.1400000000|47.0000000000|47.0100000000|325000|15301055.0000|47.0100000000
13500000|47.0000000000|47.0500000000|46.9400000000|46.9700000000|306800|14417661.0000|46.9700000000
13550000|46.9600000000|47.0300000000|46.9300000000|46.9400000000|257900|12115783.0000|46.9400000000
14000000|46.9500000000|46.9700000000|46.9100000000|46.9400000000|234200|10991231.0000|46.9400000000
14050000|46.9600000000|46.9600000000|46.9200000000|46.9200000000|164800|7735360.0000|46.9200000000
14100000|46.9300000000|46.9300000000|46.7400000000|46.8600000000|422800|19802493.0000|46.8600000000
14150000|46.8700000000|46.8700000000|46.8100000000|46.8400000000|181200|8485496.0000|46.8400000000
14200000|46.8400000000|46.9000000000|46.8300000000|46.8900000000|212600|9964672.0000|46.8900000000
14250000|46.8800000000|46.9900000000|46.8800000000|46.9500000000|245100|11502216.0000|46.9500000000
14300000|46.9500000000|46.9600000000|46.8800000000|46.9400000000|131600|6174851.0000|46.9400000000
14350000|46.9300000000|47.0400000000|46.9300000000|47.0400000000|293100|13777019.0000|47.0400000000
14400000|47.0400000000|47.0800000000|46.9500000000|46.9700000000|376400|17701121.0000|46.9700000000
14450000|46.9600000000|47.0000000000|46.9500000000|46.9500000000|299100|14048136.0000|46.9500000000
14500000|46.9400000000|47.0000000000|46.9300000000|46.9900000000|270500|12705525.0000|46.9900000000
14550000|46.9800000000|47.0700000000|46.9800000000|47.0700000000|447600|21050498.0000|47.0700000000
15000000|47.0700000000|47.1100000000|47.0600000000|47.1100000000|517500|24370432.0000|47.1100000000
