093500|41.88|41.95|41.41|41.49|17056.0|71037844.0|41.88
094000|41.52|41.8|41.46|41.8|7675.0|31958793.0|41.49
094500|41.77|41.82|41.25|41.3|15135.0|62740107.0|41.8
095000|41.3|41.43|41.27|41.38|7357.0|30401708.0|41.3
095500|41.42|41.42|41.12|41.24|13609.0|56082065.0|41.38
100000|41.25|41.27|41.0|41.02|12232.0|50288223.0|41.24
100500|41.02|41.14|41.02|41.1|6303.0|25900591.0|41.02
101000|41.1|41.11|40.99|41.08|9420.0|38644567.0|41.1
101500|41.11|41.11|40.95|41.09|5824.0|23880843.0|41.08
102000|41.09|41.12|41.02|41.04|5413.0|22232172.0|41.09
102500|41.06|41.18|41.04|41.16|3204.0|13171707.0|41.04
103000|41.17|41.28|41.15|41.24|6411.0|26376079.0|41.16
103500|41.25|41.25|41.1|41.12|1615.0|6652204.0|41.24
104000|41.15|41.31|41.15|41.3|3864.0|15936262.0|41.12
104500|41.31|41.32|41.16|41.26|2118.0|8737350.0|41.3
105000|41.26|41.26|41.0|41.12|5151.0|21181439.0|41.26
105500|41.12|41.13|41.06|41.09|2709.0|11135652.0|41.12
110000|41.1|41.15|41.02|41.11|1850.0|7598362.0|41.09
110500|41.1|41.12|41.05|41.1|2298.0|9441704.0|41.11
111000|41.09|41.2|41.08|41.16|1683.0|6925657.0|41.1
111500|41.17|41.2|41.11|41.16|1185.0|4877263.0|41.16
112000|41.16|41.25|41.16|41.21|1945.0|8016206.0|41.16
112500|41.21|41.25|41.15|41.16|1538.0|6338600.0|41.21
113000|41.18|41.24|41.16|41.19|1790.0|7373141.0|41.16
130500|41.19|41.31|41.16|41.21|4149.0|17110680.0|41.19
131000|41.2|41.25|41.09|41.14|2297.0|9458821.0|41.21
131500|41.14|41.18|41.07|41.07|2038.0|8375863.0|41.14
132000|41.08|41.12|41.06|41.07|2019.0|8293962.0|41.07
132500|41.08|41.08|41.0|41.07|3474.0|14256905.0|41.07
133000|41.06|41.08|41.0|41.01|3691.0|15139846.0|41.07
133500|41.02|41.03|40.99|41.01|5410.0|22182758.0|41.01
134000|41.01|41.01|40.9|40.92|6115.0|25032687.0|41.01
134500|40.91|40.96|40.86|40.86|4857.0|19864636.0|40.92
135000|40.85|40.86|40.78|40.83|9440.0|38528351.0|40.86
135500|40.84|40.84|40.8|40.84|3810.0|15550228.0|40.83
140000|40.84|40.84|40.7|40.71|6304.0|25707830.0|40.84
140500|40.7|40.8|40.7|40.8|5234.0|21320576.0|40.71
141000|40.78|40.8|40.69|40.69|5384.0|21937801.0|40.8
141500|40.68|40.69|40.57|40.58|7917.0|32158594.0|40.69
142000|40.59|40.62|40.5|40.51|9563.0|38782088.0|40.58
142500|40.5|40.53|40.44|40.47|8916.0|36099669.0|40.51
143000|40.46|40.51|40.41|40.48|6465.0|26153119.0|40.47
143500|40.48|40.53|40.27|40.3|12014.0|48503275.0|40.48
144000|40.3|40.36|40.28|40.36|9471.0|38184863.0|40.3
144500|40.36|40.54|40.35|40.53|6988.0|28269301.0|40.36
145000|40.53|40.53|40.37|40.4|9505.0|38409066.0|40.53
145500|40.42|40.43|40.35|40.38|9287.0|37501717.0|40.4
150000|40.36|40.44|40.36|40.4|8185.0|33058152.0|40.38
