09350000|15.2741344200|15.4222578000|15.1695767400|15.3786921000|5800453|101678583.0000|15.3786921000
09400000|15.3699789600|15.3874052400|15.2305687200|15.2305687200|3510500|61615330.0000|15.2305687200
09450000|15.2305687200|15.2305687200|15.0563059200|15.1085847600|4745796|82372545.0000|15.1085847600
09500000|15.1085847600|15.1870030200|15.0998716200|15.1521504600|2919011|50758230.0000|15.1521504600
09550000|15.1608636000|15.1957161600|15.0563059200|15.1434373200|3519620|61047296.0000|15.1434373200
10000000|15.1608636000|15.2654212800|15.1608636000|15.2131424400|2953800|51556432.0000|15.2131424400
10050000|15.2131424400|15.3351264000|15.1695767400|15.1695767400|3919500|68684208.0000|15.1695767400
10100000|15.1782898800|15.3177001200|15.1608636000|15.1608636000|2160400|37738896.0000|15.1608636000
10150000|15.1521504600|15.2828475600|15.1434373200|15.1434373200|1981500|34560800.0000|15.1434373200
10200000|15.1434373200|15.1521504600|15.0998716200|15.1521504600|1871000|32485344.0000|15.1521504600
10250000|15.1521504600|15.1782898800|15.0911584800|15.1347241800|1718400|29843024.0000|15.1347241800
10300000|15.1434373200|15.1695767400|15.0388796400|15.0475927800|2786780|48288192.0000|15.0475927800
10350000|15.0475927800|15.0475927800|14.9866008000|14.9866008000|2577400|44431664.0000|14.9866008000
10400000|15.0040270800|15.1260110400|14.9866008000|15.1260110400|1899720|32795520.0000|15.1260110400
10450000|15.1347241800|15.1608636000|15.0824453400|15.1085847600|1470700|25517120.0000|15.1085847600
10500000|15.1085847600|15.2218555800|15.0998716200|15.1957161600|1645500|28630576.0000|15.1957161600
10550000|15.1957161600|15.2479950000|15.1608636000|15.1782898800|1452400|25393456.0000|15.1782898800
11000000|15.1782898800|15.2044293000|15.0388796400|15.1085847600|3510800|60851920.0000|15.1085847600
11050000|15.1085847600|15.1695767400|15.0824453400|15.0824453400|677200|11756528.0000|15.0824453400
11100000|15.0824453400|15.0998716200|15.0040270800|15.0127402200|1900732|32806480.0000|15.0127402200
11150000|15.0127402200|15.0127402200|14.9430351000|14.9953139400|3536015|60778656.0000|14.9953139400
11200000|14.9953139400|15.0301665000|14.9691745200|15.0214533600|1394744|24021264.0000|15.0214533600
11250000|15.0214533600|15.0301665000|14.9953139400|15.0214533600|1337300|23040592.0000|15.0214533600
11300000|15.0388796400|15.1172979000|15.0301665000|15.0824453400|826395|14309792.0000|15.0824453400
13050000|15.0911584800|15.1782898800|15.0911584800|15.1608636000|2006148|34871168.0000|15.1608636000
13100000|15.1608636000|15.2828475600|15.1521504600|15.2741344200|1756400|30720464.0000|15.2741344200
13150000|15.2828475600|15.5006760600|15.2044293000|15.4571103600|4693087|82673696.0000|15.4571103600
13200000|15.4483972200|15.5093892000|15.3961183800|15.4745366400|3777090|66970912.0000|15.4745366400
13250000|15.4658235000|15.5093892000|15.4135446600|15.4222578000|2893500|51366096.0000|15.4222578000
13300000|15.4222578000|15.4396840800|15.3177001200|15.3699789600|2676200|47203008.0000|15.3699789600
13350000|15.3699789600|15.3874052400|15.3002738400|15.3089869800|1350966|23812672.0000|15.3089869800
13400000|15.3264132600|15.3264132600|15.2479950000|15.2741344200|1793400|31494624.0000|15.2741344200
13450000|15.2828475600|15.3525526800|15.2479950000|15.3177001200|1540300|27058816.0000|15.3177001200
13500000|15.3177001200|15.4222578000|15.3089869800|15.3525526800|2185300|38566064.0000|15.3525526800
13550000|15.3525526800|15.4571103600|15.3177001200|15.4571103600|1658076|29347552.0000|15.4571103600
14000000|15.4658235000|15.4745366400|15.3438395400|15.3438395400|1875324|33237360.0000|15.3438395400
14050000|15.3612658200|15.4048315200|15.3177001200|15.3612658200|1121400|19760688.0000|15.3612658200
14100000|15.3612658200|15.4309709400|15.3438395400|15.3961183800|1152700|20383280.0000|15.3961183800
14150000|15.3961183800|15.5093892000|15.3786921000|15.4745366400|1580676|28020640.0000|15.4745366400
14200000|15.4919629200|15.4919629200|15.3699789600|15.3786921000|1847600|32753568.0000|15.3786921000
14250000|15.3874052400|15.4571103600|15.3786921000|15.4483972200|1155800|20440544.0000|15.4483972200
14300000|15.4571103600|15.6836520000|15.4571103600|15.6052337400|5325532|95274704.0000|15.6052337400
14350000|15.6052337400|15.6052337400|15.4745366400|15.5268154800|4014868|71604080.0000|15.5268154800
14400000|15.5268154800|15.6487994400|15.4832497800|15.6400863000|2700621|48200816.0000|15.6400863000
14450000|15.6487994400|15.9014805000|15.5790943200|15.9014805000|8820527|159756160.0000|15.9014805000
14500000|15.8404885200|16.0147513200|15.8404885200|15.9101936400|10662640|194950272.0000|15.9101936400
14550000|15.9101936400|15.9450462000|15.7272177000|15.7969228200|7154160|130121824.0000|15.7969228200
15000000|15.7794965400|15.9014805000|15.7707834000|15.8666279400|5345400|97280944.0000|15.8666279400
