09350000|13.0800585000|13.1071206900|12.9718097400|13.0439755800|5556968|80200933.0000|13.0439755800
09400000|13.0349548500|13.0620170400|12.9898512000|12.9898512000|1817400|26224510.0000|12.9898512000
09450000|12.9898512000|13.0890792300|12.9808304700|13.0890792300|1835209|26485690.0000|13.0890792300
09500000|13.0890792300|13.1161414200|13.0710377700|13.0890792300|1183600|17185382.0000|13.0890792300
09550000|13.0890792300|13.1341828800|13.0620170400|13.1071206900|1241084|18018563.0000|13.1071206900
10000000|13.1071206900|13.1071206900|13.0259341200|13.0349548500|825396|11954282.0000|13.0349548500
10050000|13.0259341200|13.0349548500|13.0078926600|13.0259341200|1395700|20139445.0000|13.0259341200
10100000|13.0169133900|13.0349548500|12.9988719300|13.0078926600|1224565|17670739.0000|13.0078926600
10150000|12.9988719300|13.0349548500|12.9988719300|13.0259341200|522300|7538193.0000|13.0259341200
10200000|13.0259341200|13.0620170400|13.0169133900|13.0620170400|833200|12039245.0000|13.0620170400
10250000|13.0620170400|13.0890792300|13.0349548500|13.0439755800|980800|14199861.0000|13.0439755800
10300000|13.0529963100|13.0890792300|13.0078926600|13.0620170400|1051500|15197447.0000|13.0620170400
10350000|13.0710377700|13.0710377700|13.0349548500|13.0439755800|577400|8349422.0000|13.0439755800
10400000|13.0439755800|13.0529963100|13.0259341200|13.0349548500|412900|5966800.0000|13.0349548500
10450000|13.0349548500|13.0439755800|13.0259341200|13.0349548500|304900|4406352.0000|13.0349548500
10500000|13.0259341200|13.0529963100|13.0259341200|13.0349548500|408000|5897600.0000|13.0349548500
10550000|13.0349548500|13.0620170400|13.0349548500|13.0529963100|483100|6986880.0000|13.0529963100
11000000|13.0439755800|13.0529963100|13.0349548500|13.0349548500|358100|5176656.0000|13.0349548500
11050000|13.0349548500|13.0439755800|13.0169133900|13.0169133900|651900|9416064.0000|13.0169133900
11100000|13.0169133900|13.0710377700|13.0169133900|13.0349548500|385100|5567120.0000|13.0349548500
11150000|13.0259341200|13.0439755800|13.0259341200|13.0439755800|193000|2789344.0000|13.0439755800
11200000|13.0439755800|13.0529963100|13.0349548500|13.0349548500|155100|2242608.0000|13.0349548500
11250000|13.0439755800|13.0439755800|13.0259341200|13.0259341200|269600|3895424.0000|13.0259341200
11300000|13.0259341200|13.0439755800|13.0169133900|13.0439755800|338300|4886464.0000|13.0439755800
13050000|13.0349548500|13.0529963100|13.0259341200|13.0529963100|675769|9769680.0000|13.0529963100
13100000|13.0529963100|13.0529963100|13.0259341200|13.0349548500|447100|6462592.0000|13.0349548500
13150000|13.0349548500|13.0349548500|13.0169133900|13.0259341200|622100|8983168.0000|13.0259341200
13200000|13.0349548500|13.0529963100|13.0259341200|13.0439755800|456000|6593392.0000|13.0439755800
13250000|13.0439755800|13.0439755800|13.0259341200|13.0349548500|365500|5282080.0000|13.0349548500
13300000|13.0349548500|13.0439755800|13.0169133900|13.0349548500|618800|8938880.0000|13.0349548500
13350000|13.0349548500|13.0439755800|13.0349548500|13.0439755800|373100|5393152.0000|13.0439755800
13400000|13.0439755800|13.0620170400|13.0349548500|13.0439755800|552415|7991792.0000|13.0439755800
13450000|13.0439755800|13.0529963100|13.0349548500|13.0439755800|424700|6140208.0000|13.0439755800
13500000|13.0439755800|13.0529963100|13.0349548500|13.0439755800|414700|5996000.0000|13.0439755800
13550000|13.0439755800|13.0529963100|13.0169133900|13.0349548500|1590200|22977280.0000|13.0349548500
14000000|13.0439755800|13.0439755800|13.0259341200|13.0349548500|543200|7849232.0000|13.0349548500
14050000|13.0259341200|13.0439755800|13.0259341200|13.0349548500|401100|5797184.0000|13.0349548500
14100000|13.0439755800|13.0620170400|13.0349548500|13.0439755800|637256|9217696.0000|13.0439755800
14150000|13.0439755800|13.0620170400|13.0439755800|13.0529963100|438400|6345392.0000|13.0529963100
14200000|13.0529963100|13.0710377700|13.0439755800|13.0710377700|590600|8552560.0000|13.0710377700
14250000|13.0620170400|13.0890792300|13.0620170400|13.0890792300|752280|10909392.0000|13.0890792300
14300000|13.0800585000|13.0980999600|13.0710377700|13.0800585000|573920|8323200.0000|13.0800585000
14350000|13.0800585000|13.1251621500|13.0800585000|13.1161414200|1223845|17779024.0000|13.1161414200
14400000|13.1251621500|13.1702658000|13.1161414200|13.1702658000|2146257|31278128.0000|13.1702658000
14450000|13.1702658000|13.2063487200|13.1612450700|13.1612450700|2318200|33865696.0000|13.1612450700
14500000|13.1702658000|13.1792865300|13.1432036100|13.1702658000|1958500|28590864.0000|13.1702658000
14550000|13.1792865300|13.1792865300|13.1612450700|13.1612450700|1034100|15097168.0000|13.1612450700
15000000|13.1702658000|13.1792865300|13.1612450700|13.1702658000|1261262|18412736.0000|13.1702658000
