09350000|6.2500000000|6.2700000000|6.2400000000|6.2600000000|9400600|58758104.0000|6.2600000000
09400000|6.2600000000|6.2700000000|6.2500000000|6.2700000000|5093800|31898168.0000|6.2700000000
09450000|6.2700000000|6.2700000000|6.2500000000|6.2700000000|2953700|18497944.0000|6.2700000000
09500000|6.2600000000|6.2800000000|6.2600000000|6.2700000000|1489800|9338696.0000|6.2700000000
09550000|6.2700000000|6.2800000000|6.2600000000|6.2600000000|1313600|8238176.0000|6.2600000000
10000000|6.2600000000|6.2800000000|6.2600000000|6.2800000000|1000600|6271864.0000|6.2800000000
10050000|6.2800000000|6.2800000000|6.2600000000|6.2700000000|2439600|15298520.0000|6.2700000000
10100000|6.2600000000|6.2700000000|6.2400000000|6.2500000000|6596000|41234880.0000|6.2500000000
10150000|6.2500000000|6.2600000000|6.2400000000|6.2500000000|1908100|11921040.0000|6.2500000000
10200000|6.2500000000|6.2700000000|6.2500000000|6.2500000000|2342500|14659312.0000|6.2500000000
10250000|6.2500000000|6.2700000000|6.2500000000|6.2600000000|1227100|7679984.0000|6.2600000000
10300000|6.2600000000|6.2700000000|6.2600000000|6.2600000000|1401500|8777632.0000|6.2600000000
10350000|6.2600000000|6.2600000000|6.2500000000|6.2500000000|3222200|20167664.0000|6.2500000000
10400000|6.2600000000|6.2700000000|6.2500000000|6.2600000000|2509500|15703872.0000|6.2600000000
10450000|6.2600000000|6.2600000000|6.2400000000|6.2400000000|3142200|19647232.0000|6.2400000000
10500000|6.2400000000|6.2600000000|6.2400000000|6.2600000000|2157600|13487904.0000|6.2600000000
10550000|6.2500000000|6.2600000000|6.2400000000|6.2500000000|912100|5700608.0000|6.2500000000
11000000|6.2500000000|6.2600000000|6.2400000000|6.2400000000|1691000|10569120.0000|6.2400000000
11050000|6.2400000000|6.2500000000|6.2300000000|6.2400000000|2784000|17370560.0000|6.2400000000
11100000|6.2400000000|6.2500000000|6.2300000000|6.2500000000|1070900|6683968.0000|6.2500000000
11150000|6.2400000000|6.2500000000|6.2400000000|6.2500000000|953400|5950624.0000|6.2500000000
11200000|6.2400000000|6.2500000000|6.2400000000|6.2400000000|1084500|6768544.0000|6.2400000000
11250000|6.2400000000|6.2500000000|6.2300000000|6.2400000000|1405900|8769152.0000|6.2400000000
11300000|6.2400000000|6.2500000000|6.2300000000|6.2500000000|1212900|7567584.0000|6.2500000000
13050000|6.2400000000|6.2600000000|6.2400000000|6.2500000000|2243500|14018176.0000|6.2500000000
13100000|6.2600000000|6.2900000000|6.2500000000|6.2900000000|4090700|25655520.0000|6.2900000000
13150000|6.2900000000|6.2900000000|6.2700000000|6.2900000000|1752000|11004576.0000|6.2900000000
13200000|6.2800000000|6.2900000000|6.2700000000|6.2700000000|826900|5189504.0000|6.2700000000
13250000|6.2700000000|6.2800000000|6.2700000000|6.2700000000|543300|3407168.0000|6.2700000000
13300000|6.2800000000|6.2800000000|6.2700000000|6.2800000000|682900|4282752.0000|6.2800000000
13350000|6.2700000000|6.2800000000|6.2600000000|6.2600000000|1027100|6437536.0000|6.2600000000
13400000|6.2700000000|6.2700000000|6.2600000000|6.2600000000|855700|5358304.0000|6.2600000000
13450000|6.2600000000|6.2700000000|6.2500000000|6.2600000000|1308800|8192704.0000|6.2600000000
13500000|6.2600000000|6.2700000000|6.2500000000|6.2600000000|1054700|6602688.0000|6.2600000000
13550000|6.2600000000|6.2700000000|6.2600000000|6.2600000000|924600|5789312.0000|6.2600000000
14000000|6.2600000000|6.2700000000|6.2500000000|6.2500000000|874500|5473568.0000|6.2500000000
14050000|6.2500000000|6.2600000000|6.2500000000|6.2600000000|1130300|7071200.0000|6.2600000000
14100000|6.2500000000|6.2600000000|6.2500000000|6.2500000000|2144600|13405984.0000|6.2500000000
14150000|6.2600000000|6.2600000000|6.2500000000|6.2500000000|722500|4517920.0000|6.2500000000
14200000|6.2500000000|6.2600000000|6.2500000000|6.2500000000|805000|5032832.0000|6.2500000000
14250000|6.2600000000|6.2600000000|6.2500000000|6.2500000000|812800|5081600.0000|6.2500000000
14300000|6.2500000000|6.2600000000|6.2400000000|6.2600000000|1586000|9911968.0000|6.2600000000
14350000|6.2600000000|6.2600000000|6.2500000000|6.2500000000|861600|5386080.0000|6.2500000000
14400000|6.2600000000|6.2600000000|6.2500000000|6.2500000000|1357400|8486752.0000|6.2500000000
14450000|6.2600000000|6.2600000000|6.2500000000|6.2500000000|863100|5396320.0000|6.2500000000
14500000|6.2500000000|6.2600000000|6.2500000000|6.2500000000|1460700|9130560.0000|6.2500000000
14550000|6.2500000000|6.2600000000|6.2400000000|6.2600000000|4195700|26239610.0000|6.2600000000
15000000|6.2600000000|6.2600000000|6.2500000000|6.2500000000|2680700|16758278.0000|6.2500000000
