093500|5.18|5.23|5.16|5.19|46779.0|24313607.0|5.16
094000|5.19|5.19|5.15|5.15|22796.0|11785485.0|5.19
094500|5.15|5.16|5.13|5.13|23499.0|12093533.0|5.15
095000|5.14|5.15|5.12|5.15|22803.0|11711405.0|5.13
095500|5.15|5.19|5.14|5.19|21236.0|10957185.0|5.15
100000|5.18|5.19|5.16|5.18|15409.0|7973794.0|5.19
100500|5.18|5.18|5.16|5.17|9091.0|4700824.0|5.18
101000|5.17|5.19|5.16|5.18|15651.0|8106785.0|5.17
101500|5.18|5.18|5.16|5.17|7841.0|4053906.0|5.18
102000|5.16|5.17|5.16|5.16|6069.0|3132693.0|5.17
102500|5.16|5.18|5.16|5.18|8173.0|4225220.0|5.16
103000|5.17|5.18|5.17|5.17|3327.0|1721571.0|5.18
103500|5.17|5.18|5.17|5.17|4472.0|2313081.0|5.17
104000|5.18|5.18|5.17|5.18|2658.0|1375595.0|5.17
104500|5.17|5.18|5.16|5.16|8087.0|4180886.0|5.18
105000|5.16|5.17|5.16|5.16|12423.0|6411182.0|5.16
105500|5.17|5.18|5.16|5.18|10857.0|5607199.0|5.16
110000|5.18|5.18|5.17|5.17|3949.0|2042992.0|5.18
110500|5.17|5.18|5.16|5.17|7771.0|4017240.0|5.17
111000|5.18|5.18|5.16|5.17|4297.0|2223432.0|5.17
111500|5.18|5.18|5.17|5.18|7206.0|3730857.0|5.17
112000|5.18|5.18|5.17|5.18|4909.0|2541281.0|5.18
112500|5.18|5.18|5.17|5.18|2701.0|1397137.0|5.18
113000|5.17|5.18|5.17|5.17|5532.0|2861302.0|5.18
130500|5.17|5.18|5.16|5.16|7331.0|3789025.0|5.17
131000|5.17|5.17|5.15|5.15|7363.0|3798382.0|5.16
131500|5.15|5.16|5.15|5.16|7615.0|3923601.0|5.15
132000|5.15|5.16|5.15|5.16|5205.0|2681975.0|5.16
132500|5.15|5.16|5.15|5.15|3264.0|1681929.0|5.16
133000|5.15|5.16|5.15|5.16|4671.0|2406388.0|5.15
133500|5.15|5.16|5.15|5.16|3971.0|2046691.0|5.16
134000|5.15|5.16|5.15|5.16|4975.0|2564711.0|5.16
134500|5.16|5.17|5.15|5.17|8942.0|4615060.0|5.16
135000|5.17|5.17|5.16|5.16|3061.0|1580670.0|5.17
135500|5.16|5.17|5.16|5.17|5203.0|2686775.0|5.16
140000|5.17|5.17|5.16|5.17|5401.0|2789351.0|5.17
140500|5.17|5.18|5.16|5.17|14414.0|7451210.0|5.17
141000|5.17|5.17|5.16|5.17|7236.0|3737738.0|5.17
141500|5.17|5.17|5.16|5.17|4612.0|2381979.0|5.17
142000|5.16|5.17|5.16|5.16|6896.0|3559898.0|5.17
142500|5.16|5.17|5.15|5.15|12737.0|6568344.0|5.16
143000|5.16|5.16|5.15|5.16|9706.0|5005875.0|5.15
143500|5.16|5.16|5.14|5.14|29516.0|15194696.0|5.16
144000|5.15|5.15|5.14|5.14|7488.0|3851563.0|5.14
144500|5.14|5.15|5.14|5.15|7863.0|4045826.0|5.14
145000|5.15|5.15|5.14|5.15|10132.0|5214287.0|5.15
145500|5.14|5.15|5.14|5.14|23372.0|12028689.0|5.15
150000|5.15|5.15|5.14|5.14|24912.0|12807745.0|5.14
