093500|5.7|5.73|5.65|5.68|78590.0|44684638.0|5.7
094000|5.69|5.7|5.61|5.62|50864.0|28779213.0|5.68
094500|5.62|5.63|5.58|5.61|75025.0|42069057.0|5.62
095000|5.61|5.66|5.6|5.64|28446.0|16020136.0|5.61
095500|5.65|5.69|5.65|5.68|18094.0|10277608.0|5.64
100000|5.69|5.7|5.67|5.68|19668.0|11180981.0|5.68
100500|5.68|5.7|5.67|5.68|12628.0|7174032.0|5.68
101000|5.68|5.68|5.66|5.67|14661.0|8313007.0|5.68
101500|5.68|5.68|5.64|5.64|12301.0|6960482.0|5.67
102000|5.65|5.65|5.62|5.63|17851.0|10055770.0|5.64
102500|5.63|5.68|5.62|5.67|11228.0|6342146.0|5.63
103000|5.67|5.68|5.64|5.64|8693.0|4921300.0|5.67
103500|5.64|5.66|5.64|5.64|7532.0|4251813.0|5.64
104000|5.65|5.68|5.64|5.67|11781.0|6668585.0|5.64
104500|5.67|5.68|5.65|5.66|9365.0|5304051.0|5.67
105000|5.65|5.66|5.64|5.65|6025.0|3401975.0|5.66
105500|5.65|5.69|5.64|5.69|14909.0|8449925.0|5.65
110000|5.68|5.69|5.67|5.68|5739.0|3258681.0|5.69
110500|5.69|5.69|5.65|5.65|15625.0|8852285.0|5.68
111000|5.65|5.68|5.65|5.67|7253.0|4109917.0|5.65
111500|5.68|5.69|5.67|5.68|8547.0|4855601.0|5.67
112000|5.68|5.69|5.67|5.67|6229.0|3538138.0|5.68
112500|5.67|5.68|5.67|5.68|7275.0|4131771.0|5.67
113000|5.68|5.69|5.67|5.67|3083.0|1750217.0|5.68
130500|5.68|5.69|5.67|5.69|14648.0|8320322.0|5.67
131000|5.68|5.69|5.66|5.68|11872.0|6733667.0|5.69
131500|5.68|5.69|5.67|5.69|8503.0|4830722.0|5.68
132000|5.69|5.69|5.67|5.68|7739.0|4392658.0|5.69
132500|5.68|5.69|5.67|5.68|7077.0|4019252.0|5.68
133000|5.68|5.69|5.67|5.68|7831.0|4447161.0|5.68
133500|5.68|5.69|5.68|5.68|3921.0|2228055.0|5.68
134000|5.68|5.68|5.67|5.67|6489.0|3683623.0|5.68
134500|5.67|5.68|5.67|5.68|9747.0|5533585.0|5.67
135000|5.68|5.73|5.68|5.72|51413.0|29338028.0|5.68
135500|5.72|5.72|5.69|5.71|16873.0|9624144.0|5.72
140000|5.7|5.71|5.7|5.71|11418.0|6517153.0|5.71
140500|5.7|5.73|5.7|5.73|11537.0|6592963.0|5.71
141000|5.72|5.74|5.72|5.73|14162.0|8115723.0|5.73
141500|5.72|5.73|5.71|5.72|14338.0|8199330.0|5.73
142000|5.71|5.72|5.69|5.7|14500.0|8272892.0|5.72
142500|5.69|5.7|5.69|5.7|10443.0|5946394.0|5.7
143000|5.7|5.71|5.69|5.71|9338.0|5320173.0|5.7
143500|5.71|5.73|5.7|5.73|24009.0|13725358.0|5.71
144000|5.72|5.73|5.71|5.71|12057.0|6901924.0|5.73
144500|5.72|5.73|5.71|5.72|9212.0|5268964.0|5.71
145000|5.73|5.73|5.71|5.71|13082.0|7476665.0|5.72
145500|5.71|5.72|5.7|5.72|22028.0|12583084.0|5.71
150000|5.72|5.73|5.71|5.72|20748.0|11866786.0|5.72
