093500|14.04|14.14|13.98|14.02|21479.0|30187040.0|14.08
094000|14.04|14.04|13.96|13.97|11298.0|15807408.0|14.02
094500|13.96|14.22|13.96|14.2|16895.0|23804400.0|13.97
095000|14.2|14.2|14.09|14.14|11545.0|16333426.0|14.2
095500|14.15|14.15|14.06|14.08|6969.0|9824292.0|14.14
100000|14.08|14.11|14.08|14.08|6505.0|9166829.0|14.08
100500|14.09|14.14|14.05|14.05|14787.0|20830056.0|14.08
101000|14.05|14.09|14.04|14.06|7578.0|10651709.0|14.05
101500|14.06|14.06|14.03|14.03|3856.0|5414321.0|14.06
102000|14.03|14.03|13.97|13.98|8720.0|12212806.0|14.03
102500|13.98|14.0|13.97|13.98|5824.0|8142621.0|13.98
103000|13.98|13.98|13.96|13.97|7123.0|9950221.0|13.98
103500|13.96|13.98|13.93|13.98|4858.0|6781734.0|13.97
104000|13.97|13.97|13.91|13.92|6836.0|9528992.0|13.98
104500|13.92|13.92|13.89|13.89|8535.0|11865599.0|13.92
105000|13.9|13.91|13.86|13.86|7874.0|10937170.0|13.89
105500|13.87|13.92|13.86|13.91|5164.0|7169041.0|13.86
110000|13.91|13.93|13.9|13.91|2705.0|3765143.0|13.91
110500|13.92|13.95|13.91|13.94|1975.0|2752083.0|13.91
111000|13.94|13.94|13.91|13.92|2047.0|2850111.0|13.94
111500|13.92|13.95|13.91|13.95|2286.0|3184606.0|13.92
112000|13.95|13.97|13.94|13.94|2693.0|3758370.0|13.95
112500|13.94|13.95|13.92|13.92|2086.0|2906007.0|13.94
113000|13.91|13.92|13.87|13.88|4181.0|5808334.0|13.92
130500|13.88|13.88|13.8|13.83|10233.0|14162185.0|13.88
131000|13.84|13.86|13.83|13.86|2315.0|3205428.0|13.83
131500|13.86|13.88|13.84|13.87|3701.0|5130205.0|13.86
132000|13.87|13.87|13.83|13.84|3234.0|4476940.0|13.87
132500|13.83|13.86|13.82|13.86|3137.0|4338636.0|13.84
133000|13.87|13.87|13.84|13.85|1940.0|2687323.0|13.86
133500|13.84|13.85|13.82|13.82|3316.0|4586847.0|13.85
134000|13.82|13.83|13.78|13.78|11432.0|15778930.0|13.82
134500|13.78|13.79|13.77|13.78|4074.0|5613813.0|13.78
135000|13.78|13.78|13.73|13.73|7987.0|10985921.0|13.78
135500|13.73|13.78|13.73|13.76|5826.0|8014362.0|13.73
140000|13.76|13.79|13.75|13.77|4273.0|5885064.0|13.76
140500|13.76|13.77|13.73|13.73|6180.0|8493711.0|13.77
141000|13.73|13.76|13.73|13.74|4018.0|5522377.0|13.73
141500|13.74|13.75|13.71|13.71|10211.0|14012857.0|13.74
142000|13.71|13.73|13.68|13.7|10815.0|14816429.0|13.71
142500|13.7|13.7|13.67|13.7|9861.0|13491559.0|13.7
143000|13.7|13.7|13.65|13.66|13112.0|17921966.0|13.7
143500|13.65|13.69|13.63|13.69|10277.0|14032715.0|13.66
144000|13.69|13.71|13.66|13.67|7335.0|10029448.0|13.69
144500|13.67|13.78|13.66|13.77|6377.0|8751829.0|13.67
145000|13.77|13.8|13.75|13.79|6249.0|8612269.0|13.77
145500|13.79|13.79|13.73|13.74|12847.0|17668928.0|13.79
150000|13.74|13.77|13.72|13.75|7554.0|10385824.0|13.74
