093500|45.7300|46.3600|45.7300|46.1900|2570700|118638176.0000|46.1900
094000|46.1900|46.1900|45.3800|45.3800|1298500|59422088.0000|45.3800
094500|45.3800|45.4000|44.9000|45.3500|1184500|53410352.0000|45.3500
095000|45.3500|45.5600|45.2000|45.5500|700200|31754464.0000|45.5500
095500|45.5500|45.8500|45.5500|45.7700|613600|28087344.0000|45.7700
100000|45.7700|46.0800|45.7700|45.8500|746300|34273728.0000|45.8500
100500|45.8500|45.9700|45.6700|45.8000|607800|27838976.0000|45.8000
101000|45.8000|45.9500|45.7600|45.9500|462800|21205632.0000|45.9500
101500|45.9500|46.0200|45.7200|45.7300|590900|27130336.0000|45.7300
102000|45.7300|45.7600|45.5800|45.5800|487600|22259360.0000|45.5800
102500|45.5800|45.6000|45.4400|45.4400|333300|15177792.0000|45.4400
103000|45.4400|45.5900|45.4100|45.5000|349100|15882144.0000|45.5000
103500|45.5000|45.5100|45.2900|45.2900|250100|11343936.0000|45.2900
104000|45.2900|45.3000|45.2000|45.2900|347400|15718720.0000|45.2900
104500|45.2900|45.4700|45.2700|45.3700|195700|8872704.0000|45.3700
105000|45.3700|45.4600|45.3600|45.4300|173500|7879296.0000|45.4300
105500|45.4300|45.4400|45.3100|45.3400|160100|7261152.0000|45.3400
110000|45.3400|45.3900|45.3100|45.3100|121100|5492608.0000|45.3100
110500|45.3100|45.3200|45.2100|45.2200|214100|9689888.0000|45.2200
111000|45.2200|45.2300|45.0200|45.0800|446900|20171904.0000|45.0800
111500|45.0800|45.1200|44.9700|44.9700|575100|25893280.0000|44.9700
112000|44.9700|45.1200|44.9500|45.0800|339200|15267329.0000|45.0800
112500|45.0800|45.5300|45.0800|45.5300|217500|9855483.0000|45.5300
113000|45.5300|45.5500|45.4000|45.4900|170000|7733500.0000|45.4900
130500|45.4100|45.7000|45.2600|45.6200|474100|21581386.0000|45.6200
131000|45.6200|45.6200|45.2000|45.2700|231400|10497212.0000|45.2700
131500|45.2700|45.3300|45.2000|45.2400|245800|11123132.0000|45.2400
132000|45.2700|45.6200|45.2700|45.5000|281800|12818370.0000|45.5000
132500|45.5000|45.5100|45.2100|45.2300|232600|10547841.0000|45.2300
133000|45.2300|45.3900|45.1700|45.1700|190400|8617090.0000|45.1700
133500|45.1700|45.2600|45.1100|45.1200|196300|8864256.0000|45.1200
134000|45.1200|45.2100|45.1000|45.2000|157000|7088897.0000|45.2000
134500|45.2000|45.3200|45.1600|45.3000|218700|9890494.0000|45.3000
135000|45.3000|45.7500|45.2500|45.7300|570200|25962882.0000|45.7300
135500|45.7400|45.7900|45.5000|45.5700|313100|14286849.0000|45.5700
140000|45.5800|45.5900|45.5200|45.5300|190300|8669952.0000|45.5300
140500|45.5300|45.5300|45.3400|45.4500|204300|9278397.0000|45.4500
141000|45.4500|45.5000|45.3300|45.3400|181500|8239494.0000|45.3400
141500|45.3400|45.4800|45.3400|45.3800|125700|5706869.0000|45.3800
142000|45.3800|45.4500|45.3400|45.3400|231300|10496013.0000|45.3400
142500|45.3300|45.4300|45.3300|45.3700|111700|5068480.0000|45.3700
143000|45.3700|45.4400|45.3000|45.3400|305500|13850354.0000|45.3400
143500|45.3400|45.4200|45.2600|45.2700|178700|8098436.0000|45.2700
144000|45.2700|45.2700|45.1500|45.1900|404100|18262141.0000|45.1900
144500|45.1900|45.2000|45.0600|45.0700|307700|13885317.0000|45.0700
145000|45.0700|45.1300|45.0000|45.0700|466300|21005378.0000|45.0700
145500|45.0700|45.2000|45.0700|45.2000|292700|13218432.0000|45.2000
150000|45.2000|45.2600|45.1900|45.2500|166000|7508026.0000|45.2500
