093500|32.6800|33.3500|32.6800|33.2300|3109569|102795957.0000|33.2300
094000|33.2400|33.2400|32.9100|32.9800|1619400|53566313.0000|32.9800
094500|32.9800|32.9800|32.7000|32.8400|1178220|38619017.0000|32.8400
095000|32.8300|32.8300|32.5900|32.7500|728437|23801208.0000|32.7500
095500|32.7400|32.8200|32.7000|32.7100|628700|20589903.0000|32.7100
100000|32.7000|33.0000|32.6800|32.9100|956500|31425106.0000|32.9100
100500|32.9200|33.0000|32.8700|32.9000|1097000|36133904.0000|32.9000
101000|32.9000|32.9300|32.8100|32.8100|523100|17193552.0000|32.8100
101500|32.8100|32.8600|32.7300|32.7600|548863|17996592.0000|32.7600
102000|32.7700|32.8200|32.6900|32.7400|401400|13147648.0000|32.7400
102500|32.7800|32.8000|32.7100|32.7800|313074|10258096.0000|32.7800
103000|32.8000|32.9100|32.7600|32.9000|775600|25467280.0000|32.9000
103500|32.9000|32.9200|32.7600|32.7700|345900|11355504.0000|32.7700
104000|32.7600|32.7600|32.6000|32.6200|724200|23677408.0000|32.6200
104500|32.6300|32.7000|32.6000|32.6800|367800|12018320.0000|32.6800
105000|32.6800|32.6900|32.5500|32.6300|425900|13890528.0000|32.6300
105500|32.6400|32.6400|32.4300|32.4600|322800|10500512.0000|32.4600
110000|32.4600|32.5200|32.3600|32.4000|374918|12153488.0000|32.4000
110500|32.4000|32.4300|32.3500|32.3900|421000|13634192.0000|32.3900
111000|32.4000|32.5600|32.3700|32.5300|465800|15125264.0000|32.5300
111500|32.5300|32.5800|32.3900|32.4100|339100|11006416.0000|32.4100
112000|32.4200|32.4800|32.3800|32.3800|278000|9020624.0000|32.3800
112500|32.3800|32.4100|32.3200|32.4100|475100|15369120.0000|32.4100
113000|32.4200|32.4300|32.3800|32.4200|157100|5090720.0000|32.4200
130500|32.4000|32.4300|32.3500|32.3800|258500|8370608.0000|32.3800
131000|32.4100|32.4500|32.3500|32.3600|222047|7197808.0000|32.3600
131500|32.3700|32.4500|32.2900|32.3000|461800|14952720.0000|32.3000
132000|32.3300|32.3500|32.2100|32.2900|368900|11908160.0000|32.2900
132500|32.2700|32.3100|32.1000|32.1600|890400|28656848.0000|32.1600
133000|32.1600|32.1800|32.0000|32.0800|852300|27355472.0000|32.0800
133500|32.1400|32.1500|32.1000|32.1100|394200|12667424.0000|32.1100
134000|32.1100|32.1500|32.0800|32.1000|457500|14697632.0000|32.1000
134500|32.1000|32.1500|32.0400|32.0800|294500|9452576.0000|32.0800
135000|32.0600|32.1500|32.0500|32.0900|444100|14264128.0000|32.0900
135500|32.0700|32.1000|31.9900|32.0000|687600|22029872.0000|32.0000
140000|32.0000|32.0600|31.9800|32.0300|419400|13435616.0000|32.0300
140500|32.0300|32.0600|31.9100|31.9400|989500|31657472.0000|31.9400
141000|31.9900|32.0000|31.8900|32.0000|923101|29489120.0000|32.0000
141500|31.9900|32.1300|31.9900|32.1300|891926|28584016.0000|32.1300
142000|32.1300|32.3900|32.1300|32.3300|963100|31097328.0000|32.3300
142500|32.3300|32.3400|32.2600|32.2800|249000|8043536.0000|32.2800
143000|32.2900|32.3500|32.1500|32.3500|352400|11374752.0000|32.3500
143500|32.3500|32.3500|32.1900|32.2000|503800|16269472.0000|32.2000
144000|32.2000|32.3000|32.2000|32.2700|356400|11501008.0000|32.2700
144500|32.2600|32.4000|32.2600|32.3900|400100|12943376.0000|32.3900
145000|32.3900|32.4500|32.3800|32.3900|441400|14311536.0000|32.3900
145500|32.3800|32.4000|32.3200|32.3500|617800|19992960.0000|32.3500
150000|32.3500|32.3900|32.3500|32.3900|586399|18986464.0000|32.3900
