093500|30.4700|30.6900|30.3000|30.6700|1469400|44860764.0000|30.6700
094000|30.6700|30.8400|30.6500|30.6500|1035600|31865944.0000|30.6500
094500|30.6500|30.6800|30.5500|30.6000|854300|26130848.0000|30.6000
095000|30.6000|30.6800|30.5600|30.6200|780200|23868888.0000|30.6200
095500|30.6200|30.6300|30.4600|30.4700|557000|17033208.0000|30.4700
100000|30.4700|30.5700|30.4100|30.5400|537900|16394000.0000|30.5400
100500|30.5400|30.5900|30.3500|30.3900|764600|23325888.0000|30.3900
101000|30.3900|30.3900|30.3200|30.3200|379400|11519008.0000|30.3200
101500|30.3200|30.4000|30.3200|30.3400|371400|11274080.0000|30.3400
102000|30.3400|30.3500|30.2400|30.2700|636100|19267232.0000|30.2700
102500|30.2900|30.3300|30.2800|30.3100|376700|11412224.0000|30.3100
103000|30.3100|30.3200|30.2800|30.2800|266800|8083008.0000|30.2800
103500|30.2800|30.3600|30.2800|30.3500|234400|7105104.0000|30.3500
104000|30.3500|30.3500|30.2800|30.3100|349800|10602880.0000|30.3100
104500|30.3200|30.4300|30.3200|30.4100|177000|5374704.0000|30.4100
105000|30.4100|30.4700|30.4000|30.4500|241900|7361712.0000|30.4500
105500|30.4500|30.5200|30.4500|30.4800|182500|5564416.0000|30.4800
110000|30.4800|30.4900|30.4400|30.4600|176500|5374912.0000|30.4600
110500|30.4600|30.4800|30.4300|30.4700|174600|5314848.0000|30.4700
111000|30.4500|30.5000|30.4400|30.4800|171700|5232704.0000|30.4800
111500|30.4800|30.5000|30.4400|30.5000|226300|6893728.0000|30.5000
112000|30.5000|30.5400|30.5000|30.5300|210900|6435392.0000|30.5300
112500|30.5300|30.5500|30.4800|30.5100|270700|8262272.0000|30.5100
113000|30.5100|30.5100|30.4500|30.5000|120700|3680064.0000|30.5000
130500|30.4900|30.4900|30.4100|30.4600|177400|5401824.0000|30.4600
131000|30.4600|30.5200|30.4400|30.4700|298800|9105088.0000|30.4700
131500|30.4800|30.5100|30.4700|30.5000|121900|3717504.0000|30.5000
132000|30.5000|30.5500|30.5000|30.5500|272400|8312800.0000|30.5500
132500|30.5400|30.5600|30.5200|30.5600|116600|3562272.0000|30.5600
133000|30.5500|30.5600|30.5000|30.5200|144300|4406560.0000|30.5200
133500|30.5200|30.5600|30.5100|30.5600|139300|4254016.0000|30.5600
134000|30.5600|30.6500|30.5500|30.6400|227500|6959616.0000|30.6400
134500|30.6400|30.6400|30.5700|30.5900|228600|6992704.0000|30.5900
135000|30.5900|30.5900|30.5600|30.5700|184000|5625792.0000|30.5700
135500|30.5700|30.5900|30.5500|30.5800|177300|5420384.0000|30.5800
140000|30.5800|30.5800|30.5500|30.5600|103800|3172416.0000|30.5600
140500|30.5600|30.5700|30.5100|30.5200|105300|3215712.0000|30.5200
141000|30.5100|30.5600|30.5000|30.5400|125600|3834112.0000|30.5400
141500|30.5400|30.5900|30.5200|30.5800|208700|6376160.0000|30.5800
142000|30.5800|30.5900|30.5400|30.5600|117500|3591488.0000|30.5600
142500|30.5700|30.5700|30.4900|30.5100|590100|18008000.0000|30.5100
143000|30.5200|30.5200|30.4800|30.4900|232800|7099680.0000|30.4900
143500|30.4800|30.5000|30.4700|30.4800|188400|5743776.0000|30.4800
144000|30.4800|30.5300|30.4500|30.5000|349500|10655392.0000|30.5000
144500|30.5000|30.5500|30.4900|30.5100|143100|4366176.0000|30.5100
145000|30.5000|30.5600|30.4700|30.5600|180600|5512192.0000|30.5600
145500|30.5600|30.5700|30.5100|30.5700|225300|6880896.0000|30.5700
150000|30.5700|30.5900|30.5300|30.5900|130600|3992352.0000|30.5900
