093500|32.41|32.68|32.13|32.54|77818.0|272228138.0|32.69
094000|32.53|32.69|32.52|32.61|25791.0|91052767.0|32.54
094500|32.6|32.61|32.29|32.29|21210.0|74459434.0|32.61
095000|32.3|32.33|32.22|32.24|28772.0|100448852.0|32.29
095500|32.24|32.24|32.16|32.17|22936.0|79972299.0|32.24
100000|32.17|32.24|32.16|32.22|16134.0|56223560.0|32.17
100500|32.22|32.31|32.22|32.3|15659.0|54691103.0|32.22
101000|32.3|32.3|32.21|32.21|22196.0|77521413.0|32.3
101500|32.2|32.45|32.19|32.38|29133.0|101845054.0|32.21
102000|32.41|32.56|32.39|32.49|21439.0|75394001.0|32.38
102500|32.48|32.6|32.42|32.55|15158.0|53335529.0|32.49
103000|32.54|32.66|32.54|32.61|17765.0|62711900.0|32.55
103500|32.61|32.63|32.55|32.63|11187.0|39470137.0|32.61
104000|32.62|32.65|32.56|32.56|9419.0|33256456.0|32.63
104500|32.56|32.58|32.48|32.56|8145.0|28681466.0|32.56
105000|32.57|32.62|32.52|32.62|5466.0|19274120.0|32.56
105500|32.62|32.73|32.61|32.72|11325.0|40035303.0|32.62
110000|32.72|32.78|32.7|32.75|11308.0|40059852.0|32.72
110500|32.74|32.79|32.72|32.76|7383.0|26178746.0|32.75
111000|32.75|32.84|32.71|32.83|11123.0|39463346.0|32.76
111500|32.82|32.93|32.82|32.92|13446.0|47842661.0|32.83
112000|32.92|33.04|32.92|33.04|14675.0|52401248.0|32.92
112500|33.04|33.05|33.0|33.02|11972.0|42802872.0|33.04
113000|33.01|33.14|33.0|33.1|18775.0|67228031.0|33.02
130500|33.11|33.35|33.09|33.28|40687.0|146297373.0|33.1
131000|33.28|33.28|33.16|33.2|12645.0|45485616.0|33.28
131500|33.2|33.21|33.17|33.2|8429.0|30283840.0|33.2
132000|33.19|33.2|33.11|33.14|8124.0|29143123.0|33.2
132500|33.14|33.19|33.13|33.17|5371.0|19281258.0|33.14
133000|33.16|33.17|33.12|33.13|5584.0|20032100.0|33.17
133500|33.13|33.19|33.12|33.18|6611.0|23721926.0|33.13
134000|33.19|33.21|33.16|33.16|6014.0|21603449.0|33.18
134500|33.17|33.17|33.1|33.1|5151.0|18471355.0|33.16
135000|33.1|33.11|33.05|33.1|6169.0|22084860.0|33.1
135500|33.09|33.14|33.09|33.14|3078.0|11031290.0|33.1
140000|33.14|33.14|33.07|33.07|4234.0|15170908.0|33.14
140500|33.06|33.07|32.89|32.95|11402.0|40681082.0|33.07
141000|32.96|32.96|32.85|32.88|8396.0|29895777.0|32.95
141500|32.87|32.97|32.87|32.97|5612.0|19992652.0|32.88
142000|32.97|32.97|32.81|32.97|13380.0|47609728.0|32.97
142500|32.97|32.98|32.94|32.97|5303.0|18917890.0|32.97
143000|32.98|32.99|32.95|32.99|5267.0|18795463.0|32.97
143500|32.97|33.04|32.96|33.01|5356.0|19123593.0|32.99
144000|33.01|33.03|33.0|33.0|5045.0|18028088.0|33.01
144500|33.01|33.02|32.97|32.97|5445.0|19442710.0|33.0
145000|32.97|32.99|32.96|32.99|6626.0|23646856.0|32.97
145500|32.98|33.05|32.98|33.04|7339.0|26222938.0|32.99
150000|33.04|33.06|33.02|33.04|9432.0|33731521.0|33.04
