093500|237.8500|239.8800|237.4100|237.9200|310011|73923445.7100|237.9200
094000|237.9200|238.0300|236.0000|236.4800|233289|55259792.2200|236.4800
094500|236.5500|237.3200|236.2300|236.7500|98900|23396626.0000|236.7500
095000|236.7600|237.1200|236.2000|236.2300|103076|24375824.9200|236.2300
095500|236.2300|236.6100|236.2100|236.2400|96700|22850594.7200|236.2400
100000|236.2200|237.1300|236.2100|236.6600|84810|20057028.4400|236.6600
100500|236.6600|236.8700|236.0000|236.0000|109414|25854595.0000|236.0000
101000|236.0000|236.4600|235.6000|235.7300|96400|22738097.7200|235.7300
101500|235.7300|237.3500|235.7300|236.6800|80300|18993065.0000|236.6800
102000|236.6800|237.0500|236.6800|236.7000|45516|10777182.2000|236.7000
102500|236.7000|237.8800|236.0800|237.7000|58100|13763677.0000|237.7000
103000|237.7000|237.8000|236.5700|237.2900|29900|7096079.7400|237.2900
103500|237.2900|237.3500|236.5800|236.6700|22300|5284372.0000|236.6700
104000|236.6700|236.6700|235.9300|236.5700|36700|8669486.0000|236.5700
104500|236.5400|236.5400|235.6300|235.6300|29200|6891153.0000|235.6300
105000|235.6500|236.5700|235.6500|236.0000|22300|5262265.0000|236.0000
105500|236.0200|236.5500|235.8500|236.3500|17400|4106985.0000|236.3500
110000|236.3500|236.3900|235.9600|236.3700|9000|2126229.0000|236.3700
110500|236.3800|237.0000|236.0900|236.5400|21200|5012438.0000|236.5400
111000|236.5000|236.5000|236.1000|236.1000|12700|3001473.0000|236.1000
111500|236.1000|236.6000|236.0600|236.5900|17200|4064104.0000|236.5900
112000|236.5900|236.9900|236.1000|236.4300|17800|4211888.0000|236.4300
112500|236.4300|236.4700|236.0000|236.0700|16900|3992068.0000|236.0700
113000|236.0800|236.4300|235.8400|235.8800|28600|6748881.0000|235.8800
130500|235.9400|236.1300|235.7900|235.8300|22300|5260116.7700|235.8300
131000|235.8300|235.9700|235.6100|235.6300|25902|6105670.4600|235.6300
131500|235.7100|235.9300|235.6200|235.7000|14900|3512268.0000|235.7000
132000|235.7000|235.9400|235.6300|235.6300|32700|7711710.1400|235.6300
132500|235.6200|235.6200|234.8000|235.0000|73000|17167105.5500|235.0000
133000|235.0600|235.1200|234.8400|234.8500|34200|8035465.0000|234.8500
133500|234.8300|235.0200|234.3500|235.0100|58600|13749740.0000|235.0100
134000|235.0500|235.0500|234.7500|234.7700|21300|5001924.6000|234.7700
134500|234.7700|234.8300|234.5500|234.5700|22405|5257885.7500|234.5700
135000|234.5600|234.5700|234.2800|234.5000|26695|6256917.2000|234.5000
135500|234.5000|234.9800|234.5000|234.8000|12500|2933925.0000|234.8000
140000|234.8000|235.0400|234.6500|235.0200|22600|5309404.0000|235.0200
140500|235.0100|235.0500|234.7600|234.9600|16000|3758924.0000|234.9600
141000|234.9500|235.3500|234.7000|234.7100|16300|3829916.0000|234.7100
141500|234.7200|235.0000|234.7000|235.0000|8400|1972691.0000|235.0000
142000|234.8200|234.8200|234.3100|234.3100|36900|8654808.0000|234.3100
142500|234.3500|235.0000|234.3000|234.4600|34300|8047510.0000|234.4600
143000|234.5000|234.7000|234.1800|234.5100|26300|6165309.0000|234.5100
143500|234.5000|234.6800|234.1800|234.5500|37200|8718457.0000|234.5500
144000|234.5400|234.6800|234.1800|234.3700|54700|12821378.0000|234.3700
144500|234.3700|234.6500|234.2500|234.5900|47800|11206947.0000|234.5900
145000|234.5900|234.6500|234.0100|234.0300|154600|36235457.0000|234.0300
145500|234.0100|234.5000|233.8600|234.2500|75700|17722274.3600|234.2500
150000|234.2400|234.2800|234.2200|234.2800|64450|15098749.0000|234.2800
