093500|80.6600|80.6600|79.7500|79.9000|208700|16729338.0000|79.9000
094000|79.9500|80.4900|79.7700|80.4900|160200|12820220.0000|80.4900
094500|80.4700|80.8400|80.4000|80.6100|116100|9357414.0000|80.6100
095000|80.6100|80.7000|80.3000|80.4500|60700|4886692.0000|80.4500
095500|80.3600|80.8800|80.3000|80.7000|100700|8117780.0000|80.7000
100000|80.7000|81.0500|80.7000|80.9000|83400|6749720.0000|80.9000
100500|80.9000|81.0100|80.5000|80.5100|59900|4842436.0000|80.5100
101000|80.5000|80.6400|80.4000|80.4100|37800|3041528.0000|80.4100
101500|80.4100|80.5100|80.4000|80.5100|43500|3494840.0000|80.5100
102000|80.6100|80.6100|80.2600|80.4400|49700|3994832.0000|80.4400
102500|80.4400|80.5500|80.4000|80.4900|17800|1432112.0000|80.4900
103000|80.4800|80.6800|80.3900|80.6500|46200|3721416.0000|80.6500
103500|80.6200|80.7900|80.4800|80.5900|41000|3306968.0000|80.5900
104000|80.5900|80.6800|80.4700|80.6000|20800|1675344.0000|80.6000
104500|80.6100|80.7000|80.5200|80.5400|32800|2643240.0000|80.5400
105000|80.5400|80.5400|80.4600|80.4600|46800|3767360.0000|80.4600
105500|80.4700|80.4700|80.3000|80.3000|25600|2057480.0000|80.3000
110000|80.2600|80.3000|80.0800|80.0800|36400|2918776.0000|80.0800
110500|80.0800|80.0900|80.0100|80.0700|54400|4351208.0000|80.0700
111000|80.0600|80.2500|80.0500|80.2500|28000|2244640.0000|80.2500
111500|80.2500|80.2500|80.0100|80.1200|37200|2980976.0000|80.1200
112000|80.1200|80.2300|80.0200|80.1300|22000|1766168.0000|80.1300
112500|80.1300|80.1800|80.1300|80.1700|15900|1274408.0000|80.1700
113000|80.1500|80.1500|80.0100|80.0100|25200|2017800.0000|80.0100
130500|80.0100|80.2700|80.0000|80.0000|35300|2820776.0000|80.0000
131000|79.9900|80.2700|79.8900|80.1500|55500|4446448.0000|80.1500
131500|80.1500|80.4000|80.1200|80.3700|21700|1741152.0000|80.3700
132000|80.3700|80.3700|80.1500|80.1500|21800|1749232.0000|80.1500
132500|80.2600|80.2600|80.0800|80.0900|29000|2324560.0000|80.0900
133000|80.2000|80.2600|80.0800|80.2600|30300|2422360.0000|80.2600
133500|80.3000|80.3400|80.0800|80.0900|32300|2597712.0000|80.0900
134000|80.1000|80.2300|80.0000|80.0100|35800|2866000.0000|80.0100
134500|80.0100|80.0600|79.9300|80.0600|33600|2687824.0000|80.0600
135000|80.0600|80.0700|80.0000|80.0200|11500|920576.0000|80.0200
135500|80.0300|80.0700|79.9900|80.0100|24300|1942800.0000|80.0100
140000|80.0100|80.0600|79.9700|80.0000|27100|2168048.0000|80.0000
140500|80.0000|80.2300|79.9700|80.1600|23000|1840624.0000|80.1600
141000|80.1600|80.1600|80.0100|80.0500|20200|1617856.0000|80.0500
141500|80.0500|80.0500|79.9600|79.9600|28500|2279808.0000|79.9600
142000|79.9600|79.9600|79.5000|79.5000|180800|14414240.0000|79.5000
142500|79.5000|79.6000|79.4800|79.5000|93700|7448304.0000|79.5000
143000|79.5100|79.5300|79.3200|79.5200|76800|6099952.0000|79.5200
143500|79.5200|79.5500|79.3100|79.3600|56100|4454448.0000|79.3600
144000|79.3600|79.4400|79.3000|79.4100|64300|5105424.0000|79.4100
144500|79.4400|79.6500|79.3600|79.4900|74000|5878448.0000|79.4900
145000|79.4900|79.4900|79.3100|79.3200|81100|6433600.0000|79.3200
145500|79.3200|79.3200|79.1400|79.2000|173200|13722448.0000|79.2000
150000|79.2000|79.2200|79.1000|79.1000|106300|8412768.0000|79.1000
