093500|17.1800|17.3800|17.0900|17.2400|4871700|84030448.0000|17.2400
094000|17.2900|17.2900|17.1300|17.1400|1652000|28410880.0000|17.1400
094500|17.1400|17.1500|16.9600|16.9800|1266500|21556104.0000|16.9800
095000|16.9800|17.1000|16.9400|16.9500|961700|16362824.0000|16.9500
095500|16.9400|17.0700|16.8800|17.0600|1113200|18867872.0000|17.0600
100000|17.0600|17.1900|17.0600|17.1900|1077700|18480848.0000|17.1900
100500|17.1800|17.2500|17.1200|17.2000|1337500|22985776.0000|17.2000
101000|17.2000|17.2200|17.1300|17.1900|1115800|19164112.0000|17.1900
101500|17.1900|17.2200|17.0900|17.1000|606900|10418064.0000|17.1000
102000|17.0900|17.1200|17.0300|17.0900|520100|8874864.0000|17.0900
102500|17.0900|17.2000|17.0600|17.1800|608100|10410272.0000|17.1800
103000|17.1700|17.2400|17.1600|17.2100|471000|8108480.0000|17.2100
103500|17.2200|17.2200|17.0800|17.0900|437800|7501808.0000|17.0900
104000|17.1000|17.1500|17.0400|17.1300|542100|9266976.0000|17.1300
104500|17.1300|17.1300|17.0400|17.0500|410000|7007840.0000|17.0500
105000|17.0300|17.0500|16.9700|16.9700|418500|7117920.0000|16.9700
105500|16.9800|16.9900|16.9000|16.9300|934000|15827712.0000|16.9300
110000|16.9200|17.0200|16.9200|17.0100|526300|8931808.0000|17.0100
110500|17.0100|17.0300|16.8700|16.9400|1069600|18101888.0000|16.9400
111000|16.9500|16.9600|16.8900|16.9000|557400|9433568.0000|16.9000
111500|16.9000|16.9700|16.9000|16.9600|648600|10981888.0000|16.9600
112000|16.9500|16.9700|16.9200|16.9400|473300|8018240.0000|16.9400
112500|16.9500|16.9500|16.8500|16.8700|542300|9160288.0000|16.8700
113000|16.8800|16.9400|16.8500|16.9200|511300|8637216.0000|16.9200
130500|16.9300|16.9400|16.8300|16.8300|796600|13444192.0000|16.8300
131000|16.8500|16.8900|16.7700|16.7700|610000|10263104.0000|16.7700
131500|16.7700|16.9100|16.7700|16.9000|439200|7391136.0000|16.9000
132000|16.9000|17.0900|16.9000|17.0700|622700|10579808.0000|17.0700
132500|17.0700|17.1000|17.0400|17.0700|526500|8987904.0000|17.0700
133000|17.0800|17.1500|17.0700|17.1400|304500|5210400.0000|17.1400
133500|17.1400|17.2300|17.1200|17.2200|728200|12516768.0000|17.2200
134000|17.2300|17.3300|17.2100|17.3200|731000|12622432.0000|17.3200
134500|17.3200|17.3600|17.2900|17.3100|695700|12060800.0000|17.3100
135000|17.3100|17.3500|17.2800|17.2900|292000|5058784.0000|17.2900
135500|17.3000|17.4000|17.3000|17.3800|874500|15172512.0000|17.3800
140000|17.3800|17.4500|17.3800|17.4300|507900|8849824.0000|17.4300
140500|17.4300|17.4400|17.3500|17.3800|463200|8060288.0000|17.3800
141000|17.3700|17.4200|17.3400|17.4100|410900|7140064.0000|17.4100
141500|17.4200|17.4300|17.3900|17.4200|378600|6591392.0000|17.4200
142000|17.4000|17.4400|17.4000|17.4300|412000|7178656.0000|17.4300
142500|17.4300|17.5000|17.4000|17.4900|1023500|17879424.0000|17.4900
143000|17.4900|17.5500|17.4700|17.5500|939000|16438528.0000|17.5500
143500|17.5500|17.5500|17.4600|17.5100|483300|8461824.0000|17.5100
144000|17.5100|17.5200|17.4700|17.4900|414800|7257664.0000|17.4900
144500|17.4800|17.4800|17.4400|17.4500|474600|8283648.0000|17.4500
145000|17.4400|17.4800|17.4100|17.4200|578100|10085696.0000|17.4200
145500|17.4200|17.4300|17.3900|17.4100|435000|7573368.0000|17.4100
150000|17.4100|17.4400|17.3900|17.4400|522100|9095688.0000|17.4400
