09350000|4.2187483800|4.2275009700|4.1924906100|4.2099957900|2398259|11525169.0000|4.2099957900
09400000|4.2099957900|4.2099957900|4.1924906100|4.2012432000|679645|3261890.0000|4.2012432000
09450000|4.2099957900|4.2187483800|4.2012432000|4.2187483800|520100|2500104.0000|4.2187483800
09500000|4.2099957900|4.2275009700|4.2099957900|4.2187483800|523200|2522311.0000|4.2187483800
09550000|4.2275009700|4.2362535600|4.2187483800|4.2275009700|789800|3814509.0000|4.2275009700
10000000|4.2362535600|4.2362535600|4.2275009700|4.2275009700|287500|1390227.0000|4.2275009700
10050000|4.2362535600|4.2362535600|4.2275009700|4.2275009700|301600|1458698.0000|4.2275009700
10100000|4.2275009700|4.2362535600|4.2187483800|4.2187483800|635700|3070347.0000|4.2187483800
10150000|4.2275009700|4.2450061500|4.2187483800|4.2362535600|1263300|6109112.0000|4.2362535600
10200000|4.2362535600|4.2450061500|4.2187483800|4.2362535600|234700|1134365.0000|4.2362535600
10250000|4.2362535600|4.2362535600|4.2187483800|4.2187483800|242800|1172178.0000|4.2187483800
10300000|4.2187483800|4.2275009700|4.2187483800|4.2187483800|380700|1835536.0000|4.2187483800
10350000|4.2275009700|4.2275009700|4.2187483800|4.2187483800|75000|361702.0000|4.2187483800
10400000|4.2187483800|4.2275009700|4.2187483800|4.2275009700|180000|867943.0000|4.2275009700
10450000|4.2187483800|4.2275009700|4.2187483800|4.2187483800|232200|1119526.0000|4.2187483800
10500000|4.2275009700|4.2275009700|4.2187483800|4.2275009700|85000|409763.0000|4.2275009700
10550000|4.2275009700|4.2275009700|4.2187483800|4.2187483800|119100|574199.0000|4.2187483800
11000000|4.2275009700|4.2275009700|4.2187483800|4.2187483800|146200|704747.0000|4.2187483800
11050000|4.2187483800|4.2275009700|4.2187483800|4.2187483800|132200|637599.0000|4.2187483800
11100000|4.2275009700|4.2275009700|4.2099957900|4.2099957900|417500|2012804.0000|4.2099957900
11150000|4.2275009700|4.2275009700|4.2099957900|4.2099957900|232200|1119546.0000|4.2099957900
11200000|4.2187483800|4.2187483800|4.2099957900|4.2099957900|109400|526567.0000|4.2099957900
11250000|4.2187483800|4.2187483800|4.2099957900|4.2099957900|60700|292331.0000|4.2099957900
11300000|4.2187483800|4.2275009700|4.2099957900|4.2275009700|286800|1382093.0000|4.2275009700
13050000|4.2187483800|4.2275009700|4.2187483800|4.2275009700|189400|913918.0000|4.2275009700
13100000|4.2187483800|4.2275009700|4.2187483800|4.2275009700|75200|363049.0000|4.2275009700
13150000|4.2275009700|4.2362535600|4.2187483800|4.2362535600|445947|2154016.0000|4.2362535600
13200000|4.2362535600|4.2362535600|4.2275009700|4.2275009700|221500|1070298.0000|4.2275009700
13250000|4.2275009700|4.2362535600|4.2187483800|4.2187483800|127500|615789.0000|4.2187483800
13300000|4.2362535600|4.2362535600|4.2275009700|4.2275009700|146600|708233.0000|4.2275009700
13350000|4.2362535600|4.2362535600|4.2187483800|4.2275009700|253900|1225696.0000|4.2275009700
13400000|4.2187483800|4.2275009700|4.2187483800|4.2275009700|42200|203648.0000|4.2275009700
13450000|4.2275009700|4.2275009700|4.2187483800|4.2275009700|176600|852861.0000|4.2275009700
13500000|4.2275009700|4.2275009700|4.2187483800|4.2275009700|200300|966021.0000|4.2275009700
13550000|4.2275009700|4.2275009700|4.2187483800|4.2275009700|84300|406881.0000|4.2275009700
14000000|4.2275009700|4.2275009700|4.2187483800|4.2275009700|67400|325166.0000|4.2275009700
14050000|4.2275009700|4.2275009700|4.2187483800|4.2275009700|233000|1124432.0000|4.2275009700
14100000|4.2275009700|4.2362535600|4.2187483800|4.2275009700|250600|1210083.0000|4.2275009700
14150000|4.2275009700|4.2362535600|4.2187483800|4.2275009700|117500|567092.0000|4.2275009700
14200000|4.2187483800|4.2275009700|4.2187483800|4.2275009700|49200|237510.0000|4.2275009700
14250000|4.2187483800|4.2275009700|4.2187483800|4.2187483800|190200|918251.0000|4.2187483800
14300000|4.2275009700|4.2275009700|4.2187483800|4.2187483800|400200|1929251.0000|4.2187483800
14350000|4.2275009700|4.2275009700|4.2187483800|4.2187483800|76500|368970.0000|4.2187483800
14400000|4.2275009700|4.2275009700|4.2187483800|4.2275009700|108000|520893.0000|4.2275009700
14450000|4.2187483800|4.2275009700|4.2187483800|4.2275009700|183900|886815.0000|4.2275009700
14500000|4.2187483800|4.2275009700|4.2187483800|4.2275009700|235500|1136595.0000|4.2275009700
14550000|4.2187483800|4.2275009700|4.2187483800|4.2187483800|303000|1462072.0000|4.2187483800
15000000|4.2275009700|4.2275009700|4.2187483800|4.2275009700|860246|4153389.0000|4.2275009700
