09350000|4.2688108100|4.3229606300|4.2597858400|4.3049106900|4223200|20085492.0000|4.3049106900
09400000|4.3139356600|4.3319856000|4.3049106900|4.3229606300|3692900|17667984.0000|4.3229606300
09450000|4.3229606300|4.3590605100|4.3229606300|4.3500355400|3953700|19023624.0000|4.3500355400
09500000|4.3410105700|4.3500355400|4.3319856000|4.3319856000|2006000|9649536.0000|4.3319856000
09550000|4.3319856000|4.3410105700|4.3229606300|4.3229606300|808800|3882868.0000|4.3229606300
10000000|4.3319856000|4.3410105700|4.3229606300|4.3319856000|1769300|8492400.0000|4.3319856000
10050000|4.3319856000|4.3680854800|4.3319856000|4.3680854800|3470500|16744224.0000|4.3680854800
10100000|4.3680854800|4.3771104500|4.3590605100|4.3680854800|3283900|15883896.0000|4.3680854800
10150000|4.3680854800|4.4041853600|4.3680854800|4.3861354200|3499200|17012032.0000|4.3861354200
10200000|4.3951603900|4.4041853600|4.3861354200|4.3861354200|2703500|13164600.0000|4.3861354200
10250000|4.3951603900|4.4041853600|4.3861354200|4.3951603900|2522900|12285408.0000|4.3951603900
10300000|4.3951603900|4.4132103300|4.3861354200|4.4041853600|2984400|14559168.0000|4.4041853600
10350000|4.4041853600|4.4132103300|4.4041853600|4.4132103300|986000|4817664.0000|4.4132103300
10400000|4.4132103300|4.4132103300|4.3951603900|4.4041853600|1123500|5484352.0000|4.4041853600
10450000|4.4041853600|4.4132103300|4.3951603900|4.4041853600|1301100|6357200.0000|4.4041853600
10500000|4.4041853600|4.4222353000|4.4041853600|4.4041853600|1177200|5755840.0000|4.4041853600
10550000|4.4041853600|4.4132103300|4.3951603900|4.4041853600|1402600|6848064.0000|4.4041853600
11000000|4.4041853600|4.4132103300|4.4041853600|4.4041853600|1269400|6199040.0000|4.4041853600
11050000|4.4041853600|4.4312602700|4.4041853600|4.4312602700|2393300|11718512.0000|4.4312602700
11100000|4.4312602700|4.4312602700|4.4132103300|4.4132103300|1174800|5758064.0000|4.4132103300
11150000|4.4222353000|4.4312602700|4.4132103300|4.4222353000|1091300|5343904.0000|4.4222353000
11200000|4.4132103300|4.4222353000|4.4041853600|4.4132103300|774100|3786464.0000|4.4132103300
11250000|4.4222353000|4.4222353000|4.4041853600|4.4041853600|487000|2381952.0000|4.4041853600
11300000|4.4041853600|4.4132103300|4.4041853600|4.4041853600|733800|3585904.0000|4.4041853600
13050000|4.4041853600|4.4132103300|4.3951603900|4.3951603900|880300|4295792.0000|4.3951603900
13100000|4.3951603900|4.4041853600|4.3951603900|4.3951603900|471700|2299792.0000|4.3951603900
13150000|4.3951603900|4.4041853600|4.3861354200|4.3951603900|874900|4262256.0000|4.3951603900
13200000|4.3951603900|4.3951603900|4.3861354200|4.3951603900|488600|2378016.0000|4.3951603900
13250000|4.3951603900|4.4041853600|4.3861354200|4.3951603900|534300|2600944.0000|4.3951603900
13300000|4.3951603900|4.3951603900|4.3771104500|4.3861354200|1552200|7544832.0000|4.3861354200
13350000|4.3861354200|4.3951603900|4.3861354200|4.3951603900|784200|3816240.0000|4.3951603900
13400000|4.3861354200|4.3951603900|4.3861354200|4.3951603900|346900|1688112.0000|4.3951603900
13450000|4.3861354200|4.3951603900|4.3861354200|4.3861354200|374200|1820976.0000|4.3861354200
13500000|4.3951603900|4.3951603900|4.3861354200|4.3951603900|500100|2432912.0000|4.3951603900
13550000|4.3861354200|4.4041853600|4.3861354200|4.3861354200|1015100|4942944.0000|4.3861354200
14000000|4.3951603900|4.3951603900|4.3861354200|4.3951603900|455100|2213632.0000|4.3951603900
14050000|4.3951603900|4.3951603900|4.3861354200|4.3951603900|467000|2271744.0000|4.3951603900
14100000|4.3861354200|4.3951603900|4.3861354200|4.3861354200|656200|3194912.0000|4.3861354200
14150000|4.3861354200|4.3951603900|4.3861354200|4.3861354200|638700|3106400.0000|4.3861354200
14200000|4.3951603900|4.3951603900|4.3861354200|4.3951603900|453500|2206304.0000|4.3951603900
14250000|4.3951603900|4.3951603900|4.3861354200|4.3951603900|464900|2262880.0000|4.3951603900
14300000|4.3951603900|4.3951603900|4.3861354200|4.3951603900|561400|2732128.0000|4.3951603900
14350000|4.3861354200|4.3951603900|4.3861354200|4.3951603900|889500|4330528.0000|4.3951603900
14400000|4.3951603900|4.3951603900|4.3861354200|4.3951603900|635500|3092736.0000|4.3951603900
14450000|4.3951603900|4.3951603900|4.3861354200|4.3861354200|424800|2067936.0000|4.3861354200
14500000|4.3861354200|4.4041853600|4.3861354200|4.3951603900|705000|3433088.0000|4.3951603900
14550000|4.4041853600|4.4041853600|4.3951603900|4.3951603900|838100|4086976.0000|4.3951603900
15000000|4.3951603900|4.4041853600|4.3951603900|4.3951603900|812000|3956768.0000|4.3951603900
