09350000|4.0522115300|4.0792864400|4.0431865600|4.0702614700|1990300|8961454.0000|4.0702614700
09400000|4.0702614700|4.0883114100|4.0702614700|4.0883114100|2417100|10921243.0000|4.0883114100
09450000|4.0883114100|4.0883114100|4.0792864400|4.0883114100|725100|3279168.0000|4.0883114100
09500000|4.0883114100|4.0883114100|4.0702614700|4.0792864400|1423700|6439176.0000|4.0792864400
09550000|4.0792864400|4.0883114100|4.0702614700|4.0792864400|1755100|7926960.0000|4.0792864400
10000000|4.0792864400|4.0883114100|4.0792864400|4.0883114100|777100|3514536.0000|4.0883114100
10050000|4.0883114100|4.0883114100|4.0792864400|4.0792864400|920800|4164320.0000|4.0792864400
10100000|4.0792864400|4.0883114100|4.0792864400|4.0883114100|520500|2354008.0000|4.0883114100
10150000|4.0883114100|4.0883114100|4.0702614700|4.0702614700|655900|2964836.0000|4.0702614700
10200000|4.0702614700|4.0792864400|4.0702614700|4.0702614700|342300|1546304.0000|4.0702614700
10250000|4.0702614700|4.0792864400|4.0612365000|4.0702614700|679100|3062360.0000|4.0702614700
10300000|4.0702614700|4.0792864400|4.0612365000|4.0792864400|810200|3653644.0000|4.0792864400
10350000|4.0702614700|4.0792864400|4.0702614700|4.0792864400|104000|469196.0000|4.0792864400
10400000|4.0702614700|4.0792864400|4.0702614700|4.0792864400|203700|920140.0000|4.0792864400
10450000|4.0792864400|4.0792864400|4.0702614700|4.0702614700|339500|1532040.0000|4.0702614700
10500000|4.0702614700|4.0792864400|4.0702614700|4.0792864400|321600|1452808.0000|4.0792864400
10550000|4.0702614700|4.0792864400|4.0702614700|4.0792864400|164200|741368.0000|4.0792864400
11000000|4.0792864400|4.0792864400|4.0702614700|4.0792864400|222300|1003712.0000|4.0792864400
11050000|4.0702614700|4.0792864400|4.0702614700|4.0792864400|199100|898760.0000|4.0792864400
11100000|4.0792864400|4.0792864400|4.0702614700|4.0792864400|247600|1118096.0000|4.0792864400
11150000|4.0792864400|4.0792864400|4.0702614700|4.0702614700|112400|507272.0000|4.0702614700
11200000|4.0792864400|4.0792864400|4.0612365000|4.0612365000|622200|2805312.0000|4.0612365000
11250000|4.0612365000|4.0702614700|4.0612365000|4.0702614700|164200|739920.0000|4.0702614700
11300000|4.0702614700|4.0702614700|4.0612365000|4.0702614700|87600|394952.0000|4.0702614700
13050000|4.0702614700|4.0702614700|4.0612365000|4.0702614700|97800|440376.0000|4.0702614700
13100000|4.0702614700|4.0702614700|4.0612365000|4.0702614700|127700|575016.0000|4.0702614700
13150000|4.0702614700|4.0702614700|4.0612365000|4.0702614700|291800|1315560.0000|4.0702614700
13200000|4.0612365000|4.0702614700|4.0612365000|4.0612365000|361500|1628568.0000|4.0612365000
13250000|4.0612365000|4.0702614700|4.0612365000|4.0612365000|108100|486408.0000|4.0612365000
13300000|4.0612365000|4.0612365000|4.0522115300|4.0612365000|1073800|4831360.0000|4.0612365000
13350000|4.0612365000|4.0612365000|4.0522115300|4.0612365000|118800|534096.0000|4.0612365000
13400000|4.0612365000|4.0702614700|4.0522115300|4.0702614700|484800|2181048.0000|4.0702614700
13450000|4.0612365000|4.0702614700|4.0612365000|4.0702614700|334800|1506856.0000|4.0702614700
13500000|4.0702614700|4.0702614700|4.0522115300|4.0522115300|401200|1804752.0000|4.0522115300
13550000|4.0522115300|4.0612365000|4.0522115300|4.0522115300|200100|899928.0000|4.0522115300
14000000|4.0612365000|4.0612365000|4.0522115300|4.0612365000|234400|1054064.0000|4.0612365000
14050000|4.0522115300|4.0612365000|4.0431865600|4.0431865600|975500|4380000.0000|4.0431865600
14100000|4.0431865600|4.0522115300|4.0431865600|4.0431865600|1076800|4824664.0000|4.0431865600
14150000|4.0431865600|4.0522115300|4.0341615900|4.0431865600|612700|2744912.0000|4.0431865600
14200000|4.0431865600|4.0522115300|4.0431865600|4.0431865600|195600|876488.0000|4.0431865600
14250000|4.0522115300|4.0522115300|4.0431865600|4.0522115300|186700|837816.0000|4.0522115300
14300000|4.0431865600|4.0522115300|4.0431865600|4.0431865600|91900|411936.0000|4.0431865600
14350000|4.0522115300|4.0612365000|4.0431865600|4.0612365000|777000|3488376.0000|4.0612365000
14400000|4.0612365000|4.0702614700|4.0522115300|4.0612365000|490900|2209040.0000|4.0612365000
14450000|4.0612365000|4.0702614700|4.0612365000|4.0702614700|134700|606192.0000|4.0702614700
14500000|4.0702614700|4.0702614700|4.0522115300|4.0612365000|393400|1770704.0000|4.0612365000
14550000|4.0612365000|4.0702614700|4.0522115300|4.0612365000|397300|1787848.0000|4.0612365000
15000000|4.0612365000|4.0702614700|4.0522115300|4.0612365000|661400|2976664.0000|4.0612365000
