09350000|8.6115752000|8.6115752000|8.4472754100|8.5605856100|26495925|399091616.0000|8.5605856100
09400000|8.5662511200|8.6115752000|8.5435890800|8.5832476500|8477820|128308272.0000|8.5832476500
09450000|8.5832476500|8.5832476500|8.5039305100|8.5549201000|7657967|115267472.0000|8.5549201000
09500000|8.5435890800|8.5662511200|8.4982650000|8.5039305100|5886653|88598192.0000|8.5039305100
09550000|8.5039305100|8.5549201000|8.4925994900|8.5492545900|6359731|95598240.0000|8.5492545900
10000000|8.5492545900|8.6682303000|8.5322580600|8.6399027500|4313878|65289824.0000|8.6399027500
10050000|8.6399027500|8.7078888700|8.6342372400|8.6965578500|5047753|77181488.0000|8.6965578500
10100000|8.6965578500|8.7588784600|8.6625647900|8.7475474400|5300780|81533248.0000|8.7475474400
10150000|8.7588784600|8.8495266200|8.7588784600|8.8211990700|5904143|91686720.0000|8.8211990700
10200000|8.8381956000|8.8551921300|8.7362164200|8.7418819300|2295930|35564576.0000|8.7418819300
10250000|8.7418819300|8.7928715200|8.7362164200|8.7645439700|3158630|48853712.0000|8.7645439700
10300000|8.7588784600|8.7985370300|8.7475474400|8.7872060100|1697898|26302416.0000|8.7872060100
10350000|8.7872060100|8.7928715200|8.7588784600|8.7588784600|1465111|22698176.0000|8.7588784600
10400000|8.7702094800|8.8381956000|8.7702094800|8.8268645800|2267860|35263120.0000|8.8268645800
10450000|8.8211990700|9.0024953900|8.8155335600|8.9968298800|7322030|115359472.0000|8.9968298800
10500000|9.0081609000|9.0534849800|8.9911643700|9.0251574300|5195056|82693472.0000|9.0251574300
10550000|9.0194919200|9.0364884500|8.9854988600|8.9911643700|2656885|42311280.0000|8.9911643700
11000000|8.9854988600|8.9854988600|8.9401747800|8.9571713100|1470413|23249968.0000|8.9571713100
11050000|8.9515058000|8.9854988600|8.9515058000|8.9628368200|1767040|27965888.0000|8.9628368200
11100000|8.9628368200|8.9854988600|8.9515058000|8.9628368200|1248800|19768656.0000|8.9628368200
11150000|8.9685023300|8.9798333500|8.9571713100|8.9571713100|1030600|16316784.0000|8.9571713100
11200000|8.9571713100|8.9628368200|8.9345092700|8.9401747800|1271657|20082672.0000|8.9401747800
11250000|8.9401747800|8.9515058000|8.9118472300|8.9175127400|1645060|25914240.0000|8.9175127400
11300000|8.9231782500|8.9401747800|8.8891851900|8.9061817200|1032303|16240848.0000|8.9061817200
13050000|8.9061817200|8.9458402900|8.8891851900|8.9458402900|1357460|21370400.0000|8.9458402900
13100000|8.9458402900|8.9798333500|8.9175127400|8.9231782500|1186800|18753568.0000|8.9231782500
13150000|8.9288437600|8.9458402900|8.9231782500|8.9401747800|605190|9546400.0000|8.9401747800
13200000|8.9401747800|8.9515058000|8.9175127400|8.9231782500|911700|14373840.0000|8.9231782500
13250000|8.9231782500|8.9458402900|8.9175127400|8.9345092700|991500|15627376.0000|8.9345092700
13300000|8.9401747800|8.9741678400|8.9345092700|8.9571713100|1356180|21443168.0000|8.9571713100
13350000|8.9571713100|8.9571713100|8.9345092700|8.9401747800|641700|10129856.0000|8.9401747800
13400000|8.9345092700|8.9458402900|8.9288437600|8.9401747800|681550|10748752.0000|8.9401747800
13450000|8.9345092700|8.9458402900|8.9288437600|8.9401747800|702830|11086096.0000|8.9401747800
13500000|8.9401747800|8.9401747800|8.9288437600|8.9345092700|655030|10330144.0000|8.9345092700
13550000|8.9401747800|8.9515058000|8.9288437600|8.9401747800|1161740|18333664.0000|8.9401747800
14000000|8.9401747800|8.9628368200|8.9345092700|8.9628368200|1238889|19569408.0000|8.9628368200
14050000|8.9628368200|8.9685023300|8.9458402900|8.9571713100|1527331|24147280.0000|8.9571713100
14100000|8.9571713100|8.9628368200|8.9345092700|8.9401747800|951040|15016592.0000|8.9401747800
14150000|8.9401747800|8.9515058000|8.9231782500|8.9288437600|1489130|23492192.0000|8.9288437600
14200000|8.9288437600|8.9345092700|8.8835196800|8.8891851900|2216420|34826368.0000|8.8891851900
14250000|8.8948507000|8.9118472300|8.8835196800|8.9005162100|2315990|36353680.0000|8.9005162100
14300000|8.8948507000|8.9175127400|8.8948507000|8.8948507000|1308970|20576784.0000|8.8948507000
14350000|8.9005162100|8.9175127400|8.8778541700|8.9061817200|2322300|36470720.0000|8.9061817200
14400000|8.9005162100|8.9231782500|8.9005162100|8.9118472300|1446120|22749376.0000|8.9118472300
14450000|8.9061817200|8.9345092700|8.9061817200|8.9118472300|1871590|29459744.0000|8.9118472300
14500000|8.9061817200|8.9345092700|8.9061817200|8.9288437600|2195150|34573664.0000|8.9288437600
14550000|8.9175127400|8.9288437600|8.9061817200|8.9118472300|2464200|38781952.0000|8.9118472300
15000000|8.9061817200|8.9118472300|8.9061817200|8.9118472300|3524090|55431152.0000|8.9118472300
