09350000|7.9503927100|8.0358042700|7.9361574500|8.0286866400|13980953|157019972.0000|8.0286866400
09400000|8.0286866400|8.0286866400|7.9788632300|8.0073337500|4689350|52725525.0000|8.0073337500
09450000|8.0002161200|8.0286866400|8.0002161200|8.0215690100|6676130|75185351.0000|8.0215690100
09500000|8.0215690100|8.0642747900|8.0215690100|8.0429219000|10417766|117752624.0000|8.0429219000
09550000|8.0500395300|8.0998629400|8.0429219000|8.0856276800|10098631|114562064.0000|8.0856276800
10000000|8.0785100500|8.0927453100|8.0785100500|8.0927453100|6211100|70571536.0000|8.0927453100
10050000|8.0927453100|8.1852745000|8.0927453100|8.1639216100|19026602|217697808.0000|8.1639216100
10100000|8.1710392400|8.1710392400|8.1212158300|8.1425687200|7393698|84662720.0000|8.1425687200
10150000|8.1425687200|8.1425687200|8.0998629400|8.0998629400|3768431|42992368.0000|8.0998629400
10200000|8.0998629400|8.1283334600|8.0998629400|8.0998629400|2403090|27383376.0000|8.0998629400
10250000|8.0998629400|8.1283334600|8.0927453100|8.1283334600|2511750|28611344.0000|8.1283334600
10300000|8.1212158300|8.1425687200|8.1140982000|8.1354510900|3430473|39178272.0000|8.1354510900
10350000|8.1283334600|8.1639216100|8.1283334600|8.1568039800|7484326|85748320.0000|8.1568039800
10400000|8.1639216100|8.1781568700|8.1354510900|8.1425687200|6782800|77793664.0000|8.1425687200
10450000|8.1354510900|8.1639216100|8.1354510900|8.1568039800|3055829|34990224.0000|8.1568039800
10500000|8.1496863500|8.1710392400|8.1425687200|8.1639216100|5579794|63982336.0000|8.1639216100
10550000|8.1568039800|8.1639216100|8.1496863500|8.1496863500|3205500|36752448.0000|8.1496863500
11000000|8.1568039800|8.1639216100|8.1354510900|8.1496863500|2896521|33159280.0000|8.1496863500
11050000|8.1568039800|8.1710392400|8.1496863500|8.1639216100|3587550|41146592.0000|8.1639216100
11100000|8.1639216100|8.1710392400|8.1568039800|8.1710392400|6122200|70259552.0000|8.1710392400
11150000|8.1639216100|8.1710392400|8.1496863500|8.1568039800|1958050|22453936.0000|8.1568039800
11200000|8.1568039800|8.1568039800|8.1354510900|8.1425687200|1509570|17280688.0000|8.1425687200
11250000|8.1425687200|8.1639216100|8.1425687200|8.1568039800|2107344|24144816.0000|8.1568039800
11300000|8.1496863500|8.1568039800|8.1496863500|8.1496863500|1268200|14524416.0000|8.1496863500
13050000|8.1496863500|8.1710392400|8.1496863500|8.1568039800|3869350|44353632.0000|8.1568039800
13100000|8.1639216100|8.1710392400|8.1568039800|8.1568039800|2089300|23962880.0000|8.1568039800
13150000|8.1568039800|8.1639216100|8.1496863500|8.1568039800|2445800|28045888.0000|8.1568039800
13200000|8.1496863500|8.1710392400|8.1496863500|8.1568039800|3329100|38194320.0000|8.1568039800
13250000|8.1639216100|8.1710392400|8.1568039800|8.1639216100|2216370|25419664.0000|8.1639216100
13300000|8.1639216100|8.1639216100|8.1568039800|8.1639216100|1812800|20779520.0000|8.1639216100
13350000|8.1568039800|8.1639216100|8.1568039800|8.1568039800|1791100|20530416.0000|8.1568039800
13400000|8.1568039800|8.1639216100|8.1496863500|8.1496863500|3286560|37668464.0000|8.1496863500
13450000|8.1568039800|8.1568039800|8.1354510900|8.1425687200|2786340|31888336.0000|8.1425687200
13500000|8.1425687200|8.1496863500|8.1354510900|8.1354510900|1740470|19903952.0000|8.1354510900
13550000|8.1283334600|8.1425687200|8.1283334600|8.1283334600|1879500|21472512.0000|8.1283334600
14000000|8.1354510900|8.1354510900|8.1212158300|8.1354510900|924801|10562800.0000|8.1354510900
14050000|8.1354510900|8.1425687200|8.1283334600|8.1354510900|2422155|27695936.0000|8.1354510900
14100000|8.1354510900|8.1425687200|8.1354510900|8.1354510900|790670|9041168.0000|8.1354510900
14150000|8.1354510900|8.1425687200|8.1283334600|8.1283334600|1655260|18923440.0000|8.1283334600
14200000|8.1425687200|8.1425687200|8.1283334600|8.1354510900|1751960|20027040.0000|8.1354510900
14250000|8.1354510900|8.1425687200|8.1354510900|8.1354510900|1292240|14773664.0000|8.1354510900
14300000|8.1354510900|8.1496863500|8.1354510900|8.1425687200|3527200|40355392.0000|8.1425687200
14350000|8.1496863500|8.1496863500|8.1425687200|8.1425687200|1852470|21204944.0000|8.1425687200
14400000|8.1496863500|8.1496863500|8.1425687200|8.1496863500|3179360|36379984.0000|8.1496863500
14450000|8.1425687200|8.1496863500|8.1425687200|8.1425687200|1723130|19718432.0000|8.1425687200
14500000|8.1425687200|8.1496863500|8.1425687200|8.1425687200|4741080|54245536.0000|8.1425687200
14550000|8.1354510900|8.1496863500|8.1354510900|8.1425687200|3422482|39159792.0000|8.1425687200
15000000|8.1496863500|8.1496863500|8.1354510900|8.1425687200|4425500|50625568.0000|8.1425687200
