09350000|10.0680055500|10.1232736500|10.0680055500|10.0772169000|1520600|16666859.0000|10.0772169000
09400000|10.0680055500|10.1140623000|10.0680055500|10.1140623000|690100|7555203.0000|10.1140623000
09450000|10.1140623000|10.1232736500|10.0587942000|10.0864282500|909800|9962376.0000|10.0864282500
09500000|10.0772169000|10.0864282500|9.9943147500|10.0035261000|1300600|14184232.0000|10.0035261000
09550000|9.9943147500|10.0035261000|9.8377218000|9.8377218000|3796300|40897128.0000|9.8377218000
10000000|9.8285104500|9.8377218000|9.5890153500|9.6074380500|7948400|83608952.0000|9.6074380500
10050000|9.6074380500|9.6995515500|9.5153245500|9.5245359000|5702500|59390432.0000|9.5245359000
10100000|9.4969018500|9.6074380500|9.4876905000|9.5613813000|3398800|35276688.0000|9.5613813000
10150000|9.5613813000|9.5982267000|9.5521699500|9.5798040000|2682700|27887696.0000|9.5798040000
10200000|9.5705926500|9.5798040000|9.5337472500|9.5798040000|2212800|22953824.0000|9.5798040000
10250000|9.5798040000|9.5798040000|9.4047883500|9.4047883500|4251200|43776768.0000|9.4047883500
10300000|9.3955770000|9.4139997000|9.3034635000|9.3034635000|7038700|71541120.0000|9.3034635000
10350000|9.3034635000|9.3863656500|9.3034635000|9.3863656500|4746800|48108608.0000|9.3863656500
10400000|9.3863656500|9.4047883500|9.3495202500|9.3495202500|2182300|22228288.0000|9.3495202500
10450000|9.3495202500|9.3495202500|9.2942521500|9.3034635000|3125700|31612736.0000|9.3034635000
10500000|9.3034635000|9.3863656500|9.3034635000|9.3403089000|2357400|23890176.0000|9.3403089000
10550000|9.3403089000|9.3403089000|9.3034635000|9.3126748500|3091400|31268672.0000|9.3126748500
11000000|9.3126748500|9.3126748500|9.1560819000|9.1837159500|5327800|53328192.0000|9.1837159500
11050000|9.1837159500|9.1929273000|9.0731797500|9.0916024500|10704200|105775232.0000|9.0916024500
11100000|9.0916024500|9.1008138000|9.0731797500|9.0823911000|3825100|37724928.0000|9.0823911000
11150000|9.0823911000|9.0916024500|9.0731797500|9.0731797500|4835500|47641024.0000|9.0731797500
11200000|9.0731797500|9.0916024500|9.0731797500|9.0823911000|4265600|42031296.0000|9.0823911000
11250000|9.0823911000|9.1008138000|9.0731797500|9.1008138000|3257000|32111808.0000|9.1008138000
11300000|9.1192365000|9.1745046000|9.0916024500|9.1192365000|3023500|29953408.0000|9.1192365000
13050000|9.1284478500|9.2942521500|9.1284478500|9.2574067500|3458500|34642560.0000|9.2574067500
13100000|9.2574067500|9.2666181000|9.1929273000|9.2021386500|2220000|22244224.0000|9.2021386500
13150000|9.2021386500|9.2389840500|9.1837159500|9.1837159500|2346800|23452736.0000|9.1837159500
13200000|9.2113500000|9.2205613500|9.1192365000|9.1745046000|2407500|23947072.0000|9.1745046000
13250000|9.1745046000|9.1745046000|9.1468705500|9.1560819000|1591600|15829888.0000|9.1560819000
13300000|9.1560819000|9.1652932500|9.1376592000|9.1468705500|1081300|10740608.0000|9.1468705500
13350000|9.1468705500|9.1468705500|9.1192365000|9.1376592000|1309700|12985088.0000|9.1376592000
13400000|9.1376592000|9.1468705500|9.1008138000|9.1100251500|2401400|23778944.0000|9.1100251500
13450000|9.1100251500|9.1192365000|9.0731797500|9.1100251500|7171600|70756608.0000|9.1100251500
13500000|9.1100251500|9.1192365000|9.0916024500|9.0916024500|1190200|11760256.0000|9.0916024500
13550000|9.1008138000|9.1008138000|9.0731797500|9.0823911000|3273300|32284672.0000|9.0823911000
14000000|9.0823911000|9.0823911000|9.0731797500|9.0823911000|2489800|24536064.0000|9.0823911000
14050000|9.0823911000|9.0916024500|9.0731797500|9.0823911000|2061900|20327168.0000|9.0823911000
14100000|9.0823911000|9.0823911000|9.0731797500|9.0731797500|1708300|16830592.0000|9.0731797500
14150000|9.0731797500|9.0823911000|9.0731797500|9.0823911000|1254500|12358400.0000|9.0823911000
14200000|9.0823911000|9.0823911000|9.0731797500|9.0823911000|1409400|13891328.0000|9.0823911000
14250000|9.0823911000|9.1192365000|9.0731797500|9.1008138000|1258300|12421632.0000|9.1008138000
14300000|9.1008138000|9.1008138000|9.0823911000|9.1008138000|1032900|10198528.0000|9.1008138000
14350000|9.1008138000|9.1008138000|9.0731797500|9.0823911000|1085100|10698752.0000|9.0823911000
14400000|9.0823911000|9.0823911000|9.0731797500|9.0731797500|1248200|12296576.0000|9.0731797500
14450000|9.0731797500|9.0731797500|9.0731797500|9.0731797500|624600|6152192.0000|9.0731797500
14500000|9.0731797500|9.0731797500|9.0731797500|9.0731797500|707700|6970752.0000|9.0731797500
14550000|9.0731797500|9.0731797500|9.0731797500|9.0731797500|677700|6675328.0000|9.0731797500
15000000|9.0731797500|9.0731797500|9.0731797500|9.0731797500|1794800|17678848.0000|9.0731797500
