09350000|36.2438983500|36.5141591100|35.8867680600|35.9060724000|2735239|102316922.1600|35.9060724000
09400000|35.9060724000|35.9350289100|35.5585942800|35.8095507000|2150440|79634478.4000|35.8095507000
09450000|35.8095507000|36.0122462700|35.6647681500|35.8095507000|1201140|44624136.4000|35.8095507000
09500000|35.8095507000|35.8192028700|35.4234639000|35.4717247500|1856500|68474014.4000|35.4717247500
09550000|35.4717247500|35.5778986200|35.3365943700|35.5199856000|1366600|50218556.6000|35.5199856000
10000000|35.5199856000|35.5585942800|35.4041595600|35.4138117300|1197460|44005345.6000|35.4138117300
10050000|35.4041595600|35.4138117300|35.1242466300|35.2593770100|2091370|76341722.5000|35.2593770100
10100000|35.2593770100|35.3172900300|35.1145944600|35.1145944600|1416480|51690448.4000|35.1145944600
10150000|35.1145944600|35.1435509700|34.9505075700|35.0566814400|1784613|64810363.3900|35.0566814400
10200000|35.0663336100|35.1435509700|34.9891162500|35.0952901200|960740|34898072.4000|35.0952901200
10250000|35.0952901200|35.1918118200|35.0663336100|35.0663336100|655800|23853954.0000|35.0663336100
10300000|35.0952901200|35.1821596500|35.0759857800|35.0856379500|572703|20838804.2800|35.0856379500
10350000|35.0952901200|35.1049422900|34.9891162500|35.0373771000|886380|32164088.8000|35.0373771000
10400000|35.0373771000|35.0373771000|34.9408554000|34.9891162500|945120|34248320.8000|34.9891162500
10450000|34.9891162500|35.1821596500|34.9794640800|35.1049422900|573428|20845188.6400|35.1049422900
10500000|35.0952901200|35.1145944600|34.9505075700|34.9505075700|658780|23916332.4000|34.9505075700
10550000|34.9601597400|34.9891162500|34.9022467200|34.9891162500|844800|30583546.0000|34.9891162500
11000000|34.9987684200|35.0566814400|34.9408554000|34.9408554000|693980|25151520.2000|34.9408554000
11050000|34.9601597400|34.9891162500|34.8636380400|34.8732902100|877660|31750856.0000|34.8732902100
11100000|34.8732902100|34.9022467200|34.7767685100|34.7767685100|969800|35017840.0000|34.7767685100
11150000|34.7960728500|34.9022467200|34.7478120000|34.9022467200|1372080|49442496.5800|34.9022467200
11200000|34.9022467200|34.9505075700|34.7478120000|34.9505075700|888480|32044108.0000|34.9505075700
11250000|34.9408554000|34.9408554000|34.7960728500|34.8732902100|710120|25646201.6000|34.8732902100
11300000|34.8732902100|34.9601597400|34.8636380400|34.9118988900|352375|12736191.3000|34.9118988900
13050000|34.9118988900|35.0277249300|34.7767685100|35.0277249300|1279235|46238438.0000|35.0277249300
13100000|35.0277249300|35.0952901200|34.9505075700|35.0084205900|427540|15503409.4000|35.0084205900
13150000|35.0084205900|35.0566814400|34.9408554000|34.9601597400|363420|13176923.6000|34.9601597400
13200000|34.9601597400|34.9698119100|34.8443337000|34.9022467200|459320|16610477.0000|34.9022467200
13250000|34.9022467200|34.9022467200|34.7478120000|34.8539858700|907642|32735732.4000|34.8539858700
13300000|34.8539858700|35.0277249300|34.8443337000|34.9891162500|435103|15754931.1400|34.9891162500
13350000|34.9891162500|35.0470292700|34.9215510600|34.9408554000|508780|18436693.6000|34.9408554000
13400000|34.9505075700|34.9891162500|34.9215510600|34.9408554000|294600|10667007.6500|34.9408554000
13450000|34.9408554000|34.9891162500|34.9215510600|34.9698119100|359700|13026382.0000|34.9698119100
13500000|34.9601597400|34.9698119100|34.8732902100|34.9118988900|490080|17726169.2000|34.9118988900
13550000|34.9022467200|34.9408554000|34.8925945500|34.9118988900|484560|17529054.6000|34.9118988900
14000000|34.9118988900|34.9312032300|34.8636380400|34.8925945500|568458|20545117.1000|34.8925945500
14050000|34.8925945500|34.9022467200|34.8443337000|34.8443337000|562342|20322846.7200|34.8443337000
14100000|34.8539858700|34.8636380400|34.7864206800|34.8153771900|997624|35993651.7400|34.8153771900
14150000|34.8153771900|34.9312032300|34.8153771900|34.9118988900|417180|15063362.6000|34.9118988900
14200000|34.9215510600|34.9601597400|34.8732902100|34.8829423800|423940|15332220.4000|34.8829423800
14250000|34.8732902100|34.9794640800|34.8443337000|34.9215510600|441800|15971349.8000|34.9215510600
14300000|34.9215510600|34.9698119100|34.8636380400|34.8732902100|597700|21630328.8000|34.8732902100
14350000|34.8732902100|34.9118988900|34.8443337000|34.8732902100|626248|22627791.7600|34.8732902100
14400000|34.8829423800|34.9312032300|34.8732902100|34.9215510600|409660|14812939.6200|34.9215510600
14450000|34.9215510600|34.9505075700|34.8829423800|34.9408554000|713860|25828315.4000|34.9408554000
14500000|34.9408554000|34.9601597400|34.8732902100|34.9118988900|1168940|42278900.2800|34.9118988900
14550000|34.9118988900|34.9698119100|34.8829423800|34.9601597400|1152704|41714416.4400|34.9601597400
15000000|34.9505075700|34.9698119100|34.9408554000|34.9601597400|670969|24299825.1700|34.9601597400
