09350000|22.9721646000|23.1652080000|22.9432080900|23.0397297900|1515500|36185568.0000|23.0397297900
09400000|23.0397297900|23.0879906400|22.9625124300|23.0686863000|938100|22380516.0000|23.0686863000
09450000|23.0686863000|23.2327731900|23.0686863000|23.1265993200|1709400|41044344.0000|23.1265993200
09500000|23.1265993200|23.1845123400|23.0011211100|23.1652080000|802300|19172368.0000|23.1652080000
09550000|23.1652080000|23.1652080000|23.0783384700|23.1169471500|387000|9270832.0000|23.1169471500
10000000|23.1169471500|23.1459036600|23.0397297900|23.0783384700|523900|12532832.0000|23.0783384700
10050000|23.0783384700|23.1265993200|23.0590341300|23.0686863000|632800|15139328.0000|23.0686863000
10100000|23.0686863000|23.1169471500|23.0300776200|23.1072949800|443300|10590480.0000|23.1072949800
10150000|23.1072949800|23.1941645100|23.0783384700|23.1555558300|637800|15290576.0000|23.1555558300
10200000|23.1555558300|23.2424253600|23.1362514900|23.1652080000|971100|23351904.0000|23.1652080000
10250000|23.1652080000|23.1845123400|23.1072949800|23.1748601700|407700|9777504.0000|23.1748601700
10300000|23.1748601700|23.1748601700|23.1169471500|23.1362514900|345700|8286336.0000|23.1362514900
10350000|23.1555558300|23.2038166800|23.1459036600|23.1652080000|431100|10348352.0000|23.1652080000
10400000|23.1362514900|23.1652080000|23.1072949800|23.1072949800|445300|10671808.0000|23.1072949800
10450000|23.1072949800|23.1169471500|23.0879906400|23.1169471500|277800|6650368.0000|23.1169471500
10500000|23.1169471500|23.1362514900|23.0879906400|23.1362514900|402500|9638368.0000|23.1362514900
10550000|23.1265993200|23.1748601700|23.1265993200|23.1362514900|191600|4595632.0000|23.1362514900
11000000|23.1362514900|23.1652080000|23.1362514900|23.1459036600|183500|4400096.0000|23.1459036600
11050000|23.1459036600|23.2134688500|23.1265993200|23.1941645100|497000|11931792.0000|23.1941645100
11100000|23.1941645100|23.2713818700|23.1652080000|23.2231210200|1140900|27458112.0000|23.2231210200
11150000|23.2231210200|23.3582514000|23.2231210200|23.2906862100|1471400|35533280.0000|23.2906862100
11200000|23.2906862100|23.4258165900|23.2713818700|23.3775557400|1210300|29289440.0000|23.3775557400
11250000|23.3775557400|23.4740774400|23.3679035700|23.3775557400|1161400|28178208.0000|23.3775557400
11300000|23.3775557400|23.4354687600|23.3775557400|23.4065122500|409700|9935296.0000|23.4065122500
13050000|23.3872079100|23.4065122500|23.2038166800|23.2231210200|899600|21712512.0000|23.2231210200
13100000|23.2231210200|23.2713818700|23.2134688500|23.2617297000|433300|10434080.0000|23.2617297000
13150000|23.2617297000|23.2906862100|23.2327731900|23.2424253600|415800|10021824.0000|23.2424253600
13200000|23.2424253600|23.2424253600|23.2134688500|23.2231210200|441400|10620896.0000|23.2231210200
13250000|23.2231210200|23.2424253600|23.2038166800|23.2231210200|415600|9994400.0000|23.2231210200
13300000|23.2231210200|23.2327731900|23.2134688500|23.2231210200|256100|6161760.0000|23.2231210200
13350000|23.2231210200|23.2424253600|23.2134688500|23.2231210200|435400|10477664.0000|23.2231210200
13400000|23.2231210200|23.2327731900|23.1748601700|23.1845123400|540500|12990400.0000|23.1845123400
13450000|23.1845123400|23.1941645100|23.1459036600|23.1652080000|619700|14876320.0000|23.1652080000
13500000|23.1652080000|23.1652080000|23.1362514900|23.1555558300|460800|11052992.0000|23.1555558300
13550000|23.1555558300|23.2134688500|23.1555558300|23.2038166800|299700|7199552.0000|23.2038166800
14000000|23.2038166800|23.2906862100|23.2038166800|23.2906862100|574000|13830245.0000|23.2906862100
14050000|23.2906862100|23.3872079100|23.2713818700|23.3389470600|920800|22259003.0000|23.3389470600
14100000|23.3389470600|23.3775557400|23.3292948900|23.3679035700|598600|14484924.0000|23.3679035700
14150000|23.3679035700|23.3775557400|23.3292948900|23.3389470600|614400|14867580.0000|23.3389470600
14200000|23.3389470600|23.3775557400|23.3389470600|23.3679035700|406900|9849669.0000|23.3679035700
14250000|23.3679035700|23.4258165900|23.3679035700|23.4065122500|958100|23226307.0000|23.4065122500
14300000|23.4258165900|23.4547731000|23.4065122500|23.4354687600|865300|21011323.0000|23.4354687600
14350000|23.4354687600|23.5223382900|23.4354687600|23.4740774400|1368100|33285255.0000|23.4740774400
14400000|23.4740774400|23.5030339500|23.4547731000|23.4644252700|741000|18028794.0000|23.4644252700
14450000|23.4644252700|23.4837296100|23.4451209300|23.4740774400|565500|13751556.0000|23.4740774400
14500000|23.4740774400|23.4933817800|23.4547731000|23.4837296100|666800|16212486.0000|23.4837296100
14550000|23.4837296100|23.5030339500|23.4740774400|23.4933817800|691400|16825722.0000|23.4933817800
15000000|23.4933817800|23.5126861200|23.4933817800|23.5030339500|992600|24168127.0000|23.5030339500
