09350000|17.1000000000|17.4000000000|17.0300000000|17.4000000000|2528000|43487892.0000|17.4000000000
09400000|17.4000000000|17.4500000000|17.2200000000|17.3000000000|2626300|45564980.0000|17.3000000000
09450000|17.3000000000|17.3000000000|17.1800000000|17.2800000000|1641600|28296176.0000|17.2800000000
09500000|17.2800000000|17.4400000000|17.2300000000|17.3700000000|1950500|33870760.0000|17.3700000000
09550000|17.3700000000|17.4000000000|17.2900000000|17.3200000000|837200|14512672.0000|17.3200000000
10000000|17.3200000000|17.3200000000|17.2200000000|17.2400000000|1081900|18677184.0000|17.2400000000
10050000|17.2400000000|17.2700000000|17.2000000000|17.2300000000|804600|13855632.0000|17.2300000000
10100000|17.2300000000|17.2300000000|17.1200000000|17.1600000000|1292900|22199728.0000|17.1600000000
10150000|17.1600000000|17.2000000000|17.1500000000|17.2000000000|875100|15042176.0000|17.2000000000
10200000|17.2000000000|17.3200000000|17.1800000000|17.1900000000|533800|9207312.0000|17.1900000000
10250000|17.1900000000|17.2000000000|17.1500000000|17.1800000000|462400|7942176.0000|17.1800000000
10300000|17.1800000000|17.2300000000|17.1800000000|17.2000000000|270500|4653088.0000|17.2000000000
10350000|17.2000000000|17.2700000000|17.1900000000|17.2500000000|354300|6101312.0000|17.2500000000
10400000|17.2500000000|17.2500000000|17.1900000000|17.2400000000|256400|4413952.0000|17.2400000000
10450000|17.2400000000|17.2400000000|17.1500000000|17.1800000000|617500|10610256.0000|17.1800000000
10500000|17.1800000000|17.3400000000|17.1700000000|17.2700000000|781900|13526592.0000|17.2700000000
10550000|17.2700000000|17.2800000000|17.2200000000|17.2500000000|199300|3437440.0000|17.2500000000
11000000|17.2500000000|17.2800000000|17.2300000000|17.2500000000|240900|4158656.0000|17.2500000000
11050000|17.2500000000|17.4400000000|17.2500000000|17.3200000000|1615100|28064800.0000|17.3200000000
11100000|17.3200000000|17.3500000000|17.2400000000|17.2900000000|823800|14230400.0000|17.2900000000
11150000|17.2900000000|17.3600000000|17.2700000000|17.3000000000|494400|8566560.0000|17.3000000000
11200000|17.2800000000|17.3500000000|17.2800000000|17.3200000000|390900|6774304.0000|17.3200000000
11250000|17.3200000000|17.4100000000|17.3000000000|17.3900000000|1133400|19682112.0000|17.3900000000
11300000|17.3900000000|17.4400000000|17.3900000000|17.4100000000|1257600|21910624.0000|17.4100000000
13050000|17.4200000000|17.6300000000|17.4200000000|17.5500000000|4521700|79242240.0000|17.5500000000
13100000|17.5500000000|17.6600000000|17.5100000000|17.5100000000|2184800|38421280.0000|17.5100000000
13150000|17.5100000000|17.5100000000|17.4300000000|17.4700000000|1074600|18773568.0000|17.4700000000
13200000|17.4700000000|17.4800000000|17.4400000000|17.4800000000|534000|9325317.0000|17.4800000000
13250000|17.4800000000|17.5000000000|17.4200000000|17.4300000000|1108800|19343803.0000|17.4300000000
13300000|17.4300000000|17.4500000000|17.4200000000|17.4400000000|438500|7645319.0000|17.4400000000
13350000|17.4400000000|17.4500000000|17.3800000000|17.4100000000|808700|14084989.0000|17.4100000000
13400000|17.4100000000|17.4300000000|17.3700000000|17.4300000000|627700|10924543.0000|17.4300000000
13450000|17.4300000000|17.4700000000|17.4300000000|17.4500000000|417500|7284739.0000|17.4500000000
13500000|17.4500000000|17.4500000000|17.4000000000|17.4000000000|406100|7075509.0000|17.4000000000
13550000|17.4000000000|17.4300000000|17.3900000000|17.4100000000|522900|9103297.0000|17.4100000000
14000000|17.4100000000|17.4500000000|17.4000000000|17.4400000000|567200|9883912.0000|17.4400000000
14050000|17.4400000000|17.4500000000|17.4000000000|17.4100000000|360100|6270785.0000|17.4100000000
14100000|17.4100000000|17.5300000000|17.4100000000|17.5100000000|1210900|21151810.0000|17.5100000000
14150000|17.5100000000|17.5200000000|17.3600000000|17.3700000000|1187200|20663925.0000|17.3700000000
14200000|17.3700000000|17.3800000000|17.3400000000|17.3600000000|1127300|19575878.0000|17.3600000000
14250000|17.3600000000|17.4100000000|17.3500000000|17.3600000000|697700|12121016.0000|17.3600000000
14300000|17.3600000000|17.4100000000|17.3500000000|17.3900000000|416600|7240582.0000|17.3900000000
14350000|17.3900000000|17.4400000000|17.3900000000|17.4200000000|609200|10606904.0000|17.4200000000
14400000|17.4200000000|17.4400000000|17.4000000000|17.4000000000|854200|14876108.0000|17.4000000000
14450000|17.4000000000|17.4100000000|17.3600000000|17.3700000000|1061600|18451704.0000|17.3700000000
14500000|17.3700000000|17.4000000000|17.3700000000|17.3900000000|784400|13636614.0000|17.3900000000
14550000|17.3900000000|17.4200000000|17.3800000000|17.4200000000|1278300|22251842.0000|17.4200000000
15000000|17.4200000000|17.4200000000|17.4000000000|17.4000000000|1170700|20376763.0000|17.4000000000
