09350000|13.3000000000|13.3700000000|13.2500000000|13.3100000000|3229400|42948704.0000|13.3100000000
09400000|13.3200000000|13.3500000000|13.2400000000|13.3200000000|2117600|28143672.0000|13.3200000000
09450000|13.3100000000|13.3800000000|13.3000000000|13.3100000000|1540600|20551960.0000|13.3100000000
09500000|13.3200000000|13.3300000000|13.3000000000|13.3200000000|1079900|14373272.0000|13.3200000000
09550000|13.3200000000|13.3700000000|13.2500000000|13.2700000000|1412100|18781904.0000|13.2700000000
10000000|13.2700000000|13.3500000000|13.2600000000|13.3300000000|1038100|13820136.0000|13.3300000000
10050000|13.3400000000|13.3400000000|13.3100000000|13.3100000000|942700|12557952.0000|13.3100000000
10100000|13.3100000000|13.3100000000|13.2600000000|13.2600000000|1247700|16569872.0000|13.2600000000
10150000|13.2600000000|13.2700000000|13.2300000000|13.2500000000|1308100|17325888.0000|13.2500000000
10200000|13.2400000000|13.2700000000|13.2400000000|13.2600000000|592500|7851360.0000|13.2600000000
10250000|13.2700000000|13.3000000000|13.2700000000|13.2900000000|539900|7169296.0000|13.2900000000
10300000|13.2900000000|13.3000000000|13.2600000000|13.2900000000|656900|8721072.0000|13.2900000000
10350000|13.2900000000|13.3000000000|13.2600000000|13.2900000000|1144900|15195312.0000|13.2900000000
10400000|13.2900000000|13.3000000000|13.2500000000|13.2600000000|440400|5848160.0000|13.2600000000
10450000|13.2500000000|13.2700000000|13.2400000000|13.2500000000|639200|8469056.0000|13.2500000000
10500000|13.2400000000|13.2500000000|13.2100000000|13.2400000000|1241500|16418672.0000|13.2400000000
10550000|13.2300000000|13.2500000000|13.2100000000|13.2200000000|1009600|13345712.0000|13.2200000000
11000000|13.2200000000|13.2300000000|13.2000000000|13.2000000000|954800|12614272.0000|13.2000000000
11050000|13.2000000000|13.2200000000|13.1700000000|13.2100000000|2001900|26414912.0000|13.2100000000
11100000|13.2100000000|13.2500000000|13.2000000000|13.2500000000|630400|8338688.0000|13.2500000000
11150000|13.2300000000|13.2800000000|13.2300000000|13.2800000000|513700|6814720.0000|13.2800000000
11200000|13.2700000000|13.2900000000|13.2600000000|13.2800000000|524300|6960640.0000|13.2800000000
11250000|13.2800000000|13.3100000000|13.2600000000|13.2900000000|577100|7668960.0000|13.2900000000
11300000|13.3000000000|13.3700000000|13.2900000000|13.3600000000|2024900|26994912.0000|13.3600000000
13050000|13.3700000000|13.4100000000|13.3400000000|13.3500000000|2335300|31238624.0000|13.3500000000
13100000|13.3500000000|13.3700000000|13.3300000000|13.3600000000|732200|9773344.0000|13.3600000000
13150000|13.3600000000|13.3700000000|13.3400000000|13.3700000000|732800|9785376.0000|13.3700000000
13200000|13.3700000000|13.3700000000|13.3300000000|13.3300000000|716500|9564544.0000|13.3300000000
13250000|13.3300000000|13.3400000000|13.3000000000|13.3100000000|567100|7555968.0000|13.3100000000
13300000|13.3100000000|13.3200000000|13.2900000000|13.3000000000|580300|7718048.0000|13.3000000000
13350000|13.2900000000|13.3100000000|13.2800000000|13.3000000000|555800|7389120.0000|13.3000000000
13400000|13.3000000000|13.3500000000|13.3000000000|13.3400000000|485700|6476864.0000|13.3400000000
13450000|13.3400000000|13.3500000000|13.3000000000|13.3300000000|486400|6487232.0000|13.3300000000
13500000|13.3200000000|13.3500000000|13.3200000000|13.3400000000|279600|3728384.0000|13.3400000000
13550000|13.3400000000|13.3700000000|13.3200000000|13.3400000000|1020400|13624864.0000|13.3400000000
14000000|13.3400000000|13.3600000000|13.3300000000|13.3300000000|427500|5704512.0000|13.3300000000
14050000|13.3500000000|13.3500000000|13.3000000000|13.3400000000|945600|12594528.0000|13.3400000000
14100000|13.3400000000|13.3500000000|13.3300000000|13.3300000000|646700|8625792.0000|13.3300000000
14150000|13.3300000000|13.3500000000|13.3200000000|13.3300000000|466700|6224352.0000|13.3300000000
14200000|13.3300000000|13.3400000000|13.3100000000|13.3100000000|555300|7400416.0000|13.3100000000
14250000|13.3100000000|13.3500000000|13.3000000000|13.3400000000|713400|9504320.0000|13.3400000000
14300000|13.3500000000|13.3500000000|13.3100000000|13.3400000000|830300|11067360.0000|13.3400000000
14350000|13.3400000000|13.3400000000|13.3100000000|13.3100000000|779500|10389374.0000|13.3100000000
14400000|13.3200000000|13.3300000000|13.3000000000|13.3300000000|833100|11098365.0000|13.3300000000
14450000|13.3300000000|13.3500000000|13.3200000000|13.3300000000|995200|13269695.0000|13.3300000000
14500000|13.3300000000|13.3500000000|13.3200000000|13.3500000000|998900|13322110.0000|13.3500000000
14550000|13.3400000000|13.3400000000|13.3000000000|13.3000000000|1836800|24470028.0000|13.3000000000
15000000|13.3100000000|13.3100000000|13.2900000000|13.2900000000|1269400|16877374.0000|13.2900000000
