09350000|12.0900000000|12.5800000000|11.9300000000|12.5200000000|18933866|232896622.0000|12.5200000000
09400000|12.5200000000|12.5500000000|12.3700000000|12.5100000000|12789947|159559154.0000|12.5100000000
09450000|12.5100000000|12.5100000000|12.3800000000|12.4500000000|5811412|72357328.0000|12.4500000000
09500000|12.4400000000|12.4400000000|12.2500000000|12.2800000000|5929000|73058816.0000|12.2800000000
09550000|12.2700000000|12.3100000000|12.2100000000|12.3000000000|4466708|54769504.0000|12.3000000000
10000000|12.3000000000|12.3400000000|12.2500000000|12.2900000000|2933170|36076912.0000|12.2900000000
10050000|12.2900000000|12.4100000000|12.2900000000|12.3600000000|3449140|42650736.0000|12.3600000000
10100000|12.3600000000|12.4900000000|12.3600000000|12.4500000000|3720000|46291120.0000|12.4500000000
10150000|12.4500000000|12.4900000000|12.4100000000|12.4600000000|2989800|37227584.0000|12.4600000000
10200000|12.4700000000|12.5000000000|12.4400000000|12.5000000000|2897943|36149760.0000|12.5000000000
10250000|12.5000000000|12.5500000000|12.4700000000|12.5200000000|5150211|64464832.0000|12.5200000000
10300000|12.5200000000|12.5200000000|12.4100000000|12.4200000000|1999257|24908432.0000|12.4200000000
10350000|12.4300000000|12.4800000000|12.4200000000|12.4800000000|1155400|14402368.0000|12.4800000000
10400000|12.4800000000|12.4900000000|12.4100000000|12.4100000000|1471601|18334320.0000|12.4100000000
10450000|12.4100000000|12.4800000000|12.4000000000|12.4600000000|1567943|19495136.0000|12.4600000000
10500000|12.4500000000|12.4500000000|12.4100000000|12.4100000000|1028500|12781664.0000|12.4100000000
10550000|12.4100000000|12.4500000000|12.4100000000|12.4400000000|1079487|13413536.0000|12.4400000000
11000000|12.4500000000|12.9500000000|12.4200000000|12.9500000000|11892649|150656240.0000|12.9500000000
11050000|12.9400000000|13.3000000000|12.9200000000|13.2200000000|22981487|300692304.0000|13.2200000000
11100000|13.2300000000|13.2300000000|13.0200000000|13.0900000000|7911500|103931792.0000|13.0900000000
11150000|13.0900000000|13.0900000000|12.9900000000|12.9900000000|3614500|47107120.0000|12.9900000000
11200000|12.9800000000|13.0600000000|12.9500000000|13.0100000000|3010896|39142640.0000|13.0100000000
11250000|13.0100000000|13.3900000000|13.0000000000|13.3900000000|32136288|428805280.0000|13.3900000000
11300000|13.3900000000|13.3900000000|13.3900000000|13.3900000000|4957396|66379536.0000|13.3900000000
13050000|13.3900000000|13.3900000000|13.3900000000|13.3900000000|6437652|86200160.0000|13.3900000000
13100000|13.3900000000|13.3900000000|13.3900000000|13.3900000000|1455850|19493824.0000|13.3900000000
13150000|13.3900000000|13.3900000000|13.3900000000|13.3900000000|956200|12803520.0000|13.3900000000
13200000|13.3900000000|13.3900000000|13.3900000000|13.3900000000|761600|10197824.0000|13.3900000000
13250000|13.3900000000|13.3900000000|13.3900000000|13.3900000000|545200|7300224.0000|13.3900000000
13300000|13.3900000000|13.3900000000|13.3900000000|13.3900000000|539500|7223904.0000|13.3900000000
13350000|13.3900000000|13.3900000000|13.3900000000|13.3900000000|522500|6996288.0000|13.3900000000
13400000|13.3900000000|13.3900000000|13.3900000000|13.3900000000|272700|3651440.0000|13.3900000000
13450000|13.3900000000|13.3900000000|13.3900000000|13.3900000000|595700|7976432.0000|13.3900000000
13500000|13.3900000000|13.3900000000|13.3900000000|13.3900000000|470800|6304016.0000|13.3900000000
13550000|13.3900000000|13.3900000000|13.3900000000|13.3900000000|280600|3757232.0000|13.3900000000
14000000|13.3900000000|13.3900000000|13.3900000000|13.3900000000|624400|8360704.0000|13.3900000000
14050000|13.3900000000|13.3900000000|13.3900000000|13.3900000000|255600|3422496.0000|13.3900000000
14100000|13.3900000000|13.3900000000|13.3900000000|13.3900000000|560300|7502416.0000|13.3900000000
14150000|13.3900000000|13.3900000000|13.3900000000|13.3900000000|262700|3517552.0000|13.3900000000
14200000|13.3900000000|13.3900000000|13.3900000000|13.3900000000|335300|4489664.0000|13.3900000000
14250000|13.3900000000|13.3900000000|13.3900000000|13.3900000000|174500|2336560.0000|13.3900000000
14300000|13.3900000000|13.3900000000|13.3900000000|13.3900000000|148100|1983056.0000|13.3900000000
14350000|13.3900000000|13.3900000000|13.3900000000|13.3900000000|348700|4669088.0000|13.3900000000
14400000|13.3900000000|13.3900000000|13.3900000000|13.3900000000|286400|3834896.0000|13.3900000000
14450000|13.3900000000|13.3900000000|13.3900000000|13.3900000000|190300|2548112.0000|13.3900000000
14500000|13.3900000000|13.3900000000|13.3900000000|13.3900000000|385100|5156496.0000|13.3900000000
14550000|13.3900000000|13.3900000000|13.3900000000|13.3900000000|302100|4045120.0000|13.3900000000
15000000|13.3900000000|13.3900000000|13.3900000000|13.3900000000|650200|8706176.0000|13.3900000000
