09350000|8.5787029600|8.6556420000|8.5787029600|8.6364072400|705300|6312096.0000|8.6364072400
09400000|8.6171724800|8.6460246200|8.5594682000|8.5594682000|618900|5536266.0000|8.5594682000
09450000|8.5690855800|8.5979377200|8.5498508200|8.5690855800|532800|4749843.0000|8.5690855800
09500000|8.5787029600|8.5979377200|8.5594682000|8.5787029600|253000|2257049.0000|8.5787029600
09550000|8.5787029600|8.7229636600|8.5690855800|8.7037289000|947600|8554927.0000|8.7037289000
10000000|8.7133462800|8.7421984200|8.6941115200|8.7325810400|938000|8502744.0000|8.7325810400
10050000|8.7229636600|8.7325810400|8.7037289000|8.7133462800|625400|5668106.0000|8.7133462800
10100000|8.7229636600|8.7325810400|8.6844941400|8.6844941400|380600|3449577.0000|8.6844941400
10150000|8.6844941400|8.6941115200|8.6460246200|8.6556420000|534200|4817426.0000|8.6556420000
10200000|8.6652593800|8.6844941400|8.6556420000|8.6844941400|298100|2687984.0000|8.6844941400
10250000|8.6844941400|8.6941115200|8.6748767600|8.6941115200|185847|1678404.0000|8.6941115200
10300000|8.6941115200|8.6941115200|8.6460246200|8.6556420000|259200|2335551.0000|8.6556420000
10350000|8.6556420000|8.6748767600|8.6460246200|8.6652593800|285900|2575450.0000|8.6652593800
10400000|8.6652593800|8.6652593800|8.6267898600|8.6267898600|260100|2337456.0000|8.6267898600
10450000|8.6267898600|8.6748767600|8.6267898600|8.6748767600|187200|1684488.0000|8.6748767600
10500000|8.6748767600|8.6844941400|8.6556420000|8.6652593800|142600|1286055.0000|8.6652593800
10550000|8.6652593800|8.6844941400|8.6556420000|8.6844941400|111800|1007726.0000|8.6844941400
11000000|8.6844941400|8.6941115200|8.6652593800|8.6941115200|226000|2039035.0000|8.6941115200
11050000|8.6844941400|8.6941115200|8.6556420000|8.6652593800|240100|2165995.0000|8.6652593800
11100000|8.6556420000|8.6748767600|8.6556420000|8.6556420000|157600|1419792.0000|8.6556420000
11150000|8.6556420000|8.6652593800|8.6460246200|8.6556420000|109100|981790.0000|8.6556420000
11200000|8.6556420000|8.6748767600|8.6364072400|8.6748767600|245000|2204868.0000|8.6748767600
11250000|8.6748767600|8.7133462800|8.6556420000|8.7133462800|490836|4429787.0000|8.7133462800
11300000|8.7133462800|8.7902853200|8.7133462800|8.7902853200|1416200|12889760.0000|8.7902853200
13050000|8.7806679400|8.7999027000|8.7518158000|8.7518158000|927236|8465063.0000|8.7518158000
13100000|8.7518158000|8.7518158000|8.7229636600|8.7325810400|289600|2629829.0000|8.7325810400
13150000|8.7325810400|8.7518158000|8.7133462800|8.7421984200|366864|3331149.0000|8.7421984200
13200000|8.7421984200|8.7518158000|8.6941115200|8.7421984200|348700|3162876.0000|8.7421984200
13250000|8.7421984200|8.7421984200|8.7133462800|8.7325810400|125000|1134661.0000|8.7325810400
13300000|8.7325810400|8.7421984200|8.7037289000|8.7037289000|307100|2785730.0000|8.7037289000
13350000|8.7133462800|8.7133462800|8.6844941400|8.6941115200|238400|2155354.0000|8.6941115200
13400000|8.6941115200|8.7037289000|8.6556420000|8.6556420000|501600|4523667.0000|8.6556420000
13450000|8.6652593800|8.6652593800|8.6267898600|8.6364072400|284900|2562265.0000|8.6364072400
13500000|8.6267898600|8.6652593800|8.6267898600|8.6556420000|337600|3036073.0000|8.6556420000
13550000|8.6652593800|8.6844941400|8.6556420000|8.6748767600|173100|1559888.0000|8.6748767600
14000000|8.6748767600|8.6748767600|8.6460246200|8.6556420000|171700|1545849.0000|8.6556420000
14050000|8.6556420000|8.6652593800|8.6364072400|8.6460246200|316400|2846081.0000|8.6460246200
14100000|8.6460246200|8.6460246200|8.6171724800|8.6171724800|167500|1502758.0000|8.6171724800
14150000|8.6171724800|8.6460246200|8.6171724800|8.6364072400|128500|1153350.0000|8.6364072400
14200000|8.6364072400|8.6460246200|8.6267898600|8.6364072400|223300|2005937.0000|8.6364072400
14250000|8.6364072400|8.6460246200|8.6267898600|8.6267898600|98300|882603.0000|8.6267898600
14300000|8.6364072400|8.6364072400|8.5979377200|8.5979377200|368700|3300683.0000|8.5979377200
14350000|8.6171724800|8.6556420000|8.5979377200|8.6556420000|273000|2448330.0000|8.6556420000
14400000|8.6556420000|8.6556420000|8.5883203400|8.5979377200|281800|2523753.0000|8.5979377200
14450000|8.5883203400|8.5979377200|8.5787029600|8.5787029600|461200|4116990.0000|8.5787029600
14500000|8.5787029600|8.5883203400|8.5594682000|8.5690855800|499500|4452391.0000|8.5690855800
14550000|8.5690855800|8.5787029600|8.5498508200|8.5498508200|341900|3042335.0000|8.5498508200
15000000|8.5498508200|8.5594682000|8.5498508200|8.5594682000|315400|2805801.0000|8.5594682000
