093500|52.3500|52.6000|51.9800|52.2500|351190|18339092.0000|52.2500
094000|52.3000|52.6900|52.2700|52.4400|232660|12230911.0000|52.4400
094500|52.4300|52.4300|52.2000|52.4000|326275|17065704.0000|52.4000
095000|52.3200|52.5800|52.3200|52.3600|136560|7163684.0000|52.3600
095500|52.3300|52.5500|52.3100|52.5500|161440|8463404.0000|52.5500
100000|52.5600|52.8500|52.5000|52.7100|238530|12562152.0000|52.7100
100500|52.7200|52.7600|52.6000|52.7600|114740|6045217.0000|52.7600
101000|52.7700|52.9600|52.7000|52.8400|218320|11534252.0000|52.8400
101500|52.8400|52.9000|52.7500|52.7500|106860|5646536.0000|52.7500
102000|52.7500|52.7500|52.5600|52.5700|96020|5052288.0000|52.5700
102500|52.5700|52.5700|52.4100|52.4700|86840|4558818.0000|52.4700
103000|52.4700|52.6000|52.4000|52.6000|71500|3749783.0000|52.6000
103500|52.6000|52.6000|52.4100|52.4100|49700|2609259.0000|52.4100
104000|52.4100|52.4100|52.3500|52.3600|86600|4535349.0000|52.3600
104500|52.3700|52.4100|52.3100|52.4100|57901|3031175.0000|52.4100
105000|52.4100|52.4600|52.3100|52.3100|42800|2242397.0000|52.3100
105500|52.3100|52.3100|52.2700|52.3000|41040|2145922.0000|52.3000
110000|52.3000|52.3500|52.2800|52.3300|37880|1981580.0000|52.3300
110500|52.3300|52.3700|52.3000|52.3600|34580|1809269.0000|52.3600
111000|52.3600|52.5800|52.3300|52.4300|30760|1612603.0000|52.4300
111500|52.4300|52.6200|52.3700|52.5000|46040|2415130.0000|52.5000
112000|52.4400|52.5200|52.3900|52.4000|33460|1754213.0000|52.4000
112500|52.4000|52.4000|52.3100|52.3100|22680|1187759.0000|52.3100
113000|52.3100|52.4800|52.3000|52.4500|35880|1879488.0000|52.4500
130500|52.4400|52.4500|52.3600|52.3800|42920|2249824.0000|52.3800
131000|52.3800|52.3800|52.3000|52.3400|26380|1380674.0000|52.3400
131500|52.3500|52.3900|52.3000|52.3100|60060|3144142.0000|52.3100
132000|52.3000|52.3100|52.2500|52.2600|48060|2512431.0000|52.2600
132500|52.2400|52.2600|52.1000|52.1100|65100|3395930.0000|52.1100
133000|52.1200|52.2000|52.1000|52.1500|35496|1850572.0000|52.1500
133500|52.1300|52.1800|52.1200|52.1500|37740|1967977.0000|52.1500
134000|52.1500|52.1700|52.1100|52.1700|47862|2496060.0000|52.1700
134500|52.1700|52.1800|52.1500|52.1700|32100|1674496.0000|52.1700
135000|52.1700|52.1700|52.1100|52.1300|31100|1621799.0000|52.1300
135500|52.1300|52.1300|52.0700|52.0800|34900|1818404.0000|52.0800
140000|52.0700|52.0800|52.0000|52.0100|89800|4671175.0000|52.0100
140500|52.0000|52.1000|51.6900|51.9000|163470|8479957.0000|51.9000
141000|51.8900|51.9800|51.8000|51.8000|47400|2459266.0000|51.8000
141500|51.8000|52.0200|51.8000|51.9700|63840|3313707.0000|51.9700
142000|51.9500|52.0000|51.8100|51.8200|39000|2023564.0000|51.8200
142500|51.8100|51.9000|51.8000|51.8700|64400|3337931.0000|51.8700
143000|51.8100|51.9500|51.8100|51.8700|56840|2947194.0000|51.8700
143500|51.9400|51.9400|51.7300|51.7500|95260|4935293.0000|51.7500
144000|51.7500|51.7500|51.6500|51.6500|102400|5293007.0000|51.6500
144500|51.6500|51.7000|51.5700|51.6500|109060|5632070.0000|51.6500
145000|51.6600|51.7700|51.6600|51.7600|72400|3743170.0000|51.7600
145500|51.7600|51.9500|51.6800|51.7800|153088|7933389.0000|51.7800
150000|51.7800|51.9200|51.7000|51.8000|135724|7026954.0000|51.8000
