093500|53.9500|54.0600|53.6900|53.9100|414000|22310728.0000|53.9100
094000|53.9100|54.0800|53.8100|54.0800|235900|12724804.0000|54.0800
094500|54.0800|54.2000|54.0500|54.1200|383400|20749288.0000|54.1200
095000|54.1200|54.1500|53.9800|54.0100|190100|10279644.0000|54.0100
095500|54.0100|54.0600|53.9000|54.0400|183000|9881568.0000|54.0400
100000|54.0400|54.3500|54.0400|54.3400|409700|22213728.0000|54.3400
100500|54.3400|54.4300|54.2800|54.2800|333000|18102024.0000|54.2800
101000|54.2800|54.4000|54.2600|54.3200|238200|12940432.0000|54.3200
101500|54.3100|54.3800|54.2800|54.2900|130800|7105688.0000|54.2900
102000|54.2900|54.3500|54.1900|54.3200|158100|8578880.0000|54.3200
102500|54.3200|54.3400|54.2200|54.3300|127300|6910416.0000|54.3300
103000|54.3300|54.6500|54.3000|54.6500|562100|30631152.0000|54.6500
103500|54.6500|54.8100|54.6000|54.6200|551000|30151152.0000|54.6200
104000|54.6100|54.8100|54.6100|54.7100|367200|20106384.0000|54.7100
104500|54.7100|54.8300|54.7100|54.8000|241600|13235776.0000|54.8000
105000|54.8000|54.8000|54.5600|54.6500|150700|8239152.0000|54.6500
105500|54.6400|54.6700|54.5000|54.6400|207800|11347616.0000|54.6400
110000|54.6400|54.6400|54.5100|54.5400|144100|7866336.0000|54.5400
110500|54.5400|54.5400|54.4200|54.5000|250800|13665120.0000|54.5000
111000|54.5000|54.5500|54.4300|54.4700|144100|7852384.0000|54.4700
111500|54.4700|54.4700|54.3300|54.3300|169000|9189216.0000|54.3300
112000|54.3300|54.3700|54.1900|54.2000|143400|7783200.0000|54.2000
112500|54.2000|54.2200|54.1400|54.2100|141500|7666304.0000|54.2100
113000|54.2100|54.2100|54.1300|54.1400|71500|3872928.0000|54.1400
130500|54.1400|54.2000|54.0900|54.1800|143000|7742816.0000|54.1800
131000|54.1800|54.1800|54.0900|54.1400|73800|3996992.0000|54.1400
131500|54.1500|54.1500|54.0400|54.1400|94900|5132864.0000|54.1400
132000|54.1400|54.1400|54.0500|54.1100|74300|4018304.0000|54.1100
132500|54.1100|54.1200|54.0400|54.0800|229000|12388800.0000|54.0800
133000|54.0800|54.0900|54.0400|54.0500|56400|3048704.0000|54.0500
133500|54.0500|54.0700|53.9500|54.0200|154700|8354432.0000|54.0200
134000|54.0200|54.0300|53.9300|53.9700|58900|3179232.0000|53.9700
134500|53.9700|53.9900|53.8500|53.8800|143700|7743872.0000|53.8800
135000|53.8700|53.9500|53.8500|53.9300|166500|8974784.0000|53.9300
135500|53.9600|53.9800|53.9000|53.9100|72000|3882752.0000|53.9100
140000|53.9100|53.9900|53.9000|53.9500|108600|5858976.0000|53.9500
140500|53.9500|54.0000|53.9300|53.9700|99600|5369344.0000|53.9700
141000|53.9700|53.9700|53.9400|53.9700|49100|2649248.0000|53.9700
141500|53.9700|53.9700|53.9300|53.9300|58400|3150560.0000|53.9300
142000|53.9300|53.9600|53.9100|53.9200|55100|2972032.0000|53.9200
142500|53.9200|53.9500|53.8800|53.9300|85700|4622304.0000|53.9300
143000|53.9400|53.9500|53.8800|53.8900|57100|3077952.0000|53.8900
143500|53.8900|53.8900|53.7200|53.7200|353100|18992064.0000|53.7200
144000|53.7200|53.7700|53.6800|53.6800|312000|16752448.0000|53.6800
144500|53.6800|53.8000|53.6500|53.7900|200100|10753120.0000|53.7900
145000|53.7900|53.7900|53.6800|53.7500|160400|8616032.0000|53.7500
145500|53.7500|53.7500|53.6600|53.6800|216600|11630784.0000|53.6800
150000|53.6800|53.7700|53.6600|53.7700|151700|8153536.0000|53.7700
