093500|56.1900|56.2500|56.0900|56.2100|504921|28373316.8900|56.2100
094000|56.2000|56.2000|56.0900|56.1700|267620|15024085.7900|56.1700
094500|56.1600|56.2100|56.1000|56.2000|221100|12412803.6000|56.2000
095000|56.2000|56.2400|56.1200|56.1400|169640|9532784.6000|56.1400
095500|56.1500|56.1900|56.1300|56.1900|190649|10705041.3500|56.1900
100000|56.1900|56.2000|56.1600|56.1900|217000|12191280.8000|56.1900
100500|56.1900|56.2400|56.1900|56.2000|156380|8790063.8000|56.2000
101000|56.1900|56.2900|56.1900|56.2900|112120|6305812.0000|56.2900
101500|56.2900|56.4300|56.2700|56.4300|200020|11268570.8000|56.4300
102000|56.4300|56.4700|56.3300|56.3600|261600|14755320.6000|56.3600
102500|56.3600|56.3700|56.2600|56.2600|265640|14963781.8000|56.2600
103000|56.2800|56.2800|56.1800|56.2100|235060|13215046.2000|56.2100
103500|56.2200|56.3400|56.2000|56.2500|174140|9794949.4000|56.2500
104000|56.2400|56.3100|56.2000|56.2200|151900|8545201.0000|56.2200
104500|56.2200|56.2300|56.1600|56.2100|163820|9207063.4000|56.2100
105000|56.2000|56.2100|56.1700|56.2000|107800|6057579.8000|56.2000
105500|56.1800|56.2900|56.1800|56.2300|111600|6275828.0000|56.2300
110000|56.2300|56.2900|56.2100|56.2200|111380|6265077.8000|56.2200
110500|56.2100|56.2300|56.1900|56.1900|91720|5155054.2000|56.1900
111000|56.2000|56.2200|56.1800|56.1800|115400|6485163.4100|56.1800
111500|56.1900|56.2100|56.1800|56.1800|84600|4753416.0000|56.1800
112000|56.1900|56.2200|56.1800|56.2100|80959|4549862.4100|56.2100
112500|56.2100|56.2100|56.1200|56.1200|251480|14123686.8000|56.1200
113000|56.1300|56.1500|56.1100|56.1300|134100|7526109.2000|56.1300
130500|56.1500|56.1700|56.1100|56.1400|142940|8023926.6000|56.1400
131000|56.1600|56.2800|56.1400|56.2800|137620|7737964.4000|56.2800
131500|56.2900|56.2900|56.2200|56.2300|94200|5298776.0000|56.2300
132000|56.2100|56.2300|56.1800|56.2000|45740|2570438.0000|56.2000
132500|56.2000|56.2200|56.1800|56.2000|81280|4567744.4000|56.2000
133000|56.1900|56.2300|56.1900|56.2000|53660|3015683.4000|56.2000
133500|56.2000|56.2300|56.1800|56.1800|94460|5308670.2000|56.1800
134000|56.1800|56.1800|56.1200|56.1200|178760|10038014.4000|56.1200
134500|56.1200|56.1400|56.1000|56.1000|228775|12838859.7000|56.1000
135000|56.1100|56.1100|56.0300|56.0700|353345|19817102.5000|56.0700
135500|56.0700|56.0900|56.0000|56.0200|404640|22670251.0000|56.0200
140000|56.0200|56.1100|56.0100|56.0400|136500|7649640.0000|56.0400
140500|56.0700|56.1400|56.0300|56.1300|105100|5894648.0000|56.1300
141000|56.1400|56.1400|56.0900|56.1300|89200|5004737.0000|56.1300
141500|56.1100|56.2000|56.1000|56.1500|143807|8076879.4900|56.1500
142000|56.1500|56.2000|56.1000|56.1300|124300|6981836.8000|56.1300
142500|56.1200|56.1900|56.1200|56.1600|104700|5880365.0000|56.1600
143000|56.1600|56.2000|56.1500|56.1900|97300|5465972.2000|56.1900
143500|56.1900|56.2200|56.1600|56.2000|126480|7107021.6000|56.2000
144000|56.2000|56.2100|56.1400|56.1900|189800|10663354.4000|56.1900
144500|56.2000|56.2300|56.1700|56.1800|155100|8717131.0000|56.1800
145000|56.1800|56.2300|56.1600|56.1600|153360|8618279.2000|56.1600
145500|56.1900|56.2200|56.1600|56.2100|155800|8754830.0000|56.2100
150000|56.2000|56.2200|56.1900|56.2200|130920|7359223.6000|56.2200
