093500|15.4300|15.9500|15.3600|15.7700|6903970|108605081.0000|15.7700
094000|15.7800|15.8200|15.6800|15.8200|2719677|42774967.0000|15.8200
094500|15.7900|15.8000|15.6100|15.6200|2260500|35536522.0000|15.6200
095000|15.6000|15.8600|15.6000|15.8600|2516860|39656453.0000|15.8600
095500|15.8200|15.8500|15.7100|15.7600|1341340|21160770.0000|15.7600
100000|15.7500|15.8200|15.7100|15.7900|1256994|19813541.0000|15.7900
100500|15.7900|15.8100|15.7200|15.7200|1320900|20826122.0000|15.7200
101000|15.7200|15.7200|15.6300|15.6700|1256600|19684080.0000|15.6700
101500|15.6600|15.7200|15.6200|15.6800|1019551|15966480.0000|15.6800
102000|15.6700|15.8200|15.6000|15.8100|1739582|27319488.0000|15.8100
102500|15.8000|16.0500|15.7500|16.0500|4644820|73883888.0000|16.0500
103000|16.0500|16.0700|15.9500|15.9700|2516811|40294416.0000|15.9700
103500|15.9700|15.9900|15.8500|15.9800|1582593|25205744.0000|15.9800
104000|15.9700|16.0400|15.9700|16.0000|1869212|29924976.0000|16.0000
104500|16.0100|16.1200|15.9800|16.0900|1799600|28896368.0000|16.0900
105000|16.0800|16.0800|15.9800|16.0300|1148400|18390480.0000|16.0300
105500|16.0400|16.0400|15.9100|15.9200|799000|12762800.0000|15.9200
110000|15.9100|15.9200|15.8500|15.8900|883100|14026992.0000|15.8900
110500|15.8900|15.9600|15.8700|15.9500|631300|10046768.0000|15.9500
111000|15.9600|15.9700|15.8800|15.8900|378400|6027424.0000|15.8900
111500|15.8900|15.9100|15.8800|15.8800|451800|7180624.0000|15.8800
112000|15.8700|15.9600|15.8700|15.9600|325500|5180288.0000|15.9600
112500|15.9600|15.9700|15.9100|15.9200|422200|6730672.0000|15.9200
113000|15.9300|16.0200|15.9200|15.9800|745500|11918160.0000|15.9800
130500|15.9900|15.9900|15.9000|15.9200|528560|8423568.0000|15.9200
131000|15.9200|15.9900|15.9100|15.9900|297040|4742272.0000|15.9900
131500|15.9900|15.9900|15.9200|15.9300|320500|5114096.0000|15.9300
132000|15.9200|15.9800|15.9100|15.9500|332100|5299648.0000|15.9500
132500|15.9300|16.0300|15.9300|16.0100|735600|11765056.0000|16.0100
133000|16.0100|16.0200|15.9800|15.9900|312400|4996640.0000|15.9900
133500|15.9900|16.0000|15.9500|15.9900|333142|5322112.0000|15.9900
134000|15.9900|16.0600|15.9900|16.0400|737400|11818976.0000|16.0400
134500|16.0400|16.0400|15.9900|16.0300|654500|10482368.0000|16.0300
135000|16.0300|16.0400|16.0200|16.0200|365300|5855248.0000|16.0200
135500|16.0300|16.0500|16.0100|16.0200|439000|7036416.0000|16.0200
140000|16.0200|16.1000|16.0200|16.0800|1240400|19936336.0000|16.0800
140500|16.0700|16.0800|16.0100|16.0300|611400|9813696.0000|16.0300
141000|16.0200|16.0300|16.0000|16.0000|367900|5891680.0000|16.0000
141500|16.0000|16.0000|15.9700|15.9900|466100|7452416.0000|15.9900
142000|15.9800|16.0800|15.9800|16.0300|531682|8525728.0000|16.0300
142500|16.0200|16.1100|16.0200|16.1000|913500|14687504.0000|16.1000
143000|16.0900|16.1000|16.0700|16.1000|581405|9351440.0000|16.1000
143500|16.1000|16.1200|16.0600|16.0700|1210395|19485680.0000|16.0700
144000|16.0600|16.1000|16.0600|16.1000|465500|7484944.0000|16.1000
144500|16.0900|16.1100|16.0800|16.1100|782000|12585200.0000|16.1100
145000|16.1000|16.1100|16.0900|16.1000|1200052|19322688.0000|16.1000
145500|16.0900|16.1100|16.0600|16.0900|1643929|26449840.0000|16.0900
150000|16.0800|16.1100|16.0800|16.1000|1509700|24303136.0000|16.1000
