093500|25.8300|25.8300|25.4500|25.5500|1762500|45078028.0000|25.5500
094000|25.5600|25.5600|25.0700|25.1400|2530600|64033996.0000|25.1400
094500|25.1400|25.1700|25.0100|25.0500|2168700|54411320.0000|25.0500
095000|25.0600|25.2800|25.0600|25.1500|779700|19647456.0000|25.1500
095500|25.1500|25.2700|25.0800|25.2700|725800|18266912.0000|25.2700
100000|25.2600|25.4600|25.2600|25.3400|662500|16822816.0000|25.3400
100500|25.3400|25.3800|25.3000|25.3600|369400|9355296.0000|25.3600
101000|25.3900|25.5700|25.3900|25.5700|675000|17183408.0000|25.5700
101500|25.5900|25.6300|25.4700|25.5500|699900|17895072.0000|25.5500
102000|25.5500|25.5700|25.4500|25.5100|444500|11336064.0000|25.5100
102500|25.4500|25.5300|25.4400|25.4900|294800|7516192.0000|25.4900
103000|25.4800|25.5200|25.4300|25.5200|241100|6142176.0000|25.5200
103500|25.4900|25.5200|25.4000|25.4700|293500|7475552.0000|25.4700
104000|25.4900|25.5300|25.4500|25.4700|204700|5220032.0000|25.4700
104500|25.4700|25.5300|25.4600|25.4800|132600|3379680.0000|25.4800
105000|25.4800|25.6100|25.4700|25.6100|344800|8812160.0000|25.6100
105500|25.6100|25.6100|25.4800|25.5400|191400|4887872.0000|25.5400
110000|25.5300|25.6000|25.4000|25.4700|431800|10998912.0000|25.4700
110500|25.4200|25.5000|25.2500|25.2500|896000|22700128.0000|25.2500
111000|25.2700|25.2700|25.1900|25.2300|573400|14466368.0000|25.2300
111500|25.2300|25.2400|25.1900|25.2000|339800|8567680.0000|25.2000
112000|25.2100|25.2600|25.2100|25.2200|550900|13903104.0000|25.2200
112500|25.2200|25.2400|25.1900|25.1900|339500|8556672.0000|25.1900
113000|25.1900|25.2700|25.1800|25.2500|187600|4728864.0000|25.2500
130500|25.2300|25.3000|25.2000|25.2900|347100|8763232.0000|25.2900
131000|25.2700|25.4500|25.2700|25.4100|337700|8578752.0000|25.4100
131500|25.4100|25.4600|25.2900|25.2900|297200|7543616.0000|25.2900
132000|25.2900|25.4300|25.2700|25.3900|172200|4365440.0000|25.3900
132500|25.3800|25.3800|25.2200|25.2300|297300|7522240.0000|25.2300
133000|25.2200|25.3100|25.2100|25.2500|289000|7292544.0000|25.2500
133500|25.2600|25.3000|25.2100|25.2900|242600|6124896.0000|25.2900
134000|25.2900|25.3800|25.2600|25.3000|190400|4818624.0000|25.3000
134500|25.2800|25.3200|25.2500|25.2700|143300|3621760.0000|25.2700
135000|25.2700|25.2700|25.0800|25.0800|686700|17282912.0000|25.0800
135500|25.0800|25.1800|25.0700|25.1600|353600|8885152.0000|25.1600
140000|25.1700|25.2000|25.1300|25.1800|242600|6102880.0000|25.1800
140500|25.1800|25.2800|25.1700|25.2800|252100|6357056.0000|25.2800
141000|25.2600|25.2800|25.2100|25.2300|193100|4875264.0000|25.2300
141500|25.2400|25.3500|25.2400|25.3400|296100|7485760.0000|25.3400
142000|25.3500|25.4300|25.3500|25.4300|442200|11232736.0000|25.4300
142500|25.4300|25.4400|25.3600|25.3600|311600|7911200.0000|25.3600
143000|25.3600|25.4100|25.3400|25.3700|272000|6899520.0000|25.3700
143500|25.3600|25.3700|25.3000|25.3500|276400|7005696.0000|25.3500
144000|25.3600|25.3600|25.2300|25.2500|441500|11156091.0000|25.2500
144500|25.2500|25.2800|25.2000|25.2100|598300|15096459.0000|25.2100
145000|25.2200|25.2400|25.2000|25.2100|539800|13611508.0000|25.2100
145500|25.2100|25.3500|25.2000|25.2600|643600|16240716.0000|25.2600
150000|25.2600|25.2700|25.2300|25.2400|566100|14290496.0000|25.2400
