093500|47.09|47.32|46.56|46.67|7545.0|35416977.0|46.75
094000|46.66|46.81|46.5|46.56|5762.0|26878015.0|46.67
094500|46.57|46.68|46.52|46.63|3356.0|15628704.0|46.56
095000|46.63|46.93|46.63|46.66|3586.0|16776488.0|46.63
095500|46.65|46.79|46.64|46.66|3736.0|17439977.0|46.66
100000|46.66|46.82|46.64|46.78|4661.0|21773763.0|46.66
100500|46.8|46.85|46.66|46.72|4379.0|20477846.0|46.78
101000|46.71|46.79|46.55|46.63|4926.0|22979181.0|46.72
101500|46.63|46.63|46.26|46.41|5297.0|24596803.0|46.63
102000|46.43|46.93|46.41|46.86|5424.0|25313141.0|46.41
102500|46.86|46.93|46.65|46.85|3033.0|14199550.0|46.86
103000|46.84|46.9|46.73|46.74|2863.0|13408469.0|46.85
103500|46.71|46.75|46.6|46.62|2826.0|13188279.0|46.74
104000|46.61|46.72|46.55|46.68|2574.0|12000374.0|46.62
104500|46.68|46.79|46.64|46.66|1834.0|8566316.0|46.68
105000|46.6|46.62|46.43|46.54|3178.0|14789704.0|46.66
105500|46.55|46.58|46.42|46.42|2075.0|9644359.0|46.54
110000|46.44|46.44|46.35|46.38|3286.0|15238451.0|46.42
110500|46.38|46.43|46.28|46.31|3080.0|14268118.0|46.38
111000|46.3|46.4|46.27|46.35|2025.0|9382898.0|46.31
111500|46.35|46.38|46.3|46.35|1523.0|7058202.0|46.35
112000|46.35|46.39|46.26|46.3|2266.0|10494495.0|46.35
112500|46.31|46.33|46.22|46.25|1623.0|7511006.0|46.3
113000|46.24|46.33|46.2|46.31|2006.0|9276617.0|46.25
130500|46.31|46.35|45.88|45.96|13558.0|62441947.0|46.31
131000|45.97|45.97|45.74|45.79|9907.0|45435673.0|45.96
131500|45.78|45.89|45.73|45.85|4800.0|21994721.0|45.79
132000|45.82|45.99|45.78|45.97|5114.0|23433782.0|45.85
132500|45.97|46.12|45.97|46.11|2985.0|13750460.0|45.97
133000|46.11|46.27|46.07|46.27|4305.0|19880136.0|46.11
133500|46.28|46.3|46.11|46.14|5081.0|23483681.0|46.27
134000|46.09|46.09|45.9|45.93|3630.0|16708958.0|46.14
134500|45.93|46.04|45.87|46.02|3753.0|17249147.0|45.93
135000|46.02|46.05|45.95|46.04|2312.0|10631228.0|46.02
135500|46.04|46.04|45.91|45.91|2154.0|9901845.0|46.04
140000|45.91|45.91|45.83|45.85|2241.0|10280500.0|45.91
140500|45.86|45.87|45.72|45.73|4337.0|19860909.0|45.85
141000|45.73|45.79|45.65|45.76|5042.0|23046997.0|45.73
141500|45.78|46.1|45.78|46.06|6037.0|27736056.0|45.76
142000|46.04|46.08|46.01|46.01|2286.0|10527738.0|46.06
142500|46.01|46.1|46.01|46.06|2326.0|10712839.0|46.01
143000|46.08|46.1|46.04|46.07|2252.0|10374933.0|46.06
143500|46.09|46.09|45.89|45.94|4842.0|22261770.0|46.07
144000|45.92|45.95|45.82|45.9|3462.0|15887515.0|45.94
144500|45.91|45.91|45.8|45.83|4632.0|21231351.0|45.9
145000|45.86|45.95|45.8|45.95|4844.0|22205580.0|45.83
145500|45.93|46.0|45.88|45.95|4953.0|22748285.0|45.95
150000|45.93|45.97|45.92|45.92|2706.0|12429513.0|45.95
