093500|8.2900|8.3300|8.2400|8.3100|6783300|56240412.0000|8.3100
094000|8.3100|8.3100|8.2500|8.2500|3632200|30047492.0000|8.2500
094500|8.2500|8.2700|8.2400|8.2400|4407500|36388760.0000|8.2400
095000|8.2400|8.2500|8.2100|8.2500|6102200|50197848.0000|8.2500
095500|8.2500|8.2500|8.2100|8.2100|3109300|25572880.0000|8.2100
100000|8.2100|8.2300|8.2000|8.2200|3429600|28166672.0000|8.2200
100500|8.2200|8.2300|8.1900|8.1900|3858200|31660624.0000|8.1900
101000|8.1900|8.2200|8.1800|8.2100|3520000|28835648.0000|8.2100
101500|8.2100|8.2200|8.1900|8.1900|1235800|10141312.0000|8.1900
102000|8.1900|8.2000|8.1600|8.1600|2773200|22676864.0000|8.1600
102500|8.1600|8.2000|8.1500|8.2000|3180000|25965024.0000|8.2000
103000|8.2000|8.2000|8.1700|8.2000|2483100|20314976.0000|8.2000
103500|8.2000|8.2200|8.1800|8.2000|1658100|13595904.0000|8.2000
104000|8.2000|8.2100|8.1900|8.1900|1073200|8799520.0000|8.1900
104500|8.1900|8.2100|8.1800|8.1800|919200|7532608.0000|8.1800
105000|8.1800|8.2000|8.1800|8.1900|745200|6100448.0000|8.1900
105500|8.1900|8.2000|8.1800|8.1900|679600|5565728.0000|8.1900
110000|8.1900|8.2100|8.1800|8.2000|876700|7187104.0000|8.2000
110500|8.2000|8.2100|8.1800|8.1800|599900|4913664.0000|8.1800
111000|8.1800|8.1900|8.1700|8.1700|658600|5387104.0000|8.1700
111500|8.1700|8.2000|8.1700|8.1700|1162000|9504960.0000|8.1700
112000|8.1700|8.1800|8.1700|8.1700|793300|6482720.0000|8.1700
112500|8.1700|8.1900|8.1700|8.1700|825200|6751904.0000|8.1700
113000|8.1700|8.1900|8.1700|8.1800|363600|2974528.0000|8.1800
130500|8.1900|8.1900|8.1600|8.1800|1872100|15300320.0000|8.1800
131000|8.1800|8.1800|8.1700|8.1700|534200|4367168.0000|8.1700
131500|8.1700|8.1800|8.1600|8.1700|827200|6756896.0000|8.1700
132000|8.1700|8.1800|8.1600|8.1600|581700|4750560.0000|8.1600
132500|8.1600|8.1700|8.1500|8.1600|2124200|17327648.0000|8.1600
133000|8.1600|8.1800|8.1600|8.1800|1041100|8501504.0000|8.1800
133500|8.1800|8.2100|8.1700|8.2100|1682800|13784352.0000|8.2100
134000|8.2100|8.2100|8.1800|8.2000|1131100|9273120.0000|8.2000
134500|8.2000|8.2100|8.1900|8.2000|886000|7267392.0000|8.2000
135000|8.2000|8.2100|8.1800|8.1900|640100|5245245.0000|8.1900
135500|8.1900|8.2300|8.1800|8.2300|2622100|21525116.0000|8.2300
140000|8.2300|8.2300|8.2100|8.2200|660400|5428549.0000|8.2200
140500|8.2200|8.2400|8.2100|8.2300|1135500|9340735.0000|8.2300
141000|8.2300|8.2300|8.2000|8.2100|1028000|8446979.0000|8.2100
141500|8.2100|8.2100|8.1900|8.1900|669000|5485892.0000|8.1900
142000|8.2000|8.2200|8.1900|8.2100|1236600|10143732.0000|8.2100
142500|8.2100|8.2200|8.1900|8.2000|680100|5577478.0000|8.2000
143000|8.2000|8.2000|8.1800|8.1800|922400|7550971.0000|8.1800
143500|8.1800|8.2000|8.1800|8.1800|1156700|9469708.0000|8.1800
144000|8.1800|8.1900|8.1800|8.1900|808400|6615923.0000|8.1900
144500|8.1900|8.1900|8.1700|8.1800|1259900|10306881.0000|8.1800
145000|8.1800|8.1800|8.1700|8.1700|1112000|9092737.0000|8.1700
145500|8.1700|8.1800|8.1600|8.1600|2654600|21680966.0000|8.1600
150000|8.1600|8.1700|8.1500|8.1600|3295800|26892608.0000|8.1600
