09350000|14.1209778800|14.1605047600|13.9925155200|14.1407413200|1561900|22270689.0000|14.1407413200
09400000|14.1407413200|14.1703864800|14.1012144400|14.1506230400|706700|10111102.0000|14.1506230400
09450000|14.1703864800|14.1703864800|14.1012144400|14.1407413200|691700|9889502.0000|14.1407413200
09500000|14.1407413200|14.1901499200|14.1110961600|14.1802682000|553809|7928857.0000|14.1802682000
09550000|14.1703864800|14.1901499200|14.1506230400|14.1802682000|491600|7046655.0000|14.1802682000
10000000|14.1802682000|14.2000316400|14.1605047600|14.1802682000|339600|4874800.0000|14.1802682000
10050000|14.1802682000|14.2000316400|14.1703864800|14.2000316400|188400|2702732.0000|14.2000316400
10100000|14.2000316400|14.2593219600|14.2000316400|14.2197950800|257900|3714624.0000|14.2197950800
10150000|14.2197950800|14.2395585200|14.2099133600|14.2296768000|67300|969306.0000|14.2296768000
10200000|14.2296768000|14.2988488400|14.2197950800|14.2790854000|514000|7418722.0000|14.2790854000
10250000|14.2790854000|14.2790854000|14.2494402400|14.2692036800|369400|5335359.0000|14.2692036800
10300000|14.2692036800|14.2692036800|14.2494402400|14.2494402400|107400|1549608.0000|14.2494402400
10350000|14.2494402400|14.2692036800|14.2296768000|14.2692036800|202900|2925728.0000|14.2692036800
10400000|14.2692036800|14.3284940000|14.2593219600|14.3186122800|413900|5984734.0000|14.3186122800
10450000|14.3186122800|14.4174294800|14.2988488400|14.4075477600|419700|6096534.0000|14.4075477600
10500000|14.4371929200|14.5261284000|14.4371929200|14.5063649600|1076476|15781683.0000|14.5063649600
10550000|14.5063649600|14.5261284000|14.4767198000|14.4964832400|463200|6794407.0000|14.4964832400
11000000|14.4866015200|14.5261284000|14.4668380800|14.5162466800|483600|7095648.0000|14.5162466800
11050000|14.5162466800|14.5458918400|14.4964832400|14.5261284000|408600|6003051.0000|14.5261284000
11100000|14.5261284000|14.5261284000|14.4866015200|14.4866015200|105400|1546491.0000|14.4866015200
11150000|14.4866015200|14.5063649600|14.4767198000|14.4866015200|213000|3123980.0000|14.4866015200
11200000|14.5261284000|14.5261284000|14.4668380800|14.4767198000|208700|3059929.0000|14.4767198000
11250000|14.4767198000|14.4767198000|14.3976660400|14.4273112000|230300|3362087.0000|14.4273112000
11300000|14.4273112000|14.4273112000|14.3976660400|14.3976660400|39800|580043.0000|14.3976660400
13050000|14.3976660400|14.3976660400|14.3680208800|14.3779026000|153900|2239894.0000|14.3779026000
13100000|14.3779026000|14.3976660400|14.3581391600|14.3581391600|113000|1643584.0000|14.3581391600
13150000|14.3581391600|14.4371929200|14.3482574400|14.4371929200|217221|3164166.0000|14.4371929200
13200000|14.4371929200|14.4470746400|14.3976660400|14.4174294800|149879|2186768.0000|14.4174294800
13250000|14.4174294800|14.4174294800|14.3779026000|14.4174294800|98600|1436709.0000|14.4174294800
13300000|14.4174294800|14.4371929200|14.3877843200|14.4174294800|159200|2322846.0000|14.4174294800
13350000|14.4174294800|14.4569563600|14.4075477600|14.4371929200|218500|3192912.0000|14.4371929200
13400000|14.4371929200|14.4569563600|14.4273112000|14.4470746400|122200|1785679.0000|14.4470746400
13450000|14.4470746400|14.4569563600|14.4075477600|14.4174294800|154200|2253057.0000|14.4174294800
13500000|14.4075477600|14.4174294800|14.3680208800|14.3877843200|140000|2039250.0000|14.3877843200
13550000|14.3877843200|14.4273112000|14.3680208800|14.4273112000|159500|2324909.0000|14.4273112000
14000000|14.4273112000|14.4273112000|14.4075477600|14.4075477600|109400|1595816.0000|14.4075477600
14050000|14.4075477600|14.4174294800|14.3877843200|14.3976660400|110400|1608599.0000|14.3976660400
14100000|14.3976660400|14.4075477600|14.3680208800|14.3877843200|121000|1761114.0000|14.3877843200
14150000|14.3779026000|14.3976660400|14.3680208800|14.3877843200|140367|2042754.0000|14.3877843200
14200000|14.3877843200|14.4174294800|14.3877843200|14.4075477600|96500|1406438.0000|14.4075477600
14250000|14.3877843200|14.4075477600|14.3877843200|14.4075477600|70800|1031547.0000|14.4075477600
14300000|14.4075477600|14.4273112000|14.3779026000|14.4174294800|272737|3975415.0000|14.4174294800
14350000|14.4174294800|14.4273112000|14.4075477600|14.4174294800|75100|1095595.0000|14.4174294800
14400000|14.4075477600|14.4371929200|14.3976660400|14.4371929200|249100|3634440.0000|14.4371929200
14450000|14.4371929200|14.4371929200|14.4174294800|14.4174294800|134400|1961926.0000|14.4174294800
14500000|14.4174294800|14.4371929200|14.4174294800|14.4371929200|351700|5134764.0000|14.4371929200
14550000|14.4371929200|14.4371929200|14.4075477600|14.4075477600|293300|4281047.0000|14.4075477600
15000000|14.4075477600|14.4174294800|14.3976660400|14.4174294800|338100|4931577.0000|14.4174294800
