09350000|10.2000000000|10.2800000000|10.1500000000|10.1900000000|344600|3510129.0000|10.1900000000
09400000|10.1800000000|10.1900000000|10.1600000000|10.1900000000|124300|1264423.0000|10.1900000000
09450000|10.1900000000|10.3300000000|10.1900000000|10.3300000000|615500|6328875.0000|10.3300000000
09500000|10.3300000000|10.3800000000|10.2800000000|10.2800000000|515400|5324589.0000|10.2800000000
09550000|10.2900000000|10.2900000000|10.2400000000|10.2500000000|141900|1455151.0000|10.2500000000
10000000|10.2500000000|10.2700000000|10.2100000000|10.2300000000|141200|1445736.0000|10.2300000000
10050000|10.2400000000|10.2700000000|10.2200000000|10.2500000000|149100|1528399.0000|10.2500000000
10100000|10.2500000000|10.2600000000|10.2300000000|10.2400000000|54000|553132.0000|10.2400000000
10150000|10.2400000000|10.2400000000|10.2000000000|10.2000000000|81200|830166.0000|10.2000000000
10200000|10.2100000000|10.2200000000|10.1800000000|10.1800000000|108100|1102340.0000|10.1800000000
10250000|10.1900000000|10.2200000000|10.1800000000|10.2000000000|42202|430432.4200|10.2000000000
10300000|10.2100000000|10.2200000000|10.1900000000|10.2000000000|33200|338889.0000|10.2000000000
10350000|10.2000000000|10.2500000000|10.1900000000|10.2400000000|38000|388192.0000|10.2400000000
10400000|10.2400000000|10.2400000000|10.2200000000|10.2200000000|48900|500138.0000|10.2200000000
10450000|10.2200000000|10.2300000000|10.2100000000|10.2100000000|25500|260695.0000|10.2100000000
10500000|10.2100000000|10.2300000000|10.2100000000|10.2200000000|30600|312740.0000|10.2200000000
10550000|10.2200000000|10.2400000000|10.2100000000|10.2400000000|89700|917651.0000|10.2400000000
11000000|10.2400000000|10.2400000000|10.2200000000|10.2200000000|20700|211761.0000|10.2200000000
11050000|10.2200000000|10.2300000000|10.2100000000|10.2100000000|27000|275887.0000|10.2100000000
11100000|10.2200000000|10.2200000000|10.2100000000|10.2100000000|50000|510615.0000|10.2100000000
11150000|10.2000000000|10.2100000000|10.1800000000|10.2000000000|148800|1517185.0000|10.2000000000
11200000|10.2100000000|10.2100000000|10.1900000000|10.1900000000|25300|258049.0000|10.1900000000
11250000|10.2000000000|10.2000000000|10.1600000000|10.1800000000|120300|1224265.0000|10.1800000000
11300000|10.1700000000|10.2100000000|10.1700000000|10.2000000000|44900|457382.0000|10.2000000000
13050000|10.1800000000|10.2000000000|10.1700000000|10.1700000000|28200|287041.0000|10.1700000000
13100000|10.1800000000|10.1900000000|10.1700000000|10.1700000000|32600|331822.0000|10.1700000000
13150000|10.1800000000|10.1800000000|10.1600000000|10.1700000000|41200|418745.0000|10.1700000000
13200000|10.1700000000|10.1700000000|10.1500000000|10.1500000000|65900|669444.0000|10.1500000000
13250000|10.1500000000|10.1600000000|10.1400000000|10.1500000000|105300|1068708.0000|10.1500000000
13300000|10.1400000000|10.1500000000|10.1400000000|10.1500000000|64600|655166.0000|10.1500000000
13350000|10.1500000000|10.1600000000|10.1300000000|10.1600000000|251700|2551971.0000|10.1600000000
13400000|10.1600000000|10.1600000000|10.1400000000|10.1600000000|21000|213180.0000|10.1600000000
13450000|10.1600000000|10.1700000000|10.1400000000|10.1500000000|35700|362534.0000|10.1500000000
13500000|10.1500000000|10.1600000000|10.1400000000|10.1400000000|29500|299348.0000|10.1400000000
13550000|10.1400000000|10.1600000000|10.1400000000|10.1600000000|40402|410334.2800|10.1600000000
14000000|10.1500000000|10.1600000000|10.1500000000|10.1600000000|41700|423351.0000|10.1600000000
14050000|10.1500000000|10.1700000000|10.1500000000|10.1700000000|31300|318108.0000|10.1700000000
14100000|10.1600000000|10.1700000000|10.1600000000|10.1600000000|19400|197117.0000|10.1600000000
14150000|10.1600000000|10.1900000000|10.1600000000|10.1800000000|35100|357175.0000|10.1800000000
14200000|10.1800000000|10.1900000000|10.1800000000|10.1900000000|38800|395265.0000|10.1900000000
14250000|10.1900000000|10.1900000000|10.1800000000|10.1900000000|31500|320965.0000|10.1900000000
14300000|10.1900000000|10.1900000000|10.1600000000|10.1600000000|92900|944608.0000|10.1600000000
14350000|10.1600000000|10.1800000000|10.1500000000|10.1600000000|180300|1832491.0000|10.1600000000
14400000|10.1700000000|10.1800000000|10.1600000000|10.1800000000|31400|319353.0000|10.1800000000
14450000|10.1800000000|10.1900000000|10.1600000000|10.1700000000|87700|892489.0000|10.1700000000
14500000|10.1800000000|10.1800000000|10.1600000000|10.1600000000|119800|1218253.0000|10.1600000000
14550000|10.1600000000|10.1800000000|10.1500000000|10.1800000000|87000|884433.0000|10.1800000000
15000000|10.1800000000|10.1800000000|10.1600000000|10.1700000000|114354|1162605.1800|10.1700000000
