09350000|19.7712944600|19.9868388000|19.4969653000|19.8202818100|11362188|229562732.0000|19.8202818100
09400000|19.7712944600|19.8202818100|19.4675728900|19.5361551800|5792100|115990436.0000|19.5361551800
09450000|19.5263577100|19.6439273500|19.3206108400|19.3891931300|4860870|96527744.0000|19.3891931300
09500000|19.3891931300|19.4479779500|19.1834462600|19.3402057800|5312768|104637504.0000|19.3402057800
09550000|19.3989906000|19.5851425300|19.3891931300|19.5459526500|2398900|47708848.0000|19.5459526500
10000000|19.5949400000|19.5949400000|19.3598007200|19.3989906000|2127800|42291296.0000|19.3989906000
10050000|19.4381804800|19.5361551800|19.2716234900|19.4381804800|2847743|56282992.0000|19.4381804800
10100000|19.4675728900|19.6831172300|19.4577754200|19.6341298800|2003929|40107520.0000|19.6341298800
10150000|19.6341298800|19.8398767500|19.6047374700|19.6831172300|2462649|49604704.0000|19.6831172300
10200000|19.6635222900|19.7027121700|19.6243324100|19.6439273500|1203551|24156256.0000|19.6439273500
10250000|19.6341298800|19.6929147000|19.4871678300|19.6439273500|2214000|44281792.0000|19.6439273500
10300000|19.6145349400|19.6243324100|19.3206108400|19.3500032500|1173857|23340720.0000|19.3500032500
10350000|19.3598007200|19.5067627700|19.2814209600|19.4381804800|1329400|26274016.0000|19.4381804800
10400000|19.4479779500|19.4577754200|19.3206108400|19.3500032500|2365200|46848944.0000|19.3500032500
10450000|19.3402057800|19.5851425300|19.3402057800|19.5165602400|1053900|20972416.0000|19.5165602400
10500000|19.4969653000|19.5753450600|19.4969653000|19.5165602400|732800|14624320.0000|19.5165602400
10550000|19.5557501200|19.5949400000|19.5263577100|19.5557501200|899070|17960336.0000|19.5557501200
11000000|19.5655475900|19.6047374700|19.5165602400|19.5557501200|971649|19427984.0000|19.5557501200
11050000|19.5655475900|19.6145349400|19.5459526500|19.6145349400|932700|18652608.0000|19.6145349400
11100000|19.6145349400|19.6341298800|19.5459526500|19.5949400000|1155825|23130304.0000|19.5949400000
11150000|19.5949400000|19.6341298800|19.5459526500|19.5459526500|718648|14383408.0000|19.5459526500
11200000|19.5557501200|19.6047374700|19.5361551800|19.5851425300|484313|9679360.0000|19.5851425300
11250000|19.5851425300|19.5851425300|19.4675728900|19.4871678300|482881|9623568.0000|19.4871678300
11300000|19.4871678300|19.5949400000|19.4577754200|19.5263577100|1300188|25853280.0000|19.5263577100
13050000|19.5361551800|19.5361551800|19.2324336100|19.3402057800|2032395|40209680.0000|19.3402057800
13100000|19.3402057800|19.4479779500|19.3108133700|19.3206108400|556508|11000320.0000|19.3206108400
13150000|19.3304083100|19.3500032500|19.2422310800|19.2520285500|492625|9701024.0000|19.2520285500
13200000|19.2618260200|19.2618260200|19.1050665000|19.1148639700|2419655|47333968.0000|19.1148639700
13250000|19.1540538500|19.2520285500|19.1246614400|19.2030412000|723100|14183936.0000|19.2030412000
13300000|19.2030412000|19.3695981900|19.2030412000|19.3010159000|515900|10146768.0000|19.3010159000
13350000|19.3010159000|19.5263577100|19.2030412000|19.4185855400|1284600|25420304.0000|19.4185855400
13400000|19.4185855400|19.4381804800|19.3598007200|19.4185855400|405700|8030800.0000|19.4185855400
13450000|19.4185855400|19.4479779500|19.3206108400|19.4185855400|610200|12081520.0000|19.4185855400
13500000|19.4479779500|19.5557501200|19.4185855400|19.4969653000|937800|18659152.0000|19.4969653000
13550000|19.5067627700|19.6047374700|19.4871678300|19.5753450600|1583300|31616608.0000|19.5753450600
14000000|19.5753450600|19.6439273500|19.5067627700|19.5949400000|1111600|22237568.0000|19.5949400000
14050000|19.6047374700|19.6047374700|19.4871678300|19.5263577100|559000|11147344.0000|19.5263577100
14100000|19.5263577100|19.5361551800|19.4773703600|19.5263577100|422100|8403840.0000|19.5263577100
14150000|19.5067627700|19.5753450600|19.4479779500|19.5655475900|970500|19316496.0000|19.5655475900
14200000|19.5753450600|19.5753450600|19.5067627700|19.5557501200|590700|11784688.0000|19.5557501200
14250000|19.5655475900|19.5655475900|19.4577754200|19.4871678300|470200|9362448.0000|19.4871678300
14300000|19.4969653000|19.4969653000|19.4381804800|19.4773703600|358800|7127808.0000|19.4773703600
14350000|19.4773703600|19.4773703600|19.3108133700|19.3402057800|678700|13415056.0000|19.3402057800
14400000|19.3304083100|19.3598007200|19.2912184300|19.3598007200|508000|10016896.0000|19.3598007200
14450000|19.3598007200|19.3598007200|19.2030412000|19.2814209600|1502930|29533376.0000|19.2814209600
14500000|19.2912184300|19.5459526500|19.2814209600|19.5459526500|1580136|31299360.0000|19.5459526500
14550000|19.5557501200|19.5557501200|19.3793956600|19.3891931300|1510600|30054624.0000|19.3891931300
15000000|19.3891931300|19.3891931300|19.3108133700|19.3206108400|1102753|21753632.0000|19.3206108400
