09350000|4.2117241600|4.2205723200|4.1851796800|4.1940278400|15233900|72358104.0000|4.1940278400
09400000|4.1940278400|4.2028760000|4.1851796800|4.1851796800|7740800|36660752.0000|4.1851796800
09450000|4.1851796800|4.2117241600|4.1851796800|4.2117241600|4805200|22779976.0000|4.2117241600
09500000|4.2117241600|4.2205723200|4.2028760000|4.2117241600|4868700|23190792.0000|4.2117241600
09550000|4.2117241600|4.2294204800|4.2117241600|4.2205723200|2035400|9710864.0000|4.2205723200
10000000|4.2205723200|4.2294204800|4.2117241600|4.2117241600|3038100|14483888.0000|4.2117241600
10050000|4.2117241600|4.2205723200|4.2028760000|4.2117241600|4538300|21576480.0000|4.2117241600
10100000|4.2028760000|4.2294204800|4.2028760000|4.2205723200|5270600|25109248.0000|4.2205723200
10150000|4.2205723200|4.2382686400|4.2205723200|4.2294204800|4295500|20539744.0000|4.2294204800
10200000|4.2294204800|4.2382686400|4.2205723200|4.2205723200|4349100|20784256.0000|4.2205723200
10250000|4.2205723200|4.2294204800|4.2117241600|4.2117241600|2424600|11556528.0000|4.2117241600
10300000|4.2205723200|4.2294204800|4.2117241600|4.2294204800|4518300|21566880.0000|4.2294204800
10350000|4.2294204800|4.2294204800|4.2205723200|4.2205723200|2308600|11031296.0000|4.2205723200
10400000|4.2205723200|4.2382686400|4.2205723200|4.2382686400|3539500|16923008.0000|4.2382686400
10450000|4.2382686400|4.2471168000|4.2294204800|4.2471168000|2312400|11078592.0000|4.2471168000
10500000|4.2471168000|4.2471168000|4.2382686400|4.2471168000|3273400|15705728.0000|4.2471168000
10550000|4.2471168000|4.2559649600|4.2382686400|4.2382686400|2664500|12786464.0000|4.2382686400
11000000|4.2382686400|4.2382686400|4.2294204800|4.2382686400|2230500|10680480.0000|4.2382686400
11050000|4.2382686400|4.2471168000|4.2294204800|4.2294204800|2929400|14032768.0000|4.2294204800
11100000|4.2294204800|4.2382686400|4.2294204800|4.2382686400|1445300|6915040.0000|4.2382686400
11150000|4.2382686400|4.2559649600|4.2294204800|4.2471168000|6925500|33237280.0000|4.2471168000
11200000|4.2471168000|4.2648131200|4.2471168000|4.2559649600|2719200|13085376.0000|4.2559649600
11250000|4.2559649600|4.2736612800|4.2559649600|4.2648131200|4583400|22099168.0000|4.2648131200
11300000|4.2736612800|4.2736612800|4.2648131200|4.2648131200|1989700|9604192.0000|4.2648131200
13050000|4.2648131200|4.2825094400|4.2648131200|4.2825094400|7622800|36803072.0000|4.2825094400
13100000|4.2825094400|4.2825094400|4.2648131200|4.2736612800|3340700|16135104.0000|4.2736612800
13150000|4.2736612800|4.2913576000|4.2648131200|4.2736612800|8155300|39464892.0000|4.2736612800
13200000|4.2736612800|4.2825094400|4.2736612800|4.2825094400|2271800|10988669.0000|4.2825094400
13250000|4.2736612800|4.2825094400|4.2736612800|4.2736612800|1866400|9024777.0000|4.2736612800
13300000|4.2736612800|4.2825094400|4.2736612800|4.2736612800|2381400|11512062.0000|4.2736612800
13350000|4.2736612800|4.2913576000|4.2736612800|4.2825094400|6582000|31884480.0000|4.2825094400
13400000|4.2825094400|4.2913576000|4.2825094400|4.2913576000|2074600|10057276.0000|4.2913576000
13450000|4.2913576000|4.2913576000|4.2825094400|4.2913576000|1659300|8044092.0000|4.2913576000
13500000|4.2913576000|4.3090539200|4.2825094400|4.3002057600|11999700|58249930.0000|4.3002057600
13550000|4.3002057600|4.3090539200|4.3002057600|4.3002057600|2429700|11824318.0000|4.3002057600
14000000|4.3002057600|4.3090539200|4.3002057600|4.3090539200|1929200|9387264.0000|4.3090539200
14050000|4.3090539200|4.3090539200|4.3002057600|4.3090539200|1792600|8724480.0000|4.3090539200
14100000|4.3090539200|4.3090539200|4.2913576000|4.3002057600|6615000|32163324.0000|4.3002057600
14150000|4.3090539200|4.3090539200|4.3002057600|4.3002057600|1864900|9075012.0000|4.3002057600
14200000|4.3002057600|4.3090539200|4.2913576000|4.2913576000|2507400|12186752.0000|4.2913576000
14250000|4.2913576000|4.3090539200|4.2913576000|4.3090539200|3465600|16837690.0000|4.3090539200
14300000|4.3090539200|4.3090539200|4.3002057600|4.3090539200|2597700|12635398.0000|4.3090539200
14350000|4.3090539200|4.3090539200|4.3002057600|4.3002057600|2356300|11461440.0000|4.3002057600
14400000|4.3002057600|4.3090539200|4.2913576000|4.3002057600|2600100|12631232.0000|4.3002057600
14450000|4.3002057600|4.3090539200|4.2913576000|4.3002057600|4459700|21680320.0000|4.3002057600
14500000|4.3002057600|4.3090539200|4.2913576000|4.3002057600|4517600|21965696.0000|4.3002057600
14550000|4.3002057600|4.3002057600|4.2736612800|4.2736612800|19788900|95855622.0000|4.2736612800
15000000|4.2736612800|4.3002057600|4.2736612800|4.3002057600|5698000|27622780.0000|4.3002057600
