09350000|5.2006042200|5.2389143800|5.2006042200|5.2101817600|17098800|93138848.0000|5.2101817600
09400000|5.2101817600|5.2197593000|5.1910266800|5.1910266800|5096500|27698456.0000|5.1910266800
09450000|5.1910266800|5.2006042200|5.1814491400|5.1910266800|3370700|18274168.0000|5.1910266800
09500000|5.1814491400|5.1910266800|5.1718716000|5.1814491400|3600400|19468288.0000|5.1814491400
09550000|5.1814491400|5.1814491400|5.1622940600|5.1718716000|5390400|29093760.0000|5.1718716000
10000000|5.1622940600|5.1718716000|5.1527165200|5.1622940600|5900800|31806944.0000|5.1622940600
10050000|5.1622940600|5.1814491400|5.1527165200|5.1814491400|3405000|18376752.0000|5.1814491400
10100000|5.1718716000|5.1814491400|5.1718716000|5.1814491400|776100|4192416.0000|5.1814491400
10150000|5.1718716000|5.1814491400|5.1622940600|5.1622940600|1876200|10129088.0000|5.1622940600
10200000|5.1622940600|5.1718716000|5.1622940600|5.1718716000|2009900|10846704.0000|5.1718716000
10250000|5.1718716000|5.1814491400|5.1718716000|5.1718716000|1696400|9161360.0000|5.1718716000
10300000|5.1718716000|5.1814491400|5.1622940600|5.1622940600|940700|5075680.0000|5.1622940600
10350000|5.1622940600|5.1718716000|5.1622940600|5.1622940600|870300|4695776.0000|5.1622940600
10400000|5.1622940600|5.1814491400|5.1622940600|5.1718716000|3019400|16301440.0000|5.1718716000
10450000|5.1622940600|5.1718716000|5.1527165200|5.1622940600|5004900|26974784.0000|5.1622940600
10500000|5.1527165200|5.1622940600|5.1527165200|5.1527165200|2210900|11907744.0000|5.1527165200
10550000|5.1622940600|5.1622940600|5.1527165200|5.1622940600|1374400|7399840.0000|5.1622940600
11000000|5.1527165200|5.1622940600|5.1431389800|5.1431389800|7702300|41442432.0000|5.1431389800
11050000|5.1431389800|5.1622940600|5.1431389800|5.1527165200|4448300|23914304.0000|5.1527165200
11100000|5.1622940600|5.1622940600|5.1527165200|5.1527165200|1592000|8566944.0000|5.1527165200
11150000|5.1622940600|5.1718716000|5.1527165200|5.1527165200|3697900|19927488.0000|5.1527165200
11200000|5.1622940600|5.1622940600|5.1527165200|5.1527165200|1055700|5681120.0000|5.1527165200
11250000|5.1527165200|5.1622940600|5.1527165200|5.1622940600|1810400|9742528.0000|5.1622940600
11300000|5.1527165200|5.1622940600|5.1527165200|5.1527165200|1716900|9244608.0000|5.1527165200
13050000|5.1527165200|5.1622940600|5.1527165200|5.1622940600|1770600|9532992.0000|5.1622940600
13100000|5.1527165200|5.1622940600|5.1527165200|5.1622940600|1339500|7209312.0000|5.1622940600
13150000|5.1622940600|5.1622940600|5.1527165200|5.1527165200|2369000|12762048.0000|5.1527165200
13200000|5.1622940600|5.1622940600|5.1527165200|5.1622940600|1083600|5834976.0000|5.1622940600
13250000|5.1527165200|5.1622940600|5.1527165200|5.1527165200|1022100|5502592.0000|5.1527165200
13300000|5.1527165200|5.1622940600|5.1527165200|5.1527165200|1412800|7604800.0000|5.1527165200
13350000|5.1527165200|5.1622940600|5.1527165200|5.1527165200|1014000|5457824.0000|5.1527165200
13400000|5.1622940600|5.1622940600|5.1527165200|5.1527165200|6318900|33995524.0000|5.1527165200
13450000|5.1527165200|5.1622940600|5.1431389800|5.1527165200|1403200|7550399.0000|5.1527165200
13500000|5.1527165200|5.1527165200|5.1431389800|5.1431389800|722300|3882491.0000|5.1431389800
13550000|5.1527165200|5.1527165200|5.1431389800|5.1431389800|1676600|9011646.0000|5.1431389800
14000000|5.1527165200|5.1527165200|5.1431389800|5.1527165200|1524800|8192327.0000|5.1527165200
14050000|5.1431389800|5.1527165200|5.1335614400|5.1431389800|8806600|47295549.0000|5.1431389800
14100000|5.1431389800|5.1527165200|5.1431389800|5.1431389800|1483900|7969917.0000|5.1431389800
14150000|5.1431389800|5.1527165200|5.1431389800|5.1431389800|1457700|7829952.0000|5.1431389800
14200000|5.1527165200|5.1527165200|5.1335614400|5.1335614400|3625300|19481413.0000|5.1335614400
14250000|5.1431389800|5.1527165200|5.1335614400|5.1335614400|1194800|6415108.0000|5.1335614400
14300000|5.1431389800|5.1527165200|5.1335614400|5.1431389800|2093600|11243386.0000|5.1431389800
14350000|5.1335614400|5.1431389800|5.1335614400|5.1335614400|1171700|6286976.0000|5.1335614400
14400000|5.1335614400|5.1431389800|5.1335614400|5.1335614400|2128300|11418688.0000|5.1335614400
14450000|5.1431389800|5.1431389800|5.1335614400|5.1335614400|1019000|5467009.0000|5.1335614400
14500000|5.1431389800|5.1431389800|5.1335614400|5.1431389800|1630500|8744063.0000|5.1431389800
14550000|5.1335614400|5.1431389800|5.1335614400|5.1335614400|4367900|23440773.0000|5.1335614400
15000000|5.1527165200|5.1527165200|5.1335614400|5.1431389800|2925700|15716213.0000|5.1431389800
