093500|4.3900|4.4000|4.3300|4.3600|8812868|38431144.0000|4.3600
094000|4.3500|4.3900|4.3500|4.3600|3182600|13908781.0000|4.3600
094500|4.3600|4.3700|4.3400|4.3600|3402800|14826933.0000|4.3600
095000|4.3600|4.3800|4.3400|4.3800|4083401|17806742.0000|4.3800
095500|4.3800|4.4200|4.3700|4.4100|5573499|24537521.0000|4.4100
100000|4.4100|4.4300|4.4100|4.4200|5086268|22487728.0000|4.4200
100500|4.4200|4.4500|4.4100|4.4400|6071314|26919328.0000|4.4400
101000|4.4400|4.4400|4.4200|4.4400|3415300|15140884.0000|4.4400
101500|4.4400|4.4700|4.4300|4.4400|6618541|29456796.0000|4.4400
102000|4.4500|4.4500|4.4000|4.4100|3862900|17072546.0000|4.4100
102500|4.4000|4.4200|4.4000|4.4100|3516200|15516295.0000|4.4100
103000|4.4000|4.4200|4.3900|4.4100|4056312|17852669.0000|4.4100
103500|4.4200|4.4200|4.4000|4.4100|1552488|6845214.0000|4.4100
104000|4.4100|4.4100|4.3900|4.3900|2660900|11713883.0000|4.3900
104500|4.3900|4.3900|4.3800|4.3800|5112920|22407776.0000|4.3800
105000|4.3800|4.3800|4.3700|4.3800|1976700|8647664.0000|4.3800
105500|4.3800|4.3900|4.3700|4.3900|1695600|7431872.0000|4.3900
110000|4.3900|4.4300|4.3800|4.4300|2956904|13053152.0000|4.4300
110500|4.4300|4.4400|4.4100|4.4300|2406600|10641696.0000|4.4300
111000|4.4300|4.4500|4.4200|4.4400|5388800|23919248.0000|4.4400
111500|4.4400|4.4600|4.4300|4.4500|2551932|11348560.0000|4.4500
112000|4.4500|4.4600|4.4400|4.4400|2218500|9870704.0000|4.4400
112500|4.4400|4.4600|4.4300|4.4300|2587660|11513184.0000|4.4300
113000|4.4300|4.4400|4.4300|4.4400|1286330|5709104.0000|4.4400
130500|4.4400|4.4400|4.4000|4.4000|7953100|35099392.0000|4.4000
131000|4.4000|4.4200|4.4000|4.4100|3035800|13388800.0000|4.4100
131500|4.4200|4.4200|4.4000|4.4100|1268600|5596544.0000|4.4100
132000|4.4100|4.4200|4.4000|4.4200|2190100|9658624.0000|4.4200
132500|4.4100|4.4200|4.4000|4.4100|1774980|7824272.0000|4.4100
133000|4.4100|4.4200|4.4000|4.4100|2447600|10790480.0000|4.4100
133500|4.4000|4.4100|4.3900|4.3900|1470320|6471472.0000|4.3900
134000|4.3900|4.4000|4.3800|4.3900|3842100|16863136.0000|4.3900
134500|4.3900|4.4000|4.3800|4.3800|1239700|5436400.0000|4.3800
135000|4.3900|4.4000|4.3800|4.4000|1543880|6773552.0000|4.4000
135500|4.4000|4.4000|4.3800|4.3800|1517200|6657520.0000|4.3800
140000|4.3800|4.4000|4.3800|4.3800|1410400|6189344.0000|4.3800
140500|4.3800|4.4000|4.3700|4.3700|3872220|16968736.0000|4.3700
141000|4.3700|4.3800|4.3700|4.3800|1316100|5758112.0000|4.3800
141500|4.3800|4.3900|4.3700|4.3900|2615500|11454992.0000|4.3900
142000|4.3700|4.3800|4.3700|4.3800|935700|4095040.0000|4.3800
142500|4.3700|4.3900|4.3700|4.3800|2373900|10393568.0000|4.3800
143000|4.3800|4.3900|4.3700|4.3800|1365600|5977584.0000|4.3800
143500|4.3700|4.3800|4.3600|4.3600|4653300|20320048.0000|4.3600
144000|4.3600|4.3700|4.3600|4.3700|2251600|9820240.0000|4.3700
144500|4.3600|4.3700|4.3500|4.3600|4440218|19354864.0000|4.3600
145000|4.3600|4.3700|4.3600|4.3600|2990180|13051344.0000|4.3600
145500|4.3600|4.3800|4.3600|4.3600|4192700|18313024.0000|4.3600
150000|4.3600|4.3700|4.3600|4.3600|2866289|12503520.0000|4.3600
