093500|4.5700|4.5800|4.5500|4.5700|3454300|15767311.0000|4.5700
094000|4.5700|4.5700|4.5600|4.5600|2550400|11636473.0000|4.5600
094500|4.5700|4.5800|4.5600|4.5800|3029200|13840312.0000|4.5800
095000|4.5700|4.5800|4.5600|4.5700|3595600|16431280.0000|4.5700
095500|4.5600|4.5800|4.5600|4.5800|2092700|9555168.0000|4.5800
100000|4.5800|4.5800|4.5600|4.5800|2825400|12919608.0000|4.5800
100500|4.5700|4.5800|4.5700|4.5800|1249100|5716240.0000|4.5800
101000|4.5800|4.5800|4.5600|4.5700|2582300|11798408.0000|4.5700
101500|4.5700|4.5800|4.5700|4.5800|1583700|7241336.0000|4.5800
102000|4.5800|4.5800|4.5700|4.5800|1602300|7329560.0000|4.5800
102500|4.5800|4.5900|4.5800|4.5900|3874300|17758112.0000|4.5900
103000|4.5900|4.5900|4.5800|4.5800|1457400|6687120.0000|4.5800
103500|4.5800|4.6000|4.5800|4.5900|3615300|16592240.0000|4.5900
104000|4.5900|4.6000|4.5800|4.5900|1034000|4746304.0000|4.5900
104500|4.5900|4.5900|4.5800|4.5800|866300|3970800.0000|4.5800
105000|4.5900|4.5900|4.5800|4.5800|787200|3611104.0000|4.5800
105500|4.5900|4.6000|4.5900|4.6000|3837600|17617664.0000|4.6000
110000|4.6000|4.6000|4.5900|4.6000|766300|3521600.0000|4.6000
110500|4.5900|4.6000|4.5900|4.6000|1294400|5947248.0000|4.6000
111000|4.6000|4.6100|4.5800|4.6100|9659900|44438048.0000|4.6100
111500|4.6100|4.6200|4.6000|4.6100|2475400|11415888.0000|4.6100
112000|4.6100|4.6200|4.6100|4.6200|970500|4482432.0000|4.6200
112500|4.6200|4.6400|4.6100|4.6300|6881400|31831072.0000|4.6300
113000|4.6300|4.6300|4.6200|4.6300|1388500|6426656.0000|4.6300
130500|4.6300|4.6400|4.6300|4.6300|2860600|13254112.0000|4.6300
131000|4.6400|4.6400|4.6300|4.6300|1350100|6253952.0000|4.6300
131500|4.6300|4.6400|4.6200|4.6300|809300|3751488.0000|4.6300
132000|4.6300|4.6500|4.6300|4.6500|4414600|20480384.0000|4.6500
132500|4.6500|4.6600|4.6400|4.6600|5542800|25796160.0000|4.6600
133000|4.6600|4.6700|4.6500|4.6600|2548500|11871264.0000|4.6600
133500|4.6600|4.6700|4.6500|4.6700|1505400|7019552.0000|4.6700
134000|4.6600|4.6700|4.6600|4.6700|1047900|4890592.0000|4.6700
134500|4.6700|4.6700|4.6600|4.6700|2952400|13783968.0000|4.6700
135000|4.6600|4.6700|4.6500|4.6700|2406900|11217856.0000|4.6700
135500|4.6700|4.6700|4.6500|4.6600|1478200|6888992.0000|4.6600
140000|4.6600|4.6700|4.6500|4.6500|1151900|5364192.0000|4.6500
140500|4.6600|4.6600|4.6500|4.6600|672800|3132480.0000|4.6600
141000|4.6500|4.6600|4.6500|4.6500|1917500|8932608.0000|4.6500
141500|4.6600|4.6600|4.6500|4.6600|1365500|6354432.0000|4.6600
142000|4.6600|4.6600|4.6400|4.6400|2079400|9668064.0000|4.6400
142500|4.6500|4.6600|4.6400|4.6500|744800|3463936.0000|4.6500
143000|4.6400|4.6500|4.6400|4.6400|891600|4141504.0000|4.6400
143500|4.6500|4.6500|4.6400|4.6500|1753900|8140896.0000|4.6500
144000|4.6400|4.6500|4.6400|4.6400|1242200|5767008.0000|4.6400
144500|4.6500|4.6500|4.6400|4.6500|957200|4444128.0000|4.6500
145000|4.6400|4.6500|4.6400|4.6400|1984000|9215808.0000|4.6400
145500|4.6500|4.6500|4.6400|4.6500|2348400|10911328.0000|4.6500
150000|4.6500|4.6600|4.6400|4.6500|2420500|11253696.0000|4.6500
