093500|12.2500|12.4700|12.2500|12.4500|3247540|40149055.0000|12.4500
094000|12.4800|12.4900|12.3600|12.4800|1615900|20079639.0000|12.4800
094500|12.4600|12.5700|12.4500|12.5700|2141569|26805775.0000|12.5700
095000|12.5700|12.6500|12.5400|12.6400|2454350|30938704.0000|12.6400
095500|12.6500|12.7300|12.5600|12.7000|2898347|36626228.0000|12.7000
100000|12.6900|12.7700|12.6800|12.7000|2428300|30905749.0000|12.7000
100500|12.7100|12.8300|12.6300|12.7900|2198981|28038170.0000|12.7900
101000|12.7900|12.8200|12.7400|12.8100|1240400|15850903.0000|12.8100
101500|12.8000|12.8100|12.6900|12.7100|1334200|17002163.0000|12.7100
102000|12.7000|12.7600|12.6800|12.7600|1107983|14075533.0000|12.7600
102500|12.7500|12.7600|12.7100|12.7300|542600|6910339.0000|12.7300
103000|12.7300|12.7700|12.7000|12.7600|532791|6786910.0000|12.7600
103500|12.7600|12.8400|12.7400|12.8300|1105150|14132048.0000|12.8300
104000|12.8300|12.9000|12.8300|12.8600|1699200|21867824.0000|12.8600
104500|12.8700|13.0100|12.8400|13.0100|2222350|28771200.0000|13.0100
105000|13.0100|13.0200|12.8900|12.9000|1091850|14156112.0000|12.9000
105500|12.8900|12.9200|12.8400|12.8400|551500|7111680.0000|12.8400
110000|12.8500|12.9000|12.8400|12.8700|380700|4896160.0000|12.8700
110500|12.8700|12.9600|12.8500|12.9600|1039000|13401776.0000|12.9600
111000|12.9600|12.9900|12.9400|12.9600|695500|9017008.0000|12.9600
111500|12.9600|12.9600|12.9100|12.9200|355950|4602512.0000|12.9200
112000|12.9300|12.9300|12.9000|12.9100|286250|3696768.0000|12.9100
112500|12.9000|12.9300|12.8900|12.9300|390550|5042064.0000|12.9300
113000|12.9300|12.9600|12.9200|12.9300|670000|8671856.0000|12.9300
130500|13.0000|13.2500|12.9600|13.2300|6705216|88095472.0000|13.2300
131000|13.2200|13.2200|13.0100|13.0600|2567382|33668016.0000|13.0600
131500|13.0600|13.1700|13.0500|13.1700|1483500|19445568.0000|13.1700
132000|13.1600|13.1600|13.0600|13.1300|814800|10683136.0000|13.1300
132500|13.1200|13.1400|13.0700|13.0800|791200|10365824.0000|13.0800
133000|13.0800|13.0900|13.0300|13.0300|689750|9008848.0000|13.0300
133500|13.0300|13.0600|12.9700|13.0500|732600|9535584.0000|13.0500
134000|13.0600|13.1600|13.0500|13.1200|1211100|15883344.0000|13.1200
134500|13.1100|13.1700|13.0900|13.1300|851472|11178176.0000|13.1300
135000|13.1300|13.1600|13.1200|13.1200|590000|7750736.0000|13.1200
135500|13.1200|13.2300|13.1100|13.1400|1769300|23317488.0000|13.1400
140000|13.1400|13.1900|13.1300|13.1500|682700|8986096.0000|13.1500
140500|13.1500|13.1800|13.1400|13.1500|543400|7149888.0000|13.1500
141000|13.1500|13.2000|13.1300|13.2000|1153500|15182624.0000|13.2000
141500|13.1900|13.2000|13.1700|13.1700|939000|12384672.0000|13.1700
142000|13.1700|13.1900|13.1400|13.1900|727600|9577888.0000|13.1900
142500|13.1900|13.1900|13.1700|13.1900|675800|8910112.0000|13.1900
143000|13.1900|13.2200|13.1500|13.2200|1260000|16612544.0000|13.2200
143500|13.2100|13.2400|13.1700|13.1800|932600|12313360.0000|13.1800
144000|13.1800|13.1900|13.1500|13.1800|626800|8255664.0000|13.1800
144500|13.1800|13.2000|13.1700|13.1800|731200|9640224.0000|13.1800
145000|13.1800|13.1900|13.1400|13.1700|1330150|17507184.0000|13.1700
145500|13.1900|13.2100|13.1600|13.2000|2004847|26436960.0000|13.2000
150000|13.2000|13.2300|13.1900|13.1900|1270979|16783168.0000|13.1900
