093500|12.4100|12.4900|12.3300|12.4900|1200302|14879224.0000|12.4900
094000|12.4900|12.5400|12.4800|12.5000|1275400|15950447.0000|12.5000
094500|12.5000|12.5400|12.4500|12.5400|1108800|13872294.0000|12.5400
095000|12.5400|12.5900|12.5300|12.5800|1320100|16575979.0000|12.5800
095500|12.5800|12.6000|12.5000|12.5300|1172200|14720557.0000|12.5300
100000|12.5300|12.5300|12.4500|12.4600|1087294|13564115.0000|12.4600
100500|12.4700|12.5100|12.4400|12.4800|813006|10132820.0000|12.4800
101000|12.4800|12.4900|12.4000|12.4100|893200|11109530.0000|12.4100
101500|12.4100|12.4800|12.4100|12.4700|478800|5958896.0000|12.4700
102000|12.4700|12.4700|12.4400|12.4700|406894|5066807.0000|12.4700
102500|12.4600|12.4800|12.4400|12.4800|472900|5892923.0000|12.4800
103000|12.4800|12.4800|12.4200|12.4400|274000|3410781.0000|12.4400
103500|12.4500|12.4600|12.4300|12.4500|244800|3044629.0000|12.4500
104000|12.4600|12.4600|12.4000|12.4200|418400|5196497.0000|12.4200
104500|12.4100|12.4200|12.3900|12.4000|569700|7067333.0000|12.4000
105000|12.4000|12.4000|12.3800|12.3900|439800|5448790.0000|12.3900
105500|12.3900|12.4200|12.3700|12.4100|320700|3972703.0000|12.4100
110000|12.4100|12.4200|12.3700|12.3800|232200|2878222.0000|12.3800
110500|12.3900|12.4200|12.3800|12.4200|261000|3235630.0000|12.4200
111000|12.4200|12.4500|12.4100|12.4400|240840|2994300.0000|12.4400
111500|12.4500|12.4500|12.4200|12.4300|109700|1364439.0000|12.4300
112000|12.4300|12.4400|12.4200|12.4300|94200|1170570.0000|12.4300
112500|12.4200|12.4300|12.4000|12.4300|216000|2682419.0000|12.4300
113000|12.4300|12.4300|12.4000|12.4100|167500|2078525.0000|12.4100
130500|12.4100|12.4400|12.4000|12.4300|395700|4912564.0000|12.4300
131000|12.4400|12.4800|12.4400|12.4700|188900|2354058.0000|12.4700
131500|12.4700|12.4700|12.4100|12.4200|204400|2543342.0000|12.4200
132000|12.4100|12.4300|12.4000|12.4200|252400|3133164.0000|12.4200
132500|12.4200|12.4200|12.3900|12.4000|365600|4534370.0000|12.4000
133000|12.4000|12.4000|12.3900|12.3900|261900|3246169.0000|12.3900
133500|12.4000|12.4200|12.3900|12.4200|227200|2818386.0000|12.4200
134000|12.4100|12.4300|12.4100|12.4200|203100|2521621.0000|12.4200
134500|12.4100|12.4300|12.4100|12.4300|152000|1887851.0000|12.4300
135000|12.4400|12.4400|12.4100|12.4300|196000|2435174.0000|12.4300
135500|12.4300|12.4400|12.4100|12.4400|434900|5401914.0000|12.4400
140000|12.4300|12.4400|12.4100|12.4300|280500|3485675.0000|12.4300
140500|12.4300|12.4300|12.3900|12.4000|257200|3191076.0000|12.4000
141000|12.4000|12.4000|12.3800|12.3900|486600|6026687.0000|12.3900
141500|12.4000|12.4000|12.3800|12.3900|220700|2733551.0000|12.3900
142000|12.3900|12.3900|12.3500|12.3600|990610|12246916.0000|12.3600
142500|12.3500|12.3700|12.3500|12.3500|959300|11852054.0000|12.3500
143000|12.3400|12.3500|12.3000|12.3300|1209900|14918582.0000|12.3300
143500|12.3300|12.3500|12.3200|12.3200|695600|8575920.0000|12.3200
144000|12.3200|12.3500|12.3100|12.3400|826100|10174848.0000|12.3400
144500|12.3300|12.3500|12.3200|12.3400|302900|3736720.0000|12.3400
145000|12.3400|12.3500|12.3300|12.3300|390391|4818736.0000|12.3300
145500|12.3400|12.3600|12.3200|12.3500|763509|9419776.0000|12.3500
150000|12.3400|12.3500|12.3400|12.3400|632000|7798816.0000|12.3400
