093500|10.5500|10.6000|10.4900|10.5100|2649400|27915384.0000|10.5100
094000|10.5100|10.5900|10.4900|10.5000|831300|8760076.0000|10.5000
094500|10.5000|10.6200|10.4900|10.6100|1191700|12559336.0000|10.6100
095000|10.6100|10.6700|10.6000|10.6400|868700|9240804.0000|10.6400
095500|10.6400|10.7000|10.6400|10.6700|1003400|10711840.0000|10.6700
100000|10.6700|10.7000|10.6500|10.6800|1633000|17418968.0000|10.6800
100500|10.6800|10.7100|10.6600|10.7100|624700|6676872.0000|10.7100
101000|10.7100|10.7300|10.6800|10.7000|816000|8732472.0000|10.7000
101500|10.7000|10.7300|10.6300|10.6400|1054600|11246056.0000|10.6400
102000|10.6400|10.6800|10.6300|10.6400|1217200|12966008.0000|10.6400
102500|10.6500|10.6700|10.6300|10.6600|443300|4721608.0000|10.6600
103000|10.6500|10.6900|10.6400|10.6900|132800|1416480.0000|10.6900
103500|10.6900|10.7000|10.6200|10.6400|826500|8807584.0000|10.6400
104000|10.6400|10.6600|10.6300|10.6500|216300|2302416.0000|10.6500
104500|10.6500|10.7100|10.6400|10.6500|445900|4751968.0000|10.6500
105000|10.6500|10.6800|10.6500|10.6600|860500|9170592.0000|10.6600
105500|10.6600|10.6600|10.6200|10.6200|543900|5788496.0000|10.6200
110000|10.6200|10.6200|10.5900|10.5900|498600|5287584.0000|10.5900
110500|10.5900|10.6200|10.5800|10.5900|193800|2053760.0000|10.5900
111000|10.5900|10.6100|10.5400|10.5600|868400|9170080.0000|10.5600
111500|10.5600|10.5700|10.5200|10.5500|374600|3950752.0000|10.5500
112000|10.5500|10.5600|10.5400|10.5600|401100|4231728.0000|10.5600
112500|10.5600|10.5800|10.5400|10.5700|379100|4002112.0000|10.5700
113000|10.5600|10.5900|10.5400|10.5400|322300|3401552.0000|10.5400
130500|10.5500|10.5800|10.4900|10.5200|1379000|14510336.0000|10.5200
131000|10.5200|10.5200|10.4700|10.5200|670400|7031840.0000|10.5200
131500|10.5100|10.5400|10.4900|10.5000|425600|4469840.0000|10.5000
132000|10.5000|10.5300|10.4900|10.5300|222700|2340992.0000|10.5300
132500|10.5300|10.5700|10.5300|10.5500|587700|6199968.0000|10.5500
133000|10.5400|10.5500|10.4900|10.5000|933800|9810352.0000|10.5000
133500|10.5000|10.5400|10.4900|10.5100|507400|5329328.0000|10.5100
134000|10.5100|10.5300|10.4900|10.5000|396200|4161392.0000|10.5000
134500|10.5000|10.5400|10.4900|10.4900|435500|4572688.0000|10.4900
135000|10.4900|10.5200|10.4800|10.4900|363000|3808912.0000|10.4900
135500|10.4900|10.5300|10.4900|10.5100|484200|5084448.0000|10.5100
140000|10.5100|10.5900|10.5100|10.5900|394200|4150144.0000|10.5900
140500|10.5900|10.6000|10.5400|10.5500|220000|2324192.0000|10.5500
141000|10.5500|10.5500|10.5300|10.5300|122200|1287520.0000|10.5300
141500|10.5300|10.5400|10.5100|10.5300|174500|1836800.0000|10.5300
142000|10.5300|10.5400|10.5100|10.5200|115800|1218944.0000|10.5200
142500|10.5200|10.5500|10.5200|10.5300|153000|1611104.0000|10.5300
143000|10.5400|10.5800|10.5300|10.5300|251300|2652704.0000|10.5300
143500|10.5300|10.5800|10.5300|10.5600|333700|3520000.0000|10.5600
144000|10.5600|10.5700|10.4800|10.5000|1416500|14883968.0000|10.5000
144500|10.5000|10.5200|10.4800|10.5100|904300|9491136.0000|10.5100
145000|10.5100|10.5200|10.4900|10.4900|2135300|22419968.0000|10.4900
145500|10.4900|10.5100|10.4500|10.5100|2529300|26478176.0000|10.5100
150000|10.5100|10.5400|10.5100|10.5300|377000|3968128.0000|10.5300
