09350000|10.9000000000|10.9500000000|10.7400000000|10.9500000000|2126800|23078600.0000|10.9500000000
09400000|10.9500000000|11.0000000000|10.8300000000|10.9900000000|1822300|19921288.0000|10.9900000000
09450000|10.9800000000|11.1800000000|10.9500000000|11.1800000000|2328200|25760832.0000|11.1800000000
09500000|11.1700000000|11.3200000000|11.1200000000|11.2200000000|3097400|34798320.0000|11.2200000000
09550000|11.1900000000|11.2000000000|11.1100000000|11.1500000000|730300|8135168.0000|11.1500000000
10000000|11.1500000000|11.1800000000|11.1200000000|11.1700000000|874000|9742776.0000|11.1700000000
10050000|11.1700000000|11.3600000000|11.1500000000|11.2200000000|1289200|14526072.0000|11.2200000000
10100000|11.2200000000|11.2500000000|11.1600000000|11.1600000000|626000|7021344.0000|11.1600000000
10150000|11.1600000000|11.2300000000|11.1600000000|11.2200000000|456300|5106816.0000|11.2200000000
10200000|11.2000000000|11.2700000000|11.2000000000|11.2700000000|502100|5643328.0000|11.2700000000
10250000|11.2600000000|11.2700000000|11.2100000000|11.2600000000|347600|3907552.0000|11.2600000000
10300000|11.2600000000|11.3100000000|11.2200000000|11.2400000000|797200|8983984.0000|11.2400000000
10350000|11.2400000000|11.2600000000|11.1800000000|11.2000000000|547300|6143376.0000|11.2000000000
10400000|11.1900000000|11.2000000000|11.1500000000|11.1500000000|374700|4186224.0000|11.1500000000
10450000|11.1500000000|11.1600000000|11.1200000000|11.1200000000|421800|4699424.0000|11.1200000000
10500000|11.1200000000|11.1200000000|11.1000000000|11.1000000000|420300|4668016.0000|11.1000000000
10550000|11.1100000000|11.1400000000|11.0500000000|11.0700000000|561800|6238752.0000|11.0700000000
11000000|11.0800000000|11.0800000000|11.0200000000|11.0600000000|340600|3765152.0000|11.0600000000
11050000|11.0600000000|11.0800000000|11.0200000000|11.0200000000|362700|4010640.0000|11.0200000000
11100000|11.0300000000|11.0500000000|10.9900000000|11.0200000000|706600|7780512.0000|11.0200000000
11150000|11.0300000000|11.0800000000|11.0300000000|11.0600000000|248500|2748912.0000|11.0600000000
11200000|11.0600000000|11.1000000000|11.0400000000|11.0700000000|219800|2431200.0000|11.0700000000
11250000|11.0700000000|11.1100000000|11.0500000000|11.0900000000|182700|2025152.0000|11.0900000000
11300000|11.0900000000|11.1000000000|11.0600000000|11.0900000000|159300|1765728.0000|11.0900000000
13050000|11.1000000000|11.2200000000|11.1000000000|11.2100000000|703100|7837808.0000|11.2100000000
13100000|11.1900000000|11.2400000000|11.1600000000|11.1900000000|555000|6216784.0000|11.1900000000
13150000|11.1800000000|11.2000000000|11.1600000000|11.1600000000|309100|3456352.0000|11.1600000000
13200000|11.1600000000|11.2400000000|11.1500000000|11.1700000000|464800|5206800.0000|11.1700000000
13250000|11.1900000000|11.1900000000|11.1500000000|11.1700000000|297600|3321120.0000|11.1700000000
13300000|11.1700000000|11.1700000000|11.1300000000|11.1400000000|212100|2363088.0000|11.1400000000
13350000|11.1500000000|11.1800000000|11.1400000000|11.1600000000|247800|2765328.0000|11.1600000000
13400000|11.1600000000|11.2000000000|11.1500000000|11.1700000000|272500|3043424.0000|11.1700000000
13450000|11.1700000000|11.1700000000|11.1400000000|11.1500000000|208400|2324816.0000|11.1500000000
13500000|11.1500000000|11.1600000000|11.1000000000|11.1200000000|459300|5110608.0000|11.1200000000
13550000|11.1100000000|11.1200000000|11.0900000000|11.1200000000|283900|3153184.0000|11.1200000000
14000000|11.1200000000|11.2200000000|11.1000000000|11.2000000000|703500|7852032.0000|11.2000000000
14050000|11.2100000000|11.2100000000|11.1600000000|11.1600000000|282100|3154752.0000|11.1600000000
14100000|11.1600000000|11.2500000000|11.1500000000|11.1900000000|619900|6948288.0000|11.1900000000
14150000|11.1800000000|11.2000000000|11.1500000000|11.1700000000|141000|1575232.0000|11.1700000000
14200000|11.1600000000|11.1800000000|11.1500000000|11.1700000000|204000|2277280.0000|11.1700000000
14250000|11.1600000000|11.1700000000|11.1200000000|11.1300000000|301700|3361696.0000|11.1300000000
14300000|11.1200000000|11.1500000000|11.1200000000|11.1400000000|140200|1561728.0000|11.1400000000
14350000|11.1400000000|11.1500000000|11.1100000000|11.1200000000|399100|4439296.0000|11.1200000000
14400000|11.1100000000|11.1500000000|11.1000000000|11.1400000000|369400|4106240.0000|11.1400000000
14450000|11.1300000000|11.1500000000|11.1200000000|11.1300000000|364500|4058656.0000|11.1300000000
14500000|11.1200000000|11.1400000000|11.1100000000|11.1200000000|438000|4872672.0000|11.1200000000
14550000|11.1200000000|11.1500000000|11.1200000000|11.1300000000|541500|6028544.0000|11.1300000000
15000000|11.1400000000|11.1900000000|11.1300000000|11.1900000000|883100|9862816.0000|11.1900000000
