09350000|10.0844551600|10.2199468800|10.0844551600|10.1909129400|3748500|39351084.0000|10.1909129400
09400000|10.2005909200|10.2199468800|10.1425230400|10.1812349600|1633400|17190012.0000|10.1812349600
09450000|10.1812349600|10.2393028400|10.1812349600|10.2102689000|2560700|27020544.0000|10.2102689000
09500000|10.2102689000|10.2199468800|10.1715569800|10.1812349600|1158800|12220784.0000|10.1812349600
09550000|10.1812349600|10.2005909200|10.1522010200|10.1522010200|773000|8127696.0000|10.1522010200
10000000|10.1618790000|10.1715569800|10.1328450600|10.1618790000|721900|7568544.0000|10.1618790000
10050000|10.1522010200|10.1618790000|10.1231670800|10.1328450600|1051600|11022304.0000|10.1328450600
10100000|10.1328450600|10.1618790000|10.1231670800|10.1522010200|660100|6919896.0000|10.1522010200
10150000|10.1522010200|10.1522010200|10.1231670800|10.1231670800|649800|6805824.0000|10.1231670800
10200000|10.1231670800|10.1522010200|10.1134891000|10.1425230400|492000|5152000.0000|10.1425230400
10250000|10.1425230400|10.1522010200|10.1231670800|10.1522010200|486100|5097360.0000|10.1522010200
10300000|10.1522010200|10.1715569800|10.1231670800|10.1328450600|410100|4299824.0000|10.1328450600
10350000|10.1328450600|10.1425230400|10.1038111200|10.1038111200|733100|7665648.0000|10.1038111200
10400000|10.1038111200|10.1425230400|10.1038111200|10.1134891000|714900|7472768.0000|10.1134891000
10450000|10.1134891000|10.1328450600|10.1134891000|10.1231670800|259100|2710336.0000|10.1231670800
10500000|10.1328450600|10.1715569800|10.1231670800|10.1715569800|651500|6830656.0000|10.1715569800
10550000|10.1715569800|10.1715569800|10.1425230400|10.1522010200|208300|2185952.0000|10.1522010200
11000000|10.1522010200|10.1715569800|10.1522010200|10.1618790000|299000|3140304.0000|10.1618790000
11050000|10.1618790000|10.1618790000|10.1328450600|10.1425230400|398700|4178864.0000|10.1425230400
11100000|10.1425230400|10.1522010200|10.1328450600|10.1328450600|131100|1373728.0000|10.1328450600
11150000|10.1328450600|10.1522010200|10.1231670800|10.1328450600|216100|2264144.0000|10.1328450600
11200000|10.1328450600|10.1812349600|10.1328450600|10.1715569800|810900|8521376.0000|10.1715569800
11250000|10.1715569800|10.1909129400|10.1618790000|10.1909129400|219400|2307616.0000|10.1909129400
11300000|10.1909129400|10.2296248600|10.1812349600|10.2296248600|1036200|10937520.0000|10.2296248600
13050000|10.2296248600|10.3264046600|10.2296248600|10.3070487000|3353900|35644624.0000|10.3070487000
13100000|10.3070487000|10.3167266800|10.2393028400|10.2393028400|880200|9348672.0000|10.2393028400
13150000|10.2393028400|10.2683367800|10.2102689000|10.2296248600|1085200|11476816.0000|10.2296248600
13200000|10.2296248600|10.2393028400|10.2102689000|10.2393028400|482500|5097072.0000|10.2393028400
13250000|10.2393028400|10.2586588000|10.2199468800|10.2586588000|310000|3279360.0000|10.2586588000
13300000|10.2586588000|10.2683367800|10.2199468800|10.2296248600|1336200|14157248.0000|10.2296248600
13350000|10.2296248600|10.2393028400|10.2199468800|10.2296248600|282600|2986112.0000|10.2296248600
13400000|10.2199468800|10.2296248600|10.1909129400|10.2102689000|356200|3757056.0000|10.2102689000
13450000|10.2102689000|10.2296248600|10.2005909200|10.2102689000|504300|5318272.0000|10.2102689000
13500000|10.2102689000|10.2102689000|10.1909129400|10.2005909200|372700|3928928.0000|10.2005909200
13550000|10.2005909200|10.2296248600|10.1909129400|10.2005909200|222800|2351488.0000|10.2005909200
14000000|10.1909129400|10.2199468800|10.1909129400|10.2005909200|273000|2878144.0000|10.2005909200
14050000|10.2005909200|10.2102689000|10.1909129400|10.1909129400|311200|3279904.0000|10.1909129400
14100000|10.1909129400|10.2005909200|10.1812349600|10.1909129400|310100|3265856.0000|10.1909129400
14150000|10.1812349600|10.2005909200|10.1812349600|10.2005909200|184600|1944352.0000|10.2005909200
14200000|10.1909129400|10.2005909200|10.1812349600|10.1812349600|281600|2964480.0000|10.1812349600
14250000|10.1812349600|10.2005909200|10.1812349600|10.1909129400|179300|1888288.0000|10.1909129400
14300000|10.1909129400|10.1909129400|10.1812349600|10.1812349600|248600|2616064.0000|10.1812349600
14350000|10.1812349600|10.1909129400|10.1522010200|10.1522010200|511700|5377280.0000|10.1522010200
14400000|10.1618790000|10.1812349600|10.1522010200|10.1618790000|407300|4278752.0000|10.1618790000
14450000|10.1522010200|10.1618790000|10.1425230400|10.1618790000|572000|6001344.0000|10.1618790000
14500000|10.1618790000|10.1618790000|10.1425230400|10.1425230400|758600|7955712.0000|10.1425230400
14550000|10.1425230400|10.1522010200|10.1328450600|10.1425230400|907600|9508736.0000|10.1425230400
15000000|10.1425230400|10.1425230400|10.1328450600|10.1328450600|831100|8703360.0000|10.1328450600
