09350000|215.9900000000|216.8400000000|212.5000000000|212.6600000000|814187|174232831.6500|212.6600000000
09400000|212.6600000000|214.4300000000|212.1200000000|213.2900000000|497415|106007697.7500|213.2900000000
09450000|213.1300000000|214.3500000000|212.1800000000|213.8100000000|291000|62084784.0000|213.8100000000
09500000|213.8500000000|215.7000000000|213.8500000000|215.3900000000|246300|52947355.0000|215.3900000000
09550000|215.4800000000|216.2200000000|214.4900000000|215.2000000000|224900|48402750.0000|215.2000000000
10000000|215.0600000000|215.3700000000|213.9400000000|214.3900000000|168600|36156030.0000|214.3900000000
10050000|214.4700000000|215.9200000000|214.4600000000|215.1000000000|107200|23072064.9600|215.1000000000
10100000|215.1100000000|215.5200000000|214.4800000000|214.8400000000|102700|22075695.0000|214.8400000000
10150000|214.8400000000|215.2400000000|214.0400000000|214.7200000000|120500|25864977.0000|214.7200000000
10200000|215.1600000000|217.0800000000|214.8600000000|216.9200000000|170600|36924034.0000|216.9200000000
10250000|216.9200000000|217.6000000000|216.4900000000|217.0100000000|134100|29098067.0000|217.0100000000
10300000|217.0000000000|217.7300000000|216.5600000000|217.0500000000|111640|24231056.0000|217.0500000000
10350000|216.7700000000|217.8000000000|216.2300000000|216.5200000000|176100|38244206.0000|216.5200000000
10400000|216.5400000000|217.3900000000|215.9900000000|216.0000000000|133300|28828598.0000|216.0000000000
10450000|216.0000000000|216.4900000000|216.0000000000|216.1900000000|61100|13211489.0000|216.1900000000
10500000|216.1900000000|217.4700000000|216.0400000000|217.2100000000|78100|16937087.0000|217.2100000000
10550000|217.3600000000|217.6300000000|216.8300000000|217.1300000000|55600|12077773.0000|217.1300000000
11000000|217.2200000000|217.4000000000|216.8500000000|216.8500000000|83500|18134740.0000|216.8500000000
11050000|216.8700000000|217.0500000000|216.1100000000|216.5100000000|62300|13500310.0000|216.5100000000
11100000|216.5800000000|216.9800000000|215.5700000000|216.0200000000|92500|20007197.0000|216.0200000000
11150000|215.8000000000|216.6300000000|215.5300000000|216.4300000000|62400|13470783.0000|216.4300000000
11200000|216.4600000000|216.4600000000|215.6200000000|215.6300000000|89360|19300712.8000|215.6300000000
11250000|215.6400000000|215.8300000000|215.1100000000|215.2500000000|77400|16676849.0000|215.2500000000
11300000|215.2500000000|216.1400000000|215.2500000000|215.5000000000|55100|11885266.4000|215.5000000000
13050000|215.3600000000|215.7400000000|214.5600000000|214.5600000000|195800|42119541.0000|214.5600000000
13100000|214.6000000000|215.3400000000|214.6000000000|215.0600000000|120300|25842726.0000|215.0600000000
13150000|215.0600000000|215.3500000000|215.0600000000|215.1000000000|116300|25030519.0000|215.1000000000
13200000|215.1000000000|215.1100000000|214.0000000000|214.8400000000|283700|60827216.0000|214.8400000000
13250000|214.7900000000|214.7900000000|214.0000000000|214.0100000000|111900|23966743.0000|214.0100000000
13300000|214.0500000000|214.0500000000|213.4700000000|213.6200000000|174400|37273094.0000|213.6200000000
13350000|213.6400000000|214.5400000000|213.4800000000|213.6900000000|132600|28351500.0000|213.6900000000
13400000|213.7900000000|214.7900000000|213.6400000000|214.6800000000|92800|19862215.0000|214.6800000000
13450000|214.8000000000|215.1100000000|214.7300000000|214.9500000000|112100|24091192.0000|214.9500000000
13500000|214.9400000000|214.9500000000|214.4100000000|214.4600000000|94100|20197644.0000|214.4600000000
13550000|214.4100000000|214.5100000000|214.0900000000|214.2900000000|116900|25054131.4200|214.2900000000
14000000|214.2800000000|214.5200000000|214.2700000000|214.5200000000|66600|14280456.0000|214.5200000000
14050000|214.5300000000|214.9300000000|214.2500000000|214.5700000000|110100|23618683.0000|214.5700000000
14100000|214.5600000000|214.6600000000|214.0000000000|214.0000000000|186100|39872439.0000|214.0000000000
14150000|214.0100000000|214.0900000000|213.6800000000|213.7300000000|146300|31293453.0000|213.7300000000
14200000|213.7300000000|214.0000000000|213.4900000000|213.9900000000|104160|22258971.0000|213.9900000000
14250000|213.9200000000|213.9600000000|213.7000000000|213.7300000000|98495|21056879.2000|213.7300000000
14300000|213.8000000000|213.9400000000|213.7100000000|213.8500000000|77720|16618241.2000|213.8500000000
14350000|213.8500000000|214.0000000000|213.8000000000|213.8800000000|197200|42175539.0000|213.8800000000
14400000|213.9000000000|214.0000000000|213.2500000000|213.4300000000|174900|37382981.0000|213.4300000000
14450000|213.4500000000|213.8800000000|213.2000000000|213.8800000000|142100|30329629.0000|213.8800000000
14500000|213.9000000000|213.9000000000|213.3000000000|213.5400000000|190500|40678967.0000|213.5400000000
14550000|213.8100000000|214.3800000000|213.7000000000|213.7200000000|257300|55092439.0000|213.7200000000
15000000|213.7000000000|214.0000000000|212.6300000000|212.6300000000|266317|56732940.9000|212.6300000000
