093500|14.5000|14.5300|14.3900|14.5100|3400900|49211736.0000|14.5100
094000|14.5200|14.5200|14.4100|14.4100|2275800|32911624.0000|14.4100
094500|14.4100|14.4200|14.3800|14.3800|2127400|30618048.0000|14.3800
095000|14.3800|14.4200|14.3800|14.3900|1079500|15549496.0000|14.3900
095500|14.3900|14.4200|14.3900|14.4100|839600|12093064.0000|14.4100
100000|14.4000|14.4300|14.4000|14.4300|764500|11023072.0000|14.4300
100500|14.4200|14.4300|14.3900|14.3900|1113000|16034880.0000|14.3900
101000|14.3900|14.4200|14.3700|14.4100|1123900|16174704.0000|14.4100
101500|14.4200|14.4200|14.4000|14.4100|608500|8768656.0000|14.4100
102000|14.4000|14.4300|14.4000|14.4200|713900|10286400.0000|14.4200
102500|14.4200|14.4300|14.4100|14.4200|364900|5262208.0000|14.4200
103000|14.4200|14.4500|14.4100|14.4400|660400|9533104.0000|14.4400
103500|14.4500|14.4500|14.4200|14.4200|439400|6342640.0000|14.4200
104000|14.4200|14.4300|14.4000|14.4100|696100|10036048.0000|14.4100
104500|14.4100|14.4300|14.4000|14.4200|446300|6433184.0000|14.4200
105000|14.4200|14.4300|14.4100|14.4200|574100|8279136.0000|14.4200
105500|14.4200|14.4300|14.4100|14.4200|424200|6117728.0000|14.4200
110000|14.4200|14.4300|14.4100|14.4200|261200|3766784.0000|14.4200
110500|14.4200|14.4600|14.4100|14.4600|585500|8451808.0000|14.4600
111000|14.4600|14.4700|14.4500|14.4500|832600|12039152.0000|14.4500
111500|14.4500|14.4600|14.4000|14.4000|862900|12446144.0000|14.4000
112000|14.4100|14.4100|14.3600|14.3700|1116700|16061536.0000|14.3700
112500|14.3700|14.3900|14.3700|14.3800|360100|5178656.0000|14.3800
113000|14.3800|14.4000|14.3800|14.3900|283100|4074368.0000|14.3900
130500|14.3900|14.4000|14.3600|14.3800|802700|11541792.0000|14.3800
131000|14.3900|14.4000|14.3700|14.3800|575600|8281440.0000|14.3800
131500|14.3900|14.4000|14.3800|14.3900|242500|3489184.0000|14.3900
132000|14.3800|14.4000|14.3700|14.3900|536100|7710912.0000|14.3900
132500|14.3800|14.3900|14.3700|14.3900|429900|6181920.0000|14.3900
133000|14.3900|14.4000|14.3800|14.4000|268600|3866208.0000|14.4000
133500|14.3900|14.4000|14.3900|14.3900|271000|3900192.0000|14.3900
134000|14.3900|14.4300|14.3900|14.4300|710000|10227552.0000|14.4300
134500|14.4300|14.4300|14.4200|14.4200|342300|4938432.0000|14.4200
135000|14.4200|14.4400|14.4200|14.4200|434500|6268704.0000|14.4200
135500|14.4300|14.4500|14.4200|14.4500|710600|10259168.0000|14.4500
140000|14.4400|14.4500|14.4300|14.4500|784600|11330144.0000|14.4500
140500|14.4500|14.4900|14.4500|14.4900|1561600|22595264.0000|14.4900
141000|14.4900|14.5000|14.4500|14.4600|1380800|19997600.0000|14.4600
141500|14.4700|14.4700|14.4500|14.4500|384100|5552128.0000|14.4500
142000|14.4500|14.4600|14.4300|14.4400|981700|14176640.0000|14.4400
142500|14.4400|14.4500|14.4400|14.4500|228800|3304896.0000|14.4500
143000|14.4500|14.4500|14.4400|14.4500|563500|8139776.0000|14.4500
143500|14.4400|14.4500|14.4200|14.4200|717000|10346080.0000|14.4200
144000|14.4300|14.4400|14.4200|14.4300|524500|7566464.0000|14.4300
144500|14.4200|14.4300|14.4200|14.4200|361700|5217184.0000|14.4200
145000|14.4300|14.4300|14.4100|14.4200|786400|11337600.0000|14.4200
145500|14.4300|14.4400|14.4200|14.4300|767100|11070784.0000|14.4300
150000|14.4300|14.4400|14.4300|14.4300|466300|6730208.0000|14.4300
