093500|9.57|9.63|9.57|9.59|13846.0|13296427.0|9.51
094000|9.6|9.6|9.54|9.56|8584.0|8217353.0|9.59
094500|9.56|9.6|9.55|9.59|4737.0|4536939.0|9.56
095000|9.6|9.6|9.57|9.59|2898.0|2778600.0|9.59
095500|9.59|9.61|9.57|9.61|4889.0|4690561.0|9.59
100000|9.61|9.61|9.54|9.54|6018.0|5768875.0|9.61
100500|9.54|9.59|9.54|9.58|2681.0|2564164.0|9.54
101000|9.58|9.59|9.56|9.58|2003.0|1918110.0|9.58
101500|9.58|9.62|9.57|9.6|5649.0|5422200.0|9.58
102000|9.62|9.65|9.6|9.63|17319.0|16665145.0|9.6
102500|9.63|9.64|9.6|9.6|3054.0|2938382.0|9.63
103000|9.61|9.61|9.59|9.59|3636.0|3491077.0|9.6
103500|9.6|9.61|9.6|9.61|1586.0|1523261.0|9.59
104000|9.61|9.62|9.58|9.58|2523.0|2420403.0|9.61
104500|9.59|9.6|9.57|9.58|1555.0|1490841.0|9.58
105000|9.59|9.6|9.57|9.6|1718.0|1647137.0|9.58
105500|9.59|9.62|9.59|9.61|1450.0|1392211.0|9.6
110000|9.62|9.64|9.61|9.62|2981.0|2869983.0|9.61
110500|9.62|9.63|9.6|9.6|1284.0|1234324.0|9.62
111000|9.61|9.62|9.6|9.61|1151.0|1105694.0|9.6
111500|9.61|9.61|9.57|9.58|2610.0|2503124.0|9.61
112000|9.57|9.59|9.56|9.58|1920.0|1838122.0|9.58
112500|9.59|9.6|9.57|9.57|1839.0|1763409.0|9.58
113000|9.58|9.59|9.57|9.58|814.0|779607.0|9.57
130500|9.58|9.59|9.54|9.57|3476.0|3324260.0|9.58
131000|9.57|9.57|9.54|9.54|2479.0|2367190.0|9.57
131500|9.54|9.54|9.51|9.53|2601.0|2478290.0|9.54
132000|9.53|9.55|9.52|9.54|1606.0|1530321.0|9.53
132500|9.53|9.54|9.51|9.51|2702.0|2573587.0|9.54
133000|9.51|9.53|9.5|9.51|3419.0|3252130.0|9.51
133500|9.51|9.55|9.51|9.53|4693.0|4464735.0|9.51
134000|9.54|9.55|9.51|9.51|1951.0|1859503.0|9.53
134500|9.51|9.52|9.48|9.52|3451.0|3278577.0|9.51
135000|9.52|9.53|9.51|9.53|1952.0|1857445.0|9.52
135500|9.52|9.52|9.5|9.51|1159.0|1102471.0|9.53
140000|9.51|9.53|9.5|9.52|1305.0|1241245.0|9.51
140500|9.52|9.55|9.51|9.53|2280.0|2173632.0|9.52
141000|9.54|9.56|9.53|9.56|1324.0|1263857.0|9.53
141500|9.56|9.56|9.55|9.56|1246.0|1190572.0|9.56
142000|9.57|9.57|9.54|9.55|1329.0|1269174.0|9.56
142500|9.55|9.55|9.53|9.53|817.0|779708.0|9.55
143000|9.54|9.56|9.53|9.55|1459.0|1392274.0|9.53
143500|9.55|9.55|9.52|9.52|6736.0|6416675.0|9.55
144000|9.52|9.54|9.52|9.52|1731.0|1649855.0|9.52
144500|9.53|9.53|9.52|9.52|2650.0|2524757.0|9.52
145000|9.52|9.53|9.51|9.52|2657.0|2529935.0|9.52
145500|9.52|9.53|9.5|9.51|9407.0|8943847.0|9.52
150000|9.5|9.53|9.5|9.53|3479.0|3313424.0|9.51
