09350000|4.9881595500|5.1037497000|4.9792680000|5.0415088500|2105704|11943804.0000|5.0415088500
09400000|5.0504004000|5.1304243500|5.0504004000|5.0859666000|2854072|16370067.0000|5.0859666000
09450000|5.0948581500|5.1037497000|5.0681835000|5.1037497000|1196228|6841012.0000|5.1037497000
09500000|5.0948581500|5.1037497000|5.0592919500|5.0681835000|699200|3995966.0000|5.0681835000
09550000|5.0770750500|5.1126412500|5.0681835000|5.0859666000|731872|4194921.0000|5.0859666000
10000000|5.0948581500|5.1126412500|5.0859666000|5.1037497000|764200|4384036.0000|5.1037497000
10050000|5.1037497000|5.1126412500|5.0770750500|5.0859666000|502900|2883255.0000|5.0859666000
10100000|5.0948581500|5.1037497000|5.0859666000|5.1037497000|329600|1889213.0000|5.1037497000
10150000|5.1037497000|5.1037497000|5.0859666000|5.0948581500|373100|2138511.0000|5.0948581500
10200000|5.0948581500|5.1126412500|5.0859666000|5.1037497000|299300|1717078.0000|5.1037497000
10250000|5.1037497000|5.1126412500|5.0948581500|5.0948581500|250800|1439674.0000|5.0948581500
10300000|5.0948581500|5.1126412500|5.0948581500|5.1037497000|422228|2423138.0000|5.1037497000
10350000|5.1126412500|5.1482074500|5.1126412500|5.1393159000|1338700|7727817.0000|5.1393159000
10400000|5.1304243500|5.1393159000|5.1126412500|5.1126412500|235800|1360019.0000|5.1126412500
10450000|5.1126412500|5.1215328000|5.1126412500|5.1126412500|174100|1002004.0000|5.1126412500
10500000|5.1126412500|5.1215328000|5.1037497000|5.1126412500|136400|784012.0000|5.1126412500
10550000|5.1126412500|5.1126412500|5.0948581500|5.1037497000|148700|853903.0000|5.1037497000
11000000|5.1037497000|5.1126412500|5.0948581500|5.1037497000|159600|915235.0000|5.1037497000
11050000|5.1037497000|5.1126412500|5.1037497000|5.1126412500|171000|981829.0000|5.1126412500
11100000|5.1037497000|5.1126412500|5.0859666000|5.0859666000|343000|1966353.0000|5.0859666000
11150000|5.0859666000|5.0859666000|5.0770750500|5.0859666000|197600|1128641.0000|5.0859666000
11200000|5.0770750500|5.0859666000|5.0681835000|5.0681835000|314900|1796742.0000|5.0681835000
11250000|5.0681835000|5.0859666000|5.0681835000|5.0859666000|118300|675438.0000|5.0859666000
11300000|5.0770750500|5.0859666000|5.0681835000|5.0770750500|146000|833431.0000|5.0770750500
13050000|5.0770750500|5.0859666000|5.0681835000|5.0770750500|337600|1927028.0000|5.0770750500
13100000|5.0770750500|5.0859666000|5.0681835000|5.0859666000|209000|1193419.0000|5.0859666000
13150000|5.0859666000|5.0859666000|5.0681835000|5.0770750500|344300|1965074.0000|5.0770750500
13200000|5.0681835000|5.0770750500|5.0681835000|5.0770750500|118600|676732.0000|5.0770750500
13250000|5.0770750500|5.0859666000|5.0592919500|5.0681835000|224800|1281316.0000|5.0681835000
13300000|5.0592919500|5.0859666000|5.0592919500|5.0859666000|1578700|9000570.0000|5.0859666000
13350000|5.0859666000|5.0859666000|5.0770750500|5.0859666000|195500|1117212.0000|5.0859666000
13400000|5.0770750500|5.0859666000|5.0770750500|5.0859666000|201200|1150375.0000|5.0859666000
13450000|5.0859666000|5.1037497000|5.0770750500|5.0948581500|325500|1862714.0000|5.0948581500
13500000|5.1037497000|5.1037497000|5.0859666000|5.0859666000|252000|1444152.0000|5.0859666000
13550000|5.0948581500|5.0948581500|5.0770750500|5.0770750500|208600|1193420.0000|5.0770750500
14000000|5.0770750500|5.0859666000|5.0770750500|5.0859666000|160100|915316.0000|5.0859666000
14050000|5.0859666000|5.0859666000|5.0770750500|5.0859666000|284500|1624717.0000|5.0859666000
14100000|5.0859666000|5.0859666000|5.0770750500|5.0859666000|490100|2801884.0000|5.0859666000
14150000|5.0859666000|5.0859666000|5.0770750500|5.0859666000|65900|376546.0000|5.0859666000
14200000|5.0859666000|5.0859666000|5.0770750500|5.0859666000|254000|1451982.0000|5.0859666000
14250000|5.0859666000|5.0859666000|5.0770750500|5.0859666000|294600|1684641.0000|5.0859666000
14300000|5.0859666000|5.0859666000|5.0770750500|5.0770750500|151200|864432.0000|5.0770750500
14350000|5.0770750500|5.0948581500|5.0770750500|5.0948581500|306900|1755895.0000|5.0948581500
14400000|5.0948581500|5.0948581500|5.0859666000|5.0948581500|289300|1657142.0000|5.0948581500
14450000|5.0948581500|5.1037497000|5.0859666000|5.0948581500|551700|3161806.0000|5.0948581500
14500000|5.0948581500|5.0948581500|5.0859666000|5.0859666000|358000|2049007.0000|5.0859666000
14550000|5.0859666000|5.0948581500|5.0770750500|5.0770750500|311535|1782012.0000|5.0770750500
15000000|5.0770750500|5.0859666000|5.0681835000|5.0770750500|622000|3551680.0000|5.0770750500
