09350000|4.8281116500|4.8370032000|4.8014370000|4.8103285500|207200|1121479.0000|4.8103285500
09400000|4.8103285500|4.8458947500|4.8014370000|4.8103285500|385900|2093727.0000|4.8103285500
09450000|4.8103285500|4.8192201000|4.8103285500|4.8103285500|134800|729431.0000|4.8103285500
09500000|4.8103285500|4.8192201000|4.8014370000|4.8103285500|111800|604912.0000|4.8103285500
09550000|4.8103285500|4.8547863000|4.8103285500|4.8370032000|1153600|6268473.0000|4.8370032000
10000000|4.8370032000|4.8458947500|4.8192201000|4.8281116500|186100|1012198.0000|4.8281116500
10050000|4.8281116500|4.8370032000|4.8192201000|4.8192201000|68700|372961.0000|4.8192201000
10100000|4.8281116500|4.8281116500|4.8103285500|4.8103285500|150700|816171.0000|4.8103285500
10150000|4.8103285500|4.8281116500|4.8103285500|4.8281116500|67300|364985.0000|4.8281116500
10200000|4.8192201000|4.8281116500|4.8192201000|4.8281116500|73715|399893.0000|4.8281116500
10250000|4.8281116500|4.8281116500|4.8192201000|4.8281116500|35500|192630.0000|4.8281116500
10300000|4.8281116500|4.8370032000|4.8192201000|4.8281116500|103300|561074.0000|4.8281116500
10350000|4.8281116500|4.8370032000|4.8192201000|4.8192201000|53300|289242.0000|4.8192201000
10400000|4.8192201000|4.8281116500|4.8103285500|4.8103285500|95185|515845.0000|4.8103285500
10450000|4.8103285500|4.8192201000|4.8103285500|4.8192201000|50000|270903.0000|4.8192201000
10500000|4.8192201000|4.8281116500|4.8103285500|4.8103285500|42915|232577.0000|4.8103285500
10550000|4.8192201000|4.8370032000|4.8192201000|4.8192201000|45700|248241.0000|4.8192201000
11000000|4.8281116500|4.8370032000|4.8192201000|4.8370032000|107300|582550.0000|4.8370032000
11050000|4.8370032000|4.8370032000|4.8192201000|4.8370032000|183100|995506.0000|4.8370032000
11100000|4.8370032000|4.8370032000|4.8192201000|4.8281116500|65900|357913.0000|4.8281116500
11150000|4.8192201000|4.8370032000|4.8192201000|4.8192201000|39900|216615.0000|4.8192201000
11200000|4.8192201000|4.8281116500|4.8192201000|4.8281116500|100500|545420.0000|4.8281116500
11250000|4.8281116500|4.8281116500|4.8192201000|4.8192201000|28500|154646.0000|4.8192201000
11300000|4.8192201000|4.8281116500|4.8103285500|4.8192201000|52800|286316.0000|4.8192201000
13050000|4.8281116500|4.8281116500|4.8192201000|4.8192201000|126400|685273.0000|4.8192201000
13100000|4.8192201000|4.8281116500|4.8103285500|4.8192201000|24600|133406.0000|4.8192201000
13150000|4.8192201000|4.8370032000|4.8192201000|4.8370032000|91600|497788.0000|4.8370032000
13200000|4.8281116500|4.8370032000|4.8281116500|4.8281116500|36800|200063.0000|4.8281116500
13250000|4.8370032000|4.8458947500|4.8281116500|4.8370032000|155700|847576.0000|4.8370032000
13300000|4.8370032000|4.8458947500|4.8370032000|4.8370032000|24900|135543.0000|4.8370032000
13350000|4.8370032000|4.8458947500|4.8281116500|4.8458947500|82700|450248.0000|4.8458947500
13400000|4.8370032000|4.8458947500|4.8370032000|4.8370032000|33200|180867.0000|4.8370032000
13450000|4.8370032000|4.8458947500|4.8370032000|4.8458947500|83900|457028.0000|4.8458947500
13500000|4.8370032000|4.8547863000|4.8370032000|4.8458947500|183800|1002033.0000|4.8458947500
13550000|4.8370032000|4.8458947500|4.8370032000|4.8458947500|206400|1124812.0000|4.8458947500
14000000|4.8458947500|4.8458947500|4.8370032000|4.8458947500|150300|818928.0000|4.8458947500
14050000|4.8458947500|4.8547863000|4.8370032000|4.8458947500|146200|796877.0000|4.8458947500
14100000|4.8458947500|4.8814609500|4.8458947500|4.8814609500|956800|5231000.0000|4.8814609500
14150000|4.8725694000|4.8903525000|4.8725694000|4.8814609500|1336978|7338282.0000|4.8814609500
14200000|4.8725694000|4.8814609500|4.8636778500|4.8725694000|312400|1711017.0000|4.8725694000
14250000|4.8636778500|4.8814609500|4.8547863000|4.8636778500|425200|2329469.0000|4.8636778500
14300000|4.8636778500|4.8814609500|4.8636778500|4.8814609500|272500|1493386.0000|4.8814609500
14350000|4.8725694000|4.8814609500|4.8636778500|4.8725694000|109500|600251.0000|4.8725694000
14400000|4.8725694000|4.8814609500|4.8636778500|4.8725694000|54200|297028.0000|4.8725694000
14450000|4.8725694000|4.8725694000|4.8636778500|4.8636778500|64600|353572.0000|4.8636778500
14500000|4.8636778500|4.8725694000|4.8636778500|4.8725694000|247900|1356752.0000|4.8725694000
14550000|4.8725694000|4.8725694000|4.8547863000|4.8547863000|260000|1422905.0000|4.8547863000
15000000|4.8725694000|4.8725694000|4.8547863000|4.8636778500|173200|947359.0000|4.8636778500
