09350000|4.6049620400|4.6146363300|4.5856134600|4.5952877500|721400|3424719.0000|4.5952877500
09400000|4.5952877500|4.6049620400|4.5952877500|4.5952877500|119700|568864.0000|4.5952877500
09450000|4.5952877500|4.5952877500|4.5856134600|4.5952877500|348500|1655012.0000|4.5952877500
09500000|4.5952877500|4.6049620400|4.5952877500|4.5952877500|191700|911548.0000|4.5952877500
09550000|4.5952877500|4.5952877500|4.5856134600|4.5952877500|475100|2255983.0000|4.5952877500
10000000|4.5952877500|4.6049620400|4.5856134600|4.5952877500|394700|1877715.0000|4.5952877500
10050000|4.5952877500|4.6049620400|4.5856134600|4.5952877500|557000|2645085.0000|4.5952877500
10100000|4.5952877500|4.5952877500|4.5856134600|4.5952877500|124900|592847.0000|4.5952877500
10150000|4.5856134600|4.5952877500|4.5856134600|4.5856134600|96100|455897.0000|4.5856134600
10200000|4.5856134600|4.5952877500|4.5856134600|4.5952877500|447000|2123082.0000|4.5952877500
10250000|4.5952877500|4.6049620400|4.5952877500|4.5952877500|116900|556018.0000|4.5952877500
10300000|4.6049620400|4.6049620400|4.5952877500|4.6049620400|124900|594350.0000|4.6049620400
10350000|4.6049620400|4.6146363300|4.5952877500|4.6049620400|214100|1019290.0000|4.6049620400
10400000|4.6049620400|4.6146363300|4.5952877500|4.5952877500|282200|1343434.0000|4.5952877500
10450000|4.6146363300|4.6146363300|4.5952877500|4.6049620400|110300|524916.0000|4.6049620400
10500000|4.6049620400|4.6243106200|4.5952877500|4.6243106200|650100|3096620.0000|4.6243106200
10550000|4.6243106200|4.6339849100|4.6146363300|4.6243106200|371600|1776692.0000|4.6243106200
11000000|4.6243106200|4.6339849100|4.6146363300|4.6243106200|230100|1099958.0000|4.6243106200
11050000|4.6243106200|4.6339849100|4.6243106200|4.6339849100|64700|309736.0000|4.6339849100
11100000|4.6243106200|4.6339849100|4.6243106200|4.6243106200|150000|717132.0000|4.6243106200
11150000|4.6243106200|4.6339849100|4.6146363300|4.6146363300|221600|1059034.0000|4.6146363300
11200000|4.6146363300|4.6243106200|4.6146363300|4.6146363300|55000|262438.0000|4.6146363300
11250000|4.6146363300|4.6243106200|4.6146363300|4.6243106200|68100|325160.0000|4.6243106200
11300000|4.6243106200|4.6243106200|4.6146363300|4.6243106200|172600|824336.0000|4.6243106200
13050000|4.6243106200|4.6339849100|4.6146363300|4.6243106200|753200|3601400.0000|4.6243106200
13100000|4.6243106200|4.6339849100|4.6146363300|4.6339849100|69300|331616.0000|4.6339849100
13150000|4.6339849100|4.6339849100|4.6243106200|4.6339849100|70400|337068.0000|4.6339849100
13200000|4.6243106200|4.6339849100|4.6243106200|4.6339849100|58100|278136.0000|4.6339849100
13250000|4.6339849100|4.6339849100|4.6243106200|4.6243106200|122700|587672.0000|4.6243106200
13300000|4.6243106200|4.6436592000|4.6243106200|4.6339849100|393100|1883260.0000|4.6339849100
13350000|4.6339849100|4.6436592000|4.6243106200|4.6339849100|123300|590648.0000|4.6339849100
13400000|4.6339849100|4.6339849100|4.6243106200|4.6243106200|94800|453992.0000|4.6243106200
13450000|4.6243106200|4.6436592000|4.6243106200|4.6339849100|387300|1855296.0000|4.6339849100
13500000|4.6436592000|4.6436592000|4.6243106200|4.6243106200|202700|971104.0000|4.6243106200
13550000|4.6243106200|4.6339849100|4.6243106200|4.6339849100|48000|229864.0000|4.6339849100
14000000|4.6243106200|4.6339849100|4.6243106200|4.6243106200|93200|445680.0000|4.6243106200
14050000|4.6339849100|4.6339849100|4.6146363300|4.6243106200|663600|3170860.0000|4.6243106200
14100000|4.6146363300|4.6243106200|4.6049620400|4.6146363300|357200|1704096.0000|4.6146363300
14150000|4.6146363300|4.6243106200|4.6146363300|4.6146363300|210300|1003904.0000|4.6146363300
14200000|4.6146363300|4.6243106200|4.6146363300|4.6146363300|110200|526356.0000|4.6146363300
14250000|4.6146363300|4.6146363300|4.6049620400|4.6146363300|179800|857488.0000|4.6146363300
14300000|4.6146363300|4.6146363300|4.6049620400|4.6049620400|70800|337372.0000|4.6049620400
14350000|4.6049620400|4.6049620400|4.5952877500|4.5952877500|1048200|4984244.0000|4.5952877500
14400000|4.6049620400|4.6049620400|4.5856134600|4.5952877500|403600|1917272.0000|4.5952877500
14450000|4.5952877500|4.6049620400|4.5856134600|4.5952877500|248500|1180020.0000|4.5952877500
14500000|4.5952877500|4.5952877500|4.5856134600|4.5952877500|145800|691628.0000|4.5952877500
14550000|4.5952877500|4.5952877500|4.5856134600|4.5856134600|483000|2291580.0000|4.5856134600
15000000|4.5856134600|4.5952877500|4.5856134600|4.5856134600|813400|3857796.0000|4.5856134600
