093500|5.1600|5.1800|5.1200|5.1200|845400|4344059.0000|5.1200
094000|5.1300|5.1500|5.1300|5.1400|500600|2569497.0000|5.1400
094500|5.1500|5.1500|5.1300|5.1400|364200|1869264.0000|5.1400
095000|5.1300|5.1400|5.1200|5.1300|527600|2706376.0000|5.1300
095500|5.1300|5.1500|5.1300|5.1400|252900|1298791.0000|5.1400
100000|5.1400|5.1400|5.1200|5.1300|240700|1235139.0000|5.1300
100500|5.1300|5.1300|5.1200|5.1200|399400|2046146.0000|5.1200
101000|5.1300|5.1300|5.1200|5.1200|178300|913058.0000|5.1200
101500|5.1200|5.1300|5.1100|5.1200|404400|2069625.0000|5.1200
102000|5.1100|5.1300|5.1100|5.1300|389600|1994549.0000|5.1300
102500|5.1300|5.1300|5.1100|5.1200|143200|733233.0000|5.1200
103000|5.1200|5.1300|5.1100|5.1300|162000|829757.0000|5.1300
103500|5.1200|5.1400|5.1200|5.1300|199900|1024935.0000|5.1300
104000|5.1300|5.1400|5.1200|5.1200|94700|485588.0000|5.1200
104500|5.1300|5.1300|5.1100|5.1200|237800|1217679.0000|5.1200
105000|5.1200|5.1300|5.1100|5.1300|62000|317530.0000|5.1300
105500|5.1200|5.1300|5.1100|5.1200|217000|1111040.0000|5.1200
110000|5.1200|5.1300|5.1200|5.1300|67800|347190.0000|5.1300
110500|5.1300|5.1300|5.1100|5.1200|93900|480695.0000|5.1200
111000|5.1100|5.1200|5.1100|5.1200|119600|611511.0000|5.1200
111500|5.1200|5.1200|5.1100|5.1200|97200|497606.0000|5.1200
112000|5.1200|5.1300|5.1100|5.1100|137400|703033.0000|5.1100
112500|5.1200|5.1200|5.1100|5.1200|76600|391701.0000|5.1200
113000|5.1200|5.1300|5.1100|5.1300|39500|202098.0000|5.1300
130500|5.1300|5.1300|5.1100|5.1200|179200|917399.0000|5.1200
131000|5.1200|5.1200|5.1100|5.1200|62600|320430.0000|5.1200
131500|5.1100|5.1200|5.1000|5.1100|417900|2135097.0000|5.1100
132000|5.1100|5.1100|5.1000|5.1100|70700|360818.0000|5.1100
132500|5.1000|5.1200|5.1000|5.1100|163400|834397.0000|5.1100
133000|5.1200|5.1200|5.1000|5.1100|77100|394090.0000|5.1100
133500|5.1100|5.1200|5.1100|5.1200|40757|208421.0000|5.1200
134000|5.1200|5.1300|5.1100|5.1200|225900|1155738.0000|5.1200
134500|5.1200|5.1400|5.1200|5.1300|171900|881894.0000|5.1300
135000|5.1400|5.1400|5.1200|5.1400|103900|533432.0000|5.1400
135500|5.1400|5.1400|5.1300|5.1400|28900|148499.0000|5.1400
140000|5.1400|5.1400|5.1200|5.1300|89200|457871.0000|5.1300
140500|5.1300|5.1300|5.1200|5.1200|32800|168004.0000|5.1200
141000|5.1200|5.1300|5.1100|5.1200|211400|1082330.0000|5.1200
141500|5.1200|5.1200|5.1000|5.1000|333400|1703657.0000|5.1000
142000|5.1000|5.1200|5.1000|5.1100|54500|278404.0000|5.1100
142500|5.1100|5.1200|5.1000|5.1000|130700|667977.0000|5.1000
143000|5.1000|5.1200|5.1000|5.1200|288300|1474464.0000|5.1200
143500|5.1100|5.1200|5.1100|5.1100|54309|277973.0000|5.1100
144000|5.1100|5.1200|5.1100|5.1100|82300|420878.0000|5.1100
144500|5.1100|5.1200|5.1100|5.1100|92000|470849.0000|5.1100
145000|5.1100|5.1200|5.1100|5.1200|123900|633654.0000|5.1200
145500|5.1100|5.1200|5.1100|5.1100|241100|1233485.0000|5.1100
150000|5.1200|5.1200|5.1000|5.1000|330400|1686957.0000|5.1000
