093500|14.5300|14.6000|14.2100|14.6000|2646400|38213124.0000|14.6000
094000|14.6200|14.6700|14.4000|14.4200|2048600|29778279.0000|14.4200
094500|14.4000|14.4000|14.3100|14.3800|911600|13084577.0000|14.3800
095000|14.3600|14.5200|14.3600|14.4400|568000|8215230.0000|14.4400
095500|14.4700|14.5200|14.4000|14.4800|398933|5760561.0000|14.4800
100000|14.4800|14.6500|14.4800|14.6100|578900|8439841.0000|14.6100
100500|14.6000|14.6100|14.4900|14.5400|559600|8131681.0000|14.5400
101000|14.5400|14.6100|14.5300|14.5300|257300|3744744.0000|14.5300
101500|14.5300|14.5600|14.4600|14.4800|348700|5063481.0000|14.4800
102000|14.4900|14.5200|14.4500|14.4700|328300|4753715.0000|14.4700
102500|14.4700|14.4900|14.4000|14.4400|276200|3986631.0000|14.4400
103000|14.4200|14.4600|14.4200|14.4600|120100|1734558.0000|14.4600
103500|14.4500|14.4500|14.3400|14.3500|624800|8975589.0000|14.3500
104000|14.3500|14.3900|14.3300|14.3300|233800|3355205.0000|14.3300
104500|14.3200|14.3900|14.3100|14.3900|143500|2060676.0000|14.3900
105000|14.3900|14.4700|14.3700|14.4700|188300|2710702.0000|14.4700
105500|14.4800|14.4900|14.4200|14.4200|170500|2464615.0000|14.4200
110000|14.4200|14.4700|14.4100|14.4300|91100|1315598.0000|14.4300
110500|14.4300|14.4800|14.4100|14.4300|135500|1955653.0000|14.4300
111000|14.4400|14.5100|14.4300|14.4900|108000|1562967.0000|14.4900
111500|14.5200|14.5500|14.4900|14.4900|95800|1391462.0000|14.4900
112000|14.4900|14.5300|14.4900|14.5200|129400|1878457.0000|14.5200
112500|14.5400|14.5900|14.5400|14.5500|198500|2890867.0000|14.5500
113000|14.5600|14.6900|14.5600|14.6600|521800|7632706.0000|14.6600
130500|14.6700|14.7100|14.6000|14.6300|411200|6029054.0000|14.6300
131000|14.6300|14.6400|14.5900|14.6200|276100|4034400.0000|14.6200
131500|14.6200|14.7500|14.6100|14.7300|509200|7477204.0000|14.7300
132000|14.7500|14.7600|14.6800|14.6800|317900|4680285.0000|14.6800
132500|14.6800|14.7100|14.6300|14.6700|205700|3017383.0000|14.6700
133000|14.6700|14.7700|14.6400|14.7400|480370|7071159.0000|14.7400
133500|14.7300|14.8600|14.7300|14.7800|481200|7122344.0000|14.7800
134000|14.7800|14.8200|14.7700|14.8200|191800|2837937.0000|14.8200
134500|14.8200|14.8200|14.7500|14.7800|365800|5407546.0000|14.7800
135000|14.7800|14.8000|14.6800|14.7200|413400|6088013.0000|14.7200
135500|14.7200|14.7800|14.7200|14.7400|169300|2498414.0000|14.7400
140000|14.7400|14.7800|14.7300|14.7400|246400|3635849.0000|14.7400
140500|14.7300|14.7500|14.6700|14.7000|365800|5380622.0000|14.7000
141000|14.7000|14.7500|14.6800|14.7500|313500|4612323.0000|14.7500
141500|14.7400|14.7900|14.7100|14.7400|382988|5652163.0000|14.7400
142000|14.7400|14.7500|14.7000|14.7400|179012|2634973.0000|14.7400
142500|14.7500|14.7700|14.7100|14.7600|286700|4228617.0000|14.7600
143000|14.7600|14.7600|14.7100|14.7200|208700|3074376.0000|14.7200
143500|14.7200|14.7200|14.6600|14.6700|460300|6760172.0000|14.6700
144000|14.6700|14.6900|14.6700|14.6700|164000|2407258.0000|14.6700
144500|14.6700|14.7200|14.6700|14.7000|357260|5247661.0000|14.7000
145000|14.7200|14.7400|14.7000|14.7300|351688|5175200.0000|14.7300
145500|14.7200|14.7300|14.6500|14.6500|485400|7132464.0000|14.6500
150000|14.6500|14.6800|14.6500|14.6700|481800|7067216.0000|14.6700
