093500|9.9800|10.0200|9.9500|9.9500|560200|5592390.0000|9.9500
094000|9.9600|9.9800|9.9100|9.9700|295700|2939393.0000|9.9700
094500|9.9800|9.9800|9.9400|9.9500|127500|1269034.0000|9.9500
095000|9.9500|9.9600|9.9300|9.9500|171000|1700378.0000|9.9500
095500|9.9400|9.9800|9.9400|9.9800|160300|1596189.0000|9.9800
100000|9.9700|10.0300|9.9700|10.0200|131700|1316628.0000|10.0200
100500|10.0000|10.0200|10.0000|10.0100|129400|1295204.0000|10.0100
101000|10.0100|10.0400|10.0100|10.0400|114100|1143620.0000|10.0400
101500|10.0300|10.0400|10.0200|10.0300|103300|1036224.0000|10.0300
102000|10.0300|10.0400|10.0300|10.0400|54900|550692.0000|10.0400
102500|10.0300|10.0600|10.0300|10.0400|59900|601540.0000|10.0400
103000|10.0400|10.0600|10.0300|10.0400|55500|557628.0000|10.0400
103500|10.0400|10.0400|10.0300|10.0300|46800|469602.0000|10.0300
104000|10.0300|10.0400|10.0100|10.0200|97300|975278.0000|10.0200
104500|10.0100|10.0300|10.0100|10.0200|26500|265416.0000|10.0200
105000|10.0200|10.0200|10.0000|10.0000|67300|673692.0000|10.0000
105500|10.0000|10.0100|10.0000|10.0000|66000|660212.0000|10.0000
110000|10.0100|10.0100|9.9900|9.9900|44800|448088.0000|9.9900
110500|9.9900|10.0100|9.9900|9.9900|24700|246992.0000|9.9900
111000|10.0000|10.0000|9.9800|9.9900|109400|1092730.0000|9.9900
111500|9.9800|9.9900|9.9700|9.9800|100600|1004410.0000|9.9800
112000|9.9800|9.9900|9.9700|9.9800|63900|637692.0000|9.9800
112500|9.9800|10.0000|9.9800|10.0000|109700|1096052.0000|10.0000
113000|10.0000|10.0200|9.9900|10.0000|146200|1462048.0000|10.0000
130500|10.0000|10.0000|9.9600|9.9600|151900|1516656.0000|9.9600
131000|9.9600|9.9700|9.9500|9.9600|125300|1247860.0000|9.9600
131500|9.9600|9.9700|9.9500|9.9500|53700|534720.0000|9.9500
132000|9.9600|9.9600|9.9300|9.9500|297800|2962200.0000|9.9500
132500|9.9500|9.9600|9.9300|9.9500|122600|1218740.0000|9.9500
133000|9.9500|9.9600|9.9400|9.9500|44100|438796.0000|9.9500
133500|9.9400|9.9500|9.9400|9.9400|41800|415596.0000|9.9400
134000|9.9500|9.9500|9.9300|9.9400|116300|1155936.0000|9.9400
134500|9.9400|9.9400|9.9300|9.9400|30300|301168.0000|9.9400
135000|9.9400|9.9400|9.9300|9.9400|94100|935276.0000|9.9400
135500|9.9300|9.9400|9.9300|9.9300|95900|952304.0000|9.9300
140000|9.9300|9.9400|9.9300|9.9300|79000|784636.0000|9.9300
140500|9.9300|9.9400|9.9300|9.9300|146000|1449956.0000|9.9300
141000|9.9300|9.9400|9.9200|9.9400|114000|1132080.0000|9.9400
141500|9.9400|9.9400|9.9300|9.9400|13600|135132.0000|9.9400
142000|9.9300|9.9400|9.9300|9.9300|22700|225524.0000|9.9300
142500|9.9400|9.9400|9.9300|9.9300|81800|812640.0000|9.9300
143000|9.9400|9.9500|9.9300|9.9500|71400|709956.0000|9.9500
143500|9.9500|9.9600|9.9500|9.9500|50900|506664.0000|9.9500
144000|9.9500|9.9500|9.9400|9.9400|39000|388004.0000|9.9400
144500|9.9500|9.9600|9.9400|9.9500|114400|1138628.0000|9.9500
145000|9.9400|9.9600|9.9400|9.9400|87300|868168.0000|9.9400
145500|9.9400|9.9500|9.9300|9.9400|135400|1345884.0000|9.9400
150000|9.9400|9.9500|9.9300|9.9300|122600|1217832.0000|9.9300
