093500|7.19|7.27|7.16|7.26|26004.0|18772212.0|7.2
094000|7.25|7.26|7.23|7.26|21033.0|15246148.0|7.26
094500|7.25|7.33|7.24|7.31|24466.0|17814222.0|7.26
095000|7.32|7.32|7.28|7.3|24480.0|17874762.0|7.31
095500|7.31|7.31|7.26|7.27|20241.0|14742951.0|7.3
100000|7.27|7.27|7.25|7.26|7410.0|5380665.0|7.27
100500|7.26|7.27|7.24|7.27|5969.0|4328032.0|7.26
101000|7.26|7.28|7.26|7.26|4204.0|3054412.0|7.27
101500|7.26|7.27|7.21|7.21|6892.0|4988470.0|7.26
102000|7.21|7.22|7.2|7.21|7021.0|5060648.0|7.21
102500|7.22|7.22|7.2|7.2|7137.0|5143884.0|7.21
103000|7.21|7.22|7.2|7.22|2346.0|1691173.0|7.2
103500|7.21|7.24|7.21|7.24|3213.0|2320935.0|7.22
104000|7.24|7.24|7.22|7.23|1676.0|1211444.0|7.24
104500|7.22|7.25|7.22|7.24|3492.0|2526951.0|7.23
105000|7.24|7.25|7.22|7.25|6145.0|4446302.0|7.24
105500|7.24|7.25|7.23|7.25|2999.0|2172086.0|7.25
110000|7.25|7.28|7.23|7.24|7172.0|5208221.0|7.25
110500|7.24|7.25|7.23|7.24|1654.0|1197295.0|7.24
111000|7.24|7.25|7.24|7.25|1759.0|1274340.0|7.24
111500|7.24|7.25|7.24|7.25|1285.0|930767.0|7.25
112000|7.25|7.25|7.23|7.23|1078.0|780218.0|7.25
112500|7.23|7.24|7.23|7.23|1289.0|932869.0|7.23
113000|7.23|7.25|7.23|7.24|1266.0|916659.0|7.23
130500|7.25|7.25|7.22|7.23|4426.0|3200469.0|7.24
131000|7.22|7.24|7.21|7.21|3052.0|2203997.0|7.23
131500|7.22|7.22|7.21|7.22|2066.0|1490746.0|7.21
132000|7.21|7.22|7.2|7.21|2354.0|1696836.0|7.22
132500|7.2|7.21|7.2|7.2|1543.0|1111772.0|7.21
133000|7.2|7.21|7.19|7.19|4921.0|3542270.0|7.2
133500|7.19|7.2|7.19|7.2|3101.0|2232218.0|7.19
134000|7.2|7.2|7.19|7.19|2818.0|2027409.0|7.2
134500|7.19|7.19|7.18|7.18|3046.0|2188266.0|7.19
135000|7.18|7.18|7.16|7.16|5921.0|4246001.0|7.18
135500|7.16|7.17|7.15|7.15|2853.0|2043006.0|7.16
140000|7.16|7.16|7.13|7.16|4618.0|3300101.0|7.15
140500|7.16|7.16|7.12|7.12|4502.0|3213606.0|7.16
141000|7.12|7.17|7.11|7.17|4933.0|3521224.0|7.12
141500|7.16|7.17|7.15|7.16|3112.0|2228254.0|7.17
142000|7.16|7.19|7.16|7.18|4451.0|3195356.0|7.16
142500|7.17|7.19|7.17|7.18|1905.0|1367708.0|7.18
143000|7.18|7.18|7.17|7.17|1220.0|875256.0|7.18
143500|7.17|7.18|7.15|7.16|3282.0|2351986.0|7.17
144000|7.16|7.17|7.15|7.16|2174.0|1556241.0|7.16
144500|7.16|7.16|7.14|7.15|4386.0|3136213.0|7.16
145000|7.15|7.16|7.14|7.15|5888.0|4210129.0|7.15
145500|7.15|7.16|7.15|7.16|6633.0|4743842.0|7.15
150000|7.15|7.16|7.15|7.15|5611.0|4013410.0|7.16
