093500|21.6000|21.7300|21.3700|21.4100|2041900|44024376.0000|21.4100
094000|21.4300|21.5200|21.4000|21.4400|1197000|25667192.0000|21.4400
094500|21.4300|21.8200|21.4300|21.7700|1039300|22569464.0000|21.7700
095000|21.7600|21.7600|21.4000|21.4700|797500|17203816.0000|21.4700
095500|21.4600|21.4600|21.3000|21.3000|1266200|27050944.0000|21.3000
100000|21.3000|21.4200|21.3000|21.3600|671000|14337488.0000|21.3600
100500|21.3800|21.5900|21.3800|21.5800|582500|12530976.0000|21.5800
101000|21.5800|21.6500|21.4400|21.4700|407000|8762144.0000|21.4700
101500|21.4700|21.5000|21.3200|21.3700|482000|10311632.0000|21.3700
102000|21.3600|21.4200|21.3200|21.4200|281800|6019312.0000|21.4200
102500|21.4200|21.5800|21.4200|21.5700|456200|9826480.0000|21.5700
103000|21.5700|21.6000|21.5200|21.6000|260400|5614112.0000|21.6000
103500|21.6000|21.6700|21.5000|21.5800|406400|8775520.0000|21.5800
104000|21.5800|21.7400|21.5800|21.6900|476800|10339696.0000|21.6900
104500|21.6900|21.7100|21.6400|21.6400|301600|6540768.0000|21.6400
105000|21.6400|21.7100|21.6400|21.7000|185200|4016768.0000|21.7000
105500|21.7000|21.9900|21.7000|21.9800|1015600|22203824.0000|21.9800
110000|21.9800|21.9800|21.8300|21.9100|951400|20828832.0000|21.9100
110500|21.9100|21.9400|21.8200|21.9200|543300|11897280.0000|21.9200
111000|21.9200|21.9200|21.7000|21.7300|559900|12203584.0000|21.7300
111500|21.7000|21.7600|21.7000|21.7200|277800|6033984.0000|21.7200
112000|21.7200|21.8100|21.7200|21.7900|149000|3243200.0000|21.7900
112500|21.7900|21.8200|21.7600|21.8000|139500|3040352.0000|21.8000
113000|21.8000|21.8200|21.7800|21.8100|121500|2648544.0000|21.8100
130500|21.8800|21.9400|21.8300|21.9000|632500|13842240.0000|21.9000
131000|21.8900|21.9400|21.8300|21.9200|217400|4755872.0000|21.9200
131500|21.9200|21.9400|21.8000|21.8100|382100|8364704.0000|21.8100
132000|21.8100|21.8100|21.7500|21.7600|216600|4716480.0000|21.7600
132500|21.7600|21.7800|21.7100|21.7100|181200|3939360.0000|21.7100
133000|21.7100|21.7500|21.6900|21.7200|131800|2862464.0000|21.7200
133500|21.7200|21.7900|21.7200|21.7600|137400|2990464.0000|21.7600
134000|21.7800|21.8200|21.7300|21.7700|217300|4729728.0000|21.7700
134500|21.7700|21.7700|21.7200|21.7600|107800|2343392.0000|21.7600
135000|21.7600|21.8000|21.7100|21.7100|224400|4881888.0000|21.7100
135500|21.7100|21.7400|21.7000|21.7200|114500|2487552.0000|21.7200
140000|21.7200|21.7300|21.6700|21.6700|133400|2895168.0000|21.6700
140500|21.6700|21.7100|21.6500|21.7100|134600|2917888.0000|21.7100
141000|21.7000|21.7500|21.7000|21.7500|194000|4214400.0000|21.7500
141500|21.7500|21.7500|21.6900|21.7100|165700|3598816.0000|21.7100
142000|21.7100|22.0400|21.7100|21.9600|1300200|28552416.0000|21.9600
142500|21.9500|22.0600|21.9500|22.0000|1037800|22831552.0000|22.0000
143000|22.0000|22.0100|21.9200|21.9300|481100|10560384.0000|21.9300
143500|21.9300|22.0000|21.9300|21.9900|432000|9487168.0000|21.9900
144000|21.9800|22.0300|21.9600|21.9800|455300|10015200.0000|21.9800
144500|21.9800|21.9900|21.9200|21.9200|604100|13256864.0000|21.9200
145000|21.9200|21.9700|21.9100|21.9600|504100|11055744.0000|21.9600
145500|21.9700|21.9700|21.9100|21.9300|721600|15827584.0000|21.9300
150000|21.9300|21.9400|21.9200|21.9400|887900|19471072.0000|21.9400
