09350000|7.9264510400|7.9357982700|7.8236315100|7.8797148900|476200|4015117.0000|7.8797148900
09400000|7.8890621200|7.9264510400|7.8703676600|7.9077565800|412100|3481977.0000|7.9077565800
09450000|7.9077565800|7.9638399600|7.9077565800|7.9357982700|423100|3589305.0000|7.9357982700
09500000|7.9357982700|7.9451455000|7.9077565800|7.9077565800|255400|2165684.0000|7.9077565800
09550000|7.9077565800|7.9451455000|7.9077565800|7.9264510400|193000|1635744.0000|7.9264510400
10000000|7.9264510400|7.9544927300|7.9264510400|7.9451455000|297900|2531930.0000|7.9451455000
10050000|7.9544927300|7.9825344200|7.9357982700|7.9825344200|535500|4556112.0000|7.9825344200
10100000|7.9825344200|7.9825344200|7.9451455000|7.9451455000|161000|1370963.0000|7.9451455000
10150000|7.9451455000|7.9825344200|7.9451455000|7.9825344200|96500|821955.0000|7.9825344200
10200000|7.9731871900|7.9825344200|7.9638399600|7.9731871900|81600|696061.0000|7.9731871900
10250000|7.9731871900|7.9825344200|7.9638399600|7.9731871900|214600|1830311.0000|7.9731871900
10300000|7.9731871900|7.9731871900|7.9264510400|7.9357982700|152100|1293338.0000|7.9357982700
10350000|7.9357982700|7.9451455000|7.8984093500|7.9264510400|149500|1267243.0000|7.9264510400
10400000|7.9077565800|7.9264510400|7.8703676600|7.8703676600|182900|1543806.0000|7.8703676600
10450000|7.8703676600|7.8890621200|7.8703676600|7.8797148900|90300|761222.0000|7.8797148900
10500000|7.8797148900|7.8890621200|7.8797148900|7.8797148900|61700|520234.0000|7.8797148900
10550000|7.8797148900|7.8984093500|7.8703676600|7.8890621200|92100|776417.0000|7.8890621200
11000000|7.8890621200|7.8890621200|7.8703676600|7.8797148900|93300|786070.0000|7.8797148900
11050000|7.8890621200|7.8984093500|7.8703676600|7.8984093500|88300|744686.0000|7.8984093500
11100000|7.8984093500|7.9077565800|7.8890621200|7.8984093500|40500|342190.0000|7.8984093500
11150000|7.8984093500|7.9077565800|7.8797148900|7.8797148900|58000|489689.0000|7.8797148900
11200000|7.8797148900|7.8984093500|7.8797148900|7.8984093500|103800|875929.0000|7.8984093500
11250000|7.8984093500|7.9077565800|7.8797148900|7.8890621200|110900|936306.0000|7.8890621200
11300000|7.8890621200|7.9077565800|7.8890621200|7.9077565800|81600|689351.0000|7.9077565800
13050000|7.9077565800|7.9077565800|7.8890621200|7.8890621200|46700|394456.0000|7.8890621200
13100000|7.8890621200|7.9077565800|7.8890621200|7.8984093500|61800|522043.0000|7.8984093500
13150000|7.8984093500|7.9077565800|7.8984093500|7.8984093500|32800|277242.0000|7.8984093500
13200000|7.8984093500|7.9077565800|7.8890621200|7.8984093500|35500|300071.0000|7.8984093500
13250000|7.9077565800|7.9264510400|7.8890621200|7.8890621200|127600|1079393.0000|7.8890621200
13300000|7.8890621200|7.8984093500|7.8797148900|7.8797148900|68700|579642.0000|7.8797148900
13350000|7.8797148900|7.8890621200|7.8610204300|7.8703676600|79500|669728.0000|7.8703676600
13400000|7.8703676600|7.8797148900|7.8516732000|7.8797148900|84100|707689.0000|7.8797148900
13450000|7.8797148900|7.9171038100|7.8703676600|7.9077565800|202900|1713824.0000|7.9077565800
13500000|7.9077565800|7.9171038100|7.8984093500|7.8984093500|123900|1047871.0000|7.8984093500
13550000|7.8984093500|7.8984093500|7.8890621200|7.8984093500|19800|167242.0000|7.8984093500
14000000|7.8984093500|7.8984093500|7.8797148900|7.8984093500|91600|773458.0000|7.8984093500
14050000|7.8984093500|7.9077565800|7.8984093500|7.9077565800|37200|314371.0000|7.9077565800
14100000|7.9077565800|7.9077565800|7.8890621200|7.9077565800|24700|208853.0000|7.9077565800
14150000|7.9077565800|7.9077565800|7.8890621200|7.8984093500|27600|233310.0000|7.8984093500
14200000|7.8984093500|7.8984093500|7.8890621200|7.8984093500|50800|428808.0000|7.8984093500
14250000|7.8984093500|7.8984093500|7.8890621200|7.8890621200|23900|201786.0000|7.8890621200
14300000|7.8984093500|7.8984093500|7.8890621200|7.8890621200|21100|178117.0000|7.8890621200
14350000|7.8890621200|7.9077565800|7.8797148900|7.8984093500|104800|884980.0000|7.8984093500
14400000|7.8984093500|7.9171038100|7.8984093500|7.8984093500|80600|681861.0000|7.8984093500
14450000|7.8984093500|7.9077565800|7.8890621200|7.8984093500|115709|978032.0000|7.8984093500
14500000|7.8984093500|7.9171038100|7.8984093500|7.9171038100|194600|1645999.0000|7.9171038100
14550000|7.9077565800|7.9171038100|7.8984093500|7.9171038100|130500|1104089.0000|7.9171038100
15000000|7.9171038100|7.9171038100|7.8984093500|7.8984093500|148300|1254156.0000|7.8984093500
