09350000|13.7429288500|13.8092283000|13.6671580500|13.7618715500|367200|5327035.0000|13.7618715500
09400000|13.7618715500|13.7808142500|13.7050434500|13.7808142500|202700|2941969.0000|13.7808142500
09450000|13.7808142500|13.8281710000|13.7334575000|13.7429288500|239500|3486687.0000|13.7429288500
09500000|13.7334575000|13.7429288500|13.7050434500|13.7239861500|150100|2173917.0000|13.7239861500
09550000|13.7239861500|13.8281710000|13.7145148000|13.8092283000|297676|4324975.0000|13.8092283000
10000000|13.8186996500|13.8471137000|13.7713429000|13.7997569500|562900|8217426.0000|13.7997569500
10050000|13.7997569500|13.8281710000|13.7997569500|13.8186996500|209400|3054056.0000|13.8186996500
10100000|13.8186996500|13.8471137000|13.8186996500|13.8471137000|165900|2422518.0000|13.8471137000
10150000|13.8471137000|13.9228845000|13.8376423500|13.8944704500|640800|9396402.0000|13.8944704500
10200000|13.8944704500|13.9228845000|13.8944704500|13.9228845000|218000|3200913.0000|13.9228845000
10250000|13.9228845000|13.9797126000|13.9228845000|13.9323558500|489540|7209003.0000|13.9323558500
10300000|13.9323558500|13.9418272000|13.8755277500|13.9134131500|377800|5554070.0000|13.9134131500
10350000|13.9039418000|13.9039418000|13.8471137000|13.8471137000|247400|3622921.0000|13.8471137000
10400000|13.8471137000|13.8755277500|13.8281710000|13.8660564000|158200|2314181.0000|13.8660564000
10450000|13.8565850500|13.8660564000|13.8471137000|13.8565850500|113900|1666526.0000|13.8565850500
10500000|13.8565850500|13.9134131500|13.8471137000|13.9039418000|256600|3760719.0000|13.9039418000
10550000|13.9039418000|13.9607699000|13.9039418000|13.9418272000|264800|3895207.0000|13.9418272000
11000000|13.9512985500|13.9891839500|13.9418272000|13.9797126000|380600|5610565.0000|13.9797126000
11050000|13.9797126000|13.9797126000|13.9323558500|13.9418272000|136500|2010726.0000|13.9418272000
11100000|13.9418272000|13.9607699000|13.9418272000|13.9418272000|47300|696498.0000|13.9418272000
11150000|13.9418272000|13.9512985500|13.9134131500|13.9323558500|160500|2359060.0000|13.9323558500
11200000|13.9323558500|13.9702412500|13.9323558500|13.9512985500|122000|1797655.0000|13.9512985500
11250000|13.9607699000|13.9607699000|13.9323558500|13.9607699000|59900|882341.0000|13.9607699000
11300000|13.9607699000|13.9607699000|13.9418272000|13.9512985500|64900|955870.0000|13.9512985500
13050000|13.9418272000|13.9418272000|13.8660564000|13.8755277500|172000|2525410.0000|13.8755277500
13100000|13.8755277500|13.8755277500|13.8376423500|13.8565850500|161560|2362794.0000|13.8565850500
13150000|13.8565850500|13.8755277500|13.8471137000|13.8565850500|51500|753448.0000|13.8565850500
13200000|13.8660564000|13.8660564000|13.8186996500|13.8186996500|330000|4821337.0000|13.8186996500
13250000|13.8281710000|13.8281710000|13.7618715500|13.7997569500|448300|6523444.0000|13.7997569500
13300000|13.7997569500|13.8092283000|13.7808142500|13.7997569500|85500|1245295.0000|13.7997569500
13350000|13.7997569500|13.8092283000|13.7618715500|13.7902856000|247900|3606954.0000|13.7902856000
13400000|13.7902856000|13.7997569500|13.7618715500|13.7618715500|202700|2950335.0000|13.7618715500
13450000|13.7618715500|13.7902856000|13.7618715500|13.7808142500|99300|1444895.0000|13.7808142500
13500000|13.7902856000|13.8092283000|13.7808142500|13.7902856000|108000|1572873.0000|13.7902856000
13550000|13.7997569500|13.7997569500|13.7618715500|13.7713429000|152200|2214862.0000|13.7713429000
14000000|13.7713429000|13.7713429000|13.7429288500|13.7524002000|364500|5292438.0000|13.7524002000
14050000|13.7524002000|13.7902856000|13.7524002000|13.7808142500|191200|2780580.0000|13.7808142500
14100000|13.7808142500|13.7902856000|13.7713429000|13.7902856000|80900|1177283.0000|13.7902856000
14150000|13.7808142500|13.7902856000|13.7713429000|13.7808142500|69428|1010012.0000|13.7808142500
14200000|13.7808142500|13.7997569500|13.7808142500|13.7902856000|96100|1398929.0000|13.7902856000
14250000|13.7808142500|13.7997569500|13.7618715500|13.7618715500|145572|2118057.0000|13.7618715500
14300000|13.7618715500|13.7713429000|13.7524002000|13.7713429000|135100|1962492.0000|13.7713429000
14350000|13.7713429000|13.7902856000|13.7618715500|13.7808142500|136000|1978311.0000|13.7808142500
14400000|13.7902856000|13.7902856000|13.7713429000|13.7808142500|82100|1194387.0000|13.7808142500
14450000|13.7808142500|13.7808142500|13.7618715500|13.7808142500|102300|1487607.0000|13.7808142500
14500000|13.7713429000|13.7808142500|13.7618715500|13.7618715500|101500|1475810.0000|13.7618715500
14550000|13.7618715500|13.7713429000|13.7618715500|13.7618715500|213100|3096496.0000|13.7618715500
15000000|13.7618715500|13.7808142500|13.7618715500|13.7713429000|143942|2092984.0000|13.7713429000
