093500|6.4200|6.4900|6.4200|6.4700|1431244|9249593.0000|6.4700
094000|6.4700|6.5200|6.4700|6.4900|1161555|7545038.0000|6.4900
094500|6.4900|6.5300|6.4800|6.5200|1194010|7772660.0000|6.5200
095000|6.5200|6.5400|6.5100|6.5100|1258260|8209201.0000|6.5100
095500|6.5000|6.5200|6.4900|6.5000|639890|4165787.0000|6.5000
100000|6.5000|6.5300|6.4900|6.5100|629210|4095103.0000|6.5100
100500|6.5200|6.5200|6.4800|6.4800|917000|5957025.0000|6.4800
101000|6.4900|6.5000|6.4800|6.4900|937640|6087536.0000|6.4900
101500|6.4900|6.5000|6.4900|6.4900|335453|2179439.0000|6.4900
102000|6.5000|6.5100|6.4900|6.5000|623990|4055948.0000|6.5000
102500|6.5000|6.5100|6.4900|6.5000|313500|2037753.0000|6.5000
103000|6.4900|6.5000|6.4800|6.4800|362830|2354375.0000|6.4800
103500|6.4800|6.5000|6.4800|6.4900|266600|1730271.0000|6.4900
104000|6.4900|6.5000|6.4800|6.4800|585660|3799554.0000|6.4800
104500|6.4800|6.4900|6.4700|6.4700|572450|3706124.0000|6.4700
105000|6.4700|6.4800|6.4500|6.4600|663440|4286825.0000|6.4600
105500|6.4500|6.4600|6.4500|6.4600|395800|2553629.0000|6.4600
110000|6.4500|6.4600|6.4500|6.4500|230210|1486339.0000|6.4500
110500|6.4600|6.4800|6.4500|6.4800|557503|3603360.0000|6.4800
111000|6.4800|6.5000|6.4700|6.5000|432800|2809179.0000|6.5000
111500|6.4900|6.5000|6.4900|6.4900|330500|2147292.0000|6.4900
112000|6.4900|6.5100|6.4900|6.4900|387580|2519036.0000|6.4900
112500|6.4900|6.5100|6.4900|6.5000|286770|1863284.0000|6.5000
113000|6.5000|6.5000|6.4800|6.4800|225950|1467256.0000|6.4800
130500|6.4800|6.4800|6.4600|6.4800|249000|1611908.0000|6.4800
131000|6.4800|6.5000|6.4700|6.5000|145330|942299.0000|6.5000
131500|6.5000|6.5000|6.4800|6.4800|259090|1682183.0000|6.4800
132000|6.4800|6.5000|6.4800|6.5000|131700|855070.0000|6.5000
132500|6.5000|6.5100|6.4900|6.5100|288550|1875749.0000|6.5100
133000|6.5100|6.5200|6.5000|6.5100|306830|1998006.0000|6.5100
133500|6.5200|6.5300|6.5100|6.5100|641920|4185173.0000|6.5100
134000|6.5100|6.5300|6.5100|6.5200|480570|3133550.0000|6.5200
134500|6.5200|6.5300|6.5200|6.5200|261354|1705178.0000|6.5200
135000|6.5200|6.5300|6.5200|6.5200|350860|2289128.0000|6.5200
135500|6.5200|6.5300|6.5200|6.5200|192170|1253901.0000|6.5200
140000|6.5200|6.5300|6.5200|6.5200|215120|1403586.0000|6.5200
140500|6.5200|6.5300|6.5100|6.5200|402450|2624526.0000|6.5200
141000|6.5100|6.5200|6.5100|6.5200|417070|2716559.0000|6.5200
141500|6.5100|6.5200|6.5100|6.5100|294810|1920142.0000|6.5100
142000|6.5200|6.5300|6.5100|6.5100|740611|4827486.0000|6.5100
142500|6.5100|6.5300|6.5100|6.5200|770700|5023184.0000|6.5200
143000|6.5300|6.5300|6.5100|6.5300|1079690|7046018.0000|6.5300
143500|6.5300|6.5400|6.5200|6.5300|1441400|9413531.0000|6.5300
144000|6.5300|6.5400|6.4900|6.5000|1349180|8792268.0000|6.5000
144500|6.4900|6.5000|6.4700|6.4700|987780|6400459.0000|6.4700
145000|6.4700|6.5000|6.4700|6.4900|520647|3376220.0000|6.4900
145500|6.4800|6.5400|6.4800|6.5200|1345370|8769906.0000|6.5200
150000|6.5100|6.5300|6.5000|6.5100|479310|3121776.0000|6.5100
