093500|6.9300|6.9700|6.9200|6.9300|456300|3166599.0000|6.9300
094000|6.9200|6.9400|6.9200|6.9400|150300|1041969.0000|6.9400
094500|6.9400|6.9400|6.9200|6.9300|172200|1193652.0000|6.9300
095000|6.9300|6.9500|6.9300|6.9300|230400|1598934.0000|6.9300
095500|6.9400|6.9500|6.9400|6.9500|114700|796532.0000|6.9500
100000|6.9500|6.9500|6.9200|6.9300|412600|2859214.0000|6.9300
100500|6.9300|6.9300|6.9200|6.9300|142800|988550.0000|6.9300
101000|6.9300|6.9300|6.9100|6.9200|131900|912613.0000|6.9200
101500|6.9200|6.9200|6.9100|6.9100|162200|1121306.0000|6.9100
102000|6.9100|6.9200|6.9100|6.9200|320300|2213774.0000|6.9200
102500|6.9200|6.9200|6.9100|6.9100|93700|647618.0000|6.9100
103000|6.9100|6.9200|6.9000|6.9100|215900|1491922.0000|6.9100
103500|6.9100|6.9300|6.9000|6.9200|72900|504116.0000|6.9200
104000|6.9200|6.9300|6.9100|6.9300|79200|548036.0000|6.9300
104500|6.9300|6.9300|6.9100|6.9100|407400|2819520.0000|6.9100
105000|6.9100|6.9300|6.9100|6.9200|332100|2298292.0000|6.9200
105500|6.9200|6.9400|6.9200|6.9300|272900|1890750.0000|6.9300
110000|6.9300|6.9300|6.9200|6.9300|166700|1154664.0000|6.9300
110500|6.9300|6.9300|6.9200|6.9300|58800|407442.0000|6.9300
111000|6.9300|6.9300|6.9200|6.9300|108600|752008.0000|6.9300
111500|6.9300|6.9300|6.9200|6.9300|210100|1454196.0000|6.9300
112000|6.9300|6.9300|6.9100|6.9100|412400|2853672.0000|6.9100
112500|6.9100|6.9300|6.9100|6.9300|178600|1235612.0000|6.9300
113000|6.9300|6.9300|6.9100|6.9200|148600|1027572.0000|6.9200
130500|6.9100|6.9200|6.9100|6.9200|63000|435904.0000|6.9200
131000|6.9100|6.9200|6.9100|6.9200|70000|483888.0000|6.9200
131500|6.9200|6.9200|6.9100|6.9100|78400|542396.0000|6.9100
132000|6.9200|6.9300|6.9200|6.9300|154600|1070268.0000|6.9300
132500|6.9300|6.9400|6.9200|6.9400|188900|1309180.0000|6.9400
133000|6.9300|6.9500|6.9300|6.9400|189800|1317404.0000|6.9400
133500|6.9400|6.9500|6.9400|6.9500|108700|755000.0000|6.9500
134000|6.9500|6.9500|6.9300|6.9400|121900|845972.0000|6.9400
134500|6.9400|6.9500|6.9300|6.9400|107100|743868.0000|6.9400
135000|6.9400|6.9500|6.9400|6.9400|113000|784672.0000|6.9400
135500|6.9400|6.9500|6.9400|6.9400|111600|774792.0000|6.9400
140000|6.9400|6.9500|6.9400|6.9400|195900|1360392.0000|6.9400
140500|6.9400|6.9600|6.9400|6.9500|635900|4415200.0000|6.9500
141000|6.9500|6.9700|6.9500|6.9500|304500|2118700.0000|6.9500
141500|6.9600|6.9600|6.9500|6.9600|124400|865068.0000|6.9600
142000|6.9600|6.9600|6.9500|6.9600|133700|929796.0000|6.9600
142500|6.9600|6.9600|6.9500|6.9600|115900|806096.0000|6.9600
143000|6.9600|6.9600|6.9400|6.9600|292200|2031240.0000|6.9600
143500|6.9600|6.9600|6.9500|6.9600|184700|1284396.0000|6.9600
144000|6.9600|6.9600|6.9500|6.9500|210300|1462668.0000|6.9500
144500|6.9500|6.9600|6.9500|6.9500|130000|903948.0000|6.9500
145000|6.9500|6.9600|6.9500|6.9500|466200|3242092.0000|6.9500
145500|6.9500|6.9700|6.9500|6.9500|385700|2683592.0000|6.9500
150000|6.9500|6.9600|6.9400|6.9400|218600|1517900.0000|6.9400
