093500|7.1900|7.2100|7.1800|7.1900|1182100|8502250.0000|7.1900
094000|7.1900|7.1900|7.1500|7.1700|1803000|12920803.0000|7.1700
094500|7.1700|7.1800|7.1500|7.1500|757100|5427418.0000|7.1500
095000|7.1500|7.1600|7.1300|7.1300|1193100|8527816.0000|7.1300
095500|7.1300|7.1500|7.1200|7.1300|1166900|8328120.0000|7.1300
100000|7.1300|7.1500|7.1200|7.1300|834800|5958800.0000|7.1300
100500|7.1300|7.1700|7.1300|7.1500|1005700|7181904.0000|7.1500
101000|7.1500|7.1600|7.1300|7.1300|758700|5416848.0000|7.1300
101500|7.1300|7.1500|7.1200|7.1300|784000|5591696.0000|7.1300
102000|7.1300|7.1500|7.1300|7.1300|752900|5371608.0000|7.1300
102500|7.1300|7.1300|7.1100|7.1200|947400|6744528.0000|7.1200
103000|7.1200|7.1300|7.1200|7.1200|238600|1700720.0000|7.1200
103500|7.1200|7.1300|7.1100|7.1200|430700|3067512.0000|7.1200
104000|7.1200|7.1500|7.1200|7.1300|508000|3624296.0000|7.1300
104500|7.1300|7.1400|7.1200|7.1300|665800|4748088.0000|7.1300
105000|7.1300|7.1400|7.1200|7.1300|248700|1774192.0000|7.1300
105500|7.1300|7.1400|7.1100|7.1200|685800|4888920.0000|7.1200
110000|7.1200|7.1300|7.1100|7.1200|334800|2383456.0000|7.1200
110500|7.1200|7.1200|7.1100|7.1200|578700|4116576.0000|7.1200
111000|7.1200|7.1200|7.1000|7.1100|636500|4525680.0000|7.1100
111500|7.1100|7.1200|7.1000|7.1100|429100|3051584.0000|7.1100
112000|7.1100|7.1200|7.0800|7.0800|1755900|12460968.0000|7.0800
112500|7.0800|7.1000|7.0800|7.0900|1049800|7440776.0000|7.0900
113000|7.0900|7.1000|7.0800|7.0800|1110100|7862960.0000|7.0800
130500|7.0800|7.0900|7.0700|7.0700|755900|5351616.0000|7.0700
131000|7.0700|7.1000|7.0700|7.1000|676500|4789680.0000|7.1000
131500|7.1000|7.1100|7.0900|7.0900|1096700|7784944.0000|7.0900
132000|7.0900|7.1000|7.0800|7.0900|227400|1611760.0000|7.0900
132500|7.0900|7.0900|7.0700|7.0800|723100|5118640.0000|7.0800
133000|7.0800|7.0900|7.0700|7.0700|771200|5458464.0000|7.0700
133500|7.0700|7.0800|7.0600|7.0700|735900|5202624.0000|7.0700
134000|7.0700|7.0800|7.0700|7.0700|593900|4201200.0000|7.0700
134500|7.0700|7.0800|7.0500|7.0600|1505700|10628048.0000|7.0600
135000|7.0600|7.0600|7.0400|7.0400|1472400|10371744.0000|7.0400
135500|7.0400|7.0500|7.0400|7.0400|729300|5140672.0000|7.0400
140000|7.0400|7.0500|7.0200|7.0300|1288800|9065104.0000|7.0300
140500|7.0300|7.0500|7.0300|7.0300|884400|6219904.0000|7.0300
141000|7.0300|7.0400|7.0300|7.0400|609100|4283440.0000|7.0400
141500|7.0400|7.0400|7.0100|7.0300|2335100|16387472.0000|7.0300
142000|7.0200|7.0300|7.0100|7.0200|497000|3488528.0000|7.0200
142500|7.0200|7.0300|7.0100|7.0300|1124200|7886816.0000|7.0300
143000|7.0200|7.0300|7.0100|7.0100|973500|6833408.0000|7.0100
143500|7.0100|7.0200|7.0100|7.0200|332800|2334960.0000|7.0200
144000|7.0200|7.0300|7.0100|7.0200|750000|5266112.0000|7.0200
144500|7.0200|7.0300|7.0200|7.0300|828000|5817968.0000|7.0300
145000|7.0300|7.0300|7.0200|7.0200|536600|3770912.0000|7.0200
145500|7.0200|7.0400|7.0200|7.0300|762700|5361216.0000|7.0300
150000|7.0300|7.0400|7.0300|7.0400|889700|6260704.0000|7.0400
