093500|7.7500|7.7700|7.7400|7.7600|2525900|19593712.0000|7.7600
094000|7.7600|7.7800|7.7400|7.7500|1375200|10668430.0000|7.7500
094500|7.7500|7.7500|7.7300|7.7400|702300|5434060.0000|7.7400
095000|7.7400|7.7600|7.7400|7.7500|767600|5949636.0000|7.7500
095500|7.7600|7.7600|7.7500|7.7600|700800|5436932.0000|7.7600
100000|7.7600|7.7600|7.7400|7.7600|1205000|9337628.0000|7.7600
100500|7.7600|7.7700|7.7500|7.7600|1254000|9729436.0000|7.7600
101000|7.7600|7.7600|7.7500|7.7600|466000|3614084.0000|7.7600
101500|7.7600|7.7600|7.7400|7.7600|568800|4409344.0000|7.7600
102000|7.7600|7.7700|7.7600|7.7600|1046200|8122496.0000|7.7600
102500|7.7600|7.7800|7.7600|7.7700|1119900|8701168.0000|7.7700
103000|7.7700|7.7800|7.7600|7.7700|812200|6308368.0000|7.7700
103500|7.7700|7.7700|7.7500|7.7500|434400|3371088.0000|7.7500
104000|7.7500|7.7600|7.7400|7.7500|570900|4425720.0000|7.7500
104500|7.7500|7.7600|7.7400|7.7600|344600|2671320.0000|7.7600
105000|7.7600|7.7700|7.7500|7.7600|687700|5337736.0000|7.7600
105500|7.7700|7.7800|7.7600|7.7600|862200|6700152.0000|7.7600
110000|7.7600|7.7700|7.7600|7.7700|332800|2584864.0000|7.7700
110500|7.7700|7.7700|7.7500|7.7600|703200|5457936.0000|7.7600
111000|7.7600|7.7800|7.7600|7.7700|462800|3594912.0000|7.7700
111500|7.7700|7.7800|7.7600|7.7700|634000|4926416.0000|7.7700
112000|7.7700|7.7700|7.7600|7.7600|222200|1725360.0000|7.7600
112500|7.7600|7.7700|7.7600|7.7600|181400|1408560.0000|7.7600
113000|7.7600|7.7800|7.7600|7.7600|691500|5372752.0000|7.7600
130500|7.7600|7.7700|7.7500|7.7500|595300|4618576.0000|7.7500
131000|7.7500|7.7600|7.7400|7.7500|611600|4738624.0000|7.7500
131500|7.7400|7.7600|7.7400|7.7600|465400|3606144.0000|7.7600
132000|7.7500|7.7600|7.7400|7.7400|398400|3084800.0000|7.7400
132500|7.7400|7.7500|7.7300|7.7300|1044500|8082256.0000|7.7300
133000|7.7400|7.7400|7.7300|7.7400|489600|3787424.0000|7.7400
133500|7.7300|7.7400|7.7300|7.7300|341200|2638080.0000|7.7300
134000|7.7300|7.7400|7.7200|7.7300|2881900|22271232.0000|7.7300
134500|7.7300|7.7400|7.7300|7.7300|283700|2193552.0000|7.7300
135000|7.7300|7.7400|7.7300|7.7300|442600|3422816.0000|7.7300
135500|7.7300|7.7400|7.7300|7.7300|174100|1346656.0000|7.7300
140000|7.7300|7.7400|7.7300|7.7400|199400|1543280.0000|7.7400
140500|7.7400|7.7500|7.7300|7.7400|1107400|8571232.0000|7.7400
141000|7.7400|7.7400|7.7300|7.7300|310200|2399920.0000|7.7300
141500|7.7300|7.7500|7.7300|7.7500|579900|4487696.0000|7.7500
142000|7.7400|7.7500|7.7400|7.7400|286800|2220704.0000|7.7400
142500|7.7400|7.7500|7.7400|7.7400|521500|4036592.0000|7.7400
143000|7.7400|7.7500|7.7200|7.7200|2698100|20858688.0000|7.7200
143500|7.7200|7.7300|7.7200|7.7300|512400|3956992.0000|7.7300
144000|7.7300|7.7300|7.7200|7.7300|429200|3315392.0000|7.7300
144500|7.7300|7.7300|7.7200|7.7300|708800|5475200.0000|7.7300
145000|7.7300|7.7300|7.7200|7.7200|1515300|11703408.0000|7.7200
145500|7.7200|7.7300|7.7200|7.7200|1077300|8323232.0000|7.7200
150000|7.7200|7.7300|7.7200|7.7200|1588400|12265312.0000|7.7200
