09350000|3.1501798600|3.1676323800|3.1501798600|3.1589061200|3846600|13915836.0000|3.1589061200
09400000|3.1589061200|3.1589061200|3.1414536000|3.1414536000|2553300|9216520.0000|3.1414536000
09450000|3.1501798600|3.1501798600|3.1327273400|3.1414536000|2959600|10657044.0000|3.1414536000
09500000|3.1501798600|3.1501798600|3.1414536000|3.1414536000|785000|2831248.0000|3.1414536000
09550000|3.1501798600|3.1501798600|3.1414536000|3.1501798600|352000|1269920.0000|3.1501798600
10000000|3.1501798600|3.1589061200|3.1414536000|3.1589061200|1949300|7040476.0000|3.1589061200
10050000|3.1589061200|3.1589061200|3.1501798600|3.1501798600|610200|2206088.0000|3.1501798600
10100000|3.1501798600|3.1589061200|3.1501798600|3.1501798600|1050800|3797008.0000|3.1501798600
10150000|3.1589061200|3.1589061200|3.1501798600|3.1501798600|361700|1307548.0000|3.1501798600
10200000|3.1501798600|3.1589061200|3.1501798600|3.1589061200|572600|2070036.0000|3.1589061200
10250000|3.1589061200|3.1676323800|3.1501798600|3.1589061200|4177800|15124016.0000|3.1589061200
10300000|3.1676323800|3.1676323800|3.1501798600|3.1589061200|2874600|10396840.0000|3.1589061200
10350000|3.1589061200|3.1676323800|3.1501798600|3.1589061200|634500|2296320.0000|3.1589061200
10400000|3.1589061200|3.1589061200|3.1501798600|3.1501798600|125900|455528.0000|3.1501798600
10450000|3.1589061200|3.1589061200|3.1501798600|3.1589061200|153200|554384.0000|3.1589061200
10500000|3.1589061200|3.1676323800|3.1501798600|3.1676323800|711100|2574792.0000|3.1676323800
10550000|3.1676323800|3.1676323800|3.1589061200|3.1676323800|275600|998864.0000|3.1676323800
11000000|3.1589061200|3.1676323800|3.1589061200|3.1589061200|253300|917848.0000|3.1589061200
11050000|3.1589061200|3.1676323800|3.1589061200|3.1589061200|299200|1084904.0000|3.1589061200
11100000|3.1676323800|3.1676323800|3.1589061200|3.1676323800|377200|1367640.0000|3.1676323800
11150000|3.1589061200|3.1676323800|3.1501798600|3.1589061200|929400|3365952.0000|3.1589061200
11200000|3.1589061200|3.1676323800|3.1501798600|3.1589061200|980600|3548528.0000|3.1589061200
11250000|3.1501798600|3.1589061200|3.1501798600|3.1589061200|711100|2570320.0000|3.1589061200
11300000|3.1589061200|3.1589061200|3.1501798600|3.1501798600|831000|3003232.0000|3.1501798600
13050000|3.1589061200|3.1589061200|3.1501798600|3.1589061200|961400|3476400.0000|3.1589061200
13100000|3.1589061200|3.1589061200|3.1501798600|3.1589061200|623500|2254568.0000|3.1589061200
13150000|3.1589061200|3.1589061200|3.1501798600|3.1501798600|1572700|5690136.0000|3.1501798600
13200000|3.1501798600|3.1589061200|3.1501798600|3.1589061200|790200|2858528.0000|3.1589061200
13250000|3.1589061200|3.1676323800|3.1501798600|3.1676323800|1422600|5151032.0000|3.1676323800
13300000|3.1676323800|3.1676323800|3.1589061200|3.1589061200|860800|3120888.0000|3.1589061200
13350000|3.1676323800|3.1676323800|3.1589061200|3.1589061200|788300|2858112.0000|3.1589061200
13400000|3.1589061200|3.1763586400|3.1589061200|3.1763586400|5483600|19911488.0000|3.1763586400
13450000|3.1763586400|3.1850849000|3.1676323800|3.1763586400|2360400|8590192.0000|3.1763586400
13500000|3.1763586400|3.1850849000|3.1763586400|3.1850849000|1209900|4412448.0000|3.1850849000
13550000|3.1850849000|3.1850849000|3.1763586400|3.1763586400|1124000|4099776.0000|3.1763586400
14000000|3.1850849000|3.1938111600|3.1763586400|3.1850849000|2814200|10274480.0000|3.1850849000
14050000|3.1850849000|3.1938111600|3.1850849000|3.1938111600|1952700|7139936.0000|3.1938111600
14100000|3.1938111600|3.1938111600|3.1850849000|3.1850849000|837400|3058064.0000|3.1850849000
14150000|3.1938111600|3.1938111600|3.1763586400|3.1763586400|1401800|5107808.0000|3.1763586400
14200000|3.1763586400|3.1850849000|3.1763586400|3.1850849000|1029600|3756176.0000|3.1850849000
14250000|3.1850849000|3.1938111600|3.1763586400|3.1850849000|697300|2544800.0000|3.1850849000
14300000|3.1763586400|3.1850849000|3.1763586400|3.1763586400|711500|2595568.0000|3.1763586400
14350000|3.1763586400|3.1850849000|3.1763586400|3.1763586400|947800|3455168.0000|3.1763586400
14400000|3.1763586400|3.1850849000|3.1763586400|3.1850849000|934900|3411296.0000|3.1850849000
14450000|3.1850849000|3.1938111600|3.1763586400|3.1850849000|1235100|4505904.0000|3.1850849000
14500000|3.1850849000|3.1938111600|3.1763586400|3.1850849000|2172500|7917904.0000|3.1850849000
14550000|3.1850849000|3.1938111600|3.1763586400|3.1763586400|1971900|7195776.0000|3.1763586400
15000000|3.1763586400|3.1938111600|3.1763586400|3.1938111600|2972700|10868080.0000|3.1938111600
