09350000|3.3683363600|3.3770626200|3.3596101000|3.3683363600|1666500|6428153.0000|3.3683363600
09400000|3.3683363600|3.3683363600|3.3508838400|3.3508838400|641000|2467570.0000|3.3508838400
09450000|3.3596101000|3.3596101000|3.3508838400|3.3596101000|545000|2093519.0000|3.3596101000
09500000|3.3596101000|3.3596101000|3.3421575800|3.3508838400|2126200|8159630.0000|3.3508838400
09550000|3.3508838400|3.3596101000|3.3421575800|3.3508838400|1494600|5740624.0000|3.3508838400
10000000|3.3508838400|3.3683363600|3.3508838400|3.3683363600|1285200|4950018.0000|3.3683363600
10050000|3.3596101000|3.3770626200|3.3596101000|3.3770626200|1888300|7290310.0000|3.3770626200
10100000|3.3683363600|3.3770626200|3.3596101000|3.3683363600|1428500|5510340.0000|3.3683363600
10150000|3.3596101000|3.3683363600|3.3596101000|3.3683363600|819000|3160788.0000|3.3683363600
10200000|3.3683363600|3.3770626200|3.3596101000|3.3683363600|590900|2282692.0000|3.3683363600
10250000|3.3770626200|3.3770626200|3.3683363600|3.3683363600|526500|2035468.0000|3.3683363600
10300000|3.3770626200|3.3770626200|3.3683363600|3.3770626200|402500|1555124.0000|3.3770626200
10350000|3.3770626200|3.3770626200|3.3683363600|3.3683363600|214600|829028.0000|3.3683363600
10400000|3.3770626200|3.3770626200|3.3683363600|3.3683363600|210200|812632.0000|3.3683363600
10450000|3.3770626200|3.3770626200|3.3683363600|3.3683363600|187500|724400.0000|3.3683363600
10500000|3.3770626200|3.3770626200|3.3596101000|3.3596101000|1854200|7153292.0000|3.3596101000
10550000|3.3683363600|3.3683363600|3.3596101000|3.3596101000|349000|1345252.0000|3.3596101000
11000000|3.3683363600|3.3683363600|3.3596101000|3.3596101000|419400|1616596.0000|3.3596101000
11050000|3.3683363600|3.3683363600|3.3596101000|3.3596101000|614000|2365996.0000|3.3596101000
11100000|3.3683363600|3.3683363600|3.3596101000|3.3596101000|546500|2105984.0000|3.3596101000
11150000|3.3683363600|3.3683363600|3.3596101000|3.3683363600|265400|1022608.0000|3.3683363600
11200000|3.3683363600|3.3683363600|3.3508838400|3.3596101000|1265000|4870392.0000|3.3596101000
11250000|3.3596101000|3.3683363600|3.3596101000|3.3683363600|245000|944048.0000|3.3683363600
11300000|3.3596101000|3.3683363600|3.3596101000|3.3596101000|393000|1515568.0000|3.3596101000
13050000|3.3596101000|3.3683363600|3.3596101000|3.3596101000|414800|1598816.0000|3.3596101000
13100000|3.3596101000|3.3683363600|3.3596101000|3.3596101000|401000|1544696.0000|3.3596101000
13150000|3.3683363600|3.3683363600|3.3508838400|3.3508838400|950000|3656912.0000|3.3508838400
13200000|3.3508838400|3.3596101000|3.3508838400|3.3508838400|298500|1147184.0000|3.3508838400
13250000|3.3508838400|3.3596101000|3.3508838400|3.3596101000|313300|1204096.0000|3.3596101000
13300000|3.3596101000|3.3596101000|3.3508838400|3.3508838400|455500|1750352.0000|3.3508838400
13350000|3.3508838400|3.3596101000|3.3508838400|3.3508838400|584000|2243792.0000|3.3508838400
13400000|3.3508838400|3.3596101000|3.3508838400|3.3596101000|574700|2208096.0000|3.3596101000
13450000|3.3596101000|3.3596101000|3.3421575800|3.3421575800|2037400|7822384.0000|3.3421575800
13500000|3.3421575800|3.3508838400|3.3421575800|3.3421575800|308400|1183320.0000|3.3421575800
13550000|3.3421575800|3.3508838400|3.3421575800|3.3421575800|490100|1878272.0000|3.3421575800
14000000|3.3508838400|3.3508838400|3.3421575800|3.3508838400|566400|2172168.0000|3.3508838400
14050000|3.3421575800|3.3508838400|3.3421575800|3.3421575800|249300|955264.0000|3.3421575800
14100000|3.3421575800|3.3508838400|3.3421575800|3.3421575800|794100|3041536.0000|3.3421575800
14150000|3.3421575800|3.3508838400|3.3334313200|3.3421575800|3334800|12770960.0000|3.3421575800
14200000|3.3421575800|3.3508838400|3.3421575800|3.3508838400|510000|1956584.0000|3.3508838400
14250000|3.3508838400|3.3508838400|3.3421575800|3.3421575800|516700|1981904.0000|3.3421575800
14300000|3.3421575800|3.3508838400|3.3421575800|3.3508838400|524300|2010864.0000|3.3508838400
14350000|3.3508838400|3.3508838400|3.3421575800|3.3421575800|807700|3097480.0000|3.3421575800
14400000|3.3421575800|3.3508838400|3.3421575800|3.3421575800|456100|1748256.0000|3.3421575800
14450000|3.3508838400|3.3508838400|3.3334313200|3.3421575800|2151400|8241488.0000|3.3421575800
14500000|3.3421575800|3.3508838400|3.3334313200|3.3421575800|1530700|5861440.0000|3.3421575800
14550000|3.3421575800|3.3421575800|3.3334313200|3.3334313200|1370500|5239456.0000|3.3334313200
15000000|3.3421575800|3.3421575800|3.3334313200|3.3334313200|2090500|7988016.0000|3.3334313200
