09350000|4.0956004800|4.1147388000|4.0956004800|4.0956004800|8038900|34465240.0000|4.0956004800
09400000|4.0956004800|4.1051696400|4.0956004800|4.1051696400|7700200|32969928.0000|4.1051696400
09450000|4.0956004800|4.1147388000|4.0956004800|4.1051696400|5739200|24612464.0000|4.1051696400
09500000|4.1051696400|4.1051696400|4.0764621600|4.0860313200|8753900|37401760.0000|4.0860313200
09550000|4.0860313200|4.0956004800|4.0764621600|4.0860313200|5695600|24319792.0000|4.0860313200
10000000|4.0860313200|4.0956004800|4.0764621600|4.0956004800|4612100|19697760.0000|4.0956004800
10050000|4.0956004800|4.1051696400|4.0860313200|4.1051696400|6666000|28532032.0000|4.1051696400
10100000|4.0956004800|4.1147388000|4.0956004800|4.1147388000|7956500|34148784.0000|4.1147388000
10150000|4.1051696400|4.1147388000|4.1051696400|4.1051696400|3847200|16524624.0000|4.1051696400
10200000|4.1051696400|4.1147388000|4.0956004800|4.0956004800|5500700|23592864.0000|4.0956004800
10250000|4.0956004800|4.1051696400|4.0860313200|4.0956004800|3186700|13647072.0000|4.0956004800
10300000|4.0956004800|4.0956004800|4.0860313200|4.0956004800|1973500|8433088.0000|4.0956004800
10350000|4.0956004800|4.0956004800|4.0860313200|4.0956004800|1450500|6201792.0000|4.0956004800
10400000|4.0860313200|4.0956004800|4.0764621600|4.0860313200|6411800|27383168.0000|4.0860313200
10450000|4.0860313200|4.0956004800|4.0860313200|4.0860313200|1908900|8162304.0000|4.0860313200
10500000|4.0956004800|4.0956004800|4.0860313200|4.0860313200|3320100|14206176.0000|4.0860313200
10550000|4.0860313200|4.0956004800|4.0860313200|4.0860313200|1740400|7438496.0000|4.0860313200
11000000|4.0956004800|4.0956004800|4.0764621600|4.0860313200|2612600|11155424.0000|4.0860313200
11050000|4.0860313200|4.0956004800|4.0860313200|4.0860313200|1338600|5716096.0000|4.0860313200
11100000|4.0956004800|4.0956004800|4.0860313200|4.0860313200|953700|4075584.0000|4.0860313200
11150000|4.0860313200|4.0956004800|4.0860313200|4.0860313200|1167900|4991232.0000|4.0860313200
11200000|4.0860313200|4.0956004800|4.0860313200|4.0860313200|1243000|5312224.0000|4.0860313200
11250000|4.0956004800|4.0956004800|4.0860313200|4.0860313200|1465700|6262400.0000|4.0860313200
11300000|4.0860313200|4.1051696400|4.0860313200|4.1051696400|6571300|28135296.0000|4.1051696400
13050000|4.1051696400|4.1051696400|4.0956004800|4.0956004800|3939600|16875904.0000|4.0956004800
13100000|4.0956004800|4.1051696400|4.0956004800|4.1051696400|471900|2022368.0000|4.1051696400
13150000|4.1051696400|4.1051696400|4.0956004800|4.1051696400|1278600|5479360.0000|4.1051696400
13200000|4.1051696400|4.1147388000|4.0956004800|4.1147388000|6990600|30002080.0000|4.1147388000
13250000|4.1147388000|4.1147388000|4.1051696400|4.1147388000|5635900|24209760.0000|4.1147388000
13300000|4.1147388000|4.1243079600|4.1051696400|4.1147388000|11878100|51088794.0000|4.1147388000
13350000|4.1243079600|4.1243079600|4.1051696400|4.1147388000|4676000|20096196.0000|4.1147388000
13400000|4.1147388000|4.1147388000|4.1051696400|4.1147388000|1985700|8527874.0000|4.1147388000
13450000|4.1147388000|4.1147388000|4.1051696400|4.1147388000|5598700|24041988.0000|4.1147388000
13500000|4.1147388000|4.1147388000|4.1051696400|4.1147388000|3826300|16447099.0000|4.1147388000
13550000|4.1147388000|4.1243079600|4.1051696400|4.1147388000|6618800|28464063.0000|4.1147388000
14000000|4.1147388000|4.1147388000|4.1051696400|4.1147388000|575000|2470532.0000|4.1147388000
14050000|4.1147388000|4.1147388000|4.1051696400|4.1051696400|2033900|8729980.0000|4.1051696400
14100000|4.1147388000|4.1147388000|4.1051696400|4.1147388000|3624700|15582788.0000|4.1147388000
14150000|4.1147388000|4.1243079600|4.1051696400|4.1051696400|6342900|27285562.0000|4.1051696400
14200000|4.1051696400|4.1243079600|4.1051696400|4.1147388000|10089800|43399488.0000|4.1147388000
14250000|4.1147388000|4.1147388000|4.1051696400|4.1147388000|4786300|20570504.0000|4.1147388000
14300000|4.1147388000|4.1243079600|4.1147388000|4.1147388000|4618800|19864252.0000|4.1147388000
14350000|4.1243079600|4.1243079600|4.1147388000|4.1147388000|4291500|18461182.0000|4.1147388000
14400000|4.1147388000|4.1243079600|4.1147388000|4.1243079600|3477500|14956355.0000|4.1243079600
14450000|4.1243079600|4.1243079600|4.1051696400|4.1243079600|3347700|14402815.0000|4.1243079600
14500000|4.1243079600|4.1243079600|4.1051696400|4.1147388000|4891800|21033858.0000|4.1147388000
14550000|4.1147388000|4.1243079600|4.1147388000|4.1243079600|3480900|14977214.0000|4.1243079600
15000000|4.1147388000|4.1243079600|4.1147388000|4.1147388000|3579400|15396862.0000|4.1147388000
