093500|35.58|36.23|35.57|36.19|1074.0|3859581.0|35.73
094000|36.11|36.18|36.0|36.02|679.0|2448939.0|36.19
094500|36.02|36.24|36.02|36.15|737.0|2664405.0|36.02
095000|36.1|36.15|36.01|36.08|447.0|1613221.0|36.15
095500|36.08|36.8|36.06|36.7|2090.0|7608956.0|36.08
100000|36.7|36.73|36.46|36.53|1905.0|6966629.0|36.7
100500|36.53|36.58|36.33|36.58|653.0|2378859.0|36.53
101000|36.52|36.55|36.42|36.44|269.0|981322.0|36.58
101500|36.45|36.46|36.31|36.38|597.0|2172882.0|36.44
102000|36.42|36.47|36.41|36.46|548.0|1997813.0|36.38
102500|36.5|36.5|36.37|36.41|385.0|1402549.0|36.46
103000|36.41|36.41|36.36|36.38|210.0|763991.0|36.41
103500|36.39|36.45|36.37|36.45|573.0|2085892.0|36.38
104000|36.44|36.5|36.43|36.44|584.0|2128976.0|36.45
104500|36.45|36.49|36.42|36.45|259.0|944303.0|36.44
105000|36.43|36.44|36.32|36.34|341.0|1239923.0|36.45
105500|36.35|36.43|36.35|36.35|456.0|1658490.0|36.34
110000|36.31|36.32|36.12|36.12|502.0|1815444.0|36.35
110500|36.11|36.27|36.1|36.22|226.0|817302.0|36.12
111000|36.21|36.32|36.21|36.29|188.0|682127.0|36.22
111500|36.29|36.29|36.22|36.23|257.0|931890.0|36.29
112000|36.24|36.24|36.18|36.18|176.0|637356.0|36.23
112500|36.18|36.3|36.15|36.24|265.0|959740.0|36.18
113000|36.22|36.24|36.01|36.01|403.0|1457696.0|36.24
130500|36.07|36.2|36.04|36.17|334.0|1206962.0|36.01
131000|36.11|36.11|36.07|36.08|106.0|382695.0|36.17
131500|36.09|36.13|36.02|36.02|146.0|526648.0|36.08
132000|36.07|36.07|35.87|35.87|247.0|888506.0|36.02
132500|35.87|35.94|35.86|35.92|397.0|1425778.0|35.87
133000|35.93|35.93|35.81|35.89|746.0|2674095.0|35.92
133500|35.89|35.94|35.87|35.94|72.0|258438.0|35.89
134000|35.97|36.0|35.94|35.97|110.0|395615.0|35.94
134500|35.95|36.15|35.93|36.07|392.0|1413574.0|35.97
135000|36.09|36.18|36.09|36.12|203.0|733474.0|36.07
135500|36.14|36.23|36.1|36.2|517.0|1869245.0|36.12
140000|36.2|36.32|36.2|36.22|404.0|1465197.0|36.2
140500|36.21|36.3|36.18|36.18|119.0|431364.0|36.22
141000|36.21|36.26|36.15|36.26|157.0|568417.0|36.18
141500|36.17|36.19|36.15|36.18|138.0|499177.0|36.26
142000|36.19|36.29|36.17|36.28|262.0|949094.0|36.18
142500|36.29|36.35|36.27|36.27|210.0|762358.0|36.28
143000|36.27|36.3|36.26|36.3|286.0|1037809.0|36.27
143500|36.29|36.4|36.29|36.39|557.0|2023537.0|36.3
144000|36.39|36.4|36.35|36.37|268.0|974788.0|36.39
144500|36.37|36.49|36.34|36.49|580.0|2110261.0|36.37
145000|36.49|36.49|36.36|36.43|525.0|1910883.0|36.49
145500|36.42|36.43|36.3|36.38|722.0|2626419.0|36.43
150000|36.37|36.4|36.32|36.36|498.0|1810473.0|36.38
