09350000|54.4160721600|54.7891781400|54.4065053400|54.5308740000|445500|25440610.0000|54.5308740000
09400000|54.5404408200|54.6169753800|54.4160721600|54.5404408200|167200|9526490.0000|54.5404408200
09450000|54.5404408200|54.5404408200|54.2821366800|54.2821366800|246400|14011972.0000|54.2821366800
09500000|54.2821366800|54.3395376000|54.1482012000|54.1482012000|321200|18206300.0000|54.1482012000
09550000|54.1482012000|54.2056021200|54.0525330000|54.1195007400|480800|27211248.0000|54.1195007400
10000000|54.1195007400|54.3682380600|54.1099339200|54.3491044200|140300|7956024.0000|54.3491044200
10050000|54.3491044200|54.5213071800|54.3491044200|54.4926067200|155400|8846240.0000|54.4926067200
10100000|54.4926067200|54.7222104000|54.4830399000|54.5404408200|185900|10608952.0000|54.5404408200
10150000|54.5404408200|54.6265422000|54.4926067200|54.5787081000|117600|6708880.0000|54.5787081000
10200000|54.5882749200|54.7030767600|54.5500076400|54.6935099400|222200|12694024.0000|54.6935099400
10250000|54.6935099400|54.7509108600|54.6743763000|54.6743763000|185900|10632800.0000|54.6743763000
10300000|54.6743763000|54.6839431200|54.6361090200|54.6552426600|85200|4867632.0000|54.6552426600
10350000|54.6552426600|54.7700445000|54.6552426600|54.7604776800|160900|9201808.0000|54.7604776800
10400000|54.7604776800|54.7700445000|54.6935099400|54.7317772200|121500|6950752.0000|54.7317772200
10450000|54.7317772200|54.9613809000|54.7126435800|54.8465790600|435400|24960656.0000|54.8465790600
10500000|54.8465790600|54.8848463400|54.7796113200|54.8274454200|179300|10276096.0000|54.8274454200
10550000|54.8370122400|54.8465790600|54.7413440400|54.8274454200|121900|6982288.0000|54.8274454200
11000000|54.8274454200|54.9326804400|54.7796113200|54.9231136200|156800|8992432.0000|54.9231136200
11050000|54.9231136200|54.9422472600|54.8178786000|54.9039799800|130500|7487376.0000|54.9039799800
11100000|54.8944131600|55.1048832000|54.8848463400|55.0379154600|565000|32483936.0000|55.0379154600
11150000|55.0379154600|55.1048832000|54.9996481800|55.0953163800|293800|16910352.0000|55.0953163800
11200000|55.0953163800|55.1335836600|55.0092150000|55.0092150000|234200|13488480.0000|55.0092150000
11250000|55.0092150000|55.0857495600|54.9231136200|54.9518140800|108000|6209824.0000|54.9518140800
11300000|54.9518140800|55.0570491000|54.9135468000|54.9709477200|121500|6986752.0000|54.9709477200
13050000|54.9709477200|55.1144500200|54.9613809000|55.0761827400|236600|13615488.0000|55.0761827400
13100000|55.0761827400|55.1335836600|54.9805145400|54.9900813600|158900|9150880.0000|54.9900813600
13150000|54.9900813600|55.1048832000|54.9326804400|55.0953163800|128100|7364096.0000|55.0953163800
13200000|55.1048832000|55.1048832000|55.0283486400|55.0474822800|135800|7816384.0000|55.0474822800
13250000|55.0570491000|55.0570491000|55.0092150000|55.0092150000|153700|8843552.0000|55.0092150000
13300000|55.0092150000|55.0570491000|54.9613809000|54.9613809000|95200|5474688.0000|54.9613809000
13350000|54.9996481800|54.9996481800|54.8944131600|54.9231136200|122100|7011840.0000|54.9231136200
13400000|54.9135468000|54.9900813600|54.8848463400|54.9805145400|87700|5035616.0000|54.9805145400
13450000|54.9805145400|54.9900813600|54.9135468000|54.9900813600|98000|5630176.0000|54.9900813600
13500000|54.9805145400|54.9900813600|54.8752795200|54.8752795200|76800|4410720.0000|54.8752795200
13550000|54.8752795200|54.9135468000|54.8561458800|54.8944131600|66900|3837856.0000|54.8944131600
14000000|54.8944131600|54.9613809000|54.8848463400|54.9613809000|84100|4825184.0000|54.9613809000
14050000|54.9613809000|54.9613809000|54.8752795200|54.9231136200|88700|5091456.0000|54.9231136200
14100000|54.9231136200|54.9326804400|54.8274454200|54.8561458800|94700|5433152.0000|54.8561458800
14150000|54.8561458800|54.9135468000|54.8465790600|54.8944131600|99200|5691808.0000|54.8944131600
14200000|54.8944131600|54.8944131600|54.6743763000|54.7222104000|208900|11959360.0000|54.7222104000
14250000|54.7222104000|54.7987449600|54.6839431200|54.7413440400|118300|6769568.0000|54.7413440400
14300000|54.7413440400|54.7891781400|54.7030767600|54.7509108600|122800|7025088.0000|54.7509108600
14350000|54.7509108600|54.7891781400|54.6935099400|54.7030767600|127000|7267328.0000|54.7030767600
14400000|54.7222104000|54.8083117800|54.6839431200|54.7891781400|142000|8122784.0000|54.7891781400
14450000|54.7891781400|54.7891781400|54.6935099400|54.7030767600|178800|10228480.0000|54.7030767600
14500000|54.7030767600|54.7987449600|54.6935099400|54.7126435800|196400|11235712.0000|54.7126435800
14550000|54.7126435800|54.7891781400|54.7126435800|54.7796113200|193900|11098496.0000|54.7796113200
15000000|54.7796113200|54.8178786000|54.7700445000|54.7987449600|220200|12613312.0000|54.7987449600
