09350000|5.1431979200|5.1874595200|5.1343456000|5.1874595200|11730011|68326701.9100|5.1874595200
09400000|5.1874595200|5.2051641600|5.1786072000|5.1786072000|9460700|55506920.0000|5.1786072000
09450000|5.1786072000|5.1963118400|5.1609025600|5.1697548800|5124500|29987793.0000|5.1697548800
09500000|5.1697548800|5.1786072000|5.1520502400|5.1786072000|4088340|23852147.8000|5.1786072000
09550000|5.1786072000|5.1874595200|5.1609025600|5.1786072000|5071900|29665387.0000|5.1786072000
10000000|5.1786072000|5.2051641600|5.1697548800|5.1874595200|6776695|39740323.7500|5.1874595200
10050000|5.1874595200|5.2051641600|5.1697548800|5.1874595200|5722610|33528007.6000|5.1874595200
10100000|5.1874595200|5.1963118400|5.1609025600|5.1786072000|5937800|34702727.0000|5.1786072000
10150000|5.1786072000|5.1874595200|5.1609025600|5.1874595200|3445400|20139204.0000|5.1874595200
10200000|5.1874595200|5.1874595200|5.1609025600|5.1697548800|2995300|17517472.0000|5.1697548800
10250000|5.1609025600|5.1697548800|5.1431979200|5.1520502400|4789360|27900126.8000|5.1520502400
10300000|5.1520502400|5.1520502400|5.1343456000|5.1343456000|2916100|16938378.0000|5.1343456000
10350000|5.1431979200|5.1431979200|5.1166409600|5.1254932800|4115000|23830678.0000|5.1254932800
10400000|5.1254932800|5.1343456000|5.1166409600|5.1343456000|2235442|12944513.1800|5.1343456000
10450000|5.1254932800|5.1431979200|5.1254932800|5.1343456000|1768712|10263186.6000|5.1343456000
10500000|5.1431979200|5.1431979200|5.1254932800|5.1254932800|3301100|19149346.0000|5.1254932800
10550000|5.1343456000|5.1431979200|5.1254932800|5.1254932800|1885100|10926389.0000|5.1254932800
11000000|5.1343456000|5.1431979200|5.1166409600|5.1254932800|2561600|14820901.0000|5.1254932800
11050000|5.1166409600|5.1254932800|5.1166409600|5.1166409600|1270100|7349056.0000|5.1166409600
11100000|5.1166409600|5.1254932800|5.1166409600|5.1166409600|801600|4638438.0000|5.1166409600
11150000|5.1254932800|5.1254932800|5.1077886400|5.1166409600|1790000|10351087.0000|5.1166409600
11200000|5.1166409600|5.1343456000|5.1077886400|5.1254932800|1477500|8552407.0000|5.1254932800
11250000|5.1254932800|5.1343456000|5.1166409600|5.1343456000|1313900|7615300.0000|5.1343456000
11300000|5.1254932800|5.1431979200|5.1254932800|5.1343456000|1287187|7470119.6000|5.1343456000
13050000|5.1431979200|5.1431979200|5.1166409600|5.1343456000|2209032|12803404.2200|5.1343456000
13100000|5.1343456000|5.1343456000|5.1166409600|5.1166409600|955800|5530749.0000|5.1166409600
13150000|5.1254932800|5.1343456000|5.1077886400|5.1343456000|1638330|9477006.5100|5.1343456000
13200000|5.1343456000|5.1343456000|5.1166409600|5.1343456000|1042600|6039453.0000|5.1343456000
13250000|5.1343456000|5.1343456000|5.1077886400|5.1254932800|3833600|22166773.0000|5.1254932800
13300000|5.1254932800|5.1343456000|5.1166409600|5.1343456000|2098300|12151992.0000|5.1343456000
13350000|5.1343456000|5.1520502400|5.1254932800|5.1343456000|1864000|10819993.0000|5.1343456000
13400000|5.1431979200|5.1520502400|5.1343456000|5.1431979200|1661700|9652097.0000|5.1431979200
13450000|5.1431979200|5.1520502400|5.1343456000|5.1431979200|974500|5661985.0000|5.1431979200
13500000|5.1431979200|5.1520502400|5.1343456000|5.1520502400|867665|5043077.0000|5.1520502400
13550000|5.1520502400|5.1609025600|5.1431979200|5.1520502400|1147100|6674337.0000|5.1520502400
14000000|5.1520502400|5.1520502400|5.1431979200|5.1520502400|733400|4265852.0000|5.1520502400
14050000|5.1520502400|5.1520502400|5.1254932800|5.1431979200|1541100|8950438.3500|5.1431979200
14100000|5.1343456000|5.1520502400|5.1343456000|5.1520502400|1533700|8913646.0000|5.1520502400
14150000|5.1520502400|5.1609025600|5.1431979200|5.1431979200|1055630|6142185.0200|5.1431979200
14200000|5.1431979200|5.1609025600|5.1431979200|5.1520502400|835200|4859543.0000|5.1520502400
14250000|5.1520502400|5.1609025600|5.1431979200|5.1431979200|2001700|11650728.0000|5.1431979200
14300000|5.1431979200|5.1609025600|5.1431979200|5.1431979200|2249600|13093418.0000|5.1431979200
14350000|5.1520502400|5.1609025600|5.1431979200|5.1520502400|2008376|11690483.3200|5.1520502400
14400000|5.1520502400|5.1609025600|5.1431979200|5.1520502400|1724300|10035303.0000|5.1520502400
14450000|5.1520502400|5.1609025600|5.1431979200|5.1520502400|1212880|7064186.6000|5.1520502400
14500000|5.1609025600|5.1697548800|5.1431979200|5.1697548800|2466314|14370036.6200|5.1697548800
14550000|5.1697548800|5.1697548800|5.1520502400|5.1609025600|1553778|9055557.9600|5.1609025600
15000000|5.1609025600|5.1609025600|5.1431979200|5.1520502400|3316900|19303359.0000|5.1520502400
