09350000|43.6805953600|44.0354016400|43.6411724400|43.6411724400|488090|21708490.0000|43.6411724400
09400000|43.6313167100|43.6510281700|43.4046349200|43.4046349200|293600|12964749.0000|43.4046349200
09450000|43.4243463800|43.6116052500|43.3652120000|43.6017495200|238440|10516567.0000|43.6017495200
09500000|43.6017495200|43.6510281700|43.3159333500|43.4637693000|280360|12362289.0000|43.4637693000
09550000|43.4539135700|43.4539135700|43.2075203200|43.3652120000|343900|15116318.0000|43.3652120000
10000000|43.3652120000|43.5426151400|43.2469432400|43.5327594100|209947|9245221.0000|43.5327594100
10050000|43.5524708700|43.7200182800|43.4440578400|43.6608839000|233052|10301390.0000|43.6608839000
10100000|43.6017495200|43.6608839000|43.5820380600|43.6017495200|134200|5940848.0000|43.6017495200
10150000|43.6313167100|43.7101625500|43.5623266000|43.6017495200|144900|6414115.0000|43.6017495200
10200000|43.5918937900|43.7101625500|43.5820380600|43.7101625500|133100|5890262.0000|43.7101625500
10250000|43.7200182800|43.7298740100|43.6510281700|43.7003068200|115300|5112347.0000|43.7003068200
10300000|43.7200182800|43.7200182800|43.6214609800|43.6411724400|121100|5365497.0000|43.6411724400
10350000|43.6510281700|43.8284313100|43.6313167100|43.7298740100|165656|7351544.0000|43.7298740100
10400000|43.7298740100|43.8579985000|43.7101625500|43.8579985000|145284|6453286.0000|43.8579985000
10450000|43.8579985000|43.8875656900|43.7594412000|43.7594412000|126548|5628073.0000|43.7594412000
10500000|43.7594412000|44.2423719700|43.7594412000|44.2226605100|369198|16492680.0000|44.2226605100
10550000|44.2325162400|44.2325162400|43.8579985000|43.9959787200|134648|6024017.0000|43.9959787200
11000000|44.0058344500|44.1043917500|43.9861229900|44.0945360200|71000|3172089.0000|44.0945360200
11050000|44.0945360200|44.1832375900|44.0156901800|44.0649688300|110100|4928318.0000|44.0649688300
11100000|44.0649688300|44.1635261300|44.0354016400|44.0945360200|65000|2908724.0000|44.0945360200
11150000|44.0945360200|44.1536704000|44.0058344500|44.0058344500|95700|4279911.0000|44.0058344500
11200000|44.0156901800|44.0452573700|43.8579985000|43.8579985000|98100|4373757.0000|43.8579985000
11250000|43.8579985000|43.8777099600|43.8185755800|43.8382870400|162540|7230446.0000|43.8382870400
11300000|43.8579985000|43.8875656900|43.7200182800|43.8579985000|187760|8347678.0000|43.8579985000
13050000|43.8579985000|44.0649688300|43.8382870400|44.0452573700|77272|3445172.0000|44.0452573700
13100000|44.0452573700|44.0551131000|43.9664115300|43.9861229900|48696|2174211.0000|43.9861229900
13150000|43.9861229900|44.0452573700|43.9861229900|44.0058344500|51800|2313694.0000|44.0058344500
13200000|44.0058344500|44.0255459100|43.9072771500|44.0255459100|72600|3239161.0000|44.0255459100
13250000|44.0058344500|44.1635261300|44.0058344500|44.1536704000|145200|6497729.0000|44.1536704000
13300000|44.1536704000|44.2128047800|44.1241032100|44.1832375900|116748|5233239.0000|44.1832375900
13350000|44.1733818600|44.2029490500|44.0649688300|44.2029490500|137285|6146066.0000|44.2029490500
13400000|44.1930933200|44.2423719700|44.1832375900|44.2423719700|153948|6906070.0000|44.2423719700
13450000|44.2423719700|44.3113620800|44.2128047800|44.2719391600|150740|6769882.0000|44.2719391600
13500000|44.2719391600|44.2817948900|44.1930933200|44.2522277000|114366|5133718.0000|44.2522277000
13550000|44.2423719700|44.2522277000|44.1733818600|44.2325162400|129799|5823184.0000|44.2325162400
14000000|44.2325162400|44.2325162400|44.0255459100|44.0649688300|106701|4778043.0000|44.0649688300
14050000|44.0551131000|44.1438146700|44.0551131000|44.1438146700|67100|3002529.0000|44.1438146700
14100000|44.1438146700|44.2423719700|44.1339589400|44.2325162400|95299|4274085.0000|44.2325162400
14150000|44.2325162400|44.2325162400|44.1438146700|44.1635261300|90800|4069379.0000|44.1635261300
14200000|44.1635261300|44.2423719700|44.1339589400|44.1733818600|114800|5147558.0000|44.1733818600
14250000|44.1733818600|44.1733818600|44.1339589400|44.1339589400|69700|3121952.0000|44.1339589400
14300000|44.1339589400|44.2029490500|44.1339589400|44.1635261300|77800|3485824.0000|44.1635261300
14350000|44.1635261300|44.1635261300|44.0551131000|44.1043917500|113948|5098976.0000|44.1043917500
14400000|44.1043917500|44.2423719700|44.1043917500|44.2423719700|172471|7728960.0000|44.2423719700
14450000|44.2325162400|44.2423719700|44.1536704000|44.1635261300|101521|4552000.0000|44.1635261300
14500000|44.1536704000|44.2423719700|44.1536704000|44.2325162400|208932|9370848.0000|44.2325162400
14550000|44.1733818600|44.2522277000|44.1733818600|44.2325162400|203904|9152320.0000|44.2325162400
15000000|44.2325162400|44.2522277000|44.2226605100|44.2325162400|173352|7781136.0000|44.2325162400
