09350000|38.9870968500|39.1364727000|38.7381371000|38.8377210000|407100|15903728.0000|38.8377210000
09400000|38.8476793900|39.0866807500|38.6485115900|39.0866807500|298485|11624918.0000|39.0866807500
09450000|39.0866807500|39.2360566000|39.0667639700|39.2360566000|362700|14260251.0000|39.2360566000
09500000|39.2360566000|39.6343922000|39.2360566000|39.4352244000|535100|21224205.0000|39.4352244000
09550000|39.4352244000|39.4949747400|39.3356405000|39.3854324500|231500|9160935.0000|39.3854324500
10000000|39.3655156700|39.3854324500|39.2659317700|39.3256821100|119700|4725362.0000|39.3256821100
10050000|39.3256821100|39.3854324500|39.1862646500|39.1862646500|180700|7128482.0000|39.1862646500
10100000|39.2061814300|39.2061814300|39.0667639700|39.1165559200|114992|4518096.0000|39.1165559200
10150000|39.1165559200|39.1165559200|38.9870968500|39.0866807500|140008|5490707.0000|39.0866807500
10200000|39.0767223600|39.3057653300|39.0767223600|39.2360566000|69000|2717943.0000|39.2360566000
10250000|39.2360566000|39.3356405000|39.0667639700|39.1663478700|117400|4627754.0000|39.1663478700
10300000|39.1663478700|39.1763062600|39.0667639700|39.0866807500|61300|2407537.0000|39.0866807500
10350000|39.0966391400|39.1563894800|38.9870968500|39.1165559200|108800|4266299.0000|39.1165559200
10400000|39.0667639700|39.1165559200|39.0468471900|39.0667639700|43300|1698419.0000|39.0667639700
10450000|39.0667639700|39.0767223600|39.0468471900|39.0468471900|39800|1560951.0000|39.0468471900
10500000|39.0568055800|39.0667639700|38.9970552400|38.9970552400|75000|2939652.0000|38.9970552400
10550000|38.9970552400|39.1763062600|38.9970552400|39.1763062600|77496|3038527.0000|39.1763062600
11000000|39.1663478700|39.2659317700|39.1364727000|39.1464310900|54000|2125933.0000|39.1464310900
11050000|39.1364727000|39.1563894800|39.0568055800|39.0966391400|30600|1201663.0000|39.0966391400
11100000|39.0866807500|39.0966391400|39.0169720200|39.0468471900|59200|2321335.0000|39.0468471900
11150000|39.0468471900|39.1065975300|38.9870968500|38.9870968500|47340|1855415.0000|38.9870968500
11200000|38.9970552400|39.1165559200|38.9870968500|39.0966391400|35700|1400468.0000|39.0966391400
11250000|39.0866807500|39.0866807500|39.0070136300|39.0269304100|34200|1340509.0000|39.0269304100
11300000|39.0269304100|39.1265143100|39.0269304100|39.1265143100|28900|1134352.0000|39.1265143100
13050000|39.1265143100|39.3057653300|39.0667639700|39.3057653300|103200|4058999.0000|39.3057653300
13100000|39.3157237200|39.4153076200|39.2559733800|39.2559733800|117948|4662096.0000|39.2559733800
13150000|39.2559733800|39.3157237200|39.2161398200|39.2758901600|73344|2891458.0000|39.2758901600
13200000|39.2758901600|39.2758901600|39.1265143100|39.1464310900|47100|1854133.0000|39.1464310900
13250000|39.1364727000|39.2559733800|39.0866807500|39.2260982100|47400|1863220.0000|39.2260982100
13300000|39.1663478700|39.1763062600|39.0966391400|39.1165559200|41000|1610724.0000|39.1165559200
13350000|39.1065975300|39.1265143100|39.0966391400|39.1065975300|74100|2910770.0000|39.1065975300
13400000|39.1065975300|39.2161398200|39.0169720200|39.2161398200|114100|4476918.0000|39.2161398200
13450000|39.1563894800|39.1563894800|39.0866807500|39.1165559200|30100|1182283.0000|39.1165559200
13500000|39.1165559200|39.1165559200|39.0568055800|39.0568055800|65800|2583017.0000|39.0568055800
13550000|39.0368888000|39.0667639700|39.0269304100|39.0568055800|56336|2208822.0000|39.0568055800
14000000|39.0568055800|39.1364727000|39.0568055800|39.0966391400|53000|2081462.0000|39.0966391400
14050000|39.0966391400|39.2360566000|39.0966391400|39.1962230400|110396|4342539.0000|39.1962230400
14100000|39.1962230400|39.1962230400|39.0966391400|39.1265143100|44304|1741657.0000|39.1265143100
14150000|39.1265143100|39.1663478700|39.0667639700|39.1265143100|72592|2851519.0000|39.1265143100
14200000|39.1265143100|39.1265143100|39.0468471900|39.0468471900|45608|1789897.0000|39.0468471900
14250000|39.0468471900|39.0667639700|39.0070136300|39.0169720200|84364|3306735.0000|39.0169720200
14300000|38.9970552400|39.0269304100|38.9173881200|38.9671800700|164260|6424956.0000|38.9671800700
14350000|38.9572216800|39.0169720200|38.9572216800|38.9771384600|78460|3071943.0000|38.9771384600
14400000|38.9671800700|38.9870968500|38.9373049000|38.9870968500|119296|4667213.0000|38.9870968500
14450000|38.9870968500|39.0866807500|38.9572216800|38.9771384600|140188|5491342.0000|38.9771384600
14500000|38.9771384600|39.1364727000|38.9771384600|39.0767223600|171655|6726890.0000|39.0767223600
14550000|39.0667639700|39.1364727000|39.0667639700|39.0966391400|122876|4826808.0000|39.0966391400
15000000|39.0866807500|39.0966391400|39.0767223600|39.0866807500|120820|4742392.0000|39.0866807500
