09350000|20.2909733100|20.5716230100|20.2909733100|20.5061380800|475000|10386293.0000|20.5061380800
09400000|20.5061380800|20.5061380800|20.4406531500|20.4687181200|158300|3465271.0000|20.4687181200
09450000|20.4687181200|20.5154930700|20.4125881800|20.4593631300|149900|3278635.0000|20.4593631300
09500000|20.4500081400|20.4593631300|20.3658132300|20.3845232100|160500|3502588.0000|20.3845232100
09550000|20.3845232100|20.4125881800|20.3564582400|20.3938782000|112600|2453876.0000|20.3938782000
10000000|20.3938782000|20.4219431700|20.3658132300|20.3751682200|100700|2195386.0000|20.3751682200
10050000|20.3751682200|20.4219431700|20.3658132300|20.4219431700|67900|1479700.0000|20.4219431700
10100000|20.4219431700|20.4780731100|20.4219431700|20.4687181200|115200|2518828.0000|20.4687181200
10150000|20.4687181200|20.4874281000|20.4500081400|20.4687181200|100300|2194900.0000|20.4687181200
10200000|20.4687181200|20.5061380800|20.4312981600|20.4312981600|75800|1659240.0000|20.4312981600
10250000|20.4312981600|20.4500081400|20.4312981600|20.4500081400|53300|1164712.0000|20.4500081400
10300000|20.4593631300|20.4687181200|20.4312981600|20.4312981600|54600|1193716.0000|20.4312981600
10350000|20.4312981600|20.4687181200|20.4219431700|20.4687181200|47200|1031440.0000|20.4687181200
10400000|20.4687181200|20.5061380800|20.4593631300|20.4593631300|130300|2852412.0000|20.4593631300
10450000|20.4593631300|20.4780731100|20.4500081400|20.4780731100|57100|1248836.0000|20.4780731100
10500000|20.4780731100|20.4780731100|20.4219431700|20.4219431700|38200|834840.0000|20.4219431700
10550000|20.4219431700|20.4406531500|20.4125881800|20.4312981600|71000|1550348.0000|20.4312981600
11000000|20.4312981600|20.4687181200|20.4312981600|20.4593631300|30300|662332.0000|20.4593631300
11050000|20.4593631300|20.4874281000|20.4500081400|20.4593631300|46200|1010900.0000|20.4593631300
11100000|20.4593631300|20.4874281000|20.4406531500|20.4780731100|32900|719640.0000|20.4780731100
11150000|20.4780731100|20.5061380800|20.4593631300|20.4874281000|72300|1582984.0000|20.4874281000
11200000|20.4874281000|20.4967830900|20.4593631300|20.4874281000|102300|2239696.0000|20.4874281000
11250000|20.4874281000|20.6558179200|20.4874281000|20.6277529500|340100|7475068.0000|20.6277529500
11300000|20.6277529500|20.6745279000|20.5622680200|20.5622680200|207700|4579744.0000|20.5622680200
13050000|20.5529130300|20.5809780000|20.5061380800|20.5435580400|75600|1660516.0000|20.5435580400
13100000|20.5622680200|20.6277529500|20.5435580400|20.6183979600|62400|1373584.0000|20.6183979600
13150000|20.6183979600|20.6277529500|20.5809780000|20.5996879800|72200|1590660.0000|20.5996879800
13200000|20.5996879800|20.6277529500|20.5809780000|20.5809780000|54900|1208896.0000|20.5809780000
13250000|20.5809780000|20.6277529500|20.5809780000|20.5809780000|49400|1087732.0000|20.5809780000
13300000|20.5809780000|20.5903329900|20.5435580400|20.5622680200|39400|866016.0000|20.5622680200
13350000|20.5529130300|20.5622680200|20.5342030500|20.5435580400|75100|1649520.0000|20.5435580400
13400000|20.5435580400|20.5716230100|20.5342030500|20.5435580400|49200|1080656.0000|20.5435580400
13450000|20.5435580400|20.5435580400|20.5154930700|20.5248480600|40700|893080.0000|20.5248480600
13500000|20.5248480600|20.5809780000|20.5248480600|20.5529130300|51500|1131208.0000|20.5529130300
13550000|20.5529130300|20.5622680200|20.5435580400|20.5529130300|66800|1467312.0000|20.5529130300
14000000|20.5529130300|20.5529130300|20.5342030500|20.5342030500|53900|1183328.0000|20.5342030500
14050000|20.5342030500|20.5996879800|20.5342030500|20.5996879800|132900|2919608.0000|20.5996879800
14100000|20.5996879800|20.6277529500|20.5622680200|20.5809780000|121200|2668816.0000|20.5809780000
14150000|20.5809780000|20.5809780000|20.5342030500|20.5342030500|51100|1122424.0000|20.5342030500
14200000|20.5435580400|20.5435580400|20.5154930700|20.5342030500|57400|1259696.0000|20.5342030500
14250000|20.5342030500|20.5342030500|20.5061380800|20.5061380800|72700|1594752.0000|20.5061380800
14300000|20.5154930700|20.5342030500|20.5061380800|20.5154930700|54600|1197816.0000|20.5154930700
14350000|20.5154930700|20.5248480600|20.4967830900|20.5248480600|133200|2920008.0000|20.5248480600
14400000|20.5248480600|20.5529130300|20.5154930700|20.5342030500|82000|1799568.0000|20.5342030500
14450000|20.5342030500|20.5435580400|20.5061380800|20.5154930700|76800|1684832.0000|20.5154930700
14500000|20.5154930700|20.5435580400|20.4687181200|20.5342030500|300300|6581384.0000|20.5342030500
14550000|20.5342030500|20.5435580400|20.5061380800|20.5154930700|96700|2121744.0000|20.5154930700
15000000|20.5154930700|20.5529130300|20.5061380800|20.5248480600|56700|1244000.0000|20.5248480600
