09350000|29.8133219000|29.9059674000|29.6465600000|29.7206764000|443600|14243916.0000|29.7206764000
09400000|29.7114118500|29.8040573500|29.7021473000|29.7762637000|163000|5235824.0000|29.7762637000
09450000|29.7947928000|29.8040573500|29.7206764000|29.7299409500|131500|4222931.0000|29.7299409500
09500000|29.7299409500|29.8596446500|29.7299409500|29.7484700500|146900|4725413.0000|29.7484700500
09550000|29.7484700500|29.7484700500|29.7114118500|29.7392055000|103500|3320912.0000|29.7392055000
10000000|29.7299409500|29.7299409500|29.5539145000|29.5724436000|285100|9122336.0000|29.5724436000
10050000|29.5631790500|29.5724436000|29.4427399000|29.4612690000|411200|13093447.0000|29.4612690000
10100000|29.4427399000|29.5075917500|29.4242108000|29.4612690000|289400|9203247.0000|29.4612690000
10150000|29.4520044500|29.4797981000|29.3686235000|29.4427399000|254800|8092984.0000|29.4427399000
10200000|29.4334753500|29.4427399000|29.2759780000|29.3593589500|273700|8672613.0000|29.3593589500
10250000|29.4242108000|29.4983272000|29.4242108000|29.4705335500|297900|9455340.0000|29.4705335500
10300000|29.4612690000|29.4705335500|29.4242108000|29.4520044500|91800|2917902.0000|29.4520044500
10350000|29.4612690000|29.4983272000|29.4612690000|29.4890626500|94300|3001330.0000|29.4890626500
10400000|29.4797981000|29.5446499500|29.4797981000|29.5075917500|81700|2601823.0000|29.5075917500
10450000|29.4983272000|29.5261208500|29.4612690000|29.4983272000|200700|6389653.0000|29.4983272000
10500000|29.4983272000|29.5075917500|29.3871526000|29.3871526000|109200|3472473.0000|29.3871526000
10550000|29.3871526000|29.4056817000|29.3686235000|29.3778880500|115000|3646837.0000|29.3778880500
11000000|29.3778880500|29.4056817000|29.3686235000|29.3686235000|114200|3621656.0000|29.3686235000
11050000|29.3686235000|29.3964171500|29.3408298500|29.3408298500|129700|4111171.0000|29.3408298500
11100000|29.3408298500|29.4056817000|29.2111261500|29.3130362000|356100|11251225.0000|29.3130362000
11150000|29.3130362000|29.4520044500|29.3037716500|29.4520044500|107300|3401236.0000|29.4520044500
11200000|29.4612690000|29.5075917500|29.3686235000|29.3871526000|108400|3446867.0000|29.3871526000
11250000|29.4520044500|29.4612690000|29.3778880500|29.4149462500|76200|2421318.0000|29.4149462500
11300000|29.4149462500|29.4520044500|29.3871526000|29.4056817000|83300|2645699.0000|29.4056817000
13050000|29.3964171500|29.4890626500|29.3964171500|29.4890626500|156600|4973701.0000|29.4890626500
13100000|29.4797981000|29.5724436000|29.4705335500|29.5446499500|316700|10082074.0000|29.5446499500
13150000|29.5353854000|29.5539145000|29.4612690000|29.5539145000|103800|3306222.0000|29.5539145000
13200000|29.5631790500|29.6928827500|29.5446499500|29.6743536500|113480|3630608.0000|29.6743536500
13250000|29.6836182000|29.7484700500|29.6465600000|29.6558245500|95100|3048928.0000|29.6558245500
13300000|29.6558245500|29.7021473000|29.6280309000|29.6558245500|72100|2308753.0000|29.6558245500
13350000|29.6558245500|29.7484700500|29.6280309000|29.6650891000|67200|2151747.0000|29.6650891000
13400000|29.6558245500|29.7021473000|29.6465600000|29.6836182000|54100|1732805.0000|29.6836182000
13450000|29.6836182000|29.6836182000|29.6280309000|29.6650891000|111700|3575649.0000|29.6650891000
13500000|29.6650891000|29.7114118500|29.6372954500|29.6743536500|145200|4649256.0000|29.6743536500
13550000|29.6836182000|29.7392055000|29.6465600000|29.6465600000|126600|4056508.0000|29.6465600000
14000000|29.6743536500|29.6743536500|29.5539145000|29.6558245500|105100|3359727.0000|29.6558245500
14050000|29.6650891000|29.7299409500|29.6187663500|29.6465600000|62000|1984704.0000|29.6465600000
14100000|29.6280309000|29.6280309000|29.5817081500|29.5817081500|47900|1531005.0000|29.5817081500
14150000|29.5724436000|29.5817081500|29.4983272000|29.5446499500|86000|2743527.0000|29.5446499500
14200000|29.5446499500|29.5631790500|29.4983272000|29.5539145000|43200|1377415.0000|29.5539145000
14250000|29.5539145000|29.5724436000|29.4983272000|29.5446499500|82300|2623254.0000|29.5446499500
14300000|29.5353854000|29.6002372500|29.4612690000|29.4983272000|97400|3102716.0000|29.4983272000
14350000|29.4890626500|29.5168563000|29.4149462500|29.5075917500|462247|14695935.0000|29.5075917500
14400000|29.4983272000|29.5261208500|29.4427399000|29.4427399000|161600|5142120.0000|29.4427399000
14450000|29.4520044500|29.4612690000|29.3778880500|29.4149462500|147400|4681430.0000|29.4149462500
14500000|29.4149462500|29.4427399000|29.3871526000|29.4427399000|136000|4318646.0000|29.4427399000
14550000|29.4612690000|29.5168563000|29.4149462500|29.4520044500|183500|5834711.0000|29.4520044500
15000000|29.4520044500|29.4890626500|29.4056817000|29.4890626500|151000|4800762.0000|29.4890626500
