09350000|4.1100000000|4.1300000000|4.0800000000|4.1100000000|1637725|6726982.5000|4.1100000000
09400000|4.1000000000|4.1100000000|4.1000000000|4.1000000000|472200|1937023.0000|4.1000000000
09450000|4.1000000000|4.1100000000|4.0900000000|4.0900000000|717772|2938947.2300|4.0900000000
09500000|4.0900000000|4.1000000000|4.0900000000|4.1000000000|731000|2991527.0000|4.1000000000
09550000|4.0900000000|4.1000000000|4.0900000000|4.0900000000|591627|2420956.4300|4.0900000000
10000000|4.0900000000|4.1000000000|4.0900000000|4.0900000000|471225|1928093.2500|4.0900000000
10050000|4.0900000000|4.1000000000|4.0800000000|4.0900000000|1422152|5813771.6700|4.0900000000
10100000|4.0900000000|4.0900000000|4.0800000000|4.0800000000|577200|2356227.0000|4.0800000000
10150000|4.0800000000|4.0900000000|4.0700000000|4.0700000000|1051300|4289269.0000|4.0700000000
10200000|4.0700000000|4.0800000000|4.0700000000|4.0800000000|526900|2145973.0000|4.0800000000
10250000|4.0800000000|4.0900000000|4.0700000000|4.0800000000|506475|2066665.0000|4.0800000000
10300000|4.0900000000|4.0900000000|4.0700000000|4.0800000000|346600|1414005.2500|4.0800000000
10350000|4.0800000000|4.0800000000|4.0700000000|4.0800000000|242950|990051.5000|4.0800000000
10400000|4.0800000000|4.0800000000|4.0700000000|4.0700000000|136500|556307.0000|4.0700000000
10450000|4.0800000000|4.0900000000|4.0700000000|4.0900000000|204600|834813.0000|4.0900000000
10500000|4.0800000000|4.0900000000|4.0800000000|4.0800000000|78500|320350.0000|4.0800000000
10550000|4.0800000000|4.0900000000|4.0800000000|4.0800000000|101100|412678.0000|4.0800000000
11000000|4.0800000000|4.0900000000|4.0700000000|4.0800000000|274200|1118834.0000|4.0800000000
11050000|4.0800000000|4.0900000000|4.0800000000|4.0900000000|115600|471676.0000|4.0900000000
11100000|4.0800000000|4.0900000000|4.0700000000|4.0900000000|263900|1077233.0000|4.0900000000
11150000|4.0800000000|4.0900000000|4.0800000000|4.0800000000|181500|740634.0000|4.0800000000
11200000|4.0700000000|4.0900000000|4.0700000000|4.0800000000|661800|2694844.0000|4.0800000000
11250000|4.0800000000|4.0900000000|4.0700000000|4.0800000000|397477|1621953.1600|4.0800000000
11300000|4.0800000000|4.0900000000|4.0800000000|4.0900000000|41776|170551.0800|4.0900000000
13050000|4.0800000000|4.0900000000|4.0800000000|4.0800000000|190800|778925.0000|4.0800000000
13100000|4.0900000000|4.0900000000|4.0800000000|4.0800000000|63100|257494.0000|4.0800000000
13150000|4.0800000000|4.0900000000|4.0800000000|4.0800000000|122800|501060.0000|4.0800000000
13200000|4.0800000000|4.0900000000|4.0700000000|4.0800000000|531124|2166823.9200|4.0800000000
13250000|4.0800000000|4.0800000000|4.0700000000|4.0700000000|100900|410954.0000|4.0700000000
13300000|4.0700000000|4.0800000000|4.0600000000|4.0600000000|1596200|6496376.0000|4.0600000000
13350000|4.0700000000|4.0700000000|4.0600000000|4.0600000000|320300|1301038.0000|4.0600000000
13400000|4.0700000000|4.0700000000|4.0600000000|4.0600000000|549300|2231936.0000|4.0600000000
13450000|4.0600000000|4.0700000000|4.0600000000|4.0600000000|858775|3490927.5000|4.0600000000
13500000|4.0700000000|4.0700000000|4.0600000000|4.0600000000|273811|1112029.6600|4.0600000000
13550000|4.0600000000|4.0700000000|4.0600000000|4.0600000000|89775|365048.5000|4.0600000000
14000000|4.0600000000|4.0700000000|4.0600000000|4.0600000000|243300|988135.0000|4.0600000000
14050000|4.0600000000|4.0700000000|4.0600000000|4.0600000000|449500|1825117.0000|4.0600000000
14100000|4.0600000000|4.0700000000|4.0600000000|4.0600000000|267800|1087700.0000|4.0600000000
14150000|4.0600000000|4.0700000000|4.0600000000|4.0600000000|366578|1489216.6800|4.0600000000
14200000|4.0600000000|4.0700000000|4.0600000000|4.0600000000|130300|529277.0000|4.0600000000
14250000|4.0600000000|4.0700000000|4.0500000000|4.0500000000|820300|3329393.2200|4.0500000000
14300000|4.0500000000|4.0600000000|4.0500000000|4.0500000000|343252|1391543.6000|4.0500000000
14350000|4.0500000000|4.0600000000|4.0500000000|4.0500000000|395800|1603444.0000|4.0500000000
14400000|4.0500000000|4.0600000000|4.0400000000|4.0400000000|2447770|9913775.5000|4.0400000000
14450000|4.0500000000|4.0500000000|4.0300000000|4.0400000000|1936700|7827282.0000|4.0400000000
14500000|4.0400000000|4.0500000000|4.0300000000|4.0400000000|774128|3128100.1200|4.0400000000
14550000|4.0500000000|4.0500000000|4.0400000000|4.0500000000|873900|3534369.0000|4.0500000000
15000000|4.0400000000|4.0500000000|4.0400000000|4.0500000000|900100|3642596.0000|4.0500000000
