09350000|3.7900000000|3.7900000000|3.7500000000|3.7700000000|42337700|159647728.0000|3.7700000000
09400000|3.7700000000|3.7900000000|3.7700000000|3.7700000000|16841500|63587856.0000|3.7700000000
09450000|3.7700000000|3.7800000000|3.7400000000|3.7400000000|26039100|97790832.0000|3.7400000000
09500000|3.7400000000|3.7400000000|3.7300000000|3.7300000000|25399500|94801472.0000|3.7300000000
09550000|3.7300000000|3.7500000000|3.7300000000|3.7400000000|13726200|51330816.0000|3.7400000000
10000000|3.7400000000|3.7400000000|3.7000000000|3.7100000000|32219000|119669434.0000|3.7100000000
10050000|3.7100000000|3.7200000000|3.7000000000|3.7000000000|34816500|128946174.0000|3.7000000000
10100000|3.7000000000|3.7200000000|3.7000000000|3.7200000000|12681100|47020809.0000|3.7200000000
10150000|3.7200000000|3.7300000000|3.7100000000|3.7200000000|10117000|37651966.0000|3.7200000000
10200000|3.7200000000|3.7300000000|3.7100000000|3.7100000000|8553800|31818501.0000|3.7100000000
10250000|3.7100000000|3.7200000000|3.7100000000|3.7100000000|8669100|32184699.0000|3.7100000000
10300000|3.7100000000|3.7200000000|3.7000000000|3.7100000000|10419400|38646535.0000|3.7100000000
10350000|3.7100000000|3.7400000000|3.7100000000|3.7200000000|9468100|35272502.0000|3.7200000000
10400000|3.7200000000|3.7200000000|3.7000000000|3.7100000000|7989000|29668865.0000|3.7100000000
10450000|3.7100000000|3.7100000000|3.7000000000|3.7100000000|6671800|24718467.0000|3.7100000000
10500000|3.7100000000|3.7200000000|3.7000000000|3.7200000000|6753800|25038338.0000|3.7200000000
10550000|3.7200000000|3.7200000000|3.6900000000|3.7000000000|14686500|54356930.0000|3.7000000000
11000000|3.7000000000|3.7000000000|3.6900000000|3.7000000000|5163100|19063804.0000|3.7000000000
11050000|3.7000000000|3.7000000000|3.6800000000|3.6900000000|11599900|42806144.0000|3.6900000000
11100000|3.6900000000|3.7000000000|3.6800000000|3.6900000000|7308900|26931840.0000|3.6900000000
11150000|3.6900000000|3.6900000000|3.6800000000|3.6900000000|6712200|24746240.0000|3.6900000000
11200000|3.6900000000|3.7000000000|3.6800000000|3.6800000000|4887700|18017920.0000|3.6800000000
11250000|3.6800000000|3.7000000000|3.6800000000|3.7000000000|7493300|27628544.0000|3.7000000000
11300000|3.7000000000|3.7000000000|3.6800000000|3.6800000000|4763900|17566464.0000|3.6800000000
13050000|3.6900000000|3.6900000000|3.6700000000|3.6900000000|15840800|58301440.0000|3.6900000000
13100000|3.6900000000|3.6900000000|3.6700000000|3.6700000000|7464900|27463040.0000|3.6700000000
13150000|3.6700000000|3.7000000000|3.6700000000|3.7000000000|13333500|49200640.0000|3.7000000000
13200000|3.7000000000|3.7200000000|3.6900000000|3.7200000000|16764900|62223878.0000|3.7200000000
13250000|3.7200000000|3.7200000000|3.7000000000|3.7100000000|11851000|43952888.0000|3.7100000000
13300000|3.7100000000|3.7100000000|3.7000000000|3.7100000000|3794700|14064518.0000|3.7100000000
13350000|3.7100000000|3.7200000000|3.7000000000|3.7100000000|8069700|29918198.0000|3.7100000000
13400000|3.7000000000|3.7100000000|3.7000000000|3.7100000000|3126400|11582220.0000|3.7100000000
13450000|3.7100000000|3.7200000000|3.7000000000|3.7200000000|4704300|17461501.0000|3.7200000000
13500000|3.7200000000|3.7400000000|3.7100000000|3.7400000000|11710700|43653500.0000|3.7400000000
13550000|3.7400000000|3.7400000000|3.7100000000|3.7300000000|12915300|48102531.0000|3.7300000000
14000000|3.7200000000|3.7200000000|3.7100000000|3.7100000000|4513200|16783482.0000|3.7100000000
14050000|3.7100000000|3.7400000000|3.7100000000|3.7300000000|11132100|41493380.0000|3.7300000000
14100000|3.7300000000|3.7500000000|3.7200000000|3.7500000000|8129000|30361721.0000|3.7500000000
14150000|3.7500000000|3.7500000000|3.7300000000|3.7500000000|13034300|48761735.0000|3.7500000000
14200000|3.7500000000|3.7500000000|3.7200000000|3.7300000000|11447300|42704384.0000|3.7300000000
14250000|3.7300000000|3.7400000000|3.7200000000|3.7300000000|4228500|15765248.0000|3.7300000000
14300000|3.7300000000|3.7300000000|3.7200000000|3.7200000000|3499800|13035008.0000|3.7200000000
14350000|3.7200000000|3.7300000000|3.7100000000|3.7200000000|12541100|46651783.0000|3.7200000000
14400000|3.7200000000|3.7200000000|3.7100000000|3.7100000000|7296400|27119487.0000|3.7100000000
14450000|3.7100000000|3.7300000000|3.7100000000|3.7200000000|7165800|26643450.0000|3.7200000000
14500000|3.7200000000|3.7200000000|3.7100000000|3.7100000000|6636300|24657796.0000|3.7100000000
14550000|3.7100000000|3.7300000000|3.7100000000|3.7200000000|16148300|60033914.0000|3.7200000000
15000000|3.7200000000|3.7300000000|3.7200000000|3.7200000000|18636400|69359738.0000|3.7200000000
