09350000|5.5377428600|5.5473237300|5.4898385100|5.4898385100|2327100|13395733.0000|5.4898385100
09400000|5.4898385100|5.5185811200|5.4898385100|5.4994193800|551600|3167925.0000|5.4994193800
09450000|5.4994193800|5.5090002500|5.4898385100|5.4898385100|995600|5711114.0000|5.4898385100
09500000|5.4994193800|5.5090002500|5.4898385100|5.4994193800|798500|4577810.0000|5.4994193800
09550000|5.5090002500|5.5090002500|5.4898385100|5.4898385100|494800|2836646.0000|5.4898385100
10000000|5.4898385100|5.4994193800|5.4802576400|5.4898385100|322800|1849398.0000|5.4898385100
10050000|5.4898385100|5.4898385100|5.4802576400|5.4802576400|296300|1695702.0000|5.4802576400
10100000|5.4802576400|5.4994193800|5.4802576400|5.4898385100|594300|3404738.0000|5.4898385100
10150000|5.4898385100|5.4994193800|5.4802576400|5.4898385100|259000|1483284.0000|5.4898385100
10200000|5.4898385100|5.4994193800|5.4802576400|5.4898385100|722000|4137076.0000|5.4898385100
10250000|5.4898385100|5.4994193800|5.4898385100|5.4994193800|242800|1391604.0000|5.4994193800
10300000|5.4898385100|5.4994193800|5.4898385100|5.4898385100|134200|769616.0000|5.4898385100
10350000|5.4898385100|5.4994193800|5.4898385100|5.4994193800|159600|915104.0000|5.4994193800
10400000|5.4994193800|5.5090002500|5.4898385100|5.4994193800|224100|1286852.0000|5.4994193800
10450000|5.4994193800|5.5090002500|5.4994193800|5.4994193800|98500|566168.0000|5.4994193800
10500000|5.4994193800|5.5090002500|5.4994193800|5.4994193800|144500|829768.0000|5.4994193800
10550000|5.4994193800|5.5090002500|5.4994193800|5.4994193800|231200|1327456.0000|5.4994193800
11000000|5.5090002500|5.5090002500|5.4994193800|5.5090002500|125400|720288.0000|5.5090002500
11050000|5.5090002500|5.5090002500|5.4994193800|5.4994193800|49200|282512.0000|5.4994193800
11100000|5.4994193800|5.5185811200|5.4994193800|5.5185811200|453800|2607832.0000|5.5185811200
11150000|5.5185811200|5.5185811200|5.4994193800|5.5185811200|375700|2162440.0000|5.5185811200
11200000|5.5185811200|5.5377428600|5.5185811200|5.5281619900|450200|2597568.0000|5.5281619900
11250000|5.5281619900|5.5377428600|5.5185811200|5.5377428600|474200|2737500.0000|5.5377428600
11300000|5.5377428600|5.5377428600|5.5185811200|5.5281619900|103600|597708.0000|5.5281619900
13050000|5.5185811200|5.5377428600|5.5185811200|5.5185811200|329700|1901976.0000|5.5185811200
13100000|5.5185811200|5.5281619900|5.5185811200|5.5281619900|131200|756592.0000|5.5281619900
13150000|5.5185811200|5.5377428600|5.5185811200|5.5377428600|197600|1139816.0000|5.5377428600
13200000|5.5377428600|5.5377428600|5.5281619900|5.5281619900|138200|797648.0000|5.5281619900
13250000|5.5281619900|5.5377428600|5.5185811200|5.5377428600|397800|2295160.0000|5.5377428600
13300000|5.5281619900|5.5377428600|5.5281619900|5.5281619900|319000|1842856.0000|5.5281619900
13350000|5.5281619900|5.5377428600|5.5281619900|5.5377428600|146200|843856.0000|5.5377428600
13400000|5.5377428600|5.5377428600|5.5281619900|5.5281619900|105200|607336.0000|5.5281619900
13450000|5.5281619900|5.5377428600|5.5185811200|5.5185811200|343900|1984448.0000|5.5185811200
13500000|5.5281619900|5.5281619900|5.5185811200|5.5281619900|21900|125976.0000|5.5281619900
13550000|5.5281619900|5.5281619900|5.5185811200|5.5281619900|108600|625560.0000|5.5281619900
14000000|5.5185811200|5.5281619900|5.5185811200|5.5281619900|64300|370568.0000|5.5281619900
14050000|5.5281619900|5.5377428600|5.5185811200|5.5377428600|156500|903008.0000|5.5377428600
14100000|5.5281619900|5.5377428600|5.5281619900|5.5377428600|125800|725968.0000|5.5377428600
14150000|5.5377428600|5.5377428600|5.5281619900|5.5281619900|114200|659288.0000|5.5281619900
14200000|5.5377428600|5.5377428600|5.5281619900|5.5281619900|84600|488360.0000|5.5281619900
14250000|5.5281619900|5.5377428600|5.5281619900|5.5377428600|92000|531080.0000|5.5377428600
14300000|5.5377428600|5.5377428600|5.5281619900|5.5377428600|144000|831552.0000|5.5377428600
14350000|5.5377428600|5.5377428600|5.5281619900|5.5281619900|134800|778272.0000|5.5281619900
14400000|5.5281619900|5.5377428600|5.5281619900|5.5281619900|133200|768928.0000|5.5281619900
14450000|5.5281619900|5.5377428600|5.5281619900|5.5377428600|259600|1498944.0000|5.5377428600
14500000|5.5377428600|5.5377428600|5.5185811200|5.5281619900|538400|3107728.0000|5.5281619900
14550000|5.5281619900|5.5377428600|5.5281619900|5.5377428600|437400|2525120.0000|5.5377428600
15000000|5.5377428600|5.5377428600|5.5281619900|5.5377428600|203700|1176896.0000|5.5377428600
