09350000|5.0768484000|5.1159010800|5.0573220600|5.1159010800|3480800|18111840.0000|5.1159010800
09400000|5.1159010800|5.1256642500|5.0963747400|5.1061379100|1834600|9599822.0000|5.1061379100
09450000|5.1061379100|5.1159010800|5.0768484000|5.0768484000|1177700|6141958.0000|5.0768484000
09500000|5.0768484000|5.1159010800|5.0768484000|5.1159010800|1228300|6417112.0000|5.1159010800
09550000|5.1159010800|5.1354274200|5.1159010800|5.1256642500|999900|5249016.0000|5.1256642500
10000000|5.1256642500|5.1451905900|5.1256642500|5.1354274200|1346700|7079256.0000|5.1354274200
10050000|5.1354274200|5.1354274200|5.1159010800|5.1256642500|833600|4372144.0000|5.1256642500
10100000|5.1256642500|5.1354274200|5.1159010800|5.1354274200|706900|3712764.0000|5.1354274200
10150000|5.1354274200|5.1451905900|5.1256642500|5.1354274200|1174300|6176396.0000|5.1354274200
10200000|5.1354274200|5.1451905900|5.1256642500|5.1256642500|634600|3337344.0000|5.1256642500
10250000|5.1256642500|5.1451905900|5.1256642500|5.1451905900|666100|3505832.0000|5.1451905900
10300000|5.1451905900|5.1549537600|5.1354274200|5.1451905900|1072500|5651464.0000|5.1451905900
10350000|5.1451905900|5.1549537600|5.1256642500|5.1354274200|1193200|6281872.0000|5.1354274200
10400000|5.1354274200|5.1354274200|5.1159010800|5.1256642500|683400|3587064.0000|5.1256642500
10450000|5.1256642500|5.1354274200|5.1159010800|5.1256642500|607900|3189368.0000|5.1256642500
10500000|5.1256642500|5.1256642500|5.1061379100|5.1061379100|615800|3227664.0000|5.1061379100
10550000|5.1061379100|5.1256642500|5.1061379100|5.1159010800|311600|1632048.0000|5.1159010800
11000000|5.1159010800|5.1256642500|5.1061379100|5.1159010800|644900|3380496.0000|5.1159010800
11050000|5.1159010800|5.1159010800|5.1061379100|5.1159010800|84800|443864.0000|5.1159010800
11100000|5.1159010800|5.1159010800|5.1061379100|5.1061379100|136000|711592.0000|5.1061379100
11150000|5.1061379100|5.1159010800|5.0963747400|5.0963747400|486500|2544808.0000|5.0963747400
11200000|5.0963747400|5.1061379100|5.0866115700|5.0963747400|535200|2793640.0000|5.0963747400
11250000|5.0963747400|5.1159010800|5.0866115700|5.1061379100|480600|2512176.0000|5.1061379100
11300000|5.1061379100|5.1061379100|5.0963747400|5.0963747400|170200|889344.0000|5.0963747400
13050000|5.0963747400|5.1159010800|5.0963747400|5.1159010800|363200|1899920.0000|5.1159010800
13100000|5.1159010800|5.1354274200|5.1061379100|5.1256642500|706100|3705528.0000|5.1256642500
13150000|5.1256642500|5.1940064400|5.1256642500|5.1940064400|4766100|25209040.0000|5.1940064400
13200000|5.1940064400|5.1940064400|5.1647169300|5.1842432700|1990700|10568928.0000|5.1842432700
13250000|5.1842432700|5.2232959500|5.1647169300|5.2135327800|2546900|13555408.0000|5.2135327800
13300000|5.2135327800|5.2232959500|5.1940064400|5.2135327800|2092000|11163760.0000|5.2135327800
13350000|5.2135327800|5.2330591200|5.2037696100|5.2135327800|2528100|13514544.0000|5.2135327800
13400000|5.2135327800|5.2232959500|5.1842432700|5.2037696100|1290700|6879088.0000|5.2037696100
13450000|5.2037696100|5.2232959500|5.1940064400|5.2232959500|1130800|6033776.0000|5.2232959500
13500000|5.2232959500|5.2330591200|5.2135327800|5.2330591200|1165800|6236864.0000|5.2330591200
13550000|5.2330591200|5.2525854600|5.2135327800|5.2525854600|3173300|17014272.0000|5.2525854600
14000000|5.2525854600|5.2623486300|5.2330591200|5.2428222900|2048600|11017888.0000|5.2428222900
14050000|5.2428222900|5.2525854600|5.2232959500|5.2232959500|910400|4878352.0000|5.2232959500
14100000|5.2232959500|5.2330591200|5.2232959500|5.2330591200|569400|3050624.0000|5.2330591200
14150000|5.2330591200|5.2525854600|5.2232959500|5.2525854600|796000|4270560.0000|5.2525854600
14200000|5.2525854600|5.3014013100|5.2525854600|5.2916381400|4624800|24983600.0000|5.2916381400
14250000|5.2916381400|5.3404539900|5.2818749700|5.3404539900|4682900|25490720.0000|5.3404539900
14300000|5.3404539900|5.3404539900|5.3014013100|5.3014013100|2574100|14032224.0000|5.3014013100
14350000|5.3014013100|5.3111644800|5.2721118000|5.3111644800|2029600|10995136.0000|5.3111644800
14400000|5.3111644800|5.3111644800|5.2916381400|5.3111644800|1194000|6486624.0000|5.3111644800
14450000|5.3111644800|5.3209276500|5.3014013100|5.3209276500|1342400|7302912.0000|5.3209276500
14500000|5.3209276500|5.3209276500|5.3111644800|5.3209276500|1777200|9675744.0000|5.3209276500
14550000|5.3209276500|5.3209276500|5.3111644800|5.3111644800|2330500|12693536.0000|5.3111644800
15000000|5.3111644800|5.3306908200|5.3111644800|5.3209276500|2245200|12240704.0000|5.3209276500
