09350000|6.9400000000|7.0100000000|6.9200000000|7.0100000000|184100|1283160.0000|7.0100000000
09400000|7.0000000000|7.0300000000|6.9000000000|7.0300000000|112100|782789.0000|7.0300000000
09450000|7.0300000000|7.1000000000|7.0200000000|7.1000000000|175500|1240946.0000|7.1000000000
09500000|7.0900000000|7.1000000000|7.0400000000|7.0700000000|66500|469968.0000|7.0700000000
09550000|7.0700000000|7.0700000000|7.0300000000|7.0400000000|55700|392421.0000|7.0400000000
10000000|7.0400000000|7.0600000000|7.0200000000|7.0300000000|32200|226612.0000|7.0300000000
10050000|7.0300000000|7.0500000000|7.0200000000|7.0200000000|17600|123818.0000|7.0200000000
10100000|7.0200000000|7.0500000000|7.0200000000|7.0500000000|18300|128562.0000|7.0500000000
10150000|7.0500000000|7.0600000000|7.0200000000|7.0500000000|22400|157807.0000|7.0500000000
10200000|7.0600000000|7.0700000000|7.0500000000|7.0600000000|24200|171018.0000|7.0600000000
10250000|7.0600000000|7.0700000000|7.0600000000|7.0600000000|12500|88293.0000|7.0600000000
10300000|7.0600000000|7.0600000000|7.0200000000|7.0200000000|26300|185330.0000|7.0200000000
10350000|7.0200000000|7.0300000000|7.0100000000|7.0200000000|22800|160092.0000|7.0200000000
10400000|7.0200000000|7.0300000000|7.0100000000|7.0200000000|33100|232110.0000|7.0200000000
10450000|7.0300000000|7.0500000000|7.0200000000|7.0500000000|6500|45703.0000|7.0500000000
10500000|7.0500000000|7.0500000000|7.0300000000|7.0400000000|24900|175419.0000|7.0400000000
10550000|7.0500000000|7.0600000000|7.0300000000|7.0400000000|30600|215718.0000|7.0400000000
11000000|7.0400000000|7.0500000000|7.0300000000|7.0500000000|2800|19709.0000|7.0500000000
11050000|7.0400000000|7.0600000000|7.0400000000|7.0500000000|9300|65583.0000|7.0500000000
11100000|7.0500000000|7.0500000000|7.0300000000|7.0400000000|11300|79461.0000|7.0400000000
11150000|7.0400000000|7.0400000000|7.0300000000|7.0300000000|3400|23923.0000|7.0300000000
11200000|7.0300000000|7.0500000000|7.0300000000|7.0400000000|17900|126005.0000|7.0400000000
11250000|7.0400000000|7.0400000000|7.0300000000|7.0300000000|10900|76673.0000|7.0300000000
11300000|7.0300000000|7.0400000000|7.0300000000|7.0300000000|10900|76665.0000|7.0300000000
13050000|7.0300000000|7.0400000000|7.0200000000|7.0200000000|20200|141989.0000|7.0200000000
13100000|7.0200000000|7.0500000000|7.0200000000|7.0300000000|11900|83663.0000|7.0300000000
13150000|7.0300000000|7.0500000000|7.0300000000|7.0500000000|7400|52028.0000|7.0500000000
13200000|7.0500000000|7.0500000000|7.0300000000|7.0500000000|19600|137979.0000|7.0500000000
13250000|7.0500000000|7.0500000000|7.0300000000|7.0500000000|13900|97830.0000|7.0500000000
13300000|7.0500000000|7.0500000000|7.0300000000|7.0300000000|11100|78055.0000|7.0300000000
13350000|7.0400000000|7.0500000000|7.0200000000|7.0300000000|35400|248716.0000|7.0300000000
13400000|7.0300000000|7.0400000000|7.0200000000|7.0400000000|13000|91355.0000|7.0400000000
13450000|7.0400000000|7.0400000000|7.0300000000|7.0300000000|2400|16888.0000|7.0300000000
13500000|7.0200000000|7.0400000000|7.0200000000|7.0400000000|1500|10555.0000|7.0400000000
13550000|7.0400000000|7.0400000000|7.0200000000|7.0200000000|10700|75203.0000|7.0200000000
14000000|7.0300000000|7.0400000000|7.0200000000|7.0400000000|16700|117494.0000|7.0400000000
14050000|7.0400000000|7.0400000000|7.0300000000|7.0400000000|2500|17596.0000|7.0400000000
14100000|7.0400000000|7.0400000000|7.0400000000|7.0400000000|22000|154880.0000|7.0400000000
14150000|7.0400000000|7.0500000000|7.0300000000|7.0400000000|5100|35910.0000|7.0400000000
14200000|7.0400000000|7.0500000000|7.0000000000|7.0400000000|44700|313884.0000|7.0400000000
14250000|7.0300000000|7.0500000000|7.0300000000|7.0500000000|6900|48576.0000|7.0500000000
14300000|7.0500000000|7.0500000000|7.0400000000|7.0500000000|2900|20443.0000|7.0500000000
14350000|7.0500000000|7.0500000000|7.0200000000|7.0300000000|8100|56985.0000|7.0300000000
14400000|7.0300000000|7.0500000000|7.0200000000|7.0300000000|14600|102689.0000|7.0300000000
14450000|7.0300000000|7.0400000000|7.0100000000|7.0300000000|5500|38633.0000|7.0300000000
14500000|7.0300000000|7.0400000000|7.0200000000|7.0300000000|23200|163234.0000|7.0300000000
14550000|7.0300000000|7.0400000000|7.0000000000|7.0200000000|68100|477525.0000|7.0200000000
15000000|7.0200000000|7.0300000000|7.0200000000|7.0300000000|7900|55536.0000|7.0300000000
