09350000|13.5900000000|13.6400000000|13.5000000000|13.6200000000|23400|317436.0000|13.6200000000
09400000|13.5800000000|13.6200000000|13.5800000000|13.6100000000|7100|96677.0000|13.6100000000
09450000|13.6100000000|13.6200000000|13.5300000000|13.5300000000|40000|542956.0000|13.5300000000
09500000|13.5200000000|13.5400000000|13.4700000000|13.5400000000|44100|595831.0000|13.5400000000
09550000|13.5300000000|13.5300000000|13.4200000000|13.4200000000|61200|825164.0000|13.4200000000
10000000|13.4200000000|13.4300000000|13.2100000000|13.2100000000|158500|2115313.0000|13.2100000000
10050000|13.2100000000|13.2200000000|13.0600000000|13.1900000000|103600|1361469.0000|13.1900000000
10100000|13.1900000000|13.2600000000|13.1600000000|13.2600000000|95200|1257738.0000|13.2600000000
10150000|13.2500000000|13.2500000000|13.1400000000|13.1400000000|28300|373567.0000|13.1400000000
10200000|13.1400000000|13.1400000000|13.0200000000|13.0700000000|52400|685319.0000|13.0700000000
10250000|13.0700000000|13.1500000000|13.0700000000|13.1500000000|35000|458465.0000|13.1500000000
10300000|13.1500000000|13.1600000000|13.0700000000|13.1400000000|86800|1139362.0000|13.1400000000
10350000|13.0900000000|13.0900000000|13.0200000000|13.0800000000|78500|1024064.0000|13.0800000000
10400000|13.0800000000|13.0900000000|13.0100000000|13.0400000000|66300|864517.0000|13.0400000000
10450000|13.0700000000|13.0700000000|13.0100000000|13.0200000000|34200|445967.0000|13.0200000000
10500000|13.0200000000|13.0500000000|13.0200000000|13.0400000000|12600|164224.0000|13.0400000000
10550000|13.0500000000|13.0800000000|13.0400000000|13.0500000000|25000|326322.0000|13.0500000000
11000000|13.0500000000|13.0500000000|12.9500000000|12.9500000000|75900|986456.0000|12.9500000000
11050000|12.9800000000|13.1000000000|12.9800000000|13.1000000000|18900|246432.0000|13.1000000000
11100000|13.1000000000|13.1500000000|13.1000000000|13.1500000000|18200|238702.0000|13.1500000000
11150000|13.1500000000|13.1500000000|13.1200000000|13.1300000000|4800|62588.0000|13.1300000000
11200000|13.1300000000|13.1500000000|13.1200000000|13.1500000000|6700|88483.0000|13.1500000000
11250000|13.1300000000|13.2000000000|13.1000000000|13.1800000000|45900|602460.0000|13.1800000000
11300000|13.1800000000|13.1800000000|13.1600000000|13.1600000000|3300|43459.0000|13.1600000000
13050000|13.1700000000|13.3900000000|13.1700000000|13.2700000000|98100|1302763.0000|13.2700000000
13100000|13.2800000000|13.2900000000|13.2500000000|13.2500000000|5300|70314.0000|13.2500000000
13150000|13.2500000000|13.2600000000|13.2500000000|13.2500000000|6100|80838.0000|13.2500000000
13200000|13.2000000000|13.2300000000|13.1800000000|13.2200000000|41800|551631.0000|13.2200000000
13250000|13.2200000000|13.2200000000|13.1700000000|13.2000000000|2600|34350.0000|13.2000000000
13300000|13.1800000000|13.2200000000|13.1800000000|13.2100000000|14200|187506.0000|13.2100000000
13350000|13.1800000000|13.2000000000|13.1800000000|13.2000000000|11300|149052.0000|13.2000000000
13400000|13.2100000000|13.2200000000|13.1800000000|13.1800000000|12700|167696.0000|13.1800000000
13450000|13.1800000000|13.1800000000|13.1600000000|13.1600000000|8100|106672.0000|13.1600000000
13500000|13.1600000000|13.2000000000|13.1500000000|13.1700000000|32700|430708.0000|13.1700000000
13550000|13.1700000000|13.1700000000|13.1500000000|13.1700000000|7100|93476.0000|13.1700000000
14000000|13.1700000000|13.1800000000|13.1300000000|13.1300000000|5600|73678.0000|13.1300000000
14050000|13.1300000000|13.1300000000|13.0900000000|13.1100000000|44100|577616.0000|13.1100000000
14100000|13.1100000000|13.1100000000|13.0900000000|13.1100000000|24800|324992.0000|13.1100000000
14150000|13.1100000000|13.1100000000|13.0900000000|13.1000000000|12200|159852.0000|13.1000000000
14200000|13.1000000000|13.1100000000|13.0900000000|13.0900000000|25600|335356.0000|13.0900000000
14250000|13.0900000000|13.1000000000|13.0900000000|13.0900000000|6800|89026.0000|13.0900000000
14300000|13.1000000000|13.1000000000|13.0600000000|13.1000000000|8300|108638.0000|13.1000000000
14350000|13.1000000000|13.1000000000|13.0500000000|13.0600000000|9700|126714.0000|13.0600000000
14400000|13.0500000000|13.0500000000|13.0200000000|13.0200000000|15500|201980.0000|13.0200000000
14450000|13.0200000000|13.0600000000|13.0200000000|13.0400000000|46700|608596.0000|13.0400000000
14500000|13.0400000000|13.0800000000|13.0400000000|13.0700000000|24100|314520.0000|13.0700000000
14550000|13.2000000000|13.2000000000|13.0500000000|13.0700000000|28700|376556.0000|13.0700000000
15000000|13.0700000000|13.0800000000|13.0400000000|13.0800000000|24600|321468.0000|13.0800000000
