09350000|32.0200000000|32.2800000000|31.7400000000|31.9500000000|479600|15356534.0000|31.9500000000
09400000|31.9600000000|31.9600000000|31.7300000000|31.8000000000|184000|5855618.0000|31.8000000000
09450000|31.8000000000|31.9700000000|31.4000000000|31.5900000000|381000|12048834.0000|31.5900000000
09500000|31.5300000000|31.7400000000|31.5300000000|31.5500000000|168400|5324882.0000|31.5500000000
09550000|31.5500000000|31.5600000000|31.4800000000|31.5000000000|205000|6458724.0000|31.5000000000
10000000|31.5000000000|31.7000000000|31.5000000000|31.5200000000|91800|2896544.0000|31.5200000000
10050000|31.5200000000|31.6600000000|31.5200000000|31.6100000000|115400|3644964.0000|31.6100000000
10100000|31.5800000000|31.6300000000|31.5100000000|31.5100000000|71100|2246104.0000|31.5100000000
10150000|31.5000000000|31.6000000000|31.5000000000|31.5700000000|58600|1847504.0000|31.5700000000
10200000|31.5700000000|31.6000000000|31.4100000000|31.4200000000|149100|4695876.0000|31.4200000000
10250000|31.4200000000|31.4600000000|31.2800000000|31.3200000000|253000|7936696.0000|31.3200000000
10300000|31.3300000000|31.4400000000|31.3300000000|31.3800000000|112400|3528416.0000|31.3800000000
10350000|31.3900000000|31.3900000000|31.3000000000|31.3700000000|109500|3431880.0000|31.3700000000
10400000|31.3800000000|31.4300000000|31.2700000000|31.2700000000|163800|5135904.0000|31.2700000000
10450000|31.2700000000|31.2700000000|31.1100000000|31.2500000000|253300|7894928.0000|31.2500000000
10500000|31.2400000000|31.2400000000|31.1400000000|31.2100000000|81300|2535848.0000|31.2100000000
10550000|31.2300000000|31.3100000000|31.2200000000|31.3000000000|63800|1995312.0000|31.3000000000
11000000|31.2900000000|31.3500000000|31.1300000000|31.1800000000|92900|2898280.0000|31.1800000000
11050000|31.1900000000|31.1900000000|31.1000000000|31.1700000000|142300|4430496.0000|31.1700000000
11100000|31.2100000000|31.2100000000|31.0700000000|31.2000000000|117300|3650096.0000|31.2000000000
11150000|31.2000000000|31.3000000000|31.1800000000|31.2200000000|48100|1502752.0000|31.2200000000
11200000|31.2200000000|31.2500000000|31.1600000000|31.2100000000|50400|1572848.0000|31.2100000000
11250000|31.1500000000|31.1900000000|31.1000000000|31.1100000000|55900|1740944.0000|31.1100000000
11300000|31.1100000000|31.1500000000|31.0900000000|31.1000000000|57600|1792128.0000|31.1000000000
13050000|31.1100000000|31.2500000000|31.0800000000|31.0900000000|101100|3150072.0000|31.0900000000
13100000|31.0800000000|31.0900000000|30.8000000000|30.8000000000|404300|12515128.0000|30.8000000000
13150000|30.7900000000|30.8900000000|30.6000000000|30.7100000000|489500|15033296.0000|30.7100000000
13200000|30.7000000000|30.9100000000|30.6500000000|30.8800000000|188600|5792160.0000|30.8800000000
13250000|30.8200000000|30.9900000000|30.8200000000|30.9600000000|141300|4369872.0000|30.9600000000
13300000|30.9600000000|31.0500000000|30.9200000000|30.9400000000|99400|3077776.0000|30.9400000000
13350000|30.9400000000|31.0600000000|30.9400000000|30.9800000000|107100|3319392.0000|30.9800000000
13400000|30.9700000000|31.0500000000|30.9300000000|30.9800000000|101900|3158000.0000|30.9800000000
13450000|30.9800000000|31.0400000000|30.9700000000|30.9900000000|65700|2036272.0000|30.9900000000
13500000|30.9800000000|30.9800000000|30.8800000000|30.9100000000|56500|1747168.0000|30.9100000000
13550000|30.9100000000|30.9300000000|30.8800000000|30.8900000000|36600|1130880.0000|30.8900000000
14000000|30.9100000000|30.9200000000|30.6800000000|30.7000000000|140500|4326256.0000|30.7000000000
14050000|30.6900000000|30.9200000000|30.6900000000|30.9200000000|89600|2762080.0000|30.9200000000
14100000|30.9000000000|30.9700000000|30.8900000000|30.9100000000|50900|1573872.0000|30.9100000000
14150000|30.9100000000|30.9300000000|30.8700000000|30.9100000000|96400|2978608.0000|30.9100000000
14200000|30.9000000000|30.9100000000|30.8400000000|30.8700000000|105700|3263280.0000|30.8700000000
14250000|30.8800000000|30.9000000000|30.8100000000|30.8500000000|85900|2651088.0000|30.8500000000
14300000|30.8300000000|30.9000000000|30.8200000000|30.9000000000|65300|2014240.0000|30.9000000000
14350000|30.9000000000|31.0500000000|30.8800000000|31.0300000000|106500|3297008.0000|31.0300000000
14400000|31.0300000000|31.0600000000|31.0100000000|31.0300000000|72700|2256288.0000|31.0300000000
14450000|31.0400000000|31.0500000000|31.0000000000|31.0100000000|104700|3247840.0000|31.0100000000
14500000|31.0300000000|31.1100000000|30.9800000000|31.1100000000|236600|7343072.0000|31.1100000000
14550000|31.0600000000|31.2800000000|31.0600000000|31.1200000000|360700|11242512.0000|31.1200000000
15000000|31.1400000000|31.1400000000|31.0900000000|31.1000000000|178200|5543968.0000|31.1000000000
