093500|212.4300|213.2100|209.2100|210.6500|62100|13094035.0000|210.6500
094000|210.6500|211.8900|210.6500|211.2500|36900|7802287.0000|211.2500
094500|211.2500|211.2500|209.7000|209.8700|55400|11643974.0000|209.8700
095000|209.8700|211.1600|209.5800|211.1600|35400|7436377.0000|211.1600
095500|211.1600|211.8000|210.0800|211.7800|20000|4215181.0000|211.7800
100000|211.7800|212.2100|211.0500|211.0800|15200|3215519.0000|211.0800
100500|211.0900|212.4800|211.0000|212.4700|17784|3759864.0000|212.4700
101000|212.4500|214.5900|212.4500|214.4700|33138|7078913.0000|214.4700
101500|214.4700|214.9800|214.0400|214.2000|33140|7111750.0000|214.2000
102000|214.2200|214.2600|212.9700|213.0300|57062|12185782.0000|213.0300
102500|213.0200|213.0200|211.1500|211.7300|40674|8618790.0000|211.7300
103000|211.7000|211.7000|209.5000|209.6200|55426|11653389.0000|209.6200
103500|209.6200|210.0300|209.5000|209.5000|67100|14077092.0000|209.5000
104000|209.5000|209.5200|209.2500|209.2500|60100|12585450.0000|209.2500
104500|209.2600|210.0300|209.2300|209.6500|43300|9079699.0000|209.6500
105000|209.6100|209.6100|209.0000|209.0000|28800|6030965.0000|209.0000
105500|209.0000|209.1200|208.0000|208.0800|50800|10590111.0000|208.0800
110000|208.0800|208.4000|208.0000|208.4000|34600|7204422.0000|208.4000
110500|208.4000|208.8800|208.2600|208.8800|40900|8528202.0000|208.8800
111000|208.9000|209.0700|208.9000|209.0700|11800|2466485.0000|209.0700
111500|209.0700|209.0700|208.5400|208.5800|19200|4010297.0000|208.5800
112000|208.5700|208.5800|206.3000|206.4100|133600|27746891.0000|206.4100
112500|206.4200|207.2000|206.3400|206.9000|51800|10702052.0000|206.9000
113000|206.9000|207.0500|206.2000|206.2900|50546|10441795.0000|206.2900
130500|206.2900|206.7000|205.0000|205.0000|81000|16697168.0000|205.0000
131000|205.0300|205.1600|204.0000|204.2300|121400|24828000.0000|204.2300
131500|204.2300|204.5600|203.6000|203.6000|100200|20445014.0000|203.6000
132000|203.6000|203.8900|202.0000|203.0100|258540|52548144.0000|203.0100
132500|203.0100|206.5000|203.0100|206.0000|80800|16545344.0000|206.0000
133000|206.0000|208.0100|206.0000|207.9200|29200|6061504.0000|207.9200
133500|207.5600|209.9900|207.5600|209.9900|34940|7301808.0000|209.9900
134000|211.7900|211.9800|210.5900|211.7800|59000|12487520.0000|211.7800
134500|211.7900|211.7900|210.2100|211.1200|27500|5809440.0000|211.1200
135000|211.1200|211.1200|210.0000|210.2500|15000|3160672.0000|210.2500
135500|210.2500|210.9800|210.1400|210.9100|10500|2210000.0000|210.9100
140000|210.9100|210.9100|209.9500|209.9500|15900|3345744.0000|209.9500
140500|210.0300|210.2400|209.9500|210.2400|9600|2016864.0000|210.2400
141000|210.2400|210.2500|208.4300|208.4300|19200|4020320.0000|208.4300
141500|208.4300|208.4300|207.3100|207.4400|25800|5363824.0000|207.4400
142000|207.4900|207.4900|206.3400|207.0000|39500|8172384.0000|207.0000
142500|206.9800|208.6700|206.6400|207.6000|35100|7265152.0000|207.6000
143000|207.4800|210.1800|207.4800|209.8900|71500|14942352.0000|209.8900
143500|209.9200|209.9200|207.5100|207.8800|67800|14122656.0000|207.8800
144000|208.0400|210.2000|208.0000|208.7300|47900|9994256.0000|208.7300
144500|208.7300|208.7600|207.3000|207.4700|33600|6996160.0000|207.4700
145000|207.4700|208.6100|206.8000|207.5400|47600|9878720.0000|207.5400
145500|207.5400|209.0700|207.5400|208.3500|18461|3849984.0000|208.3500
150000|208.8200|209.9700|208.8200|208.8800|25400|5308832.0000|208.8800
