093500|151.5900|152.4400|150.5500|151.3500|81900|12373751.0000|151.3500
094000|151.3800|152.3800|150.6900|150.7600|43000|6522055.0000|150.7600
094500|150.7600|150.9700|150.1200|150.4600|54200|8160838.0000|150.4600
095000|150.4600|150.9600|150.3500|150.8500|28300|4261677.0000|150.8500
095500|150.8500|150.8500|150.3000|150.8000|29200|4394735.0000|150.8000
100000|150.7900|150.7900|150.2200|150.2600|21500|3232869.0000|150.2600
100500|150.3200|150.5500|150.2600|150.5400|18100|2722049.0000|150.5400
101000|150.4200|151.5000|150.3000|150.7900|36200|5462552.0000|150.7900
101500|150.7900|150.8900|150.3000|150.4000|18800|2829302.0000|150.4000
102000|150.3500|150.6900|150.3500|150.3700|10300|1549926.0000|150.3700
102500|150.3700|150.8900|150.3500|150.4000|27400|4123388.0000|150.4000
103000|150.4000|150.8100|150.4000|150.4900|14700|2213640.0000|150.4900
103500|150.4900|150.9000|150.4900|150.5700|13500|2034199.0000|150.5700
104000|150.5300|150.8000|150.4300|150.5100|17600|2651017.0000|150.5100
104500|150.5100|150.5100|150.2500|150.2600|29500|4436353.0000|150.2600
105000|150.2400|150.6800|150.2400|150.2500|15700|2360234.0000|150.2500
105500|150.2500|150.2500|150.1200|150.2200|15600|2342725.0000|150.2200
110000|150.1800|150.2200|149.8000|149.8300|24800|3720946.0000|149.8300
110500|149.8300|150.3600|149.8000|150.0500|26900|4036503.0000|150.0500
111000|149.9900|150.3200|149.9300|149.9400|16400|2460991.0000|149.9400
111500|149.9400|150.0500|149.8300|149.8400|11500|1724133.0000|149.8400
112000|149.8400|149.9800|149.5200|149.8400|27000|4042807.0000|149.8400
112500|149.9800|149.9800|149.6000|149.9600|13300|1993660.0000|149.9600
113000|149.9300|149.9600|149.7900|149.8600|8100|1214295.0000|149.8600
130500|149.8600|150.3200|149.8600|149.9000|15800|2370489.0000|149.9000
131000|149.8900|150.2600|149.8700|150.2600|9000|1349980.0000|150.2600
131500|150.2600|150.5100|150.0400|150.5100|12300|1847510.0000|150.5100
132000|150.5100|150.6000|150.0200|150.2700|12000|1802687.0000|150.2700
132500|150.0800|150.2600|150.0200|150.0200|5900|885560.0000|150.0200
133000|150.0300|150.1000|149.9800|149.9800|11700|1755489.0000|149.9800
133500|149.9600|150.3800|149.9000|149.9000|10100|1515679.0000|149.9000
134000|150.0500|150.3200|149.9200|150.3200|11300|1695499.0000|150.3200
134500|150.3000|150.6500|150.1600|150.3900|20500|3083246.0000|150.3900
135000|150.2400|150.3200|149.9600|150.2400|20900|3136866.0000|150.2400
135500|150.2400|150.3100|150.0700|150.2100|5100|766330.0000|150.2100
140000|150.2100|150.4500|150.0200|150.0300|14200|2132243.0000|150.0300
140500|150.0400|150.2200|150.0100|150.0100|10600|1590540.0000|150.0100
141000|150.0100|150.0200|149.8900|149.9000|11800|1769872.0000|149.9000
141500|149.8900|150.0500|149.8700|149.9300|24000|3598287.0000|149.9300
142000|149.9100|150.0900|149.8600|149.9100|12300|1843799.0000|149.9100
142500|150.0000|150.0000|149.6000|149.9300|36800|5508940.0000|149.9300
143000|149.9100|149.9100|149.6600|149.7000|10400|1557154.0000|149.7000
143500|149.7000|149.7000|149.6300|149.6300|11400|1706289.0000|149.6300
144000|149.6300|149.9100|149.6100|149.8900|16200|2425945.0000|149.8900
144500|149.8900|149.9400|149.7700|149.8000|16800|2517403.0000|149.8000
145000|149.8100|150.0100|149.7700|150.0000|23300|3493220.0000|150.0000
145500|150.0000|150.3600|149.8300|150.3000|16000|2402799.0000|150.3000
150000|150.3000|150.3000|150.0400|150.1800|13900|2087294.0000|150.1800
