093500|91.0100|91.5500|90.5000|91.0700|213100|19390144.0000|91.0700
094000|91.0700|91.5500|90.8500|91.2500|139300|12705386.0000|91.2500
094500|91.1400|92.2000|90.9500|91.8900|136900|12534094.0000|91.8900
095000|91.7400|91.9000|91.4600|91.7800|65800|6032904.0000|91.7800
095500|91.7600|92.1800|91.6900|91.8900|90100|8283800.0000|91.8900
100000|91.7500|92.1000|91.7000|92.0600|70100|6438096.0000|92.0600
100500|92.0600|92.2900|91.9000|91.9600|73300|6749488.0000|91.9600
101000|92.0000|92.8900|92.0000|92.2100|141700|13109696.0000|92.2100
101500|92.4200|92.9000|92.3700|92.7500|105300|9747568.0000|92.7500
102000|92.7500|93.2000|92.3700|92.6000|132600|12301216.0000|92.6000
102500|92.6000|92.7100|92.1300|92.4100|60900|5630144.0000|92.4100
103000|92.4400|92.5000|91.9100|91.9100|54300|5008600.0000|91.9100
103500|92.0000|92.4900|92.0000|92.4900|34400|3169936.0000|92.4900
104000|92.4900|92.6500|92.3000|92.5800|41200|3811352.0000|92.5800
104500|92.5800|92.6600|92.1000|92.3500|35000|3236984.0000|92.3500
105000|92.3600|92.3600|92.0500|92.0600|55300|5097632.0000|92.0600
105500|92.1300|92.2000|91.9300|91.9300|45000|4142248.0000|91.9300
110000|91.9100|92.0900|91.7800|92.0700|83700|7696384.0000|92.0700
110500|92.0700|92.1300|92.0000|92.1100|37000|3405824.0000|92.1100
111000|92.1000|92.1100|92.0000|92.0900|38900|3580464.0000|92.0900
111500|92.1100|92.3300|92.0900|92.2500|44500|4103040.0000|92.2500
112000|92.2500|92.4400|92.1700|92.4400|35500|3276768.0000|92.4400
112500|92.4400|92.5900|92.4000|92.4100|31300|2894640.0000|92.4100
113000|92.4100|92.5000|92.2600|92.4900|24300|2245520.0000|92.4900
130500|92.4800|92.5300|92.2400|92.4100|45000|4162944.0000|92.4100
131000|92.3900|92.3900|92.0300|92.0700|35100|3234368.0000|92.0700
131500|92.0700|92.3000|92.0700|92.2900|37800|3484992.0000|92.2900
132000|92.2500|92.4200|92.1800|92.2300|42600|3932976.0000|92.2300
132500|92.2300|92.2300|92.1100|92.2300|35500|3271984.0000|92.2300
133000|92.2600|92.3800|92.2000|92.3700|38300|3534112.0000|92.3700
133500|92.3700|92.4100|92.2200|92.2500|71500|6599184.0000|92.2500
134000|92.4000|92.4200|92.1400|92.1400|43900|4053584.0000|92.1400
134500|92.1400|92.1600|91.8800|91.9500|117800|10835056.0000|91.9500
135000|91.9500|91.9600|91.4800|91.5500|99300|9107360.0000|91.5500
135500|91.5500|91.5700|91.4100|91.4300|94600|8654992.0000|91.4300
140000|91.4400|91.6000|91.0200|91.0500|114200|10430416.0000|91.0500
140500|91.0700|91.2300|90.6500|90.8000|112100|10178320.0000|90.8000
141000|90.8000|90.8200|90.3600|90.4600|128500|11637680.0000|90.4600
141500|90.4700|90.5800|90.1000|90.1300|152400|13762864.0000|90.1300
142000|90.1200|90.1600|89.6800|89.7800|236900|21299520.0000|89.7800
142500|89.7500|90.0000|89.7300|89.7900|103100|9262496.0000|89.7900
143000|89.8800|90.2800|89.7900|90.2700|108900|9791072.0000|90.2700
143500|90.2800|90.2800|90.0700|90.0700|55200|4976192.0000|90.0700
144000|90.0700|90.0800|89.7900|89.7900|123500|11101696.0000|89.7900
144500|89.8000|90.1900|89.7900|90.0100|172100|15473760.0000|90.0100
145000|89.9700|90.1000|89.9100|90.0300|84700|7624544.0000|90.0300
145500|90.0300|90.1500|89.9600|90.0400|86000|7742656.0000|90.0400
150000|90.0300|90.1400|90.0100|90.1400|78500|7072000.0000|90.1400
