093500|122.07|128.48|122.07|127.33|7402.0|93427236.0|122.51
094000|127.44|128.98|126.75|127.36|5240.0|67026441.0|127.33
094500|127.42|127.6|126.21|126.3|1825.0|23147547.0|127.36
095000|126.31|127.98|126.02|127.63|2636.0|33513213.0|126.3
095500|127.7|128.31|127.0|128.13|2293.0|29337048.0|127.63
100000|128.13|128.64|127.59|128.57|2167.0|27793234.0|128.13
100500|128.64|129.34|128.3|128.59|3166.0|40827016.0|128.57
101000|128.58|129.28|128.56|128.76|1203.0|15515137.0|128.59
101500|128.78|129.22|128.55|128.55|654.0|8432927.0|128.76
102000|128.55|129.1|128.4|128.84|669.0|8619140.0|128.55
102500|128.8|129.08|128.29|128.31|396.0|5091655.0|128.84
103000|128.31|128.5|128.11|128.17|627.0|8043991.0|128.31
103500|128.18|128.48|127.99|127.99|692.0|8868479.0|128.17
104000|127.99|128.39|127.81|128.29|549.0|7026417.0|127.99
104500|128.3|128.38|127.86|128.0|404.0|5176783.0|128.29
105000|128.0|128.3|127.85|128.18|284.0|3638470.0|128.0
105500|128.16|128.17|127.86|127.98|248.0|3173660.0|128.18
110000|127.98|128.26|127.92|128.26|232.0|2971734.0|127.98
110500|128.28|129.12|128.26|129.12|896.0|11540665.0|128.26
111000|129.22|129.71|128.83|128.94|1667.0|21562623.0|129.12
111500|128.94|129.35|128.86|129.3|351.0|4532606.0|128.94
112000|129.3|129.39|129.1|129.17|506.0|6539408.0|129.3
112500|129.14|129.3|128.93|129.3|519.0|6704229.0|129.17
113000|129.39|129.62|129.07|129.07|846.0|10952875.0|129.3
130500|129.3|129.3|128.7|128.86|534.0|6884014.0|129.07
131000|128.85|128.88|128.32|128.48|497.0|6386766.0|128.86
131500|128.45|128.86|128.36|128.84|654.0|8403100.0|128.48
132000|128.63|128.99|128.44|128.51|511.0|6574033.0|128.84
132500|128.54|128.82|128.41|128.49|593.0|7625064.0|128.51
133000|128.49|128.5|128.15|128.31|606.0|7777188.0|128.49
133500|128.34|129.21|127.85|129.2|1109.0|14250517.0|128.31
134000|129.2|129.42|128.84|128.99|733.0|9472031.0|129.2
134500|128.99|129.18|128.81|128.99|521.0|6723172.0|128.99
135000|128.99|129.0|128.7|128.83|416.0|5360341.0|128.99
135500|128.83|128.94|128.59|128.94|495.0|6377858.0|128.83
140000|128.94|129.28|128.87|128.87|950.0|12260171.0|128.94
140500|128.85|128.95|128.61|128.82|305.0|3930373.0|128.87
141000|128.82|128.99|128.82|128.97|465.0|5995929.0|128.82
141500|128.97|128.99|128.93|128.97|353.0|4552830.0|128.97
142000|128.98|128.99|128.78|128.81|552.0|7113716.0|128.97
142500|128.82|128.94|128.41|128.41|376.0|4840935.0|128.81
143000|128.34|128.55|128.28|128.53|337.0|4329577.0|128.41
143500|128.53|128.79|128.53|128.58|515.0|6627471.0|128.53
144000|128.58|128.64|128.42|128.52|341.0|4382807.0|128.58
144500|128.53|128.54|128.19|128.3|738.0|9475306.0|128.52
145000|128.3|129.0|128.29|128.9|1357.0|17460859.0|128.3
145500|128.9|128.99|128.78|128.96|1152.0|14846494.0|128.9
150000|128.98|129.0|128.96|128.98|1233.0|15903858.0|128.96
