093500|54.8000|55.5800|54.6500|55.1100|2119140|116738747.0000|55.1100
094000|55.1000|55.3500|54.9100|55.3400|791795|43671809.0000|55.3400
094500|55.3500|55.6600|55.3200|55.3600|1221200|67741653.0000|55.3600
095000|55.3600|55.4000|55.1200|55.2800|673400|37211768.0000|55.2800
095500|55.2500|55.2700|54.9300|55.2300|650405|35817575.0000|55.2300
100000|55.2400|55.4500|55.1500|55.3000|450799|24925248.0000|55.3000
100500|55.3500|55.4700|55.2800|55.3600|454308|25165680.0000|55.3600
101000|55.3600|55.6200|55.2400|55.6100|1022980|56750544.0000|55.6100
101500|55.6200|55.6200|55.3700|55.4500|459942|25516768.0000|55.4500
102000|55.4400|55.5000|55.3200|55.4400|456795|25308608.0000|55.4400
102500|55.4400|55.4500|55.2500|55.3500|324200|17942944.0000|55.3500
103000|55.3300|55.3600|55.2100|55.3600|363395|20086480.0000|55.3600
103500|55.3600|55.4600|55.3100|55.3800|278497|15430032.0000|55.3800
104000|55.3800|55.4000|55.2400|55.3000|322840|17857296.0000|55.3000
104500|55.3000|55.3500|55.2300|55.2700|503600|27845920.0000|55.2700
105000|55.2600|55.2800|55.0700|55.1200|352318|19423360.0000|55.1200
105500|55.1200|55.1200|54.8600|54.9300|583300|32068448.0000|54.9300
110000|54.9300|54.9500|54.8900|54.9200|238000|13070400.0000|54.9200
110500|54.9500|55.0800|54.9200|54.9900|414340|22779328.0000|54.9900
111000|54.9900|55.0000|54.8500|54.9700|321900|17678064.0000|54.9700
111500|54.9800|55.1100|54.9200|55.1000|174938|9620784.0000|55.1000
112000|55.1000|55.1000|54.9500|55.0500|196414|10809600.0000|55.0500
112500|55.0500|55.1600|55.0500|55.1500|175100|9651760.0000|55.1500
113000|55.1600|55.2000|55.0600|55.1200|217710|12001360.0000|55.1200
130500|55.1400|55.1400|54.8100|54.8300|350000|19221792.0000|54.8300
131000|54.8400|54.8400|54.8000|54.8100|311600|17079952.0000|54.8100
131500|54.8100|54.8400|54.6600|54.6700|318900|17446704.0000|54.6700
132000|54.6800|54.8000|54.6100|54.7300|214478|11733760.0000|54.7300
132500|54.7300|54.7800|54.7100|54.7700|230200|12605712.0000|54.7700
133000|54.7800|54.8400|54.7700|54.8000|226040|12386496.0000|54.8000
133500|54.8000|54.8100|54.6800|54.7400|272460|14910304.0000|54.7400
134000|54.7400|54.7400|54.6800|54.6900|165332|9044432.0000|54.6900
134500|54.7000|54.8000|54.6800|54.7900|292900|16031552.0000|54.7900
135000|54.8000|54.8100|54.7400|54.8000|379400|20784736.0000|54.8000
135500|54.8000|54.8200|54.7700|54.7700|161800|8865808.0000|54.7700
140000|54.7400|54.9800|54.7300|54.9800|202031|11074624.0000|54.9800
140500|54.9800|55.0000|54.8400|54.9900|327041|17966784.0000|54.9900
141000|54.9900|55.0700|54.9600|55.0300|215700|11867248.0000|55.0300
141500|55.0300|55.0400|54.9200|54.9800|160400|8819120.0000|54.9800
142000|54.9900|55.0100|54.9000|54.9100|157000|8628592.0000|54.9100
142500|54.9000|54.9100|54.8200|54.8400|159200|8734640.0000|54.8400
143000|54.8500|54.9300|54.8200|54.9000|172460|9461488.0000|54.9000
143500|54.9000|54.9000|54.7700|54.8600|308215|16898992.0000|54.8600
144000|54.8500|54.8800|54.7800|54.7800|307200|16847520.0000|54.7800
144500|54.7700|54.7700|54.6800|54.7500|457000|25015728.0000|54.7500
145000|54.7400|54.7700|54.6500|54.6500|387021|21172880.0000|54.6500
145500|54.6600|54.7400|54.6500|54.7000|577082|31567152.0000|54.7000
150000|54.6900|54.7600|54.6000|54.6900|661960|36207776.0000|54.6900
