093500|44.0600|44.2200|43.9000|44.0300|2761500|121593040.0000|44.0300
094000|44.0300|44.0300|43.8000|43.8200|2310200|101386864.0000|43.8200
094500|43.8200|43.9100|43.7200|43.9000|1686300|73825840.0000|43.9000
095000|43.9000|44.0500|43.9000|44.0400|816700|35922016.0000|44.0400
095500|44.0400|44.0500|43.7900|43.8300|906900|39815168.0000|43.8300
100000|43.8300|43.9300|43.7700|43.7700|834100|36568672.0000|43.7700
100500|43.7700|43.7700|43.5500|43.6300|2176300|95001888.0000|43.6300
101000|43.6300|43.7900|43.6300|43.7800|693400|30310912.0000|43.7800
101500|43.7800|43.9300|43.7700|43.8900|855600|37516160.0000|43.8900
102000|43.8900|43.9700|43.7900|43.8100|555800|24386178.0000|43.8100
102500|43.8100|43.9500|43.8000|43.8700|624600|27392190.0000|43.8700
103000|43.8700|43.8800|43.7500|43.8100|583700|25569217.0000|43.8100
103500|43.8100|43.8100|43.7000|43.7500|909900|39799611.0000|43.7500
104000|43.7500|43.8600|43.6800|43.6900|579600|25358401.0000|43.6900
104500|43.6900|43.8000|43.6700|43.8000|734800|32120455.0000|43.8000
105000|43.8000|43.8700|43.7800|43.8100|485800|21295482.0000|43.8100
105500|43.8100|43.8400|43.7700|43.8200|256100|11220230.0000|43.8200
110000|43.8200|43.9300|43.8200|43.9300|326000|14302519.0000|43.9300
110500|43.9300|43.9700|43.8600|43.8700|365500|16053253.0000|43.8700
111000|43.8700|43.9000|43.8100|43.9000|280600|12305407.0000|43.9000
111500|43.9000|43.9900|43.8800|43.9700|379000|16657721.0000|43.9700
112000|43.9700|44.1000|43.9700|44.0800|786600|34627532.0000|44.0800
112500|44.0800|44.0800|43.9800|44.0200|309100|13607420.0000|44.0200
113000|44.0200|44.1200|44.0200|44.0700|575700|25371783.0000|44.0700
130500|44.0600|44.1800|44.0000|44.0000|540700|23832186.0000|44.0000
131000|44.0000|44.1100|44.0000|44.0900|729200|32108730.0000|44.0900
131500|44.0900|44.1200|44.0300|44.0400|394900|17406845.0000|44.0400
132000|44.0400|44.0400|44.0000|44.0300|438800|19313419.0000|44.0300
132500|44.0300|44.0400|44.0100|44.0200|348100|15323514.0000|44.0200
133000|44.0200|44.0800|44.0000|44.0500|287800|12673915.0000|44.0500
133500|44.0500|44.1900|44.0300|44.1900|509600|22470286.0000|44.1900
134000|44.1900|44.2600|44.1200|44.1800|551400|24364725.0000|44.1800
134500|44.1800|44.2600|44.1600|44.2500|413000|18255109.0000|44.2500
135000|44.2500|44.3100|44.2500|44.3000|738600|32708989.0000|44.3000
135500|44.3000|44.3700|44.2600|44.2600|529900|23483648.0000|44.2600
140000|44.2600|44.2800|44.1600|44.1600|362200|16023672.0000|44.1600
140500|44.1600|44.2700|44.1500|44.2200|468600|20721536.0000|44.2200
141000|44.2200|44.2900|44.1300|44.2300|462600|20440320.0000|44.2300
141500|44.2300|44.2800|44.1300|44.1700|473200|20910722.0000|44.1700
142000|44.1700|44.2000|44.1300|44.1300|372200|16435085.0000|44.1300
142500|44.1300|44.2000|44.1100|44.1700|389200|17181817.0000|44.1700
143000|44.1700|44.1900|44.0900|44.0900|539700|23822983.0000|44.0900
143500|44.0900|44.1400|44.0200|44.1100|763700|33654385.0000|44.1100
144000|44.1100|44.2500|44.0900|44.2100|591800|26150276.0000|44.2100
144500|44.2100|44.2100|44.1400|44.1900|653900|28892161.0000|44.1900
145000|44.1900|44.2200|44.1300|44.1700|954000|42141703.0000|44.1700
145500|44.1700|44.1700|44.1300|44.1500|844400|37280640.0000|44.1500
150000|44.1500|44.1700|44.1400|44.1600|693300|30611700.0000|44.1600
