093500|8.9200|8.9800|8.7700|8.9000|13661907|121071590.0000|8.9000
094000|8.8800|9.1400|8.8800|9.1100|12140746|109694831.0000|9.1100
094500|9.0900|9.1900|9.0600|9.1500|13298434|121494443.0000|9.1500
095000|9.1600|9.1600|9.0400|9.0600|7147400|64994304.0000|9.0600
095500|9.0600|9.1300|9.0600|9.1000|4190223|38146112.0000|9.1000
100000|9.1000|9.1000|9.0600|9.0600|3411543|30975056.0000|9.0600
100500|9.0600|9.0700|8.9800|8.9800|6588060|59387840.0000|8.9800
101000|8.9800|9.0800|8.9800|9.0400|3322500|29958208.0000|9.0400
101500|9.0300|9.0700|9.0200|9.0200|2583500|23366048.0000|9.0200
102000|9.0300|9.0400|8.9800|9.0000|3430900|30913456.0000|9.0000
102500|9.0000|9.2300|8.9900|9.2300|10550401|96332144.0000|9.2300
103000|9.2300|9.2500|9.1600|9.1600|10347600|95183296.0000|9.1600
103500|9.1500|9.1900|9.1200|9.1800|3188300|29187360.0000|9.1800
104000|9.1700|9.1900|9.1500|9.1600|2639900|24217984.0000|9.1600
104500|9.1700|9.3500|9.1600|9.3500|13389462|123827296.0000|9.3500
105000|9.3500|9.5000|9.3400|9.4000|17899475|168357168.0000|9.4000
105500|9.4000|9.4400|9.3400|9.3600|7222253|67791168.0000|9.3600
110000|9.3500|9.4000|9.3100|9.4000|4245149|39709264.0000|9.4000
110500|9.3800|9.4000|9.3200|9.3200|2772342|25987088.0000|9.3200
111000|9.3200|9.3700|9.3200|9.3400|2027000|18959328.0000|9.3400
111500|9.3300|9.3400|9.3100|9.3300|1737700|16207120.0000|9.3300
112000|9.3300|9.3700|9.3300|9.3500|1889100|17670256.0000|9.3500
112500|9.3500|9.4000|9.3400|9.4000|3639840|34127840.0000|9.4000
113000|9.3900|9.4400|9.3700|9.4300|3111200|29272208.0000|9.4300
130500|9.4400|9.4500|9.3600|9.3600|3760700|35445680.0000|9.3600
131000|9.3500|9.4400|9.3500|9.4400|1879800|17644624.0000|9.4400
131500|9.4400|9.4500|9.4000|9.4100|2567600|24211824.0000|9.4100
132000|9.4100|9.4200|9.3400|9.3500|2644800|24802640.0000|9.3500
132500|9.3500|9.4000|9.3500|9.3800|1639000|15370016.0000|9.3800
133000|9.3800|9.3900|9.3500|9.3800|1607785|15074112.0000|9.3800
133500|9.3900|9.3900|9.3300|9.3300|1906315|17836736.0000|9.3300
134000|9.3400|9.3400|9.2400|9.3100|4492335|41711184.0000|9.3100
134500|9.3200|9.3300|9.2800|9.2900|2542400|23646368.0000|9.2900
135000|9.2800|9.2900|9.2500|9.2900|2013000|18659248.0000|9.2900
135500|9.2900|9.3200|9.2900|9.3000|1685985|15686272.0000|9.3000
140000|9.3000|9.3100|9.2800|9.2800|1495600|13903824.0000|9.2800
140500|9.2800|9.2900|9.2600|9.2600|1728300|16028448.0000|9.2600
141000|9.2600|9.2800|9.2500|9.2700|2895500|26810480.0000|9.2700
141500|9.2700|9.3000|9.2700|9.2700|1737100|16125456.0000|9.2700
142000|9.2800|9.2800|9.2200|9.2400|2658800|24575920.0000|9.2400
142500|9.2400|9.2700|9.2400|9.2600|1726464|15979200.0000|9.2600
143000|9.2500|9.2600|9.2300|9.2300|1727000|15956288.0000|9.2300
143500|9.2400|9.2500|9.2300|9.2300|1759000|16259072.0000|9.2300
144000|9.2400|9.2400|9.1600|9.1600|5106100|47025936.0000|9.1600
144500|9.1700|9.2500|9.1500|9.2400|6157538|56653008.0000|9.2400
145000|9.2400|9.3400|9.2400|9.3000|5765060|53553504.0000|9.3000
145500|9.3000|9.3400|9.2900|9.3200|5420236|50494368.0000|9.3200
150000|9.3200|9.3300|9.3200|9.3200|4422973|41237824.0000|9.3200
