093500|8.27|8.29|8.18|8.26|17816.0|14653369.0|8.28
094000|8.26|8.4|8.25|8.38|24455.0|20420944.0|8.26
094500|8.38|8.39|8.33|8.33|13416.0|11235659.0|8.38
095000|8.32|8.37|8.31|8.31|8462.0|7063940.0|8.33
095500|8.32|8.33|8.28|8.29|7659.0|6358292.0|8.31
100000|8.28|8.29|8.22|8.23|18862.0|15569684.0|8.29
100500|8.23|8.28|8.22|8.23|30211.0|24905993.0|8.23
101000|8.22|8.24|8.19|8.23|19018.0|15623583.0|8.23
101500|8.23|8.27|8.22|8.25|5113.0|4217668.0|8.23
102000|8.23|8.26|8.21|8.24|9843.0|8098142.0|8.25
102500|8.24|8.25|8.23|8.25|3405.0|2806297.0|8.24
103000|8.24|8.31|8.24|8.31|4422.0|3656629.0|8.25
103500|8.3|8.31|8.28|8.3|2686.0|2228278.0|8.31
104000|8.3|8.33|8.29|8.32|6717.0|5582333.0|8.3
104500|8.33|8.33|8.3|8.31|2198.0|1827243.0|8.32
105000|8.3|8.34|8.29|8.33|10538.0|8768395.0|8.31
105500|8.34|8.34|8.3|8.3|3609.0|3000998.0|8.33
110000|8.31|8.31|8.27|8.27|2531.0|2096627.0|8.3
110500|8.27|8.31|8.26|8.31|2677.0|2218129.0|8.27
111000|8.3|8.32|8.3|8.32|5597.0|4652545.0|8.31
111500|8.32|8.32|8.29|8.3|2401.0|1992695.0|8.32
112000|8.29|8.3|8.27|8.3|4515.0|3737936.0|8.3
112500|8.3|8.31|8.26|8.26|3184.0|2638619.0|8.3
113000|8.26|8.28|8.25|8.26|3803.0|3142577.0|8.26
130500|8.24|8.45|8.24|8.41|45605.0|38191153.0|8.26
131000|8.4|8.44|8.4|8.42|11037.0|9295912.0|8.41
131500|8.42|8.46|8.41|8.46|13319.0|11241591.0|8.42
132000|8.46|8.46|8.37|8.39|8900.0|7484396.0|8.46
132500|8.4|8.4|8.37|8.37|4745.0|3976068.0|8.39
133000|8.38|8.39|8.37|8.37|5178.0|4336148.0|8.37
133500|8.37|8.39|8.37|8.39|4380.0|3669295.0|8.37
134000|8.39|8.42|8.39|8.42|7774.0|6533373.0|8.39
134500|8.41|8.44|8.4|8.43|4467.0|3762856.0|8.42
135000|8.43|8.44|8.39|8.41|3457.0|2908593.0|8.43
135500|8.42|8.43|8.4|8.4|5910.0|4972125.0|8.41
140000|8.41|8.42|8.38|8.42|4539.0|3814034.0|8.4
140500|8.42|8.45|8.4|8.4|10118.0|8530893.0|8.42
141000|8.4|8.41|8.37|8.38|6114.0|5130223.0|8.4
141500|8.38|8.43|8.38|8.42|5052.0|4247011.0|8.38
142000|8.42|8.42|8.39|8.39|2752.0|2313502.0|8.42
142500|8.39|8.4|8.38|8.38|1806.0|1515301.0|8.39
143000|8.39|8.39|8.37|8.38|2336.0|1957577.0|8.38
143500|8.39|8.39|8.37|8.37|3511.0|2941351.0|8.38
144000|8.38|8.39|8.36|8.36|2224.0|1861785.0|8.37
144500|8.37|8.42|8.37|8.42|8061.0|6771082.0|8.36
145000|8.41|8.42|8.39|8.4|4040.0|3395349.0|8.42
145500|8.4|8.45|8.39|8.43|19144.0|16131552.0|8.4
150000|8.43|8.44|8.41|8.41|8446.0|7116059.0|8.43
