09350000|6.5985271200|6.6722536800|6.5985271200|6.6538220400|3117900|22470964.0000|6.6538220400
09400000|6.6538220400|6.6630378600|6.6077429400|6.6446062200|1535800|11054886.0000|6.6446062200
09450000|6.6446062200|6.6538220400|6.5800954800|6.5800954800|1204400|8630312.0000|6.5800954800
09500000|6.5800954800|6.6077429400|6.5708796600|6.5985271200|1445000|10318996.0000|6.5985271200
09550000|6.5985271200|6.6261745800|6.5893113000|6.5893113000|797500|5716500.0000|6.5893113000
10000000|6.5893113000|6.6077429400|6.5800954800|6.5985271200|543200|3887880.0000|6.5985271200
10050000|6.6077429400|6.6446062200|6.5985271200|6.6353904000|922500|6633912.0000|6.6353904000
10100000|6.6353904000|6.6353904000|6.6169587600|6.6169587600|204900|1472640.0000|6.6169587600
10150000|6.6169587600|6.6261745800|6.6077429400|6.6077429400|326100|2342656.0000|6.6077429400
10200000|6.6077429400|6.6169587600|6.5800954800|6.6077429400|408400|2922136.0000|6.6077429400
10250000|6.6077429400|6.6169587600|6.5985271200|6.6169587600|125400|899312.0000|6.6169587600
10300000|6.6077429400|6.6261745800|6.5985271200|6.6261745800|353300|2534944.0000|6.6261745800
10350000|6.6261745800|6.6261745800|6.5800954800|6.5893113000|390500|2798576.0000|6.5893113000
10400000|6.5893113000|6.5985271200|6.5800954800|6.5985271200|381500|2726384.0000|6.5985271200
10450000|6.5985271200|6.6446062200|6.5985271200|6.6446062200|730000|5250736.0000|6.6446062200
10500000|6.6353904000|6.6538220400|6.6353904000|6.6353904000|479200|3454328.0000|6.6353904000
10550000|6.6353904000|6.6446062200|6.6353904000|6.6446062200|107600|775000.0000|6.6446062200
11000000|6.6446062200|6.6446062200|6.6353904000|6.6353904000|173900|1253056.0000|6.6353904000
11050000|6.6353904000|6.6446062200|6.6261745800|6.6353904000|174900|1258808.0000|6.6353904000
11100000|6.6446062200|6.6538220400|6.6353904000|6.6538220400|316000|2278952.0000|6.6538220400
11150000|6.6446062200|6.6538220400|6.6446062200|6.6538220400|273000|1969656.0000|6.6538220400
11200000|6.6446062200|6.6722536800|6.6446062200|6.6722536800|751100|5429552.0000|6.6722536800
11250000|6.6722536800|6.6722536800|6.6538220400|6.6630378600|419500|3032480.0000|6.6630378600
11300000|6.6630378600|6.6722536800|6.6538220400|6.6722536800|252400|1825712.0000|6.6722536800
13050000|6.6630378600|6.6722536800|6.6353904000|6.6446062200|534400|3861760.0000|6.6446062200
13100000|6.6446062200|6.6446062200|6.6261745800|6.6353904000|238800|1719744.0000|6.6353904000
13150000|6.6353904000|6.6446062200|6.6261745800|6.6261745800|166300|1197128.0000|6.6261745800
13200000|6.6261745800|6.6353904000|6.6169587600|6.6261745800|540400|3881744.0000|6.6261745800
13250000|6.6261745800|6.6261745800|6.6169587600|6.6169587600|228700|1642160.0000|6.6169587600
13300000|6.6169587600|6.6261745800|6.6169587600|6.6169587600|167900|1206880.0000|6.6169587600
13350000|6.6169587600|6.6261745800|6.6077429400|6.6077429400|174300|1250720.0000|6.6077429400
13400000|6.6077429400|6.6169587600|6.6077429400|6.6077429400|99500|713792.0000|6.6077429400
13450000|6.6077429400|6.6169587600|6.5985271200|6.6077429400|309500|2218072.0000|6.6077429400
13500000|6.5985271200|6.6169587600|6.5985271200|6.5985271200|373800|2679792.0000|6.5985271200
13550000|6.5985271200|6.6077429400|6.5985271200|6.6077429400|133800|958648.0000|6.6077429400
14000000|6.6077429400|6.6077429400|6.5985271200|6.6077429400|50500|361840.0000|6.6077429400
14050000|6.6077429400|6.6169587600|6.5985271200|6.6077429400|137200|983832.0000|6.6077429400
14100000|6.6169587600|6.6353904000|6.6077429400|6.6169587600|222100|1596064.0000|6.6169587600
14150000|6.6169587600|6.6353904000|6.6169587600|6.6261745800|92000|661520.0000|6.6261745800
14200000|6.6353904000|6.6353904000|6.6261745800|6.6261745800|61100|439536.0000|6.6261745800
14250000|6.6261745800|6.6446062200|6.6261745800|6.6446062200|327400|2358064.0000|6.6446062200
14300000|6.6446062200|6.6446062200|6.6169587600|6.6261745800|493600|3548512.0000|6.6261745800
14350000|6.6261745800|6.6814695000|6.6261745800|6.6630378600|1575100|11385824.0000|6.6630378600
14400000|6.6538220400|6.6814695000|6.6446062200|6.6538220400|1083200|7841296.0000|6.6538220400
14450000|6.6538220400|6.6538220400|6.6261745800|6.6446062200|1748200|12594848.0000|6.6446062200
14500000|6.6446062200|6.6538220400|6.6353904000|6.6353904000|876700|6321216.0000|6.6353904000
14550000|6.6353904000|6.6538220400|6.6353904000|6.6446062200|597200|4306608.0000|6.6446062200
15000000|6.6446062200|6.6538220400|6.6353904000|6.6446062200|379600|2737296.0000|6.6446062200
