093500|22.0300|22.2200|22.0300|22.0600|138100|3051851.0000|22.0600
094000|22.0500|22.1400|22.0100|22.1000|73300|1615816.0000|22.1000
094500|22.1500|22.1700|22.1200|22.1700|39500|874659.0000|22.1700
095000|22.1600|22.2500|22.1300|22.2200|120500|2675299.0000|22.2200
095500|22.2200|22.2700|22.1800|22.1800|74700|1660445.0000|22.1800
100000|22.1800|22.2100|22.1500|22.2100|53600|1189086.0000|22.2100
100500|22.2100|22.2500|22.1700|22.1800|104214|2315345.0000|22.1800
101000|22.1800|22.2600|22.1700|22.2400|69400|1541799.0000|22.2400
101500|22.2400|22.2500|22.1500|22.1700|63700|1415512.0000|22.1700
102000|22.2200|22.2500|22.1500|22.1700|62900|1396498.0000|22.1700
102500|22.2300|22.2500|22.1700|22.2500|40400|897719.0000|22.2500
103000|22.2500|22.2500|22.1600|22.1700|70500|1564719.0000|22.1700
103500|22.1700|22.2300|22.1500|22.1500|42700|947178.0000|22.1500
104000|22.2300|22.3000|22.1900|22.2600|69498|1546377.0000|22.2600
104500|22.2600|22.3600|22.2300|22.3500|64900|1448011.0000|22.3500
105000|22.3100|22.3300|22.1900|22.1900|66600|1483972.0000|22.1900
105500|22.1900|22.2100|22.1000|22.1200|73600|1628442.0000|22.1200
110000|22.1200|22.1300|22.0000|22.0200|81500|1798555.0000|22.0200
110500|22.0200|22.1000|22.0200|22.1000|40000|883404.0000|22.1000
111000|22.1000|22.1000|22.0600|22.1000|36500|806355.0000|22.1000
111500|22.1000|22.2000|22.0700|22.2000|79200|1751836.0000|22.2000
112000|22.1800|22.2500|22.0700|22.0700|77400|1713322.0000|22.0700
112500|22.1000|22.1500|22.0500|22.1500|38000|839445.0000|22.1500
113000|22.1500|22.1800|22.0200|22.0200|50500|1114043.0000|22.0200
130500|22.0200|22.0200|21.8600|21.8800|120344|2640046.0000|21.8800
131000|21.8800|21.9100|21.8300|21.8800|66000|1443271.0000|21.8800
131500|21.8800|21.9400|21.8400|21.8500|113400|2482211.0000|21.8500
132000|21.8800|21.8800|21.7400|21.7400|73200|1596234.0000|21.7400
132500|21.7600|21.8500|21.7000|21.7300|119400|2598410.0000|21.7300
133000|21.7300|21.8000|21.7300|21.8000|58600|1275485.0000|21.8000
133500|21.8000|21.8400|21.7500|21.7500|57200|1246818.0000|21.7500
134000|21.8300|21.8500|21.7700|21.8500|54600|1191432.0000|21.8500
134500|21.8500|21.9000|21.8000|21.8300|66100|1444804.0000|21.8300
135000|21.8200|21.8900|21.7800|21.7900|57300|1251205.0000|21.7900
135500|21.8300|21.8400|21.7500|21.8000|71100|1549457.0000|21.8000
140000|21.8000|21.8000|21.5000|21.6600|380400|8247073.0000|21.6600
140500|21.6700|21.7400|21.6600|21.6900|164750|3574652.0000|21.6900
141000|21.6900|21.7400|21.6600|21.6600|61650|1337723.0000|21.6600
141500|21.6500|21.7700|21.6500|21.7000|93650|2031675.0000|21.7000
142000|21.7000|21.8000|21.6700|21.7800|72800|1581709.0000|21.7800
142500|21.7600|21.7700|21.7000|21.7000|73100|1588448.0000|21.7000
143000|21.7500|21.7500|21.6400|21.6900|66100|1432984.0000|21.6900
143500|21.6900|21.6900|21.5300|21.5300|111400|2405562.0000|21.5300
144000|21.5300|21.5600|21.5100|21.5100|81300|1750276.0000|21.5100
144500|21.5600|21.5700|21.4800|21.5300|104300|2243203.0000|21.5300
145000|21.5200|21.5200|21.3200|21.4100|254600|5445067.0000|21.4100
145500|21.3900|21.4000|21.3400|21.3600|102300|2185535.0000|21.3600
150000|21.3400|21.4300|21.3200|21.4300|54700|1169656.0000|21.4300
