093500|6.8300|6.8500|6.8300|6.8300|6563700|44870116.0000|6.8300
094000|6.8400|6.8400|6.8200|6.8300|4135200|28252132.0000|6.8300
094500|6.8300|6.8300|6.8000|6.8100|9556500|65133456.0000|6.8100
095000|6.8100|6.8100|6.7800|6.8000|9443800|64183776.0000|6.8000
095500|6.8000|6.8000|6.7700|6.7700|9411000|63844352.0000|6.7700
100000|6.7800|6.7900|6.7700|6.7900|1995400|13531088.0000|6.7900
100500|6.7900|6.7900|6.7700|6.7800|3996500|27098368.0000|6.7800
101000|6.7800|6.7800|6.7700|6.7700|2139300|14489344.0000|6.7700
101500|6.7700|6.7800|6.7700|6.7800|2362300|16001152.0000|6.7800
102000|6.7800|6.7900|6.7700|6.7800|2428900|16457600.0000|6.7800
102500|6.7800|6.7800|6.7700|6.7700|6219200|42120384.0000|6.7700
103000|6.7700|6.7700|6.7500|6.7600|5981700|40438752.0000|6.7600
103500|6.7600|6.7700|6.7300|6.7500|13588600|91699360.0000|6.7500
104000|6.7500|6.7600|6.7400|6.7500|2358400|15919387.0000|6.7500
104500|6.7500|6.7500|6.7400|6.7500|3852100|25974988.0000|6.7500
105000|6.7500|6.7500|6.7400|6.7500|2007400|13542390.0000|6.7500
105500|6.7500|6.7500|6.7400|6.7500|2805800|18928701.0000|6.7500
110000|6.7500|6.7500|6.7300|6.7400|8609800|57997832.0000|6.7400
110500|6.7300|6.7500|6.7300|6.7400|3183400|21453884.0000|6.7400
111000|6.7400|6.7500|6.7400|6.7500|1923600|12969151.0000|6.7500
111500|6.7500|6.7500|6.7300|6.7400|2517700|16969917.0000|6.7400
112000|6.7400|6.7500|6.7300|6.7500|2294900|15466822.0000|6.7500
112500|6.7500|6.7500|6.7300|6.7400|3535100|23836605.0000|6.7400
113000|6.7400|6.7500|6.7400|6.7400|589800|3977864.0000|6.7400
130500|6.7500|6.7500|6.7400|6.7400|2046500|13803258.0000|6.7400
131000|6.7500|6.7500|6.7400|6.7500|1149200|7752966.0000|6.7500
131500|6.7500|6.7600|6.7400|6.7500|2651200|17889725.0000|6.7500
132000|6.7500|6.7500|6.7400|6.7500|1858900|12530946.0000|6.7500
132500|6.7500|6.7500|6.7300|6.7400|3829400|25810420.0000|6.7400
133000|6.7400|6.7400|6.7300|6.7300|2551600|17179654.0000|6.7300
133500|6.7300|6.7400|6.7300|6.7400|2499600|16838406.0000|6.7400
134000|6.7400|6.7500|6.7300|6.7300|1859900|12533304.0000|6.7300
134500|6.7300|6.7500|6.7300|6.7400|1358300|9159748.0000|6.7400
135000|6.7400|6.7500|6.7400|6.7500|778300|5249408.0000|6.7500
135500|6.7500|6.7500|6.7400|6.7400|896100|6045504.0000|6.7400
140000|6.7400|6.7500|6.7400|6.7400|3658500|24666118.0000|6.7400
140500|6.7400|6.7500|6.7400|6.7400|2671700|18010290.0000|6.7400
141000|6.7500|6.7500|6.7400|6.7400|577600|3895627.0000|6.7400
141500|6.7400|6.7500|6.7400|6.7400|1267400|8545279.0000|6.7400
142000|6.7400|6.7500|6.7300|6.7400|3104900|20926008.0000|6.7400
142500|6.7400|6.7500|6.7300|6.7500|3321300|22388358.0000|6.7500
143000|6.7400|6.7500|6.7400|6.7400|544400|3670906.0000|6.7400
143500|6.7400|6.7500|6.7400|6.7500|953200|6427138.0000|6.7500
144000|6.7500|6.7700|6.7400|6.7700|11985100|80962556.0000|6.7700
144500|6.7700|6.7700|6.7600|6.7600|1046400|7075592.0000|6.7600
145000|6.7600|6.7700|6.7500|6.7500|1284000|8678273.0000|6.7500
145500|6.7500|6.7600|6.7500|6.7600|1549600|10466303.0000|6.7600
150000|6.7600|6.7600|6.7500|6.7600|2407800|16273660.0000|6.7600
