093500|5.2|5.21|5.18|5.2|4957.0|2575742.0|5.2
094000|5.19|5.2|5.18|5.2|4601.0|2390343.0|5.2
094500|5.2|5.2|5.19|5.19|1305.0|677793.0|5.2
095000|5.19|5.21|5.19|5.21|6099.0|3172998.0|5.19
095500|5.2|5.22|5.19|5.22|10643.0|5535311.0|5.21
100000|5.21|5.22|5.21|5.21|1262.0|658294.0|5.22
100500|5.22|5.22|5.2|5.22|2955.0|1540117.0|5.21
101000|5.22|5.22|5.2|5.21|3411.0|1777027.0|5.22
101500|5.21|5.21|5.2|5.21|3704.0|1927458.0|5.21
102000|5.21|5.21|5.2|5.21|2762.0|1438083.0|5.21
102500|5.21|5.22|5.2|5.22|3556.0|1853263.0|5.21
103000|5.22|5.22|5.21|5.22|3080.0|1606668.0|5.22
103500|5.21|5.22|5.21|5.21|6368.0|3320572.0|5.22
104000|5.22|5.22|5.21|5.22|1986.0|1036654.0|5.21
104500|5.22|5.23|5.21|5.23|2730.0|1425155.0|5.22
105000|5.23|5.23|5.22|5.23|2225.0|1162653.0|5.23
105500|5.22|5.22|5.21|5.22|6733.0|3509405.0|5.23
110000|5.21|5.22|5.21|5.22|1055.0|549844.0|5.22
110500|5.21|5.23|5.21|5.23|4508.0|2353207.0|5.22
111000|5.23|5.23|5.22|5.23|646.0|337550.0|5.23
111500|5.23|5.23|5.22|5.22|877.0|458398.0|5.23
112000|5.23|5.23|5.22|5.23|4830.0|2526029.0|5.22
112500|5.23|5.24|5.22|5.23|2332.0|1218915.0|5.23
113000|5.23|5.24|5.22|5.23|4916.0|2571473.0|5.23
130500|5.23|5.24|5.22|5.23|4176.0|2183987.0|5.23
131000|5.22|5.24|5.22|5.23|2487.0|1300128.0|5.23
131500|5.22|5.23|5.22|5.23|4387.0|2290205.0|5.23
132000|5.23|5.23|5.22|5.23|1413.0|738970.0|5.23
132500|5.23|5.24|5.22|5.24|3763.0|1968205.0|5.23
133000|5.24|5.24|5.23|5.24|1018.0|533108.0|5.24
133500|5.24|5.24|5.23|5.24|1584.0|829601.0|5.24
134000|5.24|5.24|5.23|5.24|1548.0|810745.0|5.24
134500|5.24|5.24|5.23|5.23|5393.0|2825881.0|5.24
135000|5.23|5.25|5.23|5.25|3313.0|1736661.0|5.23
135500|5.24|5.24|5.23|5.24|3028.0|1586524.0|5.25
140000|5.24|5.24|5.22|5.23|5215.0|2726025.0|5.24
140500|5.23|5.23|5.21|5.21|5846.0|3051650.0|5.23
141000|5.21|5.22|5.21|5.21|2748.0|1433248.0|5.21
141500|5.21|5.22|5.21|5.21|1462.0|763065.0|5.21
142000|5.22|5.23|5.21|5.22|2088.0|1090017.0|5.21
142500|5.22|5.23|5.22|5.23|2210.0|1154000.0|5.22
143000|5.22|5.23|5.22|5.23|1080.0|564360.0|5.23
143500|5.23|5.23|5.22|5.22|4566.0|2384491.0|5.23
144000|5.22|5.23|5.21|5.22|2796.0|1459393.0|5.22
144500|5.21|5.22|5.21|5.21|3162.0|1648789.0|5.22
145000|5.22|5.22|5.2|5.21|5603.0|2919239.0|5.21
145500|5.21|5.22|5.2|5.21|2535.0|1320132.0|5.21
150000|5.21|5.22|5.2|5.22|1791.0|934099.0|5.21
