09350000|57.0196127200|57.6530540000|56.7325846400|56.7919697600|172400|9937367.0000|56.7919697600
09400000|56.7919697600|56.9107400000|56.2575036800|56.3861714400|234800|13419911.0000|56.3861714400
09450000|56.3861714400|56.3960689600|56.2080160800|56.3168888000|158500|9017926.0000|56.3168888000
09500000|56.3069912800|56.3069912800|56.0397582400|56.1387334400|116000|6579364.0000|56.1387334400
09550000|56.1387334400|56.4950441600|56.1189384000|56.4653516000|90500|5147404.0000|56.4653516000
10000000|56.4752491200|56.7127896000|56.4356590400|56.4752491200|65600|3750540.0000|56.4752491200
10050000|56.4851466400|56.6633020000|56.4158640000|56.4554540800|51400|2934572.0000|56.4554540800
10100000|56.4752491200|56.6534044800|56.3267863200|56.4059664800|53700|3065096.0000|56.4059664800
10150000|56.4158640000|56.4851466400|56.2377086400|56.3168888000|71100|4050348.0000|56.3168888000
10200000|56.4158640000|56.4851466400|56.3762739200|56.4158640000|79800|4550124.0000|56.4158640000
10250000|56.4158640000|56.6138144000|56.2772987200|56.5049416800|88500|5045272.0000|56.5049416800
10300000|56.5643268000|56.6138144000|56.4356590400|56.5049416800|66400|3791464.0000|56.5049416800
10350000|56.5148392000|56.5643268000|56.4356590400|56.4356590400|31900|1820904.0000|56.4356590400
10400000|56.4455565600|56.5841218400|56.4455565600|56.5445317600|25900|1479136.0000|56.5445317600
10450000|56.5445317600|56.8612524000|56.5445317600|56.7325846400|50500|2894664.0000|56.7325846400
10500000|56.7424821600|56.7721747200|56.6633020000|56.7127896000|27900|1598832.0000|56.7127896000
10550000|56.7127896000|56.9404325600|56.7028920800|56.8513548800|40700|2337144.0000|56.8513548800
11000000|56.8909449600|56.9107400000|56.7622772000|56.9107400000|29400|1688000.0000|56.9107400000
11050000|56.9107400000|57.0691003200|56.8711499200|57.0196127200|43800|2521088.0000|57.0196127200
11100000|57.0097152000|57.1086904000|56.9602276000|57.0295102400|51400|2961784.0000|57.0295102400
11150000|57.0196127200|57.0691003200|56.9107400000|56.9701251200|44800|2580160.0000|56.9701251200
11200000|56.9503300800|56.9602276000|56.7919697600|56.9206375200|28000|1608640.0000|56.9206375200
11250000|56.8810474400|56.8810474400|56.7226871200|56.8117648000|25200|1446664.0000|56.8117648000
11300000|56.8216623200|56.8216623200|56.6237119200|56.6633020000|23600|1352352.0000|56.6633020000
13050000|56.6830970400|56.7325846400|56.5049416800|56.7127896000|48900|2797376.0000|56.7127896000
13100000|56.7127896000|56.9800226400|56.6929945600|56.9800226400|29100|1670312.0000|56.9800226400
13150000|56.9800226400|57.0097152000|56.8414573600|56.9998176800|28200|1622112.0000|56.9998176800
13200000|56.9998176800|57.1581780000|56.9998176800|57.0592028000|65700|3785976.0000|57.0592028000
13250000|57.0493052800|57.1680755200|57.0097152000|57.1086904000|62900|3629080.0000|57.1086904000
13300000|57.0987928800|57.1185879200|56.9899201600|57.1185879200|41400|2386032.0000|57.1185879200
13350000|57.1284854400|57.2076656000|57.0592028000|57.0691003200|62300|3596536.0000|57.0691003200
13400000|57.0196127200|57.0789978400|56.9899201600|56.9899201600|25100|1446272.0000|56.9899201600
13450000|57.0097152000|57.1284854400|56.9503300800|57.0295102400|38700|2229848.0000|57.0295102400
13500000|57.0295102400|57.0888953600|56.9998176800|57.0493052800|31700|1826864.0000|57.0493052800
13550000|57.0493052800|57.1581780000|57.0097152000|57.0097152000|31400|1810776.0000|57.0097152000
14000000|57.0097152000|57.0691003200|56.9602276000|56.9899201600|32500|1872504.0000|56.9899201600
14050000|56.9899201600|57.1086904000|56.8315598400|56.8513548800|29200|1680120.0000|56.8513548800
14100000|56.8513548800|56.9701251200|56.8117648000|56.9008424800|37800|2173072.0000|56.9008424800
14150000|56.9008424800|57.0295102400|56.9008424800|56.9899201600|32300|1859400.0000|56.9899201600
14200000|56.9899201600|57.1779730400|56.9899201600|57.1185879200|55700|3213784.0000|57.1185879200
14250000|57.1185879200|57.1977680800|57.0789978400|57.1680755200|52500|3031048.0000|57.1680755200
14300000|57.1482804800|57.2571532000|57.1482804800|57.2274606400|47700|2757472.0000|57.2274606400
14350000|57.2175631200|57.3561284000|57.2175631200|57.2670507200|56500|3269216.0000|57.2670507200
14400000|57.2670507200|57.3858209600|57.2670507200|57.3858209600|43400|2515424.0000|57.3858209600
14450000|57.3858209600|57.3957184800|57.2868457600|57.3462308800|62400|3617728.0000|57.3462308800
14500000|57.3363333600|57.3561284000|57.2472556800|57.2769482400|59100|3422992.0000|57.2769482400
14550000|57.3066408000|57.4056160000|57.2868457600|57.4056160000|70600|4089504.0000|57.4056160000
15000000|57.3957184800|57.4056160000|57.2274606400|57.2967432800|52600|3046048.0000|57.2967432800
