09350000|80.4049740000|80.6035048000|79.5215119400|79.6108508000|577000|46502104.0000|79.6108508000
09400000|79.6108508000|80.1865901200|79.3329076800|80.0376920200|278800|22399952.0000|80.0376920200
09450000|79.9979858600|80.1468839600|79.6307038800|79.9086470000|200600|16123960.0000|79.9086470000
09500000|79.8590143000|79.8590143000|79.6207773400|79.7597489000|131300|10544440.0000|79.7597489000
09550000|79.7994550600|79.7994550600|79.4321730800|79.4420996200|204000|16342424.0000|79.4420996200
10000000|79.4321730800|79.4321730800|79.0847441800|79.0847441800|326200|26040064.0000|79.0847441800
10050000|79.1145238000|79.3527607600|79.0847441800|79.0847441800|176800|14096448.0000|79.0847441800
10100000|79.0847441800|79.5115854000|78.9259195400|79.3229811400|182000|14508928.0000|79.3229811400
10150000|79.3527607600|79.4321730800|79.1343768800|79.1343768800|112100|8960176.0000|79.1343768800
10200000|79.1343768800|79.2634219000|79.0251849400|79.2038626600|77700|6194512.0000|79.2038626600
10250000|79.1740830400|79.3924669200|79.1343768800|79.3031280600|56800|4532768.0000|79.3031280600
10300000|79.3031280600|79.4123200000|79.1840095800|79.2634219000|99000|7905248.0000|79.2634219000
10350000|79.1840095800|79.2534953600|79.1443034200|79.2038626600|38700|3086992.0000|79.2038626600
10400000|79.2038626600|79.4917323200|79.1641565000|79.4619527000|60600|4844032.0000|79.4619527000
10450000|79.4321730800|79.4520261600|79.3130546000|79.4520261600|33400|2671168.0000|79.4520261600
10500000|79.3924669200|79.4321730800|79.2634219000|79.2733484400|30500|2438432.0000|79.2733484400
10550000|79.2733484400|79.3329076800|79.1542299600|79.1542299600|49600|3960176.0000|79.1542299600
11000000|79.1641565000|79.2534953600|79.1641565000|79.1939361200|21000|1675328.0000|79.1939361200
11050000|79.1939361200|79.2832749800|79.1145238000|79.1244503400|93000|7419376.0000|79.1244503400
11100000|79.0847441800|79.2038626600|79.0549645600|79.0847441800|51900|4135184.0000|79.0847441800
11150000|79.1443034200|79.1641565000|78.9259195400|79.0549645600|98400|7834080.0000|79.0549645600
11200000|79.0152584000|79.0450380200|78.5983437200|78.6380498800|133300|10588544.0000|78.6380498800
11250000|78.6380498800|78.8365806800|78.6181968000|78.6281233400|81100|6431376.0000|78.6281233400
11300000|78.6976091200|78.9457726200|78.6976091200|78.8167276000|34100|2707632.0000|78.8167276000
13050000|78.9060664600|79.0053318600|78.7571683600|78.8961399200|78600|6243696.0000|78.8961399200
13100000|78.9159930000|79.2435688200|78.8862133800|79.1145238000|57500|4581760.0000|79.1145238000
13150000|79.0549645600|79.3031280600|79.0152584000|79.0152584000|18800|1498496.0000|79.0152584000
13200000|79.0053318600|79.0450380200|78.8365806800|78.8365806800|25000|1988544.0000|78.8365806800
13250000|78.8365806800|78.8564337600|78.7472418200|78.7770214400|44200|3507744.0000|78.7770214400
13300000|78.7770214400|78.8961399200|78.7174622000|78.7571683600|46500|3692384.0000|78.7571683600
13350000|78.7670949000|78.8762868400|78.7174622000|78.7770214400|29200|2317024.0000|78.7770214400
13400000|78.7770214400|78.9358460800|78.7571683600|78.8862133800|52200|4145824.0000|78.8862133800
13450000|78.8862133800|78.8862133800|78.6976091200|78.8862133800|74900|5941216.0000|78.8862133800
13500000|78.8862133800|78.9159930000|78.7273887400|78.7273887400|38300|3042784.0000|78.7273887400
13550000|78.7273887400|78.8365806800|78.7075356600|78.7670949000|74900|5941856.0000|78.7670949000
14000000|78.7670949000|78.9060664600|78.7472418200|78.8862133800|40100|3184768.0000|78.8862133800
14050000|78.8862133800|79.3527607600|78.8762868400|79.3428342200|77800|6197984.0000|79.3428342200
14100000|79.3428342200|79.4619527000|79.1641565000|79.4023934600|98300|7852128.0000|79.4023934600
14150000|79.4123200000|79.4222465400|79.1939361200|79.1939361200|75500|6034912.0000|79.1939361200
14200000|79.1939361200|79.4619527000|79.1840095800|79.3130546000|80700|6452032.0000|79.3130546000
14250000|79.3031280600|79.3031280600|79.0351114800|79.0351114800|42200|3365408.0000|79.0351114800
14300000|79.0152584000|79.0748176400|78.9457726200|79.0053318600|62300|4958176.0000|79.0053318600
14350000|79.0549645600|79.1145238000|78.8167276000|78.8167276000|68100|5417632.0000|78.8167276000
14400000|78.8167276000|78.8465072200|78.7670949000|78.8068010600|95500|7582848.0000|78.8068010600
14450000|78.8266541400|78.8365806800|78.5487110200|78.5487110200|147900|11725632.0000|78.5487110200
14500000|78.5685641000|78.6181968000|78.5090048600|78.5288579400|133900|10595584.0000|78.5288579400
14550000|78.5288579400|78.5487110200|78.3898863800|78.3898863800|245900|19438944.0000|78.3898863800
15000000|78.3898863800|78.4494456200|78.3005475200|78.3799598400|265900|20988736.0000|78.3799598400
