093500|17.06|17.08|16.9|16.99|15174.0|25738407.0|17.05
094000|16.99|16.99|16.92|16.93|9248.0|15668773.0|16.99
094500|16.93|16.94|16.89|16.91|9984.0|16880846.0|16.93
095000|16.93|16.93|16.89|16.92|8476.0|14331732.0|16.91
095500|16.92|16.95|16.9|16.9|5124.0|8670554.0|16.92
100000|16.91|16.91|16.84|16.87|8402.0|14184158.0|16.9
100500|16.88|16.88|16.77|16.78|9864.0|16596489.0|16.87
101000|16.79|16.87|16.77|16.84|7479.0|12563304.0|16.78
101500|16.85|16.86|16.82|16.84|2578.0|4342056.0|16.84
102000|16.85|16.85|16.8|16.81|2306.0|3879909.0|16.84
102500|16.81|16.81|16.78|16.8|2976.0|4997426.0|16.81
103000|16.8|16.86|16.79|16.86|2391.0|4021618.0|16.8
103500|16.86|16.88|16.84|16.87|1639.0|2763808.0|16.86
104000|16.91|16.91|16.89|16.9|2521.0|4258906.0|16.87
104500|16.9|16.91|16.88|16.9|1312.0|2216194.0|16.9
105000|16.9|16.9|16.87|16.87|1926.0|3251608.0|16.9
105500|16.87|16.96|16.87|16.95|2547.0|4308604.0|16.87
110000|16.95|16.95|16.91|16.91|1177.0|1993132.0|16.95
110500|16.91|17.01|16.91|17.0|4370.0|7417864.0|16.91
111000|17.0|17.02|16.98|16.99|2911.0|4948890.0|17.0
111500|16.99|17.03|16.99|17.03|2960.0|5033390.0|16.99
112000|17.02|17.05|17.0|17.01|2192.0|3730853.0|17.03
112500|17.03|17.08|17.02|17.06|4311.0|7349257.0|17.01
113000|17.06|17.17|17.06|17.16|9158.0|15683515.0|17.06
130500|17.17|17.22|17.14|17.19|10923.0|18765944.0|17.16
131000|17.18|17.21|17.15|17.2|5173.0|8890961.0|17.19
131500|17.19|17.21|17.17|17.17|4091.0|7032322.0|17.2
132000|17.17|17.25|17.17|17.24|7983.0|13745299.0|17.17
132500|17.25|17.29|17.24|17.28|13328.0|23010019.0|17.24
133000|17.28|17.31|17.21|17.24|8327.0|14387245.0|17.28
133500|17.23|17.24|17.18|17.19|4471.0|7694461.0|17.24
134000|17.19|17.23|17.18|17.23|2980.0|5129066.0|17.19
134500|17.23|17.23|17.2|17.21|1950.0|3357212.0|17.23
135000|17.2|17.21|17.16|17.17|2596.0|4460428.0|17.21
135500|17.18|17.18|17.15|17.17|3308.0|5678083.0|17.17
140000|17.18|17.18|17.15|17.15|1612.0|2767400.0|17.17
140500|17.15|17.19|17.14|17.18|2082.0|3572586.0|17.15
141000|17.19|17.19|17.17|17.18|1685.0|2895351.0|17.18
141500|17.18|17.18|17.16|17.17|1808.0|3104163.0|17.18
142000|17.18|17.18|17.16|17.16|1597.0|2741926.0|17.17
142500|17.16|17.17|17.13|17.13|2532.0|4341835.0|17.16
143000|17.13|17.13|17.1|17.13|3020.0|5168067.0|17.13
143500|17.13|17.16|17.13|17.15|1874.0|3212501.0|17.13
144000|17.16|17.17|17.15|17.16|1645.0|2822205.0|17.15
144500|17.15|17.16|17.14|17.15|1536.0|2634282.0|17.16
145000|17.15|17.17|17.15|17.16|2747.0|4713305.0|17.15
145500|17.16|17.19|17.15|17.19|5724.0|9827261.0|17.16
150000|17.18|17.2|17.17|17.19|6319.0|10861635.0|17.19
