093500|9.85|9.85|9.8|9.83|928.0|950031.0|9.83
094000|9.83|9.83|9.81|9.82|1334.0|1362761.0|9.83
094500|9.81|9.86|9.8|9.83|1037.0|1060726.0|9.82
095000|9.83|9.84|9.81|9.81|1009.0|1030763.0|9.83
095500|9.81|9.83|9.8|9.81|407.0|415666.0|9.81
100000|9.81|9.82|9.8|9.82|140.0|142972.0|9.81
100500|9.81|9.84|9.81|9.83|578.0|590897.0|9.82
101000|9.83|9.84|9.82|9.82|175.0|179046.0|9.83
101500|9.82|9.82|9.81|9.81|205.0|209432.0|9.82
102000|9.81|9.82|9.81|9.82|219.0|223643.0|9.81
102500|9.82|9.84|9.81|9.84|393.0|401848.0|9.82
103000|9.84|9.84|9.82|9.82|182.0|186062.0|9.84
103500|9.81|9.83|9.81|9.81|89.0|90948.0|9.82
104000|9.82|9.82|9.81|9.82|44.0|44929.0|9.81
104500|9.81|9.82|9.81|9.82|62.0|63318.0|9.82
105000|9.81|9.82|9.81|9.81|106.0|108249.0|9.82
105500|9.81|9.82|9.81|9.81|236.0|240997.0|9.81
110000|9.81|9.81|9.8|9.81|266.0|271606.0|9.81
110500|9.81|9.83|9.8|9.83|215.0|220293.0|9.81
111000|9.82|9.83|9.82|9.83|160.0|163626.0|9.83
111500|9.83|9.84|9.82|9.84|410.0|419640.0|9.83
112000|9.84|9.84|9.83|9.84|140.0|143310.0|9.84
112500|9.83|9.84|9.82|9.82|298.0|304823.0|9.84
113000|9.81|9.84|9.81|9.84|253.0|258734.0|9.82
130500|9.83|9.85|9.83|9.83|285.0|291803.0|9.84
131000|9.83|9.84|9.82|9.84|249.0|254837.0|9.83
131500|9.84|9.86|9.84|9.86|1249.0|1279430.0|9.84
132000|9.86|9.87|9.85|9.86|794.0|814732.0|9.86
132500|9.86|9.87|9.85|9.86|117.0|120066.0|9.86
133000|9.86|9.87|9.85|9.87|449.0|460710.0|9.86
133500|9.86|9.87|9.86|9.86|183.0|187928.0|9.87
134000|9.86|9.87|9.86|9.86|390.0|400218.0|9.86
134500|9.86|9.87|9.85|9.86|295.0|302969.0|9.86
135000|9.87|9.87|9.85|9.86|322.0|330361.0|9.86
135500|9.86|9.87|9.86|9.86|401.0|411687.0|9.86
140000|9.86|9.87|9.86|9.87|283.0|290617.0|9.86
140500|9.87|9.87|9.85|9.85|471.0|483324.0|9.87
141000|9.86|9.86|9.85|9.86|182.0|186922.0|9.85
141500|9.85|9.86|9.85|9.86|217.0|222619.0|9.86
142000|9.85|9.86|9.85|9.86|280.0|287170.0|9.86
142500|9.85|9.87|9.85|9.86|577.0|591911.0|9.86
143000|9.87|9.87|9.85|9.85|394.0|404136.0|9.86
143500|9.85|9.87|9.85|9.86|576.0|590857.0|9.85
144000|9.86|9.86|9.85|9.86|242.0|248275.0|9.86
144500|9.85|9.87|9.85|9.87|580.0|595058.0|9.86
145000|9.85|9.86|9.84|9.85|817.0|837886.0|9.87
145500|9.85|9.86|9.84|9.85|735.0|753405.0|9.85
150000|9.86|9.86|9.85|9.86|362.0|371432.0|9.85
