09350000|13.8292482200|13.8671625400|13.7060266800|13.7723767400|660100|9605092.0000|13.7723767400
09400000|13.7723767400|13.8671625400|13.7723767400|13.8102910600|310500|4529059.0000|13.8102910600
09450000|13.8102910600|13.8292482200|13.7249838400|13.7344624200|441700|6418939.0000|13.7344624200
09500000|13.7249838400|13.7818553200|13.7249838400|13.7723767400|295500|4288756.0000|13.7723767400
09550000|13.7723767400|13.8197696400|13.7534195800|13.8102910600|244500|3555277.0000|13.8102910600
10000000|13.8102910600|13.8482053800|13.7628981600|13.7628981600|226700|3303803.0000|13.7628981600
10050000|13.7534195800|13.7628981600|13.7155052600|13.7439410000|538800|7809714.0000|13.7439410000
10100000|13.7439410000|13.7818553200|13.7155052600|13.7818553200|236574|3431312.0000|13.7818553200
10150000|13.7628981600|13.8102910600|13.7534195800|13.7534195800|121400|1764907.0000|13.7534195800
10200000|13.7534195800|13.7723767400|13.7249838400|13.7344624200|206700|2997853.0000|13.7344624200
10250000|13.7344624200|13.7344624200|13.6775909400|13.6870695200|540326|7815757.0000|13.6870695200
10300000|13.6775909400|13.7060266800|13.6775909400|13.6870695200|196300|2835555.0000|13.6870695200
10350000|13.6870695200|13.7060266800|13.6586337800|13.6681123600|544900|7864503.0000|13.6681123600
10400000|13.6775909400|13.6775909400|13.6112408800|13.6207194600|721800|10391347.0000|13.6207194600
10450000|13.6207194600|13.6491552000|13.6112408800|13.6112408800|285300|4102476.0000|13.6112408800
10500000|13.6207194600|13.6301980400|13.6112408800|13.6207194600|165400|2377142.0000|13.6207194600
10550000|13.6207194600|13.6491552000|13.6112408800|13.6491552000|166500|2392917.0000|13.6491552000
11000000|13.6396766200|13.6491552000|13.6207194600|13.6207194600|190300|2737453.0000|13.6207194600
11050000|13.6207194600|13.6396766200|13.5828051400|13.6017623000|361800|5193452.0000|13.6017623000
11100000|13.6017623000|13.6017623000|13.5638479800|13.5922837200|367667|5267489.0000|13.5922837200
11150000|13.6017623000|13.6017623000|13.5638479800|13.5828051400|149700|2144490.0000|13.5828051400
11200000|13.5828051400|13.5828051400|13.5164550800|13.5354122400|582633|8332992.0000|13.5354122400
11250000|13.5164550800|13.5543694000|13.5069765000|13.5543694000|181200|2586196.0000|13.5543694000
11300000|13.5543694000|13.5638479800|13.5259336600|13.5448908200|151400|2163330.0000|13.5448908200
13050000|13.5448908200|13.6207194600|13.5448908200|13.6112408800|173200|2479632.0000|13.6112408800
13100000|13.6112408800|13.6681123600|13.6112408800|13.6586337800|136000|1958471.0000|13.6586337800
13150000|13.6586337800|13.6586337800|13.6112408800|13.6207194600|133700|1923341.0000|13.6207194600
13200000|13.6207194600|13.6301980400|13.6017623000|13.6017623000|72600|1042448.0000|13.6017623000
13250000|13.6017623000|13.6491552000|13.6017623000|13.6396766200|131751|1893538.0000|13.6396766200
13300000|13.6396766200|13.6396766200|13.6017623000|13.6112408800|114300|1641905.0000|13.6112408800
13350000|13.6112408800|13.6301980400|13.6017623000|13.6112408800|124100|1782705.0000|13.6112408800
13400000|13.6112408800|13.6207194600|13.5828051400|13.5922837200|129500|1858277.0000|13.5922837200
13450000|13.5922837200|13.6017623000|13.5733265600|13.5828051400|103500|1483542.0000|13.5828051400
13500000|13.5828051400|13.6112408800|13.5828051400|13.5828051400|148600|2131263.0000|13.5828051400
13550000|13.5828051400|13.5828051400|13.5733265600|13.5828051400|126800|1816219.0000|13.5828051400
14000000|13.5828051400|13.5828051400|13.5638479800|13.5733265600|121900|1745875.0000|13.5733265600
14050000|13.5733265600|13.5733265600|13.5354122400|13.5543694000|364400|5210141.0000|13.5543694000
14100000|13.5543694000|13.5638479800|13.5448908200|13.5638479800|137700|1969766.0000|13.5638479800
14150000|13.5638479800|13.5922837200|13.5543694000|13.5922837200|181900|2602081.0000|13.5922837200
14200000|13.5922837200|13.5922837200|13.5543694000|13.5638479800|96500|1381066.0000|13.5638479800
14250000|13.5638479800|13.5922837200|13.5543694000|13.5922837200|114600|1640416.0000|13.5922837200
14300000|13.5922837200|13.6017623000|13.5828051400|13.6017623000|71442|1024293.0000|13.6017623000
14350000|13.6017623000|13.6017623000|13.5638479800|13.5828051400|274558|3932357.0000|13.5828051400
14400000|13.5828051400|13.6017623000|13.5733265600|13.6017623000|220242|3156322.0000|13.6017623000
14450000|13.6017623000|13.6017623000|13.5638479800|13.5733265600|403258|5776132.0000|13.5733265600
14500000|13.5733265600|13.5828051400|13.5543694000|13.5828051400|549142|7858429.0000|13.5828051400
14550000|13.5828051400|13.5922837200|13.5638479800|13.5828051400|496100|7102924.0000|13.5828051400
15000000|13.5828051400|13.6017623000|13.5828051400|13.6017623000|425400|6103329.0000|13.6017623000
