09350000|15.9082841400|16.0992599400|15.6791131800|15.8032474500|1183500|19706157.0000|15.8032474500
09400000|15.7936986600|15.9942232500|15.7936986600|15.9082841400|426800|7102531.0000|15.9082841400
09450000|15.9178329300|15.9751256700|15.8987353500|15.9369305100|236000|3938080.0000|15.9369305100
09500000|15.9464793000|16.0706135700|15.9369305100|16.0706135700|247200|4143230.0000|16.0706135700
09550000|16.0515159900|16.0992599400|15.9942232500|16.0133208300|281400|4730316.0000|16.0133208300
10000000|16.0419672000|16.0897111500|15.9846744600|15.9846744600|132300|2222408.0000|15.9846744600
10050000|15.9751256700|16.0610647800|15.9655768800|16.0037720400|134100|2250323.0000|16.0037720400
10100000|16.0228696200|16.0610647800|15.9082841400|15.9082841400|202100|3381841.0000|15.9082841400
10150000|15.9082841400|15.9464793000|15.8032474500|15.8414426100|291500|4836480.0000|15.8414426100
10200000|15.8509914000|15.8700889800|15.7650522900|15.8605401900|301800|4997036.0000|15.8605401900
10250000|15.8509914000|15.9751256700|15.8509914000|15.9369305100|102100|1700566.0000|15.9369305100
10300000|15.9273817200|16.0133208300|15.9273817200|15.9464793000|96400|1611771.0000|15.9464793000
10350000|15.9655768800|15.9655768800|15.8987353500|15.9464793000|89400|1490544.0000|15.9464793000
10400000|15.9464793000|16.0419672000|15.9273817200|15.9751256700|101000|1691658.0000|15.9751256700
10450000|15.9751256700|16.0133208300|15.9655768800|15.9942232500|110500|1849400.0000|15.9942232500
10500000|15.9751256700|16.0037720400|15.9655768800|15.9751256700|62100|1039759.0000|15.9751256700
10550000|15.9942232500|16.0133208300|15.9655768800|16.0133208300|81400|1363081.0000|16.0133208300
11000000|16.0133208300|16.0419672000|15.9942232500|16.0133208300|85800|1439897.0000|16.0133208300
11050000|16.0037720400|16.0037720400|15.9560280900|15.9751256700|66800|1117539.0000|15.9751256700
11100000|15.9751256700|16.0133208300|15.9560280900|15.9942232500|88400|1478600.0000|15.9942232500
11150000|15.9942232500|16.0228696200|15.9751256700|15.9846744600|65600|1098590.0000|15.9846744600
11200000|16.0228696200|16.0228696200|15.9942232500|15.9942232500|46900|786674.0000|15.9942232500
11250000|15.9942232500|16.0419672000|15.9942232500|16.0228696200|43400|728123.0000|16.0228696200
11300000|16.0324184100|16.0610647800|16.0133208300|16.0610647800|77601|1303610.0000|16.0610647800
13050000|16.0228696200|16.0228696200|15.9655768800|15.9751256700|158400|2654035.0000|15.9751256700
13100000|15.9751256700|16.0037720400|15.9560280900|15.9846744600|61700|1032274.0000|15.9846744600
13150000|15.9846744600|15.9942232500|15.9560280900|15.9560280900|98700|1651095.0000|15.9560280900
13200000|15.9560280900|15.9655768800|15.8700889800|15.8796377700|215400|3592196.0000|15.8796377700
13250000|15.8796377700|15.9369305100|15.8700889800|15.9082841400|108500|1806737.0000|15.9082841400
13300000|15.9082841400|15.9655768800|15.9082841400|15.9464793000|138500|2311708.0000|15.9464793000
13350000|15.9369305100|15.9655768800|15.9178329300|15.9655768800|94700|1580207.0000|15.9655768800
13400000|15.9655768800|16.0228696200|15.9464793000|16.0133208300|73300|1227729.0000|16.0133208300
13450000|16.0228696200|16.0324184100|16.0037720400|16.0037720400|70700|1186131.0000|16.0037720400
13500000|16.0037720400|16.0133208300|15.9751256700|15.9942232500|81100|1358397.0000|15.9942232500
13550000|15.9942232500|16.0133208300|15.9082841400|15.9369305100|137602|2298345.0000|15.9369305100
14000000|15.9369305100|15.9942232500|15.9273817200|15.9751256700|77900|1302418.0000|15.9751256700
14050000|15.9751256700|15.9942232500|15.9560280900|15.9560280900|73300|1226390.0000|15.9560280900
14100000|15.9560280900|15.9751256700|15.9273817200|15.9464793000|188400|3146238.0000|15.9464793000
14150000|15.9464793000|15.9751256700|15.9273817200|15.9464793000|111600|1863935.0000|15.9464793000
14200000|15.9464793000|16.0133208300|15.9464793000|16.0133208300|109880|1838441.0000|16.0133208300
14250000|16.0037720400|16.0228696200|15.9560280900|15.9560280900|115320|1931186.0000|15.9560280900
14300000|15.9560280900|15.9846744600|15.9560280900|15.9560280900|68200|1140826.0000|15.9560280900
14350000|15.9655768800|15.9846744600|15.9273817200|15.9369305100|137000|2288583.0000|15.9369305100
14400000|15.9464793000|15.9846744600|15.9273817200|15.9655768800|86600|1447201.0000|15.9655768800
14450000|15.9846744600|16.0133208300|15.9655768800|16.0037720400|110700|1853650.0000|16.0037720400
14500000|15.9846744600|16.0037720400|15.9464793000|15.9560280900|179400|3003553.0000|15.9560280900
14550000|15.9846744600|16.0037720400|15.9464793000|15.9846744600|269300|4503731.0000|15.9846744600
15000000|15.9942232500|15.9942232500|15.9751256700|15.9751256700|278600|4662169.0000|15.9751256700
