09350000|15.8264458000|15.8264458000|15.6297218000|15.6592304000|319000|5098962.0000|15.6592304000
09400000|15.6592304000|15.6985752000|15.6100494000|15.6592304000|384600|6125669.0000|15.6592304000
09450000|15.6690666000|15.7182476000|15.6395580000|15.6887390000|276300|4404007.0000|15.6887390000
09500000|15.6887390000|15.7772648000|15.6789028000|15.6985752000|126000|2013786.0000|15.6985752000
09550000|15.6985752000|15.8559544000|15.6887390000|15.7674286000|153800|2469000.0000|15.7674286000
10000000|15.7674286000|15.8067734000|15.6789028000|15.8067734000|123600|1976080.0000|15.8067734000
10050000|15.8067734000|15.8559544000|15.7969372000|15.8559544000|116800|1880994.0000|15.8559544000
10100000|15.8559544000|15.9248078000|15.8264458000|15.8264458000|177200|2862624.0000|15.8264458000
10150000|15.8362820000|15.8461182000|15.7871010000|15.7871010000|139200|2237964.0000|15.7871010000
10200000|15.7871010000|15.8166096000|15.7575924000|15.7969372000|235500|3779430.0000|15.7969372000
10250000|15.8067734000|15.8067734000|15.7477562000|15.7575924000|129600|2076904.0000|15.7575924000
10300000|15.7477562000|15.7575924000|15.6789028000|15.6789028000|122100|1950516.0000|15.6789028000
10350000|15.6789028000|15.7379200000|15.6789028000|15.6985752000|84100|1342380.0000|15.6985752000
10400000|15.6985752000|15.7084114000|15.6690666000|15.7084114000|62100|989956.0000|15.7084114000
10450000|15.7084114000|15.7182476000|15.6985752000|15.7182476000|44700|713848.0000|15.7182476000
10500000|15.7084114000|15.7575924000|15.7084114000|15.7575924000|38000|607660.0000|15.7575924000
10550000|15.7575924000|15.7772648000|15.7379200000|15.7772648000|31900|510964.0000|15.7772648000
11000000|15.7772648000|15.8362820000|15.7772648000|15.8067734000|27900|448600.0000|15.8067734000
11050000|15.8166096000|15.8559544000|15.8166096000|15.8362820000|61100|983924.0000|15.8362820000
11100000|15.8362820000|15.8854630000|15.8166096000|15.8362820000|85300|1374404.0000|15.8362820000
11150000|15.8362820000|15.8756268000|15.8067734000|15.8264458000|49200|792260.0000|15.8264458000
11200000|15.8264458000|15.8362820000|15.8166096000|15.8166096000|28300|455236.0000|15.8166096000
11250000|15.8166096000|15.9149716000|15.8166096000|15.9051354000|73200|1181504.0000|15.9051354000
11300000|15.9051354000|15.9346440000|15.8952992000|15.9248078000|89300|1445008.0000|15.9248078000
13050000|15.9346440000|16.1313680000|15.9149716000|16.0428422000|561500|9151396.0000|16.0428422000
13100000|16.0526784000|16.1608766000|16.0526784000|16.1018594000|248900|4078792.0000|16.1018594000
13150000|16.1018594000|16.1215318000|16.0821870000|16.1018594000|121900|1995324.0000|16.1018594000
13200000|16.1018594000|16.1116956000|16.0526784000|16.0526784000|90800|1485184.0000|16.0526784000
13250000|16.0625146000|16.0723508000|16.0231698000|16.0723508000|75500|1232008.0000|16.0723508000
13300000|16.0625146000|16.1215318000|16.0428422000|16.1116956000|174800|2859872.0000|16.1116956000
13350000|16.0625146000|16.1018594000|16.0034974000|16.0034974000|121800|1985296.0000|16.0034974000
13400000|16.0034974000|16.0231698000|15.9641526000|15.9838250000|87400|1420160.0000|15.9838250000
13450000|15.9838250000|16.0428422000|15.9838250000|16.0330060000|101400|1650256.0000|16.0330060000
13500000|16.0034974000|16.0231698000|15.9543164000|15.9543164000|125600|2039456.0000|15.9543164000
13550000|15.9543164000|15.9936612000|15.9543164000|15.9936612000|42000|682000.0000|15.9936612000
14000000|15.9641526000|15.9936612000|15.9248078000|15.9346440000|60100|974456.0000|15.9346440000
14050000|15.9346440000|15.9346440000|15.8657906000|15.9051354000|78800|1274208.0000|15.9051354000
14100000|15.9051354000|15.9248078000|15.9051354000|15.9051354000|14000|226480.0000|15.9051354000
14150000|15.9248078000|15.9248078000|15.8854630000|15.8952992000|19900|321648.0000|15.8952992000
14200000|15.9051354000|15.9051354000|15.8756268000|15.8952992000|50800|820720.0000|15.8952992000
14250000|15.8952992000|15.9444802000|15.8854630000|15.9248078000|31800|514968.0000|15.9248078000
14300000|15.9248078000|16.0330060000|15.9248078000|16.0330060000|159000|2587800.0000|16.0330060000
14350000|16.0330060000|16.0821870000|16.0034974000|16.0723508000|140400|2291512.0000|16.0723508000
14400000|16.0723508000|16.1018594000|16.0428422000|16.0920232000|176700|2888984.0000|16.0920232000
14450000|16.0920232000|16.1313680000|16.0526784000|16.1116956000|183500|3003776.0000|16.1116956000
14500000|16.1116956000|16.1215318000|16.0920232000|16.1018594000|260100|4258704.0000|16.1018594000
14550000|16.1116956000|16.1116956000|16.0723508000|16.1116956000|139200|2278480.0000|16.1116956000
15000000|16.1116956000|16.1116956000|16.0920232000|16.1018594000|69600|1139440.0000|16.1018594000
