093500|10.97|10.98|10.82|10.83|23967.0|26088049.0|11.03
094000|10.83|10.92|10.83|10.91|11950.0|12980140.0|10.83
094500|10.9|10.91|10.88|10.9|9684.0|10548577.0|10.91
095000|10.9|10.95|10.89|10.94|6794.0|7421966.0|10.9
095500|10.94|10.95|10.92|10.92|4418.0|4830937.0|10.94
100000|10.92|10.95|10.92|10.92|3182.0|3478959.0|10.92
100500|10.92|10.97|10.92|10.97|5414.0|5923600.0|10.92
101000|10.97|10.98|10.95|10.97|4245.0|4654549.0|10.97
101500|10.96|11.0|10.96|11.0|3827.0|4205119.0|10.97
102000|10.99|11.0|10.95|10.95|3312.0|3635120.0|11.0
102500|10.95|10.98|10.95|10.98|2213.0|2426411.0|10.95
103000|10.98|11.02|10.97|11.01|3281.0|3605866.0|10.98
103500|11.01|11.03|10.99|11.0|3672.0|4044428.0|11.01
104000|11.0|11.02|10.99|11.0|3148.0|3463797.0|11.0
104500|11.0|11.0|10.96|10.97|3127.0|3432099.0|11.0
105000|10.97|10.98|10.93|10.93|4387.0|4805775.0|10.97
105500|10.93|10.96|10.93|10.94|1682.0|1840538.0|10.93
110000|10.94|10.94|10.93|10.94|2661.0|2909125.0|10.94
110500|10.94|10.94|10.91|10.93|2636.0|2879863.0|10.94
111000|10.93|10.94|10.92|10.93|2454.0|2682329.0|10.93
111500|10.93|10.94|10.92|10.92|2628.0|2871035.0|10.93
112000|10.93|10.95|10.92|10.95|2211.0|2418268.0|10.92
112500|10.95|10.96|10.94|10.95|780.0|854000.0|10.95
113000|10.95|10.95|10.94|10.95|2316.0|2534580.0|10.95
130500|10.95|10.97|10.95|10.95|2710.0|2968314.0|10.95
131000|10.95|10.95|10.93|10.95|2373.0|2596166.0|10.95
131500|10.94|10.97|10.94|10.94|2585.0|2832439.0|10.95
132000|10.94|10.95|10.92|10.94|3573.0|3906140.0|10.94
132500|10.94|10.95|10.92|10.92|1877.0|2052838.0|10.94
133000|10.93|10.94|10.92|10.93|1642.0|1795321.0|10.92
133500|10.94|10.95|10.92|10.92|2882.0|3151581.0|10.93
134000|10.92|10.93|10.91|10.92|3786.0|4134527.0|10.92
134500|10.93|10.95|10.92|10.94|2171.0|2374245.0|10.92
135000|10.93|10.94|10.92|10.93|2431.0|2657346.0|10.94
135500|10.93|10.94|10.92|10.93|1951.0|2132202.0|10.93
140000|10.92|10.94|10.92|10.94|1334.0|1458255.0|10.93
140500|10.94|10.96|10.93|10.96|3157.0|3454323.0|10.94
141000|10.96|10.97|10.95|10.95|2393.0|2622476.0|10.96
141500|10.95|10.96|10.93|10.93|1821.0|1992536.0|10.95
142000|10.93|10.94|10.92|10.94|2648.0|2894415.0|10.93
142500|10.93|10.94|10.91|10.92|3915.0|4276444.0|10.94
143000|10.91|10.92|10.9|10.91|3962.0|4322590.0|10.92
143500|10.91|10.92|10.86|10.89|12950.0|14097600.0|10.91
144000|10.88|10.89|10.87|10.88|3479.0|3785037.0|10.89
144500|10.87|10.89|10.86|10.89|7169.0|7795301.0|10.88
145000|10.87|10.88|10.86|10.86|6602.0|7172123.0|10.89
145500|10.86|10.86|10.85|10.85|7602.0|8251264.0|10.86
150000|10.85|10.86|10.84|10.84|10636.0|11534123.0|10.85
