093500|15.72|15.74|15.55|15.7|42806.0|67034642.0|16.18
094000|15.72|15.76|15.64|15.66|23093.0|36244639.0|15.7
094500|15.65|15.69|15.61|15.65|9161.0|14332187.0|15.66
095000|15.65|15.75|15.61|15.73|9451.0|14803291.0|15.65
095500|15.73|15.9|15.73|15.85|11673.0|18474714.0|15.73
100000|15.86|15.92|15.83|15.87|5653.0|8970924.0|15.85
100500|15.85|15.92|15.85|15.85|5578.0|8855840.0|15.87
101000|15.84|15.86|15.83|15.83|3038.0|4812851.0|15.85
101500|15.84|15.89|15.82|15.88|2929.0|4643534.0|15.83
102000|15.88|15.92|15.88|15.91|2989.0|4752426.0|15.88
102500|15.92|15.99|15.91|15.99|5651.0|9018382.0|15.91
103000|15.99|15.99|15.95|15.99|3579.0|5717301.0|15.99
103500|15.98|15.99|15.91|15.93|2743.0|4370726.0|15.99
104000|15.92|15.97|15.91|15.93|1557.0|2481977.0|15.93
104500|15.92|15.97|15.91|15.97|3581.0|5706182.0|15.93
105000|15.94|15.97|15.93|15.94|3298.0|5262678.0|15.97
105500|15.94|15.96|15.92|15.95|1392.0|2219279.0|15.94
110000|15.94|15.98|15.92|15.92|2668.0|4257887.0|15.95
110500|15.93|15.97|15.91|15.95|3237.0|5158040.0|15.92
111000|15.94|15.96|15.93|15.94|985.0|1570397.0|15.95
111500|15.94|15.97|15.93|15.95|1588.0|2532688.0|15.94
112000|15.95|15.97|15.93|15.93|1565.0|2496019.0|15.95
112500|15.93|15.96|15.92|15.94|1792.0|2856439.0|15.93
113000|15.94|15.94|15.91|15.91|1215.0|1934853.0|15.94
130500|15.91|16.06|15.91|16.0|7151.0|11440492.0|15.91
131000|16.0|16.02|15.98|15.99|1794.0|2871226.0|16.0
131500|15.99|16.0|15.98|15.99|629.0|1005755.0|15.99
132000|15.99|16.0|15.96|15.97|1709.0|2730594.0|15.99
132500|15.98|16.02|15.98|16.01|1335.0|2135608.0|15.97
133000|16.01|16.02|15.98|16.02|995.0|1592179.0|16.01
133500|16.02|16.02|15.99|16.01|2636.0|4218496.0|16.02
134000|16.0|16.0|15.97|15.98|1512.0|2417555.0|16.01
134500|15.98|15.98|15.92|15.92|1578.0|2514418.0|15.98
135000|15.92|15.92|15.89|15.92|1863.0|2962250.0|15.92
135500|15.92|15.92|15.9|15.92|1088.0|1730811.0|15.92
140000|15.91|15.93|15.89|15.9|1444.0|2297657.0|15.92
140500|15.89|15.9|15.87|15.9|2586.0|4107850.0|15.9
141000|15.89|15.92|15.88|15.9|1680.0|2671054.0|15.9
141500|15.88|15.92|15.88|15.91|847.0|1347117.0|15.9
142000|15.91|15.91|15.87|15.88|1711.0|2718181.0|15.91
142500|15.87|15.9|15.86|15.89|1545.0|2453794.0|15.88
143000|15.88|15.9|15.88|15.89|1035.0|1644649.0|15.89
143500|15.9|15.91|15.88|15.89|3069.0|4878509.0|15.89
144000|15.89|15.89|15.86|15.87|1986.0|3153896.0|15.89
144500|15.87|15.9|15.85|15.9|4794.0|7606772.0|15.87
145000|15.9|15.92|15.87|15.9|4758.0|7563802.0|15.9
145500|15.89|15.92|15.89|15.91|4059.0|6454998.0|15.9
150000|15.91|15.92|15.9|15.91|2767.0|4402218.0|15.91
