09350000|10.8450930800|10.9353184800|10.8450930800|10.8811832400|595500|7186934.0000|10.8811832400
09400000|10.8811832400|10.9714086400|10.8721607000|10.9353184800|694233|8413764.0000|10.9353184800
09450000|10.9262959400|10.9623861000|10.8992283200|10.9443410200|254500|3084529.0000|10.9443410200
09500000|10.9443410200|10.9804311800|10.9172734000|10.9623861000|461400|5599514.0000|10.9623861000
09550000|10.9714086400|10.9894537200|10.9353184800|10.9443410200|333400|4050509.0000|10.9443410200
10000000|10.9623861000|11.0345664200|10.9533635600|11.0074988000|686000|8362247.0000|11.0074988000
10050000|11.0074988000|11.0165213400|10.9714086400|10.9804311800|308100|3755414.0000|10.9804311800
10100000|10.9804311800|10.9894537200|10.9443410200|10.9533635600|211400|2569847.0000|10.9533635600
10150000|10.9533635600|10.9533635600|10.9262959400|10.9353184800|286100|3469057.0000|10.9353184800
10200000|10.9353184800|10.9353184800|10.8992283200|10.9082508600|245100|2964906.0000|10.9082508600
10250000|10.9082508600|10.9623861000|10.9082508600|10.9443410200|165000|1999199.0000|10.9443410200
10300000|10.9443410200|10.9714086400|10.9262959400|10.9443410200|447500|5426750.0000|10.9443410200
10350000|10.9533635600|10.9894537200|10.9443410200|10.9804311800|193700|2355913.0000|10.9804311800
10400000|10.9894537200|11.0255438800|10.9804311800|11.0165213400|327000|3988244.0000|11.0165213400
10450000|11.0165213400|11.0165213400|10.9804311800|11.0074988000|224200|2734532.0000|11.0074988000
10500000|11.0074988000|11.0074988000|10.9623861000|10.9714086400|84800|1033004.0000|10.9714086400
10550000|10.9714086400|10.9804311800|10.9533635600|10.9623861000|130100|1581429.0000|10.9623861000
11000000|10.9623861000|11.0074988000|10.9443410200|10.9984762600|250100|3044592.0000|10.9984762600
11050000|10.9984762600|10.9984762600|10.9533635600|10.9533635600|253700|3087411.0000|10.9533635600
11100000|10.9533635600|10.9984762600|10.9533635600|10.9984762600|310200|3775846.0000|10.9984762600
11150000|10.9894537200|10.9984762600|10.9804311800|10.9894537200|216200|2632109.0000|10.9894537200
11200000|10.9804311800|10.9804311800|10.9623861000|10.9804311800|120500|1465952.0000|10.9804311800
11250000|10.9804311800|10.9804311800|10.9623861000|10.9804311800|124600|1515511.0000|10.9804311800
11300000|10.9804311800|10.9804311800|10.9623861000|10.9623861000|106000|1289036.0000|10.9623861000
13050000|10.9623861000|10.9984762600|10.9533635600|10.9894537200|519536|6324055.0000|10.9894537200
13100000|10.9894537200|10.9894537200|10.9623861000|10.9714086400|123200|1499000.0000|10.9714086400
13150000|10.9714086400|10.9804311800|10.9623861000|10.9714086400|112600|1368990.0000|10.9714086400
13200000|10.9714086400|10.9714086400|10.9533635600|10.9623861000|148400|1802873.0000|10.9623861000
13250000|10.9623861000|10.9623861000|10.9353184800|10.9623861000|318900|3869891.0000|10.9623861000
13300000|10.9623861000|10.9894537200|10.9533635600|10.9804311800|406000|4939242.0000|10.9804311800
13350000|10.9804311800|10.9894537200|10.9623861000|10.9804311800|452500|5506841.0000|10.9804311800
13400000|10.9894537200|10.9894537200|10.9714086400|10.9894537200|148200|1803596.0000|10.9894537200
13450000|10.9894537200|10.9894537200|10.9804311800|10.9894537200|108200|1316946.0000|10.9894537200
13500000|10.9894537200|10.9894537200|10.9714086400|10.9714086400|99600|1212086.0000|10.9714086400
13550000|10.9714086400|10.9804311800|10.9623861000|10.9623861000|177000|2152898.0000|10.9623861000
14000000|10.9714086400|10.9804311800|10.9623861000|10.9804311800|139800|1699874.0000|10.9804311800
14050000|10.9804311800|10.9894537200|10.9714086400|10.9804311800|234500|2854024.0000|10.9804311800
14100000|10.9804311800|10.9894537200|10.9714086400|10.9714086400|87400|1063508.0000|10.9714086400
14150000|10.9804311800|10.9804311800|10.9623861000|10.9714086400|168900|2053517.0000|10.9714086400
14200000|10.9714086400|10.9804311800|10.9623861000|10.9804311800|98200|1193998.0000|10.9804311800
14250000|10.9714086400|10.9804311800|10.9623861000|10.9714086400|112800|1371791.0000|10.9714086400
14300000|10.9804311800|10.9804311800|10.9623861000|10.9804311800|125700|1528633.0000|10.9804311800
14350000|10.9804311800|10.9984762600|10.9714086400|10.9984762600|522290|6359275.0000|10.9984762600
14400000|10.9894537200|10.9984762600|10.9804311800|10.9894537200|120100|1462584.0000|10.9894537200
14450000|10.9894537200|10.9894537200|10.9714086400|10.9804311800|175800|2139592.0000|10.9804311800
14500000|10.9804311800|10.9894537200|10.9623861000|10.9894537200|275900|3356702.0000|10.9894537200
14550000|10.9894537200|11.0074988000|10.9714086400|11.0074988000|847100|10322248.0000|11.0074988000
15000000|10.9984762600|11.0074988000|10.9894537200|10.9984762600|249082|3036626.0000|10.9984762600
