09350000|15.7066938000|15.7640175000|15.6971398500|15.7258017000|1125700|18520502.0000|15.7258017000
09400000|15.7258017000|15.7926793500|15.7258017000|15.7735714500|587000|9688638.0000|15.7735714500
09450000|15.7735714500|15.8022333000|15.7353556500|15.7831254000|346800|5723424.0000|15.7831254000
09500000|15.7831254000|15.8404491000|15.7735714500|15.8404491000|332600|5502176.0000|15.8404491000
09550000|15.8308951500|15.8691109500|15.8308951500|15.8500030500|551300|9148908.0000|15.8500030500
10000000|15.8595570000|15.9359886000|15.8595570000|15.9359886000|867000|14439668.0000|15.9359886000
10050000|15.9264346500|15.9359886000|15.8500030500|15.8691109500|602700|10024864.0000|15.8691109500
10100000|15.8691109500|15.8882188500|15.8595570000|15.8595570000|271100|4504104.0000|15.8595570000
10150000|15.8595570000|15.8691109500|15.7831254000|15.7831254000|301100|4986664.0000|15.7831254000
10200000|15.7926793500|15.8117872500|15.7735714500|15.8022333000|199900|3303640.0000|15.8022333000
10250000|15.8117872500|15.8308951500|15.7831254000|15.8308951500|367100|6076136.0000|15.8308951500
10300000|15.8404491000|15.8500030500|15.7449096000|15.7449096000|591700|9781632.0000|15.7449096000
10350000|15.7449096000|15.8308951500|15.7258017000|15.8308951500|752600|12420640.0000|15.8308951500
10400000|15.8213412000|15.8404491000|15.7831254000|15.7831254000|159400|2639080.0000|15.7831254000
10450000|15.7831254000|15.7926793500|15.7544635500|15.7544635500|298600|4927736.0000|15.7544635500
10500000|15.7544635500|15.7831254000|15.7544635500|15.7831254000|185500|3061648.0000|15.7831254000
10550000|15.7735714500|15.7926793500|15.7640175000|15.7735714500|124100|2049352.0000|15.7735714500
11000000|15.7735714500|15.8022333000|15.7735714500|15.8022333000|137700|2276184.0000|15.8022333000
11050000|15.7926793500|15.8022333000|15.7735714500|15.7831254000|137700|2275696.0000|15.7831254000
11100000|15.7831254000|15.8022333000|15.7735714500|15.8022333000|103100|1704448.0000|15.8022333000
11150000|15.8117872500|15.8500030500|15.7926793500|15.8308951500|310700|5144432.0000|15.8308951500
11200000|15.8404491000|15.8977728000|15.8213412000|15.8882188500|282200|4684592.0000|15.8882188500
11250000|15.8882188500|15.8977728000|15.8500030500|15.8691109500|161500|2682096.0000|15.8691109500
11300000|15.8691109500|15.8691109500|15.8308951500|15.8404491000|74800|1240672.0000|15.8404491000
13050000|15.8308951500|15.8500030500|15.8022333000|15.8022333000|134600|2230368.0000|15.8022333000
13100000|15.8022333000|15.8213412000|15.8022333000|15.8117872500|67300|1113840.0000|15.8117872500
13150000|15.8117872500|15.8117872500|15.7640175000|15.7640175000|171000|2824368.0000|15.7640175000
13200000|15.7640175000|15.8117872500|15.7640175000|15.7831254000|92000|1520480.0000|15.7831254000
13250000|15.7831254000|15.8213412000|15.7735714500|15.8213412000|74400|1230720.0000|15.8213412000
13300000|15.8022333000|15.8117872500|15.7831254000|15.8117872500|132100|2184208.0000|15.8117872500
13350000|15.8117872500|15.8117872500|15.7926793500|15.8022333000|186400|3082272.0000|15.8022333000
13400000|15.7926793500|15.8404491000|15.7926793500|15.8308951500|329700|5458720.0000|15.8308951500
13450000|15.8308951500|15.8308951500|15.8117872500|15.8117872500|100200|1659680.0000|15.8117872500
13500000|15.8117872500|15.8308951500|15.8117872500|15.8213412000|104300|1727152.0000|15.8213412000
13550000|15.8213412000|15.8308951500|15.8117872500|15.8213412000|83000|1375120.0000|15.8213412000
14000000|15.8213412000|15.8213412000|15.7926793500|15.8022333000|116000|1919664.0000|15.8022333000
14050000|15.8022333000|15.8404491000|15.8022333000|15.8308951500|99100|1641424.0000|15.8308951500
14100000|15.8308951500|15.8404491000|15.8213412000|15.8308951500|121600|2015008.0000|15.8308951500
14150000|15.8308951500|15.8404491000|15.8022333000|15.8213412000|114400|1893312.0000|15.8213412000
14200000|15.8213412000|15.8308951500|15.7926793500|15.8022333000|158300|2620528.0000|15.8022333000
14250000|15.7926793500|15.7926793500|15.7544635500|15.7544635500|238000|3929472.0000|15.7544635500
14300000|15.7544635500|15.7831254000|15.7353556500|15.7735714500|210700|3476688.0000|15.7735714500
14350000|15.7831254000|15.7926793500|15.7640175000|15.7831254000|300800|4967888.0000|15.7831254000
14400000|15.7926793500|15.8117872500|15.7831254000|15.7926793500|204400|3378368.0000|15.7926793500
14450000|15.7926793500|15.8022333000|15.7735714500|15.7735714500|223900|3701744.0000|15.7735714500
14500000|15.7831254000|15.7926793500|15.7544635500|15.7544635500|267100|4408144.0000|15.7544635500
14550000|15.7544635500|15.7735714500|15.7449096000|15.7640175000|259900|4286400.0000|15.7640175000
15000000|15.7640175000|15.7640175000|15.7449096000|15.7449096000|148600|2449888.0000|15.7449096000
