093500|14.0|14.04|14.0|14.0|22534.0|31604264.0|14.0
094000|14.01|14.01|13.99|14.0|5701.0|7979799.0|14.0
094500|13.99|14.05|13.98|14.05|14222.0|19940012.0|14.0
095000|14.04|14.06|14.03|14.05|7657.0|10755496.0|14.05
095500|14.05|14.06|14.02|14.02|5875.0|8248927.0|14.05
100000|14.02|14.03|14.01|14.01|3072.0|4306999.0|14.02
100500|14.01|14.03|14.01|14.03|3447.0|4833191.0|14.01
101000|14.03|14.04|14.02|14.02|2467.0|3460453.0|14.03
101500|14.02|14.04|14.02|14.02|3069.0|4306496.0|14.02
102000|14.02|14.04|14.02|14.04|4310.0|6049064.0|14.02
102500|14.03|14.05|14.03|14.05|4906.0|6888383.0|14.04
103000|14.04|14.05|14.02|14.02|7760.0|10889490.0|14.05
103500|14.03|14.04|14.02|14.03|5269.0|7395128.0|14.02
104000|14.03|14.03|14.02|14.03|1555.0|2180983.0|14.03
104500|14.03|14.04|14.02|14.04|3994.0|5605248.0|14.03
105000|14.04|14.05|14.03|14.05|2984.0|4191132.0|14.04
105500|14.05|14.06|14.04|14.05|4185.0|5878487.0|14.05
110000|14.04|14.06|14.04|14.05|2333.0|3277936.0|14.05
110500|14.06|14.06|14.05|14.06|1018.0|1431124.0|14.05
111000|14.06|14.06|14.05|14.05|1198.0|1683555.0|14.06
111500|14.05|14.06|14.05|14.06|941.0|1322569.0|14.05
112000|14.05|14.06|14.05|14.06|2382.0|3347482.0|14.06
112500|14.06|14.06|14.05|14.06|2487.0|3495672.0|14.06
113000|14.06|14.07|14.06|14.07|1963.0|2760701.0|14.06
130500|14.07|14.08|14.06|14.08|4262.0|5996499.0|14.07
131000|14.07|14.07|14.06|14.06|1131.0|1590910.0|14.08
131500|14.07|14.07|14.04|14.05|4653.0|6540304.0|14.06
132000|14.04|14.05|14.03|14.03|1093.0|1534298.0|14.05
132500|14.03|14.04|14.02|14.03|3074.0|4312326.0|14.03
133000|14.02|14.04|14.02|14.03|2191.0|3073004.0|14.03
133500|14.04|14.04|14.02|14.03|1862.0|2612082.0|14.03
134000|14.03|14.03|14.01|14.01|1759.0|2466280.0|14.03
134500|14.03|14.05|14.01|14.04|2620.0|3675763.0|14.01
135000|14.04|14.08|14.03|14.07|9246.0|13002213.0|14.04
135500|14.08|14.11|14.07|14.1|9421.0|13277828.0|14.07
140000|14.11|14.13|14.11|14.11|8207.0|11587434.0|14.1
140500|14.11|14.12|14.1|14.1|2129.0|3003351.0|14.11
141000|14.1|14.11|14.08|14.08|4219.0|5946476.0|14.1
141500|14.08|14.09|14.08|14.09|1222.0|1721359.0|14.08
142000|14.08|14.09|14.07|14.08|1658.0|2334660.0|14.09
142500|14.08|14.08|14.07|14.07|1367.0|1923616.0|14.08
143000|14.07|14.08|14.07|14.07|2035.0|2864265.0|14.07
143500|14.07|14.07|14.06|14.06|2458.0|3456926.0|14.07
144000|14.07|14.07|14.05|14.06|2225.0|3128407.0|14.06
144500|14.05|14.06|14.05|14.05|1861.0|2615389.0|14.06
145000|14.05|14.06|14.04|14.05|4332.0|6085597.0|14.05
145500|14.05|14.06|14.04|14.04|4120.0|5786816.0|14.05
150000|14.05|14.06|14.04|14.06|2638.0|3709387.0|14.04
