09350000|27.2791058400|27.5653074900|27.2463970800|27.4998899700|1686300|56636542.0000|27.4998899700
09400000|27.4917127800|27.4998899700|27.3036374100|27.3199917900|955300|31990533.0000|27.3199917900
09450000|27.3527005500|27.3608777400|27.2791058400|27.3118146000|609608|20366499.0000|27.3118146000
09500000|27.3199917900|27.3281689800|27.1482708000|27.1482708000|836192|27849228.0000|27.1482708000
09550000|27.1564479900|27.2218655100|27.1400936100|27.1728023700|635800|21121290.0000|27.1728023700
10000000|27.1728023700|27.1728023700|27.0664989000|27.0910304700|1122100|37189765.0000|27.0910304700
10050000|27.0910304700|27.1073848500|27.0501445200|27.0664989000|1221399|40441540.0000|27.0664989000
10100000|27.0746760900|27.0910304700|27.0337901400|27.0746760900|910242|30120055.0000|27.0746760900
10150000|27.0746760900|27.0746760900|27.0419673300|27.0664989000|502400|16623284.0000|27.0664989000
10200000|27.0583217100|27.0828532800|27.0419673300|27.0501445200|865600|28645264.0000|27.0501445200
10250000|27.0419673300|27.0501445200|26.9601954300|26.9683726200|1726458|56988000.0000|26.9683726200
10300000|26.9683726200|27.0092585700|26.9683726200|26.9929041900|600134|19804240.0000|26.9929041900
10350000|26.9929041900|27.0174357600|26.9847270000|26.9929041900|537800|17755472.0000|26.9929041900
10400000|27.0092585700|27.0092585700|26.9847270000|26.9929041900|511500|16885184.0000|26.9929041900
10450000|26.9929041900|27.0256129500|26.9929041900|27.0174357600|363800|12013360.0000|27.0174357600
10500000|27.0092585700|27.0174357600|26.9929041900|26.9929041900|372700|12307456.0000|26.9929041900
10550000|27.0010813800|27.0174357600|26.9929041900|27.0092585700|223900|7393824.0000|27.0092585700
11000000|27.0092585700|27.0256129500|27.0010813800|27.0092585700|294700|9737280.0000|27.0092585700
11050000|27.0092585700|27.0174357600|26.9929041900|26.9929041900|267500|8834160.0000|26.9929041900
11100000|26.9929041900|27.0174357600|26.9929041900|27.0174357600|276000|9113680.0000|27.0174357600
11150000|27.0174357600|27.0419673300|27.0010813800|27.0337901400|189100|6248912.0000|27.0337901400
11200000|27.0337901400|27.0419673300|27.0092585700|27.0256129500|193400|6391616.0000|27.0256129500
11250000|27.0256129500|27.0910304700|27.0256129500|27.0910304700|227500|7525632.0000|27.0910304700
11300000|27.0992076600|27.0992076600|27.0501445200|27.0501445200|202700|6712672.0000|27.0501445200
13050000|27.0501445200|27.0501445200|27.0010813800|27.0092585700|410474|13566960.0000|27.0092585700
13100000|27.0092585700|27.0174357600|26.9847270000|26.9847270000|658300|21731296.0000|26.9847270000
13150000|26.9847270000|27.0419673300|26.9847270000|27.0419673300|249400|8234800.0000|27.0419673300
13200000|27.0256129500|27.0337901400|26.9847270000|26.9847270000|252000|8321120.0000|26.9847270000
13250000|26.9929041900|26.9929041900|26.9683726200|26.9847270000|413816|13653248.0000|26.9847270000
13300000|26.9847270000|26.9847270000|26.9274866700|26.9274866700|687450|22660656.0000|26.9274866700
13350000|26.9274866700|26.9274866700|26.8866007200|26.9193094800|832700|27395040.0000|26.9193094800
13400000|26.9193094800|26.9438410500|26.9029551000|26.9193094800|276000|9087792.0000|26.9193094800
13450000|26.9193094800|26.9847270000|26.9029551000|26.9601954300|459900|15143936.0000|26.9601954300
13500000|26.9601954300|26.9683726200|26.9274866700|26.9683726200|228800|7539984.0000|26.9683726200
13550000|26.9601954300|26.9765498100|26.9601954300|26.9683726200|280000|9233216.0000|26.9683726200
14000000|26.9683726200|26.9847270000|26.9601954300|26.9683726200|264400|8721472.0000|26.9683726200
14050000|26.9601954300|26.9847270000|26.9601954300|26.9847270000|418400|13801168.0000|26.9847270000
14100000|26.9847270000|26.9847270000|26.9438410500|26.9520182400|452900|14931568.0000|26.9520182400
14150000|26.9520182400|26.9847270000|26.9438410500|26.9683726200|293159|9668560.0000|26.9683726200
14200000|26.9683726200|26.9847270000|26.9683726200|26.9847270000|273100|9010016.0000|26.9847270000
14250000|26.9765498100|27.0664989000|26.9683726200|27.0583217100|589400|19464640.0000|27.0583217100
14300000|27.0583217100|27.0828532800|27.0337901400|27.0664989000|605500|20038800.0000|27.0664989000
14350000|27.0664989000|27.0664989000|27.0092585700|27.0092585700|533700|17642464.0000|27.0092585700
14400000|27.0092585700|27.0092585700|27.0010813800|27.0010813800|504500|16659760.0000|27.0010813800
14450000|27.0010813800|27.0664989000|26.9765498100|27.0337901400|1736500|57405568.0000|27.0337901400
14500000|27.0337901400|27.0501445200|27.0174357600|27.0337901400|718808|23764336.0000|27.0337901400
14550000|27.0337901400|27.0337901400|26.9683726200|26.9683726200|657500|21702464.0000|26.9683726200
15000000|26.9683726200|26.9929041900|26.9683726200|26.9929041900|723518|23876928.0000|26.9929041900
