09350000|25.0222014000|25.0630873500|24.8831891700|25.0140242100|2552584|77980886.0000|25.0140242100
09400000|25.0140242100|25.1285048700|24.9731382600|25.1039733000|1437300|44011157.0000|25.1039733000
09450000|25.0957961100|25.0957961100|25.0140242100|25.0549101600|918300|28122485.0000|25.0549101600
09500000|25.0467329700|25.0957961100|24.9813154500|24.9976698300|1031400|31570788.0000|24.9976698300
09550000|24.9976698300|25.0222014000|24.9976698300|25.0058470200|587700|17973381.0000|25.0058470200
10000000|25.0058470200|25.0222014000|24.9894926400|24.9894926400|592200|18110333.0000|24.9894926400
10050000|24.9894926400|25.0058470200|24.9486066900|24.9813154500|776500|23713373.0000|24.9813154500
10100000|24.9813154500|24.9813154500|24.9404295000|24.9404295000|727500|22199501.0000|24.9404295000
10150000|24.9404295000|24.9649610700|24.9404295000|24.9649610700|687068|20960128.0000|24.9649610700
10200000|24.9731382600|25.0058470200|24.8995435500|24.9077207400|1245480|37986416.0000|24.9077207400
10250000|24.9240751200|24.9976698300|24.9077207400|24.9813154500|376200|11487120.0000|24.9813154500
10300000|24.9894926400|24.9976698300|24.9404295000|24.9404295000|365700|11163360.0000|24.9404295000
10350000|24.9404295000|24.9649610700|24.9322523100|24.9567838800|325300|9923728.0000|24.9567838800
10400000|24.9649610700|24.9731382600|24.9486066900|24.9649610700|180500|5510032.0000|24.9649610700
10450000|24.9567838800|24.9649610700|24.9486066900|24.9567838800|291932|8909504.0000|24.9567838800
10500000|24.9567838800|24.9567838800|24.9404295000|24.9567838800|438000|13363120.0000|24.9567838800
10550000|24.9567838800|24.9649610700|24.9322523100|24.9404295000|461168|14067808.0000|24.9404295000
11000000|24.9404295000|24.9404295000|24.9077207400|24.9158979300|757088|23066160.0000|24.9158979300
11050000|24.9077207400|24.9322523100|24.9077207400|24.9077207400|490112|14933008.0000|24.9077207400
11100000|24.8995435500|24.9240751200|24.8913663600|24.9240751200|336100|10238080.0000|24.9240751200
11150000|24.9240751200|24.9404295000|24.9077207400|24.9322523100|320700|9772432.0000|24.9322523100
11200000|24.9404295000|24.9813154500|24.9404295000|24.9813154500|279100|8519936.0000|24.9813154500
11250000|24.9813154500|24.9894926400|24.9486066900|24.9567838800|424400|12956752.0000|24.9567838800
11300000|24.9486066900|24.9649610700|24.9404295000|24.9649610700|218536|6668928.0000|24.9649610700
13050000|24.9649610700|24.9731382600|24.9567838800|24.9649610700|435000|13281168.0000|24.9649610700
13100000|24.9649610700|24.9649610700|24.9404295000|24.9486066900|208200|6352400.0000|24.9486066900
13150000|24.9486066900|24.9567838800|24.9404295000|24.9486066900|348400|10628864.0000|24.9486066900
13200000|24.9486066900|24.9649610700|24.9486066900|24.9486066900|306900|9365520.0000|24.9486066900
13250000|24.9567838800|24.9567838800|24.9404295000|24.9486066900|255300|7789120.0000|24.9486066900
13300000|24.9486066900|24.9567838800|24.9322523100|24.9404295000|471300|14376224.0000|24.9404295000
13350000|24.9404295000|24.9486066900|24.9322523100|24.9322523100|515264|15715536.0000|24.9322523100
13400000|24.9322523100|24.9404295000|24.9240751200|24.9322523100|209200|6378736.0000|24.9322523100
13450000|24.9240751200|24.9322523100|24.9240751200|24.9240751200|267900|8166320.0000|24.9240751200
13500000|24.9322523100|24.9404295000|24.9240751200|24.9322523100|207800|6335472.0000|24.9322523100
13550000|24.9404295000|24.9404295000|24.9240751200|24.9404295000|188600|5750464.0000|24.9404295000
14000000|24.9322523100|24.9404295000|24.9322523100|24.9404295000|179100|5461888.0000|24.9404295000
14050000|24.9404295000|24.9404295000|24.9240751200|24.9322523100|372000|11341472.0000|24.9322523100
14100000|24.9240751200|24.9404295000|24.9158979300|24.9322523100|426500|13001824.0000|24.9322523100
14150000|24.9322523100|24.9404295000|24.9240751200|24.9322523100|266000|8110416.0000|24.9322523100
14200000|24.9404295000|24.9486066900|24.9240751200|24.9404295000|550600|16792416.0000|24.9404295000
14250000|24.9404295000|24.9486066900|24.9322523100|24.9404295000|522400|15930400.0000|24.9404295000
14300000|24.9404295000|24.9486066900|24.9322523100|24.9404295000|491600|14994960.0000|24.9404295000
14350000|24.9486066900|24.9486066900|24.9240751200|24.9240751200|1116300|34043440.0000|24.9240751200
14400000|24.9322523100|24.9404295000|24.9240751200|24.9322523100|595800|18164848.0000|24.9322523100
14450000|24.9322523100|24.9486066900|24.9322523100|24.9486066900|494600|15084800.0000|24.9486066900
14500000|24.9404295000|24.9649610700|24.9404295000|24.9567838800|781800|23857264.0000|24.9567838800
14550000|24.9567838800|24.9649610700|24.9404295000|24.9567838800|1284610|39196288.0000|24.9567838800
15000000|24.9486066900|24.9894926400|24.9486066900|24.9813154500|826400|25239392.0000|24.9813154500
