093500|30.66|30.66|30.49|30.57|1713.0|5248226.0|30.73
094000|30.57|30.59|30.49|30.51|2368.0|7241910.0|30.57
094500|30.5|30.51|30.42|30.43|1810.0|5525718.0|30.51
095000|30.45|30.49|30.44|30.46|1699.0|5187806.0|30.43
095500|30.45|30.5|30.44|30.49|953.0|2909499.0|30.46
100000|30.5|30.53|30.42|30.42|1703.0|5199989.0|30.49
100500|30.41|30.42|30.35|30.38|2291.0|6980748.0|30.42
101000|30.37|30.4|30.33|30.4|1595.0|4852538.0|30.38
101500|30.4|30.4|30.36|30.37|643.0|1957392.0|30.4
102000|30.36|30.38|30.32|30.32|1104.0|3356297.0|30.37
102500|30.32|30.37|30.26|30.35|1834.0|5571492.0|30.32
103000|30.35|30.35|30.29|30.31|635.0|1929617.0|30.35
103500|30.32|30.33|30.29|30.33|572.0|1737649.0|30.31
104000|30.32|30.37|30.29|30.29|954.0|2899438.0|30.33
104500|30.3|30.3|30.24|30.24|1315.0|3989321.0|30.29
105000|30.25|30.26|30.23|30.25|1355.0|4107351.0|30.24
105500|30.26|30.27|30.25|30.26|537.0|1628866.0|30.25
110000|30.26|30.26|30.21|30.24|1747.0|5293532.0|30.26
110500|30.24|30.28|30.22|30.23|1020.0|3094365.0|30.24
111000|30.23|30.27|30.18|30.21|2324.0|7035031.0|30.23
111500|30.21|30.23|30.18|30.23|689.0|2083026.0|30.21
112000|30.23|30.23|30.18|30.19|786.0|2378865.0|30.23
112500|30.19|30.2|30.18|30.19|619.0|1872873.0|30.19
113000|30.19|30.23|30.17|30.23|827.0|2504101.0|30.19
130500|30.22|30.33|30.22|30.28|751.0|2278589.0|30.23
131000|30.31|30.41|30.28|30.34|655.0|1991893.0|30.28
131500|30.35|30.35|30.29|30.29|431.0|1311737.0|30.34
132000|30.29|30.33|30.27|30.28|338.0|1026530.0|30.29
132500|30.28|30.3|30.25|30.25|354.0|1074109.0|30.28
133000|30.25|30.26|30.24|30.25|299.0|904770.0|30.25
133500|30.24|30.3|30.23|30.28|630.0|1910988.0|30.25
134000|30.3|30.31|30.29|30.31|378.0|1148000.0|30.28
134500|30.3|30.31|30.28|30.28|367.0|1114081.0|30.31
135000|30.27|30.28|30.24|30.24|358.0|1085481.0|30.28
135500|30.25|30.25|30.13|30.2|2489.0|7528667.0|30.24
140000|30.2|30.25|30.19|30.25|742.0|2248018.0|30.2
140500|30.24|30.25|30.23|30.25|420.0|1273056.0|30.25
141000|30.25|30.25|30.21|30.22|632.0|1914791.0|30.25
141500|30.22|30.28|30.21|30.28|578.0|1750316.0|30.22
142000|30.29|30.36|30.28|30.35|783.0|2378661.0|30.28
142500|30.33|30.35|30.3|30.31|558.0|1695655.0|30.35
143000|30.3|30.31|30.22|30.23|1113.0|3376186.0|30.31
143500|30.22|30.22|30.18|30.21|1292.0|3909869.0|30.23
144000|30.21|30.24|30.2|30.23|475.0|1438491.0|30.21
144500|30.22|30.22|30.19|30.21|1017.0|3080546.0|30.23
145000|30.21|30.26|30.21|30.25|1153.0|3495042.0|30.21
145500|30.24|30.26|30.24|30.25|991.0|3003567.0|30.25
150000|30.26|30.26|30.22|30.22|1441.0|4366419.0|30.25
