09350000|3.0726084000|3.1122549600|3.0726084000|3.1023433200|1362900|4252219.0000|3.1023433200
09400000|3.1023433200|3.1122549600|3.0924316800|3.1023433200|572300|1791206.0000|3.1023433200
09450000|3.0924316800|3.1023433200|3.0924316800|3.0924316800|273200|854840.0000|3.0924316800
09500000|3.1023433200|3.1221666000|3.0924316800|3.1221666000|536500|1682224.0000|3.1221666000
09550000|3.1221666000|3.1320782400|3.1122549600|3.1320782400|449900|1417864.0000|3.1320782400
10000000|3.1221666000|3.1320782400|3.1122549600|3.1221666000|121300|382084.0000|3.1221666000
10050000|3.1221666000|3.1320782400|3.1122549600|3.1221666000|478300|1506448.0000|3.1221666000
10100000|3.1221666000|3.1221666000|3.1023433200|3.1023433200|311800|979003.0000|3.1023433200
10150000|3.1023433200|3.1221666000|3.1023433200|3.1122549600|430000|1350229.0000|3.1122549600
10200000|3.1122549600|3.1221666000|3.1023433200|3.1122549600|225000|706506.0000|3.1122549600
10250000|3.1122549600|3.1221666000|3.1023433200|3.1122549600|177400|556934.0000|3.1122549600
10300000|3.1023433200|3.1122549600|3.1023433200|3.1122549600|170700|535449.0000|3.1122549600
10350000|3.1122549600|3.1122549600|3.1023433200|3.1023433200|49100|153986.0000|3.1023433200
10400000|3.1023433200|3.1122549600|3.1023433200|3.1122549600|282900|886648.0000|3.1122549600
10450000|3.1023433200|3.1221666000|3.1023433200|3.1221666000|270500|850480.0000|3.1221666000
10500000|3.1221666000|3.1221666000|3.1122549600|3.1221666000|87500|275072.0000|3.1221666000
10550000|3.1221666000|3.1320782400|3.1122549600|3.1221666000|299600|944004.0000|3.1221666000
11000000|3.1221666000|3.1320782400|3.1122549600|3.1221666000|246400|776380.0000|3.1221666000
11050000|3.1221666000|3.1320782400|3.1122549600|3.1221666000|146900|462600.0000|3.1221666000
11100000|3.1221666000|3.1221666000|3.1122549600|3.1122549600|137800|433660.0000|3.1122549600
11150000|3.1122549600|3.1221666000|3.1122549600|3.1122549600|181600|571912.0000|3.1122549600
11200000|3.1221666000|3.1221666000|3.1122549600|3.1122549600|38800|122050.0000|3.1122549600
11250000|3.1122549600|3.1221666000|3.0924316800|3.0924316800|462700|1449762.0000|3.0924316800
11300000|3.0924316800|3.1122549600|3.0924316800|3.0924316800|151200|473710.0000|3.0924316800
13050000|3.0924316800|3.1122549600|3.0924316800|3.1023433200|431300|1349084.0000|3.1023433200
13100000|3.1023433200|3.1023433200|3.0924316800|3.0924316800|43100|134846.0000|3.0924316800
13150000|3.1023433200|3.1023433200|3.0924316800|3.1023433200|85300|266786.0000|3.1023433200
13200000|3.1023433200|3.1023433200|3.0626967600|3.0825200400|1930200|5994728.0000|3.0825200400
13250000|3.0825200400|3.0825200400|3.0626967600|3.0825200400|935800|2896188.0000|3.0825200400
13300000|3.0825200400|3.0825200400|3.0726084000|3.0825200400|196200|609100.0000|3.0825200400
13350000|3.0825200400|3.0825200400|3.0726084000|3.0825200400|91600|284668.0000|3.0825200400
13400000|3.0825200400|3.0825200400|3.0726084000|3.0825200400|48600|151072.0000|3.0825200400
13450000|3.0825200400|3.0825200400|3.0726084000|3.0825200400|145700|453108.0000|3.0825200400
13500000|3.0825200400|3.0825200400|3.0626967600|3.0726084000|523000|1621932.0000|3.0726084000
13550000|3.0726084000|3.0924316800|3.0726084000|3.0924316800|126100|391612.0000|3.0924316800
14000000|3.0924316800|3.0924316800|3.0825200400|3.0825200400|42400|132048.0000|3.0825200400
14050000|3.0825200400|3.0924316800|3.0726084000|3.0726084000|178700|555844.0000|3.0726084000
14100000|3.0726084000|3.0825200400|3.0726084000|3.0825200400|143000|444728.0000|3.0825200400
14150000|3.0825200400|3.0825200400|3.0726084000|3.0825200400|24200|75036.0000|3.0825200400
14200000|3.0825200400|3.0924316800|3.0726084000|3.0825200400|247500|769552.0000|3.0825200400
14250000|3.0825200400|3.0924316800|3.0825200400|3.0825200400|92200|286836.0000|3.0825200400
14300000|3.0825200400|3.0924316800|3.0825200400|3.0924316800|104800|326772.0000|3.0924316800
14350000|3.0924316800|3.1023433200|3.0924316800|3.1023433200|100300|313256.0000|3.1023433200
14400000|3.1023433200|3.1122549600|3.0924316800|3.1023433200|438800|1371416.0000|3.1023433200
14450000|3.1122549600|3.1122549600|3.1023433200|3.1122549600|84600|265296.0000|3.1122549600
14500000|3.1122549600|3.1122549600|3.1023433200|3.1023433200|246100|771604.0000|3.1023433200
14550000|3.1023433200|3.1122549600|3.0924316800|3.0924316800|257600|806404.0000|3.0924316800
15000000|3.0924316800|3.1122549600|3.0924316800|3.1122549600|187800|589116.0000|3.1122549600
