09350000|15.5212427000|15.6594140000|15.5212427000|15.5672998000|543000|9192193.0000|15.5672998000
09400000|15.5857226400|15.5949340600|15.5120312800|15.5488769600|476978|8049846.0000|15.5488769600
09450000|15.5488769600|15.5672998000|15.4475513400|15.4659741800|710655|11968274.0000|15.4659741800
09500000|15.4659741800|15.5212427000|15.4475513400|15.4936084400|586500|9861826.0000|15.4936084400
09550000|15.5028198600|15.5304541200|15.4659741800|15.4659741800|356200|5993454.0000|15.4659741800
10000000|15.4659741800|15.5028198600|15.4291285000|15.4383399200|418800|7028270.0000|15.4383399200
10050000|15.4107056600|15.4291285000|15.3830714000|15.3830714000|857300|14339772.0000|15.3830714000
10100000|15.3922828200|15.4014942400|15.3738599800|15.3830714000|684900|11441484.0000|15.3830714000
10150000|15.3830714000|15.4107056600|15.3830714000|15.4014942400|501600|8382278.0000|15.4014942400
10200000|15.4014942400|15.4014942400|15.3554371400|15.3738599800|714350|11921111.0000|15.3738599800
10250000|15.3738599800|15.3738599800|15.3462257200|15.3462257200|492700|8213550.0000|15.3462257200
10300000|15.3462257200|15.3646485600|15.3370143000|15.3462257200|521168|8684626.0000|15.3462257200
10350000|15.3462257200|15.3554371400|15.3001686200|15.3093800400|653932|10877130.0000|15.3093800400
10400000|15.3185914600|15.3185914600|15.2356886800|15.2541115200|1102500|18285783.0000|15.2541115200
10450000|15.2541115200|15.2725343600|15.2264772600|15.2725343600|587800|9728753.0000|15.2725343600
10500000|15.2725343600|15.2725343600|15.2264772600|15.2356886800|513200|8495758.0000|15.2356886800
10550000|15.2356886800|15.2541115200|15.2264772600|15.2449001000|306300|5066466.0000|15.2449001000
11000000|15.2356886800|15.2541115200|15.2264772600|15.2449001000|297405|4919235.0000|15.2449001000
11050000|15.2356886800|15.2725343600|15.2356886800|15.2633229400|330595|5472996.0000|15.2633229400
11100000|15.2541115200|15.2633229400|15.2080544200|15.2080544200|718700|11879548.0000|15.2080544200
11150000|15.1988430000|15.2080544200|15.1527859000|15.1896315800|1590300|26217369.0000|15.1896315800
11200000|15.1896315800|15.2172658400|15.1712087400|15.2172658400|449800|7420212.0000|15.2172658400
11250000|15.2172658400|15.2909572000|15.2080544200|15.2633229400|298089|4937546.0000|15.2633229400
11300000|15.2541115200|15.2817457800|15.2356886800|15.2449001000|315747|5232692.0000|15.2449001000
13050000|15.2449001000|15.2909572000|15.1804201600|15.2817457800|1550710|25619990.0000|15.2817457800
13100000|15.2817457800|15.2817457800|15.2172658400|15.2633229400|171000|2830476.0000|15.2633229400
13150000|15.2633229400|15.2909572000|15.2172658400|15.2356886800|246900|4088018.0000|15.2356886800
13200000|15.2633229400|15.2633229400|15.1896315800|15.2356886800|266185|4396768.0000|15.2356886800
13250000|15.2356886800|15.2449001000|15.1896315800|15.2172658400|273515|4517664.0000|15.2172658400
13300000|15.2080544200|15.2356886800|15.1804201600|15.1988430000|314500|5191968.0000|15.1988430000
13350000|15.1988430000|15.1988430000|15.1712087400|15.1712087400|271400|4473104.0000|15.1712087400
13400000|15.1712087400|15.1988430000|15.1527859000|15.1619973200|384600|6334640.0000|15.1619973200
13450000|15.1619973200|15.1804201600|15.1435744800|15.1619973200|469213|7721728.0000|15.1619973200
13500000|15.1804201600|15.1988430000|15.1527859000|15.1712087400|258500|4256592.0000|15.1712087400
13550000|15.1712087400|15.1804201600|15.1343630600|15.1527859000|294487|4843344.0000|15.1527859000
14000000|15.1527859000|15.1527859000|15.1251516400|15.1251516400|257800|4236592.0000|15.1251516400
14050000|15.1251516400|15.1435744800|15.1067288000|15.1435744800|649600|10661440.0000|15.1435744800
14100000|15.1435744800|15.1712087400|15.0975173800|15.1067288000|635700|10438784.0000|15.1067288000
14150000|15.1067288000|15.1804201600|15.1067288000|15.1527859000|131000|2153584.0000|15.1527859000
14200000|15.1527859000|15.1712087400|15.1435744800|15.1435744800|155600|2560336.0000|15.1435744800
14250000|15.1527859000|15.1527859000|15.0790945400|15.1067288000|542646|8898048.0000|15.1067288000
14300000|15.0975173800|15.1251516400|15.0975173800|15.1251516400|291600|4783680.0000|15.1251516400
14350000|15.1251516400|15.1527859000|15.1159402200|15.1527859000|255900|4203504.0000|15.1527859000
14400000|15.1527859000|15.2909572000|15.1343630600|15.2172658400|629100|10390752.0000|15.2172658400
14450000|15.2172658400|15.2725343600|15.1988430000|15.1988430000|388718|6429920.0000|15.1988430000
14500000|15.2080544200|15.2264772600|15.1712087400|15.1988430000|655282|10794944.0000|15.1988430000
14550000|15.2080544200|15.2449001000|15.1988430000|15.2449001000|232786|3847520.0000|15.2449001000
15000000|15.2449001000|15.2633229400|15.2449001000|15.2541115200|271600|4497568.0000|15.2541115200
