09350000|16.3779047600|16.3963276000|16.2213106200|16.2305220400|415500|7354232.0000|16.2305220400
09400000|16.2305220400|16.2397334600|16.0462936400|16.0739279000|818800|14345269.0000|16.0739279000
09450000|16.0923507400|16.1291964200|16.0278708000|16.0647164800|422395|7372679.0000|16.0647164800
09500000|16.0647164800|16.1844649400|16.0647164800|16.1844649400|426405|7465925.0000|16.1844649400
09550000|16.1384078400|16.2213106200|16.1199850000|16.2213106200|347200|6098066.0000|16.2213106200
10000000|16.2213106200|16.2397334600|16.1752535200|16.2120992000|248800|4378458.0000|16.2120992000
10050000|16.2028877800|16.2028877800|16.1015621600|16.1107735800|243400|4267200.0000|16.1107735800
10100000|16.1107735800|16.1476192600|16.1015621600|16.1384078400|269300|4714008.0000|16.1384078400
10150000|16.1384078400|16.1384078400|16.0831393200|16.1015621600|269600|4714129.0000|16.1015621600
10200000|16.0923507400|16.1199850000|16.0555050600|16.0555050600|261300|4560591.0000|16.0555050600
10250000|16.0555050600|16.1015621600|16.0278708000|16.0278708000|369200|6438260.0000|16.0278708000
10300000|16.0370822200|16.1291964200|16.0278708000|16.0831393200|440500|7678619.0000|16.0831393200
10350000|16.0647164800|16.0923507400|16.0278708000|16.0555050600|358400|6247865.0000|16.0555050600
10400000|16.0370822200|16.0555050600|15.9818137000|16.0186593800|471600|8198845.0000|16.0186593800
10450000|16.0186593800|16.0370822200|16.0002365400|16.0002365400|290700|5054139.0000|16.0002365400
10500000|16.0002365400|16.0186593800|15.9726022800|16.0094479600|252800|4390675.0000|16.0094479600
10550000|16.0186593800|16.0278708000|15.9541794400|15.9541794400|244800|4249578.0000|15.9541794400
11000000|15.9541794400|15.9726022800|15.9173337600|15.9449680200|490200|8483445.0000|15.9449680200
11050000|15.9541794400|15.9726022800|15.9265451800|15.9449680200|232200|4018994.0000|15.9449680200
11100000|15.9357566000|15.9541794400|15.8989109200|15.9265451800|443000|7659122.0000|15.9265451800
11150000|15.9265451800|15.9541794400|15.9265451800|15.9357566000|362300|6266370.0000|15.9357566000
11200000|15.9449680200|16.0094479600|15.9449680200|15.9910251200|304900|5285118.0000|15.9910251200
11250000|15.9910251200|16.0370822200|15.9910251200|16.0370822200|158790|2758871.0000|16.0370822200
11300000|16.0370822200|16.0462936400|16.0186593800|16.0278708000|171154|2979306.0000|16.0278708000
13050000|16.0278708000|16.0831393200|15.9726022800|16.0739279000|498394|8665605.0000|16.0739279000
13100000|16.0739279000|16.1384078400|16.0739279000|16.1384078400|267915|4684066.0000|16.1384078400
13150000|16.1384078400|16.1844649400|16.1199850000|16.1752535200|162303|2846995.0000|16.1752535200
13200000|16.1660421000|16.1752535200|16.0923507400|16.1015621600|145800|2552677.0000|16.1015621600
13250000|16.1199850000|16.1476192600|16.0739279000|16.0739279000|152500|2667977.0000|16.0739279000
13300000|16.0739279000|16.0923507400|16.0278708000|16.0370822200|130200|2268398.0000|16.0370822200
13350000|16.0370822200|16.0555050600|16.0002365400|16.0370822200|291700|5077530.0000|16.0370822200
13400000|16.0278708000|16.0462936400|16.0094479600|16.0094479600|172100|2994249.0000|16.0094479600
13450000|16.0094479600|16.0462936400|16.0002365400|16.0462936400|501200|8714312.0000|16.0462936400
13500000|16.0462936400|16.1199850000|16.0094479600|16.1199850000|605000|10533004.0000|16.1199850000
13550000|16.1199850000|16.1199850000|16.0647164800|16.1015621600|177700|3103413.0000|16.1015621600
14000000|16.0923507400|16.1107735800|16.0739279000|16.1015621600|197200|3445773.0000|16.1015621600
14050000|16.0831393200|16.1291964200|16.0831393200|16.1107735800|533500|9323819.0000|16.1107735800
14100000|16.1291964200|16.2489448800|16.0831393200|16.2213106200|1080180|18954248.0000|16.2213106200
14150000|16.2397334600|16.2397334600|16.1476192600|16.1476192600|577900|10156608.0000|16.1476192600
14200000|16.1568306800|16.1844649400|16.1107735800|16.1752535200|482885|8465591.0000|16.1752535200
14250000|16.1752535200|16.2028877800|16.1291964200|16.1752535200|562100|9859281.0000|16.1752535200
14300000|16.2120992000|16.2305220400|16.1844649400|16.1936763600|235800|4149416.0000|16.1936763600
14350000|16.2213106200|16.2305220400|16.1936763600|16.2028877800|278300|4898930.0000|16.2028877800
14400000|16.1936763600|16.2213106200|16.1660421000|16.1936763600|336400|5914440.0000|16.1936763600
14450000|16.2120992000|16.2213106200|16.1660421000|16.2120992000|392200|6898336.0000|16.2120992000
14500000|16.1936763600|16.2120992000|16.1568306800|16.1936763600|338700|5951728.0000|16.1936763600
14550000|16.1936763600|16.1936763600|16.1291964200|16.1291964200|225600|3956192.0000|16.1291964200
15000000|16.1384078400|16.1568306800|16.1291964200|16.1476192600|218900|3835776.0000|16.1476192600
