093500|39.73|39.98|39.15|39.92|58202.0|232007108.0|40.72
094000|39.87|40.3|39.73|40.28|22203.0|89489381.0|39.92
094500|40.26|40.42|40.08|40.17|21582.0|87413849.0|40.28
095000|40.2|40.67|40.15|40.54|19649.0|80025188.0|40.17
095500|40.5|40.59|40.12|40.52|13756.0|55990322.0|40.54
100000|40.51|41.0|40.37|40.58|26986.0|110475540.0|40.52
100500|40.6|40.7|40.32|40.4|15340.0|62643377.0|40.58
101000|40.39|40.91|40.18|40.87|18570.0|75682806.0|40.4
101500|40.83|40.87|40.19|40.27|8928.0|36316621.0|40.87
102000|40.29|40.36|40.11|40.14|8388.0|33962377.0|40.27
102500|40.15|40.25|40.11|40.12|5186.0|20981200.0|40.14
103000|40.13|40.24|40.04|40.05|4981.0|20137133.0|40.12
103500|40.06|40.15|39.98|40.06|5222.0|21050395.0|40.05
104000|40.1|40.22|39.99|40.07|4198.0|16946675.0|40.06
104500|40.06|40.2|40.03|40.09|4735.0|19110680.0|40.07
105000|40.09|40.1|39.94|39.94|4916.0|19797675.0|40.09
105500|39.94|39.99|39.83|39.95|6798.0|27312204.0|39.94
110000|39.94|39.96|39.85|39.9|5310.0|21329899.0|39.95
110500|39.91|40.01|39.85|39.99|6113.0|24572363.0|39.9
111000|39.98|40.09|39.98|40.04|3083.0|12424084.0|39.99
111500|40.05|40.19|39.92|40.19|5060.0|20385244.0|40.04
112000|40.17|40.27|40.03|40.19|6262.0|25318771.0|40.19
112500|40.2|40.42|40.13|40.32|10051.0|40779410.0|40.19
113000|40.32|40.69|40.1|40.46|12626.0|51428439.0|40.32
130500|40.46|40.88|40.37|40.73|12315.0|50539764.0|40.46
131000|40.72|40.82|40.57|40.66|6367.0|26076498.0|40.73
131500|40.65|40.89|40.54|40.79|6714.0|27544128.0|40.66
132000|40.8|40.85|40.7|40.85|4264.0|17505237.0|40.79
132500|40.87|40.91|40.67|40.86|6137.0|25223588.0|40.85
133000|40.85|40.87|40.65|40.66|3754.0|15412668.0|40.86
133500|40.66|40.69|40.52|40.52|3280.0|13417703.0|40.66
134000|40.54|40.6|40.49|40.54|2665.0|10881193.0|40.52
134500|40.53|40.71|40.52|40.67|2272.0|9280096.0|40.54
135000|40.67|40.72|40.53|40.67|2172.0|8892512.0|40.67
135500|40.66|40.8|40.66|40.74|3083.0|12648400.0|40.67
140000|40.74|40.74|40.61|40.67|3807.0|15595331.0|40.74
140500|40.67|40.84|40.64|40.76|2916.0|11958729.0|40.67
141000|40.77|40.79|40.7|40.73|3704.0|15192994.0|40.76
141500|40.71|40.76|40.67|40.76|3387.0|13887616.0|40.73
142000|40.76|40.82|40.74|40.8|4033.0|16557061.0|40.76
142500|40.8|40.81|40.74|40.76|3227.0|13248757.0|40.8
143000|40.76|40.81|40.59|40.74|5780.0|23693495.0|40.76
143500|40.74|40.78|40.7|40.7|2808.0|11513103.0|40.74
144000|40.71|40.78|40.68|40.77|3410.0|13979818.0|40.7
144500|40.77|40.79|40.68|40.71|3552.0|14565442.0|40.77
145000|40.7|40.72|40.68|40.7|3307.0|13550708.0|40.71
145500|40.71|40.8|40.69|40.79|4960.0|20344084.0|40.7
150000|40.8|40.83|40.74|40.83|6096.0|25044363.0|40.79
