093500|7.6600|7.7500|7.6600|7.7400|3231600|24946304.0000|7.7400
094000|7.7600|7.7800|7.7400|7.7600|3494200|27113344.0000|7.7600
094500|7.7500|7.7900|7.7400|7.7700|2694000|20925752.0000|7.7700
095000|7.7700|7.8100|7.7700|7.8100|3241000|25255888.0000|7.8100
095500|7.8100|7.8600|7.8100|7.8300|5043800|39527576.0000|7.8300
100000|7.8300|7.8600|7.8200|7.8300|3006100|23580416.0000|7.8300
100500|7.8200|7.8600|7.8100|7.8400|1865600|14629968.0000|7.8400
101000|7.8300|7.8700|7.8300|7.8700|1879500|14747280.0000|7.8700
101500|7.8700|7.8800|7.8500|7.8700|2077600|16345488.0000|7.8700
102000|7.8700|7.9100|7.8700|7.8800|2312900|18253632.0000|7.8800
102500|7.8800|7.8900|7.8600|7.8600|1067200|8403552.0000|7.8600
103000|7.8600|7.9100|7.8600|7.8900|1474100|11633392.0000|7.8900
103500|7.8900|7.9100|7.8900|7.9100|1416200|11189376.0000|7.9100
104000|7.9000|7.9100|7.8600|7.8700|1115000|8795184.0000|7.8700
104500|7.8700|7.8800|7.8600|7.8700|603600|4750256.0000|7.8700
105000|7.8600|7.9100|7.8600|7.9000|1604800|12655136.0000|7.9000
105500|7.9000|7.9100|7.8800|7.8800|711100|5617248.0000|7.8800
110000|7.8800|7.8900|7.8600|7.8600|457200|3599136.0000|7.8600
110500|7.8600|7.8800|7.8600|7.8800|420400|3309824.0000|7.8800
111000|7.8700|7.8800|7.8600|7.8800|462500|3641024.0000|7.8800
111500|7.8800|7.8800|7.8600|7.8700|429300|3377120.0000|7.8700
112000|7.8800|7.8900|7.8700|7.8800|509100|4011392.0000|7.8800
112500|7.8700|7.8800|7.8700|7.8800|297700|2344448.0000|7.8800
113000|7.8700|7.8900|7.8700|7.8900|434800|3427424.0000|7.8900
130500|7.8800|7.8900|7.8800|7.8900|791600|6242528.0000|7.8900
131000|7.8900|7.9300|7.8900|7.9100|2463100|19493216.0000|7.9100
131500|7.9200|7.9400|7.9100|7.9300|1515300|12008416.0000|7.9300
132000|7.9200|7.9500|7.9200|7.9500|1734700|13768704.0000|7.9500
132500|7.9500|8.0000|7.9400|7.9800|3715900|29626816.0000|7.9800
133000|7.9700|8.0300|7.9700|8.0200|3550900|28428832.0000|8.0200
133500|8.0200|8.0300|7.9900|8.0000|1658100|13297152.0000|8.0000
134000|8.0000|8.0100|7.9900|8.0000|992900|7942048.0000|8.0000
134500|8.0000|8.0100|7.9900|8.0100|1146900|9176736.0000|8.0100
135000|8.0000|8.0200|8.0000|8.0000|972700|7785984.0000|8.0000
135500|8.0000|8.0100|7.9900|8.0000|778400|6223072.0000|8.0000
140000|7.9900|8.0100|7.9800|7.9900|1432700|11457280.0000|7.9900
140500|7.9900|8.0100|7.9800|7.9800|433100|3462688.0000|7.9800
141000|7.9800|8.0100|7.9800|8.0000|647600|5176192.0000|8.0000
141500|8.0000|8.0100|7.9900|8.0000|345700|2765184.0000|8.0000
142000|8.0000|8.0000|7.9800|7.9800|670200|5355968.0000|7.9800
142500|7.9800|7.9900|7.9800|7.9800|379100|3027200.0000|7.9800
143000|7.9800|7.9900|7.9700|7.9800|639500|5102976.0000|7.9800
143500|7.9800|8.0000|7.9800|7.9900|792100|6330656.0000|7.9900
144000|7.9900|8.0000|7.9800|7.9900|1197300|9569792.0000|7.9900
144500|7.9900|7.9900|7.9700|7.9700|755100|6026336.0000|7.9700
145000|7.9700|7.9800|7.9700|7.9700|1561600|12452955.0000|7.9700
145500|7.9700|7.9900|7.9700|7.9800|841700|6715947.0000|7.9800
150000|7.9800|8.0000|7.9700|8.0000|1743100|13931960.0000|8.0000
