09350000|22.5158971800|22.6553145000|22.4760636600|22.5457723200|99100|2244982.0000|22.5457723200
09400000|22.5358139400|22.5656890800|22.3565631000|22.3963966200|62100|1399191.0000|22.3963966200
09450000|22.4262717600|22.5557307000|22.3864382400|22.5358139400|20300|457935.0000|22.5358139400
09500000|22.5358139400|22.5557307000|22.4760636600|22.5457723200|16100|364132.0000|22.5457723200
09550000|22.5457723200|22.5756474600|22.4860220400|22.5557307000|31700|717622.0000|22.5557307000
10000000|22.5557307000|22.6055226000|22.5557307000|22.5856058400|33100|750619.0000|22.5856058400
10050000|22.5856058400|22.5955642200|22.5059388000|22.5158971800|15400|348680.0000|22.5158971800
10100000|22.5059388000|22.5756474600|22.4760636600|22.5756474600|16700|377729.0000|22.5756474600
10150000|22.5756474600|22.5756474600|22.4959804200|22.5457723200|9200|208274.0000|22.5457723200
10200000|22.5158971800|22.5457723200|22.5059388000|22.5457723200|8800|199002.0000|22.5457723200
10250000|22.5457723200|22.5756474600|22.4959804200|22.5358139400|18400|416355.0000|22.5358139400
10300000|22.5358139400|22.5557307000|22.5059388000|22.5059388000|8700|196834.0000|22.5059388000
10350000|22.4860220400|22.5059388000|22.4760636600|22.4760636600|11000|248350.0000|22.4760636600
10400000|22.4561469000|22.4860220400|22.4262717600|22.4860220400|13200|297710.0000|22.4860220400
10450000|22.4860220400|22.4860220400|22.4362301400|22.4561469000|6100|137520.0000|22.4561469000
10500000|22.4561469000|22.4561469000|22.3665214800|22.3963966200|27600|621180.0000|22.3963966200
10550000|22.3963966200|22.4461885200|22.3963966200|22.4063550000|34200|768893.0000|22.4063550000
11000000|22.3963966200|22.4063550000|22.3764798600|22.3764798600|7400|166379.0000|22.3764798600
11050000|22.3764798600|22.3864382400|22.3366463400|22.3466047200|43300|972095.0000|22.3466047200
11100000|22.3665214800|22.4163133800|22.3466047200|22.3864382400|12100|271905.0000|22.3864382400
11150000|22.3963966200|22.4163133800|22.3764798600|22.3764798600|7500|168625.0000|22.3764798600
11200000|22.3764798600|22.3764798600|22.3466047200|22.3565631000|21300|478275.0000|22.3565631000
11250000|22.3864382400|22.4063550000|22.3466047200|22.3665214800|29700|667494.0000|22.3665214800
11300000|22.3963966200|22.4661052800|22.3963966200|22.4362301400|6600|148580.0000|22.4362301400
13050000|22.4362301400|22.4959804200|22.3466047200|22.3665214800|33900|763128.0000|22.3665214800
13100000|22.3764798600|22.3764798600|22.3266879600|22.3266879600|14200|318725.0000|22.3266879600
13150000|22.3366463400|22.3565631000|22.3067712000|22.3266879600|14900|334067.0000|22.3266879600
13200000|22.3266879600|22.4362301400|22.3266879600|22.3366463400|22900|513904.0000|22.3366463400
13250000|22.3366463400|22.3764798600|22.3366463400|22.3466047200|10700|240091.0000|22.3466047200
13300000|22.3565631000|22.3864382400|22.3466047200|22.3665214800|13300|298696.0000|22.3665214800
13350000|22.3764798600|22.3963966200|22.3665214800|22.3963966200|26200|588858.0000|22.3963966200
13400000|22.3764798600|22.3764798600|22.3466047200|22.3764798600|28800|646757.0000|22.3764798600
13450000|22.3665214800|22.4262717600|22.3665214800|22.3665214800|23600|530827.0000|22.3665214800
13500000|22.3565631000|22.3665214800|22.3366463400|22.3466047200|9000|201988.0000|22.3466047200
13550000|22.3466047200|22.3466047200|22.2768960600|22.2968128200|28900|647644.0000|22.2968128200
14000000|22.3067712000|22.3167295800|22.3067712000|22.3067712000|14100|315868.0000|22.3067712000
14050000|22.3067712000|22.3565631000|22.2968128200|22.3167295800|13200|296090.0000|22.3167295800
14100000|22.3266879600|22.3565631000|22.3167295800|22.3266879600|11500|257932.0000|22.3266879600
14150000|22.3466047200|22.3764798600|22.3466047200|22.3764798600|20500|460298.0000|22.3764798600
14200000|22.3665214800|22.3665214800|22.3366463400|22.3366463400|10800|242380.0000|22.3366463400
14250000|22.3366463400|22.3665214800|22.3067712000|22.3266879600|52600|1179444.0000|22.3266879600
14300000|22.3266879600|22.3266879600|22.2968128200|22.3067712000|17100|383052.0000|22.3067712000
14350000|22.2968128200|22.3167295800|22.2569793000|22.2669376800|37800|845844.0000|22.2669376800
14400000|22.2470209200|22.2768960600|22.2370625400|22.2768960600|38300|855808.0000|22.2768960600
14450000|22.2669376800|22.3366463400|22.2669376800|22.2968128200|29300|656480.0000|22.2968128200
14500000|22.3167295800|22.3266879600|22.2370625400|22.2370625400|43000|961592.0000|22.2370625400
14550000|22.2370625400|22.2470209200|22.2071874000|22.2370625400|25600|571382.0000|22.2370625400
15000000|22.2470209200|22.2768960600|22.2271041600|22.2569793000|40800|911634.0000|22.2569793000
