093500|10.01|10.06|9.98|10.04|37731.0|37780607.0|10.06
094000|10.05|10.11|10.03|10.08|21230.0|21389557.0|10.04
094500|10.08|10.12|10.05|10.07|11445.0|11545904.0|10.08
095000|10.07|10.08|10.04|10.05|12981.0|13064511.0|10.07
095500|10.05|10.05|10.01|10.03|10520.0|10545519.0|10.05
100000|10.04|10.05|10.02|10.03|6173.0|6192323.0|10.03
100500|10.03|10.05|10.01|10.04|15520.0|15561012.0|10.03
101000|10.04|10.04|10.02|10.03|7193.0|7213562.0|10.04
101500|10.03|10.05|10.03|10.05|6901.0|6926018.0|10.03
102000|10.04|10.06|10.04|10.04|5668.0|5695240.0|10.05
102500|10.04|10.05|10.02|10.04|5558.0|5577519.0|10.04
103000|10.04|10.05|10.02|10.03|9029.0|9057405.0|10.04
103500|10.02|10.05|10.01|10.03|16218.0|16252182.0|10.03
104000|10.03|10.04|10.02|10.02|5514.0|5529050.0|10.03
104500|10.02|10.02|10.0|10.0|11696.0|11711798.0|10.02
105000|10.01|10.02|10.0|10.02|2719.0|2722079.0|10.0
105500|10.02|10.03|10.01|10.02|2904.0|2909301.0|10.02
110000|10.02|10.02|9.99|9.99|11366.0|11368366.0|10.02
110500|9.99|10.0|9.98|9.99|10557.0|10544307.0|9.99
111000|9.99|10.0|9.98|10.0|4112.0|4107814.0|9.99
111500|10.0|10.0|9.98|10.0|3290.0|3287980.0|10.0
112000|10.0|10.01|9.99|10.0|6031.0|6031534.0|10.0
112500|10.0|10.01|9.99|10.0|3478.0|3478069.0|10.0
113000|9.99|10.01|9.99|9.99|2426.0|2424840.0|10.0
130500|10.0|10.03|10.0|10.02|9516.0|9522324.0|9.99
131000|10.02|10.04|10.01|10.02|4664.0|4675000.0|10.02
131500|10.03|10.03|10.0|10.01|7328.0|7335479.0|10.02
132000|10.0|10.03|10.0|10.02|9471.0|9482754.0|10.01
132500|10.0|10.03|10.0|10.02|8194.0|8210734.0|10.02
133000|10.02|10.04|10.01|10.04|4131.0|4142590.0|10.02
133500|10.03|10.04|10.02|10.02|4156.0|4167151.0|10.04
134000|10.02|10.03|10.01|10.03|3958.0|3965633.0|10.02
134500|10.02|10.04|10.01|10.03|5327.0|5340346.0|10.03
135000|10.02|10.04|10.02|10.03|3177.0|3185834.0|10.03
135500|10.02|10.04|10.02|10.04|5774.0|5790318.0|10.03
140000|10.04|10.05|10.03|10.05|6276.0|6300467.0|10.04
140500|10.05|10.05|10.03|10.04|5714.0|5739502.0|10.05
141000|10.04|10.04|10.03|10.03|4191.0|4206050.0|10.04
141500|10.04|10.04|10.02|10.03|5190.0|5203890.0|10.03
142000|10.03|10.03|10.02|10.03|6071.0|6085959.0|10.03
142500|10.03|10.03|10.01|10.03|4793.0|4803849.0|10.03
143000|10.03|10.03|10.01|10.01|7330.0|7345146.0|10.03
143500|10.01|10.04|10.01|10.03|6503.0|6519701.0|10.01
144000|10.02|10.03|10.01|10.02|3274.0|3280649.0|10.03
144500|10.02|10.03|10.01|10.01|10397.0|10415870.0|10.02
145000|10.02|10.03|10.01|10.01|10956.0|10971765.0|10.01
145500|10.01|10.03|10.01|10.02|11963.0|11983903.0|10.01
150000|10.01|10.04|10.01|10.02|13825.0|13857680.0|10.02
