093500|4.04|4.06|4.02|4.02|39878.0|16126284.0|4.03
094000|4.03|4.03|3.98|4.0|39808.0|15929564.0|4.02
094500|4.0|4.01|3.97|3.98|31874.0|12715135.0|4.0
095000|3.97|3.99|3.96|3.96|35805.0|14232062.0|3.98
095500|3.96|3.98|3.95|3.96|32740.0|12978675.0|3.96
100000|3.96|3.96|3.94|3.94|41511.0|16393779.0|3.96
100500|3.94|4.01|3.94|4.0|41165.0|16350533.0|3.94
101000|4.0|4.0|3.98|3.98|8504.0|3390790.0|4.0
101500|3.98|4.0|3.98|3.98|10955.0|4367289.0|3.98
102000|3.98|3.98|3.96|3.97|10639.0|4226466.0|3.98
102500|3.97|3.98|3.96|3.97|6784.0|2692447.0|3.97
103000|3.96|3.97|3.95|3.97|11678.0|4624757.0|3.97
103500|3.96|3.97|3.96|3.97|9041.0|3581704.0|3.97
104000|3.97|3.99|3.96|3.97|12542.0|4989316.0|3.97
104500|3.98|3.99|3.97|3.98|8367.0|3330586.0|3.97
105000|3.97|3.98|3.97|3.97|7310.0|2903034.0|3.98
105500|3.97|3.98|3.95|3.95|8399.0|3329657.0|3.97
110000|3.96|3.97|3.95|3.96|3589.0|1422730.0|3.95
110500|3.97|3.98|3.96|3.97|5402.0|2141602.0|3.96
111000|3.97|3.98|3.96|3.96|4742.0|1883359.0|3.97
111500|3.96|3.97|3.96|3.96|3458.0|1369503.0|3.96
112000|3.96|3.97|3.96|3.97|6766.0|2681313.0|3.96
112500|3.96|3.97|3.96|3.96|3058.0|1212920.0|3.97
113000|3.97|3.97|3.96|3.96|1388.0|550569.0|3.96
130500|3.96|3.98|3.96|3.97|8376.0|3324699.0|3.96
131000|3.97|3.98|3.97|3.98|1970.0|782505.0|3.97
131500|3.97|3.99|3.97|3.98|8865.0|3527800.0|3.98
132000|3.98|3.99|3.97|3.99|10388.0|4133226.0|3.98
132500|3.99|3.99|3.97|3.97|3400.0|1351852.0|3.99
133000|3.97|3.99|3.97|3.98|6418.0|2553751.0|3.97
133500|3.98|3.99|3.98|3.99|2732.0|1088239.0|3.98
134000|3.99|3.99|3.97|3.99|11909.0|4739100.0|3.99
134500|3.99|4.02|3.98|4.01|21314.0|8519140.0|3.99
135000|4.01|4.03|4.01|4.02|11466.0|4610821.0|4.01
135500|4.02|4.03|4.02|4.02|5671.0|2282394.0|4.02
140000|4.02|4.04|4.02|4.04|14440.0|5819598.0|4.02
140500|4.04|4.04|4.03|4.03|9153.0|3694379.0|4.04
141000|4.03|4.04|4.03|4.04|8655.0|3490912.0|4.03
141500|4.03|4.05|4.03|4.03|16898.0|6825882.0|4.04
142000|4.04|4.04|4.03|4.04|5645.0|2277825.0|4.03
142500|4.03|4.04|4.03|4.04|4564.0|1841052.0|4.04
143000|4.04|4.04|4.03|4.04|7811.0|3153299.0|4.04
143500|4.04|4.05|4.03|4.03|24724.0|9990856.0|4.04
144000|4.04|4.04|4.03|4.03|6573.0|2651666.0|4.03
144500|4.04|4.04|4.03|4.04|9215.0|3718890.0|4.03
145000|4.03|4.04|4.03|4.03|8095.0|3267455.0|4.04
145500|4.04|4.04|4.03|4.03|9184.0|3706574.0|4.03
150000|4.04|4.05|4.03|4.04|20754.0|8383384.0|4.03
