09350000|25.0500000000|25.0600000000|24.8300000000|24.8700000000|3992471|99525184.0000|24.8700000000
09400000|24.8900000000|24.8900000000|24.8000000000|24.8200000000|2405937|59765178.0000|24.8200000000
09450000|24.8000000000|24.8500000000|24.7200000000|24.7500000000|2329268|57728855.0000|24.7500000000
09500000|24.7500000000|24.8400000000|24.7500000000|24.8000000000|929400|23057026.0000|24.8000000000
09550000|24.8000000000|24.8100000000|24.7700000000|24.8000000000|667200|16539553.0000|24.8000000000
10000000|24.8000000000|24.9000000000|24.7800000000|24.8600000000|599800|14899948.0000|24.8600000000
10050000|24.8700000000|24.9500000000|24.8500000000|24.8800000000|469092|11675008.0000|24.8800000000
10100000|24.8800000000|24.8900000000|24.8500000000|24.8700000000|532200|13229632.0000|24.8700000000
10150000|24.8600000000|24.8600000000|24.7600000000|24.7600000000|949600|23557504.0000|24.7600000000
10200000|24.7500000000|24.8000000000|24.7500000000|24.7900000000|720800|17856144.0000|24.7900000000
10250000|24.7800000000|24.8500000000|24.7700000000|24.8300000000|465100|11532656.0000|24.8300000000
10300000|24.8500000000|24.8700000000|24.7700000000|24.7900000000|529900|13141872.0000|24.7900000000
10350000|24.7900000000|24.8800000000|24.7900000000|24.8600000000|471039|11702320.0000|24.8600000000
10400000|24.8600000000|24.9200000000|24.8300000000|24.8300000000|465900|11586336.0000|24.8300000000
10450000|24.8300000000|24.8700000000|24.8200000000|24.8600000000|385400|9573440.0000|24.8600000000
10500000|24.8500000000|24.8600000000|24.7900000000|24.8000000000|786500|19524128.0000|24.8000000000
10550000|24.8000000000|24.8000000000|24.7700000000|24.7700000000|627700|15555392.0000|24.7700000000
11000000|24.7800000000|24.7900000000|24.7700000000|24.7900000000|664945|16474720.0000|24.7900000000
11050000|24.7900000000|24.7900000000|24.7300000000|24.7300000000|1064755|26360544.0000|24.7300000000
11100000|24.7400000000|24.7400000000|24.6500000000|24.6700000000|2007300|49560800.0000|24.6700000000
11150000|24.6800000000|24.6800000000|24.5600000000|24.5800000000|2239433|55107456.0000|24.5800000000
11200000|24.5900000000|24.6400000000|24.5800000000|24.5900000000|1015800|24994752.0000|24.5900000000
11250000|24.5900000000|24.6100000000|24.5800000000|24.5900000000|617900|15196400.0000|24.5900000000
11300000|24.5900000000|24.5900000000|24.5300000000|24.5600000000|1254400|30813248.0000|24.5600000000
13050000|24.5700000000|24.6300000000|24.5400000000|24.6200000000|604600|14854384.0000|24.6200000000
13100000|24.6100000000|24.6800000000|24.6000000000|24.6400000000|533800|13149776.0000|24.6400000000
13150000|24.6400000000|24.6800000000|24.6000000000|24.6000000000|449600|11075760.0000|24.6000000000
13200000|24.6000000000|24.6000000000|24.5400000000|24.5500000000|824600|20251392.0000|24.5500000000
13250000|24.5500000000|24.6000000000|24.5400000000|24.5900000000|384800|9452784.0000|24.5900000000
13300000|24.5900000000|24.5900000000|24.5600000000|24.5900000000|503600|12374416.0000|24.5900000000
13350000|24.5900000000|24.6700000000|24.5900000000|24.6700000000|430000|10592112.0000|24.6700000000
13400000|24.6700000000|24.6700000000|24.6100000000|24.6100000000|386600|9522304.0000|24.6100000000
13450000|24.6100000000|24.6100000000|24.5600000000|24.5900000000|457700|11249008.0000|24.5900000000
13500000|24.6100000000|24.6100000000|24.5500000000|24.5600000000|787500|19346672.0000|24.5600000000
13550000|24.5500000000|24.5600000000|24.4300000000|24.4400000000|2496400|61180832.0000|24.4400000000
14000000|24.4400000000|24.4700000000|24.4300000000|24.4400000000|990400|24209936.0000|24.4400000000
14050000|24.4400000000|24.5000000000|24.4400000000|24.4900000000|716100|17525184.0000|24.4900000000
14100000|24.4900000000|24.4900000000|24.3700000000|24.3800000000|1733900|42339568.0000|24.3800000000
14150000|24.3900000000|24.4400000000|24.3900000000|24.4000000000|766200|18702448.0000|24.4000000000
14200000|24.4000000000|24.4200000000|24.3600000000|24.4200000000|748900|18264288.0000|24.4200000000
14250000|24.4200000000|24.4500000000|24.4000000000|24.4500000000|673283|16438704.0000|24.4500000000
14300000|24.4400000000|24.4500000000|24.3800000000|24.3800000000|844000|20600928.0000|24.3800000000
14350000|24.3900000000|24.4700000000|24.3800000000|24.4300000000|1185665|28967440.0000|24.4300000000
14400000|24.4300000000|24.4300000000|24.3800000000|24.3900000000|748800|18273328.0000|24.3900000000
14450000|24.3900000000|24.4400000000|24.3700000000|24.4200000000|1070800|26121440.0000|24.4200000000
14500000|24.4300000000|24.4500000000|24.4200000000|24.4300000000|1159500|28328352.0000|24.4300000000
14550000|24.4200000000|24.4500000000|24.4000000000|24.4100000000|1407300|34365712.0000|24.4100000000
15000000|24.4000000000|24.4100000000|24.3900000000|24.4000000000|1575300|38437792.0000|24.4000000000
