09350000|16.8500000000|16.9100000000|16.8200000000|16.8600000000|558800|9423767.0000|16.8600000000
09400000|16.8600000000|16.8700000000|16.7600000000|16.8000000000|779200|13094298.0000|16.8000000000
09450000|16.8000000000|16.8100000000|16.7800000000|16.7900000000|381600|6408530.0000|16.7900000000
09500000|16.7900000000|16.8300000000|16.7800000000|16.8100000000|297400|4996640.0000|16.8100000000
09550000|16.8100000000|16.8200000000|16.7900000000|16.8000000000|256100|4303952.0000|16.8000000000
10000000|16.8100000000|16.8300000000|16.8000000000|16.8000000000|189700|3188944.0000|16.8000000000
10050000|16.8000000000|16.9500000000|16.8000000000|16.9300000000|461400|7789016.0000|16.9300000000
10100000|16.9300000000|16.9300000000|16.8000000000|16.8400000000|520300|8770508.0000|16.8400000000
10150000|16.8500000000|16.9000000000|16.8300000000|16.8600000000|395700|6666852.0000|16.8600000000
10200000|16.8600000000|16.8800000000|16.8400000000|16.8700000000|203500|3429252.0000|16.8700000000
10250000|16.8700000000|16.8700000000|16.8300000000|16.8400000000|152600|2571496.0000|16.8400000000
10300000|16.8400000000|16.8600000000|16.8300000000|16.8600000000|657200|11065616.0000|16.8600000000
10350000|16.8600000000|16.8800000000|16.8600000000|16.8800000000|68400|1153656.0000|16.8800000000
10400000|16.8800000000|16.8900000000|16.8600000000|16.8600000000|132700|2239272.0000|16.8600000000
10450000|16.8600000000|16.8700000000|16.8500000000|16.8700000000|94300|1589416.0000|16.8700000000
10500000|16.8700000000|16.9600000000|16.8500000000|16.9600000000|610800|10340840.0000|16.9600000000
10550000|16.9600000000|16.9700000000|16.9100000000|16.9300000000|195300|3307640.0000|16.9300000000
11000000|16.9300000000|16.9300000000|16.8800000000|16.8800000000|174200|2944904.0000|16.8800000000
11050000|16.8900000000|16.9100000000|16.8700000000|16.8800000000|140900|2380000.0000|16.8800000000
11100000|16.8800000000|16.8900000000|16.8500000000|16.8900000000|346300|5844760.0000|16.8900000000
11150000|16.8900000000|16.9000000000|16.8600000000|16.8600000000|101800|1718016.0000|16.8600000000
11200000|16.8600000000|16.8700000000|16.8600000000|16.8600000000|56800|958064.0000|16.8600000000
11250000|16.8600000000|16.9000000000|16.8600000000|16.8900000000|105800|1785712.0000|16.8900000000
11300000|16.8900000000|16.8900000000|16.8600000000|16.8700000000|99600|1680456.0000|16.8700000000
13050000|16.8700000000|16.9000000000|16.8500000000|16.9000000000|124600|2103112.0000|16.9000000000
13100000|16.9000000000|16.9100000000|16.8500000000|16.8800000000|397900|6713552.0000|16.8800000000
13150000|16.8800000000|16.9100000000|16.8700000000|16.9000000000|130200|2199904.0000|16.9000000000
13200000|16.9000000000|16.9000000000|16.8700000000|16.8900000000|113000|1908416.0000|16.8900000000
13250000|16.8900000000|16.9000000000|16.8700000000|16.8800000000|110600|1867280.0000|16.8800000000
13300000|16.8800000000|16.9000000000|16.8800000000|16.8800000000|132000|2228816.0000|16.8800000000
13350000|16.8800000000|16.8900000000|16.8600000000|16.8700000000|113500|1915472.0000|16.8700000000
13400000|16.8700000000|16.9000000000|16.8700000000|16.8800000000|120000|2025488.0000|16.8800000000
13450000|16.8800000000|16.9000000000|16.8800000000|16.8900000000|96900|1636352.0000|16.8900000000
13500000|16.8900000000|16.9100000000|16.8800000000|16.9100000000|79700|1346688.0000|16.9100000000
13550000|16.9100000000|16.9200000000|16.9000000000|16.9200000000|146700|2481120.0000|16.9200000000
14000000|16.9200000000|16.9300000000|16.9000000000|16.9000000000|336200|5686208.0000|16.9000000000
14050000|16.9000000000|16.9100000000|16.8800000000|16.9000000000|214300|3621792.0000|16.9000000000
14100000|16.9000000000|16.9200000000|16.9000000000|16.9200000000|112800|1907072.0000|16.9200000000
14150000|16.9200000000|16.9200000000|16.9000000000|16.9000000000|140600|2377440.0000|16.9000000000
14200000|16.9000000000|16.9100000000|16.8800000000|16.8900000000|135700|2292000.0000|16.8900000000
14250000|16.8800000000|16.9100000000|16.8800000000|16.9000000000|159800|2700480.0000|16.9000000000
14300000|16.9000000000|16.9300000000|16.8900000000|16.9300000000|245300|4148528.0000|16.9300000000
14350000|16.9300000000|16.9400000000|16.9000000000|16.9200000000|389800|6597072.0000|16.9200000000
14400000|16.9200000000|16.9300000000|16.9100000000|16.9100000000|145600|2463136.0000|16.9100000000
14450000|16.9100000000|16.9200000000|16.8800000000|16.8900000000|272700|4607760.0000|16.8900000000
14500000|16.8900000000|16.9100000000|16.8800000000|16.8900000000|208300|3518672.0000|16.8900000000
14550000|16.8900000000|16.9000000000|16.8800000000|16.8900000000|318800|5382864.0000|16.8900000000
15000000|16.8900000000|16.8900000000|16.8700000000|16.8900000000|179100|3023280.0000|16.8900000000
