09350000|18.0200000000|18.1700000000|18.0000000000|18.1500000000|1698500|30752058.0000|18.1500000000
09400000|18.1500000000|18.1600000000|18.1000000000|18.1100000000|584100|10584908.0000|18.1100000000
09450000|18.1000000000|18.1100000000|18.0500000000|18.0800000000|551600|9971772.0000|18.0800000000
09500000|18.0800000000|18.1300000000|18.0800000000|18.0900000000|499200|9039752.0000|18.0900000000
09550000|18.0900000000|18.1300000000|18.0900000000|18.1300000000|456400|8266752.0000|18.1300000000
10000000|18.1300000000|18.2200000000|18.1200000000|18.2000000000|1803500|32799888.0000|18.2000000000
10050000|18.2000000000|18.2100000000|18.1600000000|18.2000000000|803700|14618992.0000|18.2000000000
10100000|18.2000000000|18.2900000000|18.2000000000|18.2600000000|2243800|40966184.0000|18.2600000000
10150000|18.2600000000|18.2700000000|18.2100000000|18.2200000000|757000|13810800.0000|18.2200000000
10200000|18.2200000000|18.2300000000|18.1400000000|18.1500000000|735300|13367760.0000|18.1500000000
10250000|18.1500000000|18.1800000000|18.1000000000|18.1000000000|1546100|28052608.0000|18.1000000000
10300000|18.1000000000|18.1100000000|18.0700000000|18.0700000000|706700|12783552.0000|18.0700000000
10350000|18.0700000000|18.0800000000|18.0500000000|18.0700000000|621100|11218576.0000|18.0700000000
10400000|18.0700000000|18.1000000000|18.0600000000|18.0600000000|257300|4650288.0000|18.0600000000
10450000|18.0600000000|18.1100000000|18.0600000000|18.0900000000|405500|7332128.0000|18.0900000000
10500000|18.0900000000|18.1000000000|18.0300000000|18.0600000000|633900|11447984.0000|18.0600000000
10550000|18.0600000000|18.0600000000|18.0300000000|18.0300000000|422500|7621056.0000|18.0300000000
11000000|18.0300000000|18.0400000000|18.0200000000|18.0300000000|279200|5033184.0000|18.0300000000
11050000|18.0300000000|18.0300000000|18.0100000000|18.0300000000|559100|10073888.0000|18.0300000000
11100000|18.0300000000|18.0300000000|18.0200000000|18.0200000000|187800|3384864.0000|18.0200000000
11150000|18.0200000000|18.0300000000|18.0100000000|18.0300000000|348300|6276512.0000|18.0300000000
11200000|18.0200000000|18.0300000000|18.0100000000|18.0200000000|203200|3662336.0000|18.0200000000
11250000|18.0200000000|18.0200000000|17.9400000000|17.9500000000|1078700|19401984.0000|17.9500000000
11300000|17.9600000000|17.9800000000|17.9400000000|17.9600000000|313300|5626368.0000|17.9600000000
13050000|17.9700000000|17.9900000000|17.9500000000|17.9700000000|533600|9583552.0000|17.9700000000
13100000|17.9700000000|17.9800000000|17.9400000000|17.9700000000|507300|9110560.0000|17.9700000000
13150000|17.9700000000|18.0100000000|17.9600000000|17.9800000000|520600|9365024.0000|17.9800000000
13200000|17.9800000000|18.0200000000|17.9700000000|18.0100000000|203500|3662784.0000|18.0100000000
13250000|18.0100000000|18.0100000000|17.9700000000|17.9700000000|323300|5813504.0000|17.9700000000
13300000|17.9700000000|17.9800000000|17.9500000000|17.9500000000|260700|4684224.0000|17.9500000000
13350000|17.9600000000|17.9700000000|17.9100000000|17.9100000000|1225000|21953600.0000|17.9100000000
13400000|17.9200000000|17.9400000000|17.9000000000|17.9200000000|465500|8342144.0000|17.9200000000
13450000|17.9200000000|17.9400000000|17.9100000000|17.9300000000|260500|4668896.0000|17.9300000000
13500000|17.9300000000|17.9300000000|17.9100000000|17.9200000000|346900|6215712.0000|17.9200000000
13550000|17.9200000000|17.9400000000|17.9100000000|17.9300000000|640000|11472576.0000|17.9300000000
14000000|17.9300000000|17.9800000000|17.9200000000|17.9600000000|457200|8208640.0000|17.9600000000
14050000|17.9600000000|17.9600000000|17.9300000000|17.9500000000|373000|6694976.0000|17.9500000000
14100000|17.9500000000|17.9700000000|17.9300000000|17.9500000000|661500|11874144.0000|17.9500000000
14150000|17.9500000000|17.9900000000|17.9500000000|17.9900000000|201400|3616896.0000|17.9900000000
14200000|17.9900000000|18.0000000000|17.9700000000|17.9700000000|274800|4941152.0000|17.9700000000
14250000|17.9800000000|17.9900000000|17.9600000000|17.9800000000|145400|2613184.0000|17.9800000000
14300000|17.9800000000|17.9800000000|17.9500000000|17.9700000000|206000|3701312.0000|17.9700000000
14350000|17.9700000000|17.9800000000|17.9400000000|17.9400000000|279700|5022592.0000|17.9400000000
14400000|17.9400000000|17.9500000000|17.9300000000|17.9400000000|396700|7115616.0000|17.9400000000
14450000|17.9300000000|17.9500000000|17.9300000000|17.9400000000|263000|4717184.0000|17.9400000000
14500000|17.9400000000|17.9500000000|17.9300000000|17.9500000000|407900|7318816.0000|17.9500000000
14550000|17.9500000000|17.9500000000|17.9300000000|17.9400000000|572700|10274592.0000|17.9400000000
15000000|17.9400000000|17.9500000000|17.9300000000|17.9300000000|666700|11955360.0000|17.9300000000
