09350000|3.8343419400|3.8969069600|3.8343419400|3.8969069600|2104595|9098970.0000|3.8969069600
09400000|3.8969069600|3.9415962600|3.8969069600|3.9237205400|2846200|12470582.0000|3.9237205400
09450000|3.9326584000|3.9684098400|3.9147826800|3.9505341200|4221900|18647784.0000|3.9505341200
09500000|3.9505341200|3.9594719800|3.9326584000|3.9415962600|1823600|8051076.0000|3.9415962600
09550000|3.9326584000|3.9684098400|3.9326584000|3.9505341200|2825900|12488576.0000|3.9505341200
10000000|3.9415962600|3.9684098400|3.9415962600|3.9594719800|1325200|5861270.0000|3.9594719800
10050000|3.9594719800|3.9773477000|3.9505341200|3.9684098400|2381400|10560792.0000|3.9684098400
10100000|3.9684098400|3.9684098400|3.9237205400|3.9237205400|1120600|4952333.0000|3.9237205400
10150000|3.9326584000|3.9326584000|3.9147826800|3.9326584000|1175900|5162887.0000|3.9326584000
10200000|3.9326584000|3.9505341200|3.9237205400|3.9415962600|767500|3378124.0000|3.9415962600
10250000|3.9415962600|3.9505341200|3.9237205400|3.9326584000|842100|3705536.0000|3.9326584000
10300000|3.9326584000|3.9326584000|3.9147826800|3.9237205400|623500|2736902.0000|3.9237205400
10350000|3.9237205400|3.9237205400|3.9058448200|3.9147826800|406500|1780120.0000|3.9147826800
10400000|3.9058448200|3.9147826800|3.9058448200|3.9058448200|255200|1116613.0000|3.9058448200
10450000|3.9058448200|3.9237205400|3.9058448200|3.9147826800|612200|2681174.0000|3.9147826800
10500000|3.9237205400|3.9237205400|3.8969069600|3.9058448200|488500|2135150.0000|3.9058448200
10550000|3.8969069600|3.9058448200|3.8969069600|3.9058448200|181000|790008.0000|3.9058448200
11000000|3.9058448200|3.9058448200|3.8790312400|3.8879691000|709700|3090413.0000|3.8879691000
11050000|3.8879691000|3.8969069600|3.8790312400|3.8879691000|434649|1890131.0000|3.8879691000
11100000|3.8879691000|3.8969069600|3.8879691000|3.8879691000|267300|1164728.0000|3.8879691000
11150000|3.8969069600|3.9058448200|3.8879691000|3.8969069600|599940|2613062.0000|3.8969069600
11200000|3.8969069600|3.9058448200|3.8969069600|3.8969069600|149200|651669.0000|3.8969069600
11250000|3.8969069600|3.9058448200|3.8969069600|3.9058448200|198100|864884.0000|3.9058448200
11300000|3.9058448200|3.9058448200|3.8790312400|3.8879691000|395511|1721838.0000|3.8879691000
13050000|3.8790312400|3.8879691000|3.8700933800|3.8790312400|587200|2547014.0000|3.8790312400
13100000|3.8790312400|3.8879691000|3.8611555200|3.8611555200|744900|3228422.0000|3.8611555200
13150000|3.8700933800|3.8700933800|3.8611555200|3.8700933800|510200|2204929.0000|3.8700933800
13200000|3.8700933800|3.8790312400|3.8522176600|3.8611555200|1063100|4593065.0000|3.8611555200
13250000|3.8611555200|3.8700933800|3.8522176600|3.8611555200|839600|3627022.0000|3.8611555200
13300000|3.8700933800|3.8700933800|3.8522176600|3.8522176600|851515|3677462.0000|3.8522176600
13350000|3.8522176600|3.8700933800|3.8432798000|3.8611555200|906900|3912932.0000|3.8611555200
13400000|3.8522176600|3.8700933800|3.8522176600|3.8611555200|758100|3275819.0000|3.8611555200
13450000|3.8611555200|3.8700933800|3.8522176600|3.8700933800|803100|3468774.0000|3.8700933800
13500000|3.8700933800|3.8700933800|3.8522176600|3.8611555200|833300|3596666.0000|3.8611555200
13550000|3.8611555200|3.8700933800|3.8522176600|3.8611555200|682000|2947039.0000|3.8611555200
14000000|3.8611555200|3.8790312400|3.8522176600|3.8700933800|756300|3266905.0000|3.8700933800
14050000|3.8790312400|3.8790312400|3.8522176600|3.8522176600|1194000|5156736.0000|3.8522176600
14100000|3.8522176600|3.8611555200|3.8432798000|3.8611555200|870700|3753051.0000|3.8611555200
14150000|3.8611555200|3.8611555200|3.8432798000|3.8432798000|882200|3795369.0000|3.8432798000
14200000|3.8522176600|3.8522176600|3.8343419400|3.8432798000|846700|3641768.0000|3.8432798000
14250000|3.8432798000|3.8522176600|3.8432798000|3.8522176600|580700|2497254.0000|3.8522176600
14300000|3.8522176600|3.8790312400|3.8432798000|3.8790312400|742500|3205288.0000|3.8790312400
14350000|3.8790312400|3.8790312400|3.8611555200|3.8611555200|640600|2769297.0000|3.8611555200
14400000|3.8611555200|3.8700933800|3.8611555200|3.8700933800|206900|894455.0000|3.8700933800
14450000|3.8700933800|3.8700933800|3.8522176600|3.8611555200|865000|3737376.0000|3.8611555200
14500000|3.8611555200|3.8700933800|3.8522176600|3.8700933800|1107100|4781604.0000|3.8700933800
14550000|3.8700933800|3.8700933800|3.8432798000|3.8432798000|1087100|4685342.0000|3.8432798000
15000000|3.8432798000|3.8611555200|3.8432798000|3.8611555200|968000|4173811.0000|3.8611555200
