09350000|4.7102522200|4.7281279400|4.6119357600|4.6298114800|6842930|35646777.0000|4.6298114800
09400000|4.6208736200|4.6745007800|4.6208736200|4.6745007800|2870400|14931221.0000|4.6745007800
09450000|4.6655629200|4.7013143600|4.6655629200|4.7013143600|1825900|9567091.0000|4.7013143600
09500000|4.7013143600|4.7191900800|4.6834386400|4.6923765000|1160400|6100704.0000|4.6923765000
09550000|4.7013143600|4.7013143600|4.6566250600|4.6923765000|1781000|9328568.0000|4.6923765000
10000000|4.6923765000|4.7191900800|4.6923765000|4.7013143600|921200|4851590.0000|4.7013143600
10050000|4.7102522200|4.7817551000|4.7013143600|4.7370658000|3175500|16843128.0000|4.7370658000
10100000|4.7370658000|4.7370658000|4.6834386400|4.6923765000|2288000|12073366.0000|4.6923765000
10150000|4.6923765000|4.7370658000|4.6834386400|4.7191900800|1762900|9298744.0000|4.7191900800
10200000|4.7191900800|4.7549415200|4.7191900800|4.7549415200|1115600|5922083.0000|4.7549415200
10250000|4.7549415200|4.8085686800|4.7460036600|4.7996308200|3474400|18572708.0000|4.7996308200
10300000|4.7996308200|4.7996308200|4.7549415200|4.7549415200|1218900|6505886.0000|4.7549415200
10350000|4.7549415200|4.7638793800|4.7460036600|4.7549415200|1911400|10176530.0000|4.7549415200
10400000|4.7460036600|4.7638793800|4.7281279400|4.7638793800|835100|4434562.0000|4.7638793800
10450000|4.7638793800|4.7996308200|4.7549415200|4.7906929600|1355300|7241606.0000|4.7906929600
10500000|4.7817551000|4.7996308200|4.7728172400|4.7817551000|1014500|5438493.0000|4.7817551000
10550000|4.7817551000|4.7996308200|4.7728172400|4.7906929600|1343100|7191887.0000|4.7906929600
11000000|4.7906929600|4.7906929600|4.7728172400|4.7817551000|946300|5064462.0000|4.7817551000
11050000|4.7817551000|4.7906929600|4.7638793800|4.7906929600|1116100|5968269.0000|4.7906929600
11100000|4.7817551000|4.8175065400|4.7817551000|4.8175065400|1759600|9457151.0000|4.8175065400
11150000|4.8085686800|4.8175065400|4.7906929600|4.7906929600|1080100|5799592.0000|4.7906929600
11200000|4.7996308200|4.7996308200|4.7817551000|4.7817551000|608600|3260982.0000|4.7817551000
11250000|4.7906929600|4.7996308200|4.7817551000|4.7996308200|763100|4088513.0000|4.7996308200
11300000|4.7996308200|4.7996308200|4.7817551000|4.7906929600|472488|2534593.0000|4.7906929600
13050000|4.8085686800|4.8175065400|4.7817551000|4.7817551000|2341812|12591186.0000|4.7817551000
13100000|4.7906929600|4.7996308200|4.7728172400|4.7817551000|2120400|11351057.0000|4.7817551000
13150000|4.7728172400|4.7817551000|4.7549415200|4.7549415200|2188200|11677208.0000|4.7549415200
13200000|4.7638793800|4.7817551000|4.7638793800|4.7817551000|742700|3968053.0000|4.7817551000
13250000|4.7817551000|4.7817551000|4.7370658000|4.7370658000|1484700|7895163.0000|4.7370658000
13300000|4.7370658000|4.7460036600|4.7281279400|4.7370658000|704300|3731595.0000|4.7370658000
13350000|4.7370658000|4.7460036600|4.7102522200|4.7281279400|1697900|8977904.0000|4.7281279400
13400000|4.7281279400|4.7370658000|4.7102522200|4.7191900800|524700|2773296.0000|4.7191900800
13450000|4.7191900800|4.7281279400|4.7013143600|4.7102522200|772300|4067376.0000|4.7102522200
13500000|4.7191900800|4.7191900800|4.7013143600|4.7102522200|601400|3170448.0000|4.7102522200
13550000|4.7102522200|4.7102522200|4.6923765000|4.7013143600|761542|4006720.0000|4.7013143600
14000000|4.7013143600|4.7013143600|4.6923765000|4.7013143600|450700|2369584.0000|4.7013143600
14050000|4.7102522200|4.7191900800|4.6923765000|4.7013143600|898800|4728768.0000|4.7013143600
14100000|4.7102522200|4.7102522200|4.6834386400|4.6834386400|1433500|7539936.0000|4.6834386400
14150000|4.6834386400|4.7013143600|4.6834386400|4.6834386400|1176900|6170128.0000|4.6834386400
14200000|4.6923765000|4.7102522200|4.6923765000|4.7013143600|937100|4927600.0000|4.7013143600
14250000|4.7013143600|4.7102522200|4.7013143600|4.7102522200|583500|3071904.0000|4.7102522200
14300000|4.7013143600|4.7191900800|4.7013143600|4.7102522200|612500|3227536.0000|4.7102522200
14350000|4.7102522200|4.7370658000|4.7013143600|4.7281279400|1855800|9810256.0000|4.7281279400
14400000|4.7281279400|4.7460036600|4.7281279400|4.7460036600|864200|4583488.0000|4.7460036600
14450000|4.7460036600|4.7549415200|4.7281279400|4.7549415200|1065800|5654464.0000|4.7549415200
14500000|4.7460036600|4.7549415200|4.7281279400|4.7370658000|1235100|6552464.0000|4.7370658000
14550000|4.7281279400|4.7460036600|4.7281279400|4.7370658000|913400|4842176.0000|4.7370658000
15000000|4.7370658000|4.7460036600|4.7370658000|4.7460036600|920520|4886096.0000|4.7460036600
