09350000|9.4771802000|9.4771802000|9.4183766000|9.4673796000|2203200|21251784.0000|9.4673796000
09400000|9.4673796000|9.4673796000|9.4281772000|9.4379778000|965300|9298382.0000|9.4379778000
09450000|9.4379778000|9.4477784000|9.4281772000|9.4379778000|1169300|11254720.0000|9.4379778000
09500000|9.4379778000|9.4575790000|9.4281772000|9.4477784000|468500|4511868.0000|9.4477784000
09550000|9.4575790000|9.4771802000|9.4575790000|9.4673796000|546300|5275340.0000|9.4673796000
10000000|9.4575790000|9.4967814000|9.4575790000|9.4673796000|574300|5555976.0000|9.4673796000
10050000|9.4673796000|9.4967814000|9.4575790000|9.4673796000|670400|6479012.0000|9.4673796000
10100000|9.4673796000|9.4771802000|9.4379778000|9.4379778000|308500|2976016.0000|9.4379778000
10150000|9.4379778000|9.4379778000|9.4183766000|9.4183766000|1428600|13744664.0000|9.4183766000
10200000|9.4183766000|9.4281772000|9.4085760000|9.4183766000|1676000|16102656.0000|9.4183766000
10250000|9.4085760000|9.4183766000|9.3791742000|9.3987754000|1792600|17190072.0000|9.3987754000
10300000|9.4085760000|9.4477784000|9.3987754000|9.4085760000|751800|7228872.0000|9.4085760000
10350000|9.4183766000|9.4281772000|9.4085760000|9.4085760000|167400|1608888.0000|9.4085760000
10400000|9.4085760000|9.4183766000|9.3987754000|9.3987754000|407200|3908944.0000|9.3987754000
10450000|9.3987754000|9.4085760000|9.3889748000|9.3987754000|297500|2852408.0000|9.3987754000
10500000|9.3889748000|9.4085760000|9.3889748000|9.4085760000|210900|2023080.0000|9.4085760000
10550000|9.3987754000|9.4183766000|9.3987754000|9.4183766000|163700|1571768.0000|9.4183766000
11000000|9.4085760000|9.4183766000|9.4085760000|9.4085760000|149200|1432560.0000|9.4085760000
11050000|9.4085760000|9.4183766000|9.3987754000|9.4183766000|200100|1920928.0000|9.4183766000
11100000|9.4183766000|9.4281772000|9.4085760000|9.4281772000|218000|2094848.0000|9.4281772000
11150000|9.4281772000|9.4281772000|9.4085760000|9.4183766000|183000|1758352.0000|9.4183766000
11200000|9.4183766000|9.4183766000|9.3987754000|9.3987754000|386800|3713936.0000|9.3987754000
11250000|9.4085760000|9.4085760000|9.3987754000|9.3987754000|161400|1548176.0000|9.3987754000
11300000|9.4085760000|9.4085760000|9.3889748000|9.3987754000|433500|4156160.0000|9.3987754000
13050000|9.3889748000|9.4183766000|9.3889748000|9.3889748000|519100|4979984.0000|9.3889748000
13100000|9.3889748000|9.4085760000|9.3889748000|9.3987754000|291200|2791520.0000|9.3987754000
13150000|9.3889748000|9.3987754000|9.3791742000|9.3791742000|677800|6493488.0000|9.3791742000
13200000|9.3791742000|9.4085760000|9.3791742000|9.3987754000|360900|3459472.0000|9.3987754000
13250000|9.3987754000|9.4085760000|9.3791742000|9.3889748000|277200|2656432.0000|9.3889748000
13300000|9.3987754000|9.3987754000|9.3889748000|9.3889748000|146700|1405680.0000|9.3889748000
13350000|9.3889748000|9.3987754000|9.3791742000|9.3889748000|285300|2732704.0000|9.3889748000
13400000|9.3791742000|9.3889748000|9.3693736000|9.3791742000|1112900|10648928.0000|9.3791742000
13450000|9.3791742000|9.3889748000|9.3693736000|9.3791742000|222500|2128512.0000|9.3791742000
13500000|9.3693736000|9.3791742000|9.3497724000|9.3497724000|1600000|15285936.0000|9.3497724000
13550000|9.3497724000|9.3595730000|9.3497724000|9.3595730000|421900|4026016.0000|9.3595730000
14000000|9.3595730000|9.3791742000|9.3497724000|9.3693736000|482700|4612496.0000|9.3693736000
14050000|9.3693736000|9.3889748000|9.3595730000|9.3693736000|250200|2393152.0000|9.3693736000
14100000|9.3791742000|9.3889748000|9.3693736000|9.3791742000|416800|3988240.0000|9.3791742000
14150000|9.3791742000|9.3791742000|9.3595730000|9.3595730000|521300|4982272.0000|9.3595730000
14200000|9.3693736000|9.3791742000|9.3595730000|9.3693736000|444000|4243248.0000|9.3693736000
14250000|9.3693736000|9.3889748000|9.3693736000|9.3791742000|606800|5807408.0000|9.3791742000
14300000|9.3889748000|9.3889748000|9.3791742000|9.3889748000|273400|2618288.0000|9.3889748000
14350000|9.3791742000|9.3987754000|9.3791742000|9.3889748000|585800|5613664.0000|9.3889748000
14400000|9.3987754000|9.3987754000|9.3791742000|9.3791742000|702400|6728496.0000|9.3791742000
14450000|9.3889748000|9.3889748000|9.3791742000|9.3791742000|387700|3712656.0000|9.3791742000
14500000|9.3791742000|9.3987754000|9.3791742000|9.3889748000|557600|5340016.0000|9.3889748000
14550000|9.3889748000|9.4085760000|9.3889748000|9.3987754000|688700|6604992.0000|9.3987754000
15000000|9.3987754000|9.4183766000|9.3987754000|9.4085760000|856700|8222992.0000|9.4085760000
