093500|23.5200|23.5900|23.4400|23.5900|152488|3585572.0000|23.5900
094000|23.6000|23.6300|23.3300|23.3400|163100|3829750.0000|23.3400
094500|23.3300|23.3800|23.2100|23.2500|211400|4923345.0000|23.2500
095000|23.2400|23.2800|23.1500|23.2500|149800|3479368.0000|23.2500
095500|23.2400|23.4000|23.2200|23.3400|124700|2907829.0000|23.3400
100000|23.3300|23.4100|23.3000|23.3100|86500|2019612.0000|23.3100
100500|23.3100|23.3200|23.2700|23.3000|44300|1031745.0000|23.3000
101000|23.3100|23.3200|23.2100|23.2700|121600|2827981.0000|23.2700
101500|23.3000|23.3400|23.2400|23.3000|65300|1521019.0000|23.3000
102000|23.2700|23.3100|23.2300|23.2600|73800|1717364.0000|23.2600
102500|23.2400|23.3000|23.2400|23.2600|46800|1088476.0000|23.2600
103000|23.2600|23.3600|23.2600|23.2800|68800|1604051.0000|23.2800
103500|23.2800|23.3500|23.2400|23.3500|57300|1334175.0000|23.3500
104000|23.3300|23.4200|23.3300|23.4000|47900|1119520.0000|23.4000
104500|23.4000|23.4900|23.3700|23.4500|167300|3924040.0000|23.4500
105000|23.4500|23.4800|23.4100|23.4100|72100|1690143.0000|23.4100
105500|23.4100|23.5100|23.4000|23.5000|70400|1651689.0000|23.5000
110000|23.5000|23.5300|23.4300|23.4300|73200|1718781.0000|23.4300
110500|23.4300|23.5400|23.4200|23.4300|103000|2418601.0000|23.4300
111000|23.4300|23.4900|23.4300|23.4600|47000|1103010.0000|23.4600
111500|23.4600|23.5100|23.4400|23.4800|49100|1152186.0000|23.4800
112000|23.4800|23.5100|23.4500|23.4800|76100|1785353.0000|23.4800
112500|23.4800|23.5900|23.4700|23.5800|132976|3127046.0000|23.5800
113000|23.5900|23.6700|23.5800|23.6700|87600|2070823.0000|23.6700
130500|23.6800|23.8000|23.6800|23.7600|128200|3043678.0000|23.7600
131000|23.7600|23.8500|23.7600|23.7800|110700|2633671.0000|23.7800
131500|23.7800|23.8500|23.7600|23.7800|64600|1537490.0000|23.7800
132000|23.7800|23.8200|23.7600|23.7900|54800|1303840.0000|23.7900
132500|23.7900|23.7900|23.7600|23.7700|43600|1036449.0000|23.7700
133000|23.7700|23.8500|23.7300|23.8000|113200|2693122.0000|23.8000
133500|23.8000|23.8000|23.7600|23.7900|39500|939045.0000|23.7900
134000|23.7900|23.7900|23.7600|23.7800|53100|1261862.0000|23.7800
134500|23.7800|23.8900|23.7500|23.8900|134600|3205329.0000|23.8900
135000|23.8900|23.8900|23.8200|23.8700|92500|2207172.0000|23.8700
135500|23.8700|23.9100|23.8100|23.9000|94300|2249580.0000|23.9000
140000|23.9000|23.9400|23.8800|23.9100|112300|2684351.0000|23.9100
140500|23.9000|23.9000|23.8200|23.8500|62200|1483204.0000|23.8500
141000|23.8500|23.8600|23.8200|23.8500|31500|750861.0000|23.8500
141500|23.8500|23.8600|23.8400|23.8400|41600|992041.0000|23.8400
142000|23.8500|23.8900|23.8300|23.8600|52000|1240752.0000|23.8600
142500|23.8700|23.8700|23.8400|23.8600|43200|1030713.0000|23.8600
143000|23.8600|23.8900|23.8600|23.8700|53100|1267308.0000|23.8700
143500|23.8700|23.9400|23.8500|23.9400|182800|4367938.0000|23.9400
144000|23.9500|23.9700|23.8800|23.9600|230000|5506930.0000|23.9600
144500|23.9600|23.9600|23.9000|23.9400|121100|2897024.0000|23.9400
145000|23.9400|24.0500|23.9400|23.9700|278700|6685783.0000|23.9700
145500|23.9700|24.0200|23.9500|23.9600|198759|4767926.0000|23.9600
150000|23.9600|23.9700|23.9400|23.9500|116300|2785510.0000|23.9500
