093500|25.0900|25.1500|24.9000|25.1200|219400|5487166.0000|25.1200
094000|25.1300|25.3900|25.0900|25.3700|173500|4374849.0000|25.3700
094500|25.3700|25.5000|25.3200|25.3600|311300|7914796.0000|25.3600
095000|25.4000|25.5500|25.3300|25.3800|240200|6103912.0000|25.3800
095500|25.3900|25.5100|25.3100|25.5100|227100|5772061.0000|25.5100
100000|25.4900|25.6400|25.4500|25.6300|383600|9801998.0000|25.6300
100500|25.6500|25.6500|25.4200|25.4500|131200|3349136.0000|25.4500
101000|25.4500|25.5600|25.3600|25.5000|161200|4105082.0000|25.5000
101500|25.5300|25.5600|25.4200|25.4900|144500|3684427.0000|25.4900
102000|25.4700|25.5500|25.4100|25.5000|133000|3389308.0000|25.5000
102500|25.5000|25.5500|25.4600|25.5400|144000|3673454.0000|25.5400
103000|25.5500|25.6900|25.5000|25.5000|253700|6499028.0000|25.5000
103500|25.5100|25.5100|25.3500|25.3600|112900|2867821.0000|25.3600
104000|25.3800|25.3800|25.3100|25.3100|49878|1264002.1800|25.3100
104500|25.3200|25.3600|25.3200|25.3200|27400|694014.0000|25.3200
105000|25.3200|25.3800|25.2500|25.3200|95800|2424329.0000|25.3200
105500|25.3200|25.3900|25.3200|25.3800|37800|958233.0000|25.3800
110000|25.3800|25.4000|25.3000|25.3300|46100|1168605.2200|25.3300
110500|25.3000|25.3300|25.2800|25.2800|43300|1095616.0000|25.2800
111000|25.2900|25.3000|25.2500|25.2900|24000|606798.0000|25.2900
111500|25.2900|25.3600|25.2800|25.3200|47700|1207921.0000|25.3200
112000|25.3200|25.3300|25.2700|25.2900|47700|1206718.0000|25.2900
112500|25.2900|25.3600|25.2700|25.3000|49900|1263794.0000|25.3000
113000|25.3000|25.3500|25.3000|25.3100|26400|668532.0000|25.3100
130500|25.3100|25.4000|25.2900|25.3500|72600|1839189.0000|25.3500
131000|25.3400|25.3700|25.3300|25.3300|14200|360026.0000|25.3300
131500|25.3300|25.3700|25.2900|25.3300|62200|1575525.0000|25.3300
132000|25.3500|25.3700|25.3200|25.3700|49500|1254598.0000|25.3700
132500|25.3700|25.3800|25.3200|25.3200|39800|1009123.0000|25.3200
133000|25.3300|25.3300|25.2700|25.3200|105500|2668663.0000|25.3200
133500|25.3100|25.3200|25.2400|25.2700|60100|1518749.0000|25.2700
134000|25.2700|25.2700|25.1800|25.2400|265400|6690752.0000|25.2400
134500|25.2400|25.3100|25.2300|25.2600|120000|3031507.0000|25.2600
135000|25.2500|25.2900|25.1700|25.1800|180400|4547455.0000|25.1800
135500|25.2200|25.2200|25.1100|25.2100|52000|1309517.0000|25.2100
140000|25.2100|25.3000|25.2000|25.2800|167000|4212903.0000|25.2800
140500|25.2800|25.2800|25.2100|25.2500|74400|1878277.0000|25.2500
141000|25.2700|25.2700|25.2000|25.2200|31800|802336.0000|25.2200
141500|25.2400|25.2400|25.1500|25.1500|62800|1581295.0000|25.1500
142000|25.1600|25.2600|25.1300|25.1800|274400|6916168.0000|25.1800
142500|25.1700|25.2000|25.1700|25.2000|54300|1367535.0000|25.2000
143000|25.1800|25.2300|25.1500|25.1500|99400|2502332.0000|25.1500
143500|25.1500|25.2200|25.1500|25.1900|85600|2155548.0000|25.1900
144000|25.2000|25.2300|25.1700|25.1900|99900|2516762.0000|25.1900
144500|25.1900|25.2200|25.1800|25.1800|86700|2184407.0000|25.1800
145000|25.1800|25.2200|25.1500|25.2000|187100|4710459.0000|25.2000
145500|25.2100|25.2200|25.1700|25.2100|110300|2779158.0000|25.2100
150000|25.1800|25.2300|25.1600|25.2300|101000|2545753.0000|25.2300
