093500|35.2|35.2|34.69|34.8|17127.0|59639896.0|35.19
094000|34.78|34.94|34.77|34.81|12989.0|45258146.0|34.8
094500|34.82|34.88|34.77|34.82|9751.0|33954794.0|34.81
095000|34.8|34.8|34.51|34.65|18929.0|65589112.0|34.82
095500|34.63|34.85|34.63|34.82|5963.0|20690167.0|34.65
100000|34.82|34.96|34.77|34.96|4002.0|13944317.0|34.82
100500|34.93|35.1|34.92|35.09|4904.0|17185125.0|34.96
101000|35.09|35.1|34.99|34.99|3369.0|11811289.0|35.09
101500|34.99|35.03|34.92|34.96|10160.0|35504283.0|34.99
102000|34.96|35.08|34.96|35.0|4117.0|14416157.0|34.96
102500|35.03|35.2|35.0|35.18|5193.0|18232466.0|35.0
103000|35.16|35.21|34.98|35.14|8778.0|30819360.0|35.18
103500|35.16|35.16|34.92|34.95|5360.0|18791636.0|35.14
104000|34.93|34.98|34.85|34.85|4658.0|16251295.0|34.95
104500|34.84|35.04|34.84|35.04|2848.0|9944866.0|34.85
105000|35.04|35.04|34.88|34.89|5968.0|20847871.0|35.04
105500|34.9|35.15|34.9|35.15|5004.0|17501795.0|34.89
110000|35.15|35.16|34.95|35.05|4122.0|14449755.0|35.15
110500|35.06|35.13|35.03|35.1|3216.0|11278854.0|35.05
111000|35.07|35.14|34.98|35.01|2413.0|8457935.0|35.1
111500|35.01|35.14|34.97|35.1|2397.0|8394166.0|35.01
112000|35.09|35.15|35.08|35.15|2684.0|9423995.0|35.1
112500|35.21|35.53|35.21|35.46|10729.0|37932653.0|35.15
113000|35.48|35.56|35.4|35.56|5233.0|18573567.0|35.46
130500|35.56|35.68|35.35|35.55|9825.0|34927846.0|35.56
131000|35.57|35.7|35.38|35.39|7435.0|26441475.0|35.55
131500|35.39|35.42|35.23|35.23|5826.0|20574251.0|35.39
132000|35.24|35.27|35.11|35.11|6406.0|22540103.0|35.23
132500|35.11|35.27|35.03|35.2|8962.0|31519097.0|35.11
133000|35.18|35.18|34.94|35.02|8525.0|29868639.0|35.2
133500|35.05|35.11|34.95|34.99|6189.0|21675989.0|35.02
134000|35.01|35.37|35.0|35.37|8414.0|29596600.0|34.99
134500|35.37|35.37|35.08|35.08|6389.0|22535222.0|35.37
135000|35.07|35.07|34.95|35.03|9842.0|34425667.0|35.08
135500|35.01|35.06|34.91|34.91|5669.0|19839487.0|35.03
140000|34.93|34.99|34.85|34.86|5183.0|18091714.0|34.91
140500|34.85|34.86|34.71|34.71|10944.0|38079536.0|34.86
141000|34.7|34.71|34.53|34.61|9705.0|33592553.0|34.71
141500|34.6|34.6|34.37|34.46|12876.0|44389447.0|34.61
142000|34.47|34.64|34.4|34.55|8231.0|28401500.0|34.46
142500|34.55|34.55|34.39|34.39|9540.0|32858899.0|34.55
143000|34.38|34.39|34.02|34.21|12046.0|41254653.0|34.39
143500|34.21|34.41|34.19|34.27|6901.0|23640874.0|34.21
144000|34.26|34.32|34.08|34.08|5501.0|18778822.0|34.27
144500|34.07|34.15|33.93|34.11|11557.0|39319772.0|34.08
145000|34.1|34.43|34.1|34.43|6059.0|20748518.0|34.11
145500|34.45|34.63|34.37|34.59|9462.0|32602376.0|34.43
150000|34.58|34.59|34.35|34.4|4963.0|17090721.0|34.59
