093500|4.07|4.14|4.06|4.13|114554.0|47094983.0|4.05
094000|4.12|4.16|4.12|4.13|55292.0|22917472.0|4.13
094500|4.13|4.15|4.12|4.13|29230.0|12100772.0|4.13
095000|4.13|4.13|4.1|4.1|14553.0|5991993.0|4.13
095500|4.11|4.14|4.1|4.13|19943.0|8224911.0|4.1
100000|4.13|4.14|4.11|4.12|16826.0|6945384.0|4.13
100500|4.11|4.12|4.09|4.09|15574.0|6385493.0|4.12
101000|4.1|4.12|4.09|4.11|16846.0|6913198.0|4.09
101500|4.11|4.13|4.11|4.12|9852.0|4060153.0|4.11
102000|4.13|4.13|4.11|4.11|7588.0|3126520.0|4.12
102500|4.11|4.12|4.1|4.11|11941.0|4904188.0|4.11
103000|4.1|4.11|4.1|4.11|3771.0|1547743.0|4.11
103500|4.11|4.12|4.1|4.11|12343.0|5071926.0|4.11
104000|4.11|4.12|4.1|4.11|5125.0|2106769.0|4.11
104500|4.11|4.12|4.11|4.11|4879.0|2006182.0|4.11
105000|4.11|4.12|4.11|4.11|3850.0|1583305.0|4.11
105500|4.11|4.12|4.11|4.11|3804.0|1565013.0|4.11
110000|4.11|4.12|4.11|4.11|5204.0|2140429.0|4.11
110500|4.11|4.12|4.1|4.1|6444.0|2646658.0|4.11
111000|4.1|4.11|4.1|4.1|3876.0|1590866.0|4.1
111500|4.1|4.12|4.1|4.11|4686.0|1924457.0|4.1
112000|4.11|4.11|4.1|4.1|4537.0|1863694.0|4.11
112500|4.1|4.12|4.1|4.11|3202.0|1316292.0|4.1
113000|4.11|4.12|4.1|4.11|6974.0|2866543.0|4.11
130500|4.11|4.11|4.09|4.1|12379.0|5077573.0|4.11
131000|4.1|4.11|4.1|4.1|5037.0|2066015.0|4.1
131500|4.1|4.11|4.1|4.11|3689.0|1513346.0|4.1
132000|4.11|4.11|4.09|4.09|8366.0|3430979.0|4.11
132500|4.09|4.11|4.09|4.1|6348.0|2604013.0|4.09
133000|4.1|4.11|4.09|4.09|5942.0|2434907.0|4.1
133500|4.1|4.1|4.09|4.09|5628.0|2303138.0|4.09
134000|4.09|4.1|4.08|4.09|8653.0|3540183.0|4.09
134500|4.09|4.1|4.08|4.08|5573.0|2279724.0|4.09
135000|4.08|4.09|4.08|4.08|7194.0|2939789.0|4.08
135500|4.09|4.09|4.08|4.09|4613.0|1884077.0|4.08
140000|4.09|4.09|4.08|4.08|7915.0|3235591.0|4.09
140500|4.08|4.1|4.08|4.09|4791.0|1958301.0|4.08
141000|4.09|4.1|4.08|4.08|7747.0|3168439.0|4.09
141500|4.08|4.09|4.08|4.08|2692.0|1099414.0|4.08
142000|4.08|4.09|4.07|4.07|8599.0|3509860.0|4.08
142500|4.07|4.08|4.07|4.08|2741.0|1116803.0|4.07
143000|4.07|4.08|4.07|4.08|5042.0|2054671.0|4.08
143500|4.07|4.08|4.07|4.08|3912.0|1593353.0|4.08
144000|4.08|4.09|4.07|4.08|12015.0|4900564.0|4.08
144500|4.07|4.08|4.07|4.08|6720.0|2740623.0|4.08
145000|4.07|4.08|4.07|4.08|4627.0|1886925.0|4.08
145500|4.08|4.08|4.07|4.07|10143.0|4131957.0|4.08
150000|4.07|4.08|4.07|4.07|8549.0|3481686.0|4.07
