093500|4.11|4.13|4.09|4.11|40083.0|16472462.0|4.11
094000|4.13|4.14|4.11|4.11|22184.0|9150559.0|4.11
094500|4.11|4.11|4.05|4.07|63726.0|25987116.0|4.11
095000|4.07|4.07|4.04|4.05|60098.0|24361337.0|4.07
095500|4.04|4.04|4.01|4.02|54928.0|22105513.0|4.05
100000|4.02|4.04|4.0|4.04|31420.0|12616422.0|4.02
100500|4.03|4.04|4.0|4.03|45429.0|18255615.0|4.04
101000|4.03|4.04|4.02|4.03|10595.0|4267177.0|4.03
101500|4.03|4.03|4.0|4.02|22958.0|9211356.0|4.03
102000|4.02|4.03|4.01|4.02|9986.0|4014365.0|4.02
102500|4.01|4.02|3.96|3.98|79590.0|31784451.0|4.02
103000|3.97|4.0|3.97|4.0|25148.0|10022868.0|3.98
103500|3.99|4.01|3.99|4.0|21739.0|8689050.0|4.0
104000|3.99|4.0|3.98|4.0|20142.0|8042512.0|4.0
104500|3.99|4.0|3.98|3.99|7808.0|3115569.0|4.0
105000|3.99|3.99|3.98|3.99|4852.0|1934065.0|3.99
105500|3.98|3.99|3.97|3.99|20237.0|8059972.0|3.99
110000|3.98|4.0|3.98|4.0|14754.0|5882266.0|3.99
110500|3.99|4.0|3.98|3.99|8236.0|3286263.0|4.0
111000|3.99|4.0|3.98|3.99|11550.0|4610134.0|3.99
111500|3.98|4.0|3.98|3.99|11752.0|4690152.0|3.99
112000|3.99|3.99|3.98|3.99|6055.0|2414762.0|3.99
112500|3.99|4.0|3.98|4.0|8550.0|3412839.0|3.99
113000|4.0|4.01|3.99|4.01|4902.0|1961475.0|4.0
130500|4.01|4.03|4.0|4.02|18724.0|7516327.0|4.01
131000|4.03|4.03|4.01|4.02|9656.0|3883565.0|4.02
131500|4.01|4.02|4.01|4.01|3153.0|1266493.0|4.02
132000|4.02|4.02|4.0|4.01|12478.0|5003581.0|4.01
132500|4.01|4.01|3.99|3.99|12062.0|4821952.0|4.01
133000|4.0|4.01|3.99|4.01|13684.0|5475750.0|3.99
133500|4.0|4.01|3.99|4.0|17446.0|6981465.0|4.01
134000|4.0|4.01|3.99|4.0|9805.0|3923536.0|4.0
134500|4.01|4.01|4.0|4.01|5402.0|2165402.0|4.0
135000|4.01|4.01|3.99|4.0|16491.0|6601022.0|4.01
135500|4.0|4.01|3.99|4.0|5475.0|2190124.0|4.0
140000|3.99|4.0|3.99|3.99|11938.0|4767704.0|4.0
140500|3.99|4.0|3.98|3.98|17591.0|7018326.0|3.99
141000|3.98|4.0|3.98|3.99|14221.0|5671891.0|3.98
141500|3.99|4.0|3.99|4.0|9566.0|3821289.0|3.99
142000|4.0|4.01|3.99|4.0|12128.0|4850302.0|4.0
142500|4.0|4.01|3.99|4.0|9680.0|3873485.0|4.0
143000|4.0|4.01|4.0|4.01|4883.0|1955362.0|4.0
143500|4.0|4.01|3.99|3.99|22884.0|9143707.0|4.01
144000|4.0|4.0|3.98|3.98|25357.0|10108171.0|3.99
144500|3.98|3.99|3.98|3.98|8888.0|3539803.0|3.98
145000|3.98|4.0|3.98|3.99|15147.0|6043584.0|3.98
145500|4.0|4.0|3.99|4.0|10957.0|4378026.0|3.99
150000|4.0|4.0|3.99|4.0|15104.0|6038191.0|4.0
