09350000|12.5307291200|12.5873438600|12.5307291200|12.5590364900|892100|11877310.0000|12.5590364900
09400000|12.5684722800|12.5779080700|12.5401649100|12.5590364900|639600|8514310.0000|12.5590364900
09450000|12.5590364900|12.5590364900|12.5307291200|12.5401649100|579200|7698044.0000|12.5401649100
09500000|12.5401649100|12.5496007000|12.5212933300|12.5401649100|472900|6279616.0000|12.5401649100
09550000|12.5401649100|12.5590364900|12.5212933300|12.5590364900|298500|3966884.0000|12.5590364900
10000000|12.5590364900|12.5590364900|12.5401649100|12.5496007000|185000|2460864.0000|12.5496007000
10050000|12.5496007000|12.5684722800|12.5401649100|12.5590364900|330900|4403040.0000|12.5590364900
10100000|12.5590364900|12.5779080700|12.5590364900|12.5779080700|501500|6678824.0000|12.5779080700
10150000|12.5684722800|12.5779080700|12.5496007000|12.5496007000|306600|4080776.0000|12.5496007000
10200000|12.5496007000|12.5779080700|12.5401649100|12.5684722800|259100|3447632.0000|12.5684722800
10250000|12.5779080700|12.5779080700|12.5590364900|12.5684722800|332900|4434440.0000|12.5684722800
10300000|12.5684722800|12.5873438600|12.5590364900|12.5873438600|475900|6342824.0000|12.5873438600
10350000|12.5873438600|12.6156512300|12.5873438600|12.5967796500|990200|13220552.0000|12.5967796500
10400000|12.5967796500|12.6156512300|12.5967796500|12.6062154400|561800|7504960.0000|12.6062154400
10450000|12.6062154400|12.6156512300|12.6062154400|12.6156512300|334300|4468296.0000|12.6156512300
10500000|12.6156512300|12.6439586000|12.6156512300|12.6439586000|534400|7151480.0000|12.6439586000
10550000|12.6439586000|12.6533943900|12.6345228100|12.6439586000|437900|5868216.0000|12.6439586000
11000000|12.6439586000|12.6439586000|12.6345228100|12.6439586000|291100|3899488.0000|12.6439586000
11050000|12.6345228100|12.6628301800|12.6345228100|12.6628301800|544600|7299968.0000|12.6628301800
11100000|12.6533943900|12.6628301800|12.6250870200|12.6345228100|362800|4858944.0000|12.6345228100
11150000|12.6345228100|12.6345228100|12.5967796500|12.6062154400|482600|6450400.0000|12.6062154400
11200000|12.6062154400|12.6156512300|12.5967796500|12.6062154400|331300|4426600.0000|12.6062154400
11250000|12.6062154400|12.6156512300|12.5967796500|12.5967796500|267700|3574688.0000|12.5967796500
11300000|12.5967796500|12.5967796500|12.5873438600|12.5967796500|137500|1835024.0000|12.5967796500
13050000|12.5873438600|12.6062154400|12.5873438600|12.6062154400|254200|3393344.0000|12.6062154400
13100000|12.6062154400|12.6062154400|12.5779080700|12.5873438600|301700|4025392.0000|12.5873438600
13150000|12.5779080700|12.5873438600|12.5779080700|12.5779080700|174600|2328224.0000|12.5779080700
13200000|12.5779080700|12.5873438600|12.5684722800|12.5779080700|281100|3745648.0000|12.5779080700
13250000|12.5779080700|12.5779080700|12.5590364900|12.5779080700|166300|2215568.0000|12.5779080700
13300000|12.5684722800|12.5873438600|12.5684722800|12.5873438600|137200|1828880.0000|12.5873438600
13350000|12.5873438600|12.5967796500|12.5779080700|12.5873438600|142900|1906976.0000|12.5873438600
13400000|12.5873438600|12.6062154400|12.5873438600|12.5967796500|216500|2890320.0000|12.5967796500
13450000|12.5967796500|12.6062154400|12.5779080700|12.5779080700|250500|3342352.0000|12.5779080700
13500000|12.5873438600|12.5873438600|12.5779080700|12.5873438600|149200|1990048.0000|12.5873438600
13550000|12.5873438600|12.5873438600|12.5779080700|12.5873438600|256700|3423600.0000|12.5873438600
14000000|12.5873438600|12.5873438600|12.5779080700|12.5873438600|108800|1451120.0000|12.5873438600
14050000|12.5873438600|12.5873438600|12.5590364900|12.5590364900|326400|4349936.0000|12.5590364900
14100000|12.5590364900|12.5779080700|12.5590364900|12.5779080700|234400|3122912.0000|12.5779080700
14150000|12.5873438600|12.5873438600|12.5684722800|12.5779080700|229100|3054240.0000|12.5779080700
14200000|12.5779080700|12.5873438600|12.5684722800|12.5873438600|136800|1823984.0000|12.5873438600
14250000|12.5873438600|12.5967796500|12.5779080700|12.5873438600|227800|3038880.0000|12.5873438600
14300000|12.5873438600|12.5967796500|12.5779080700|12.5873438600|173700|2317728.0000|12.5873438600
14350000|12.5873438600|12.6062154400|12.5873438600|12.6062154400|349800|4670128.0000|12.6062154400
14400000|12.5967796500|12.6062154400|12.5967796500|12.5967796500|331200|4423776.0000|12.5967796500
14450000|12.5967796500|12.6062154400|12.5873438600|12.5967796500|298000|3978224.0000|12.5967796500
14500000|12.5967796500|12.5967796500|12.5779080700|12.5873438600|305200|4071488.0000|12.5873438600
14550000|12.5873438600|12.5967796500|12.5779080700|12.5967796500|283600|3784736.0000|12.5967796500
15000000|12.5967796500|12.5967796500|12.5873438600|12.5967796500|278200|3714160.0000|12.5967796500
