09350000|6.6637211300|6.6637211300|6.6339280400|6.6438590700|729700|4888254.0000|6.6438590700
09400000|6.6438590700|6.6537901000|6.6438590700|6.6537901000|491000|3285146.0000|6.6537901000
09450000|6.6537901000|6.6637211300|6.6438590700|6.6637211300|832500|5580546.0000|6.6637211300
09500000|6.6537901000|6.6637211300|6.6438590700|6.6537901000|434400|2912049.0000|6.6537901000
09550000|6.6537901000|6.6637211300|6.6438590700|6.6537901000|223300|1495751.0000|6.6537901000
10000000|6.6537901000|6.6537901000|6.6438590700|6.6438590700|248900|1666782.0000|6.6438590700
10050000|6.6537901000|6.6637211300|6.6438590700|6.6537901000|299800|2008112.0000|6.6537901000
10100000|6.6537901000|6.6835831900|6.6537901000|6.6835831900|775900|5209544.0000|6.6835831900
10150000|6.6736521600|6.6935142200|6.6736521600|6.6835831900|380800|2562602.0000|6.6835831900
10200000|6.6835831900|6.6835831900|6.6637211300|6.6637211300|494200|3321554.0000|6.6637211300
10250000|6.6637211300|6.6736521600|6.6637211300|6.6736521600|324100|2174836.0000|6.6736521600
10300000|6.6637211300|6.6736521600|6.6438590700|6.6438590700|830400|5567432.0000|6.6438590700
10350000|6.6438590700|6.6537901000|6.6438590700|6.6438590700|321500|2151512.0000|6.6438590700
10400000|6.6537901000|6.6537901000|6.6438590700|6.6438590700|211400|1415640.0000|6.6438590700
10450000|6.6438590700|6.6637211300|6.6438590700|6.6637211300|675600|4526856.0000|6.6637211300
10500000|6.6637211300|6.6637211300|6.6537901000|6.6537901000|110600|741888.0000|6.6537901000
10550000|6.6537901000|6.6637211300|6.6537901000|6.6537901000|220400|1478072.0000|6.6537901000
11000000|6.6637211300|6.6637211300|6.6537901000|6.6537901000|237600|1593612.0000|6.6537901000
11050000|6.6537901000|6.6637211300|6.6537901000|6.6637211300|172700|1158308.0000|6.6637211300
11100000|6.6637211300|6.6637211300|6.6537901000|6.6637211300|221800|1488112.0000|6.6637211300
11150000|6.6637211300|6.6637211300|6.6537901000|6.6537901000|164600|1104212.0000|6.6537901000
11200000|6.6537901000|6.6637211300|6.6537901000|6.6637211300|298200|2000608.0000|6.6637211300
11250000|6.6537901000|6.6637211300|6.6537901000|6.6637211300|227700|1526588.0000|6.6637211300
11300000|6.6637211300|6.6637211300|6.6537901000|6.6537901000|300500|2014476.0000|6.6537901000
13050000|6.6637211300|6.6637211300|6.6339280400|6.6339280400|1303600|8727556.0000|6.6339280400
13100000|6.6438590700|6.6438590700|6.6339280400|6.6339280400|95200|636128.0000|6.6339280400
13150000|6.6339280400|6.6438590700|6.6339280400|6.6339280400|384400|2570528.0000|6.6339280400
13200000|6.6339280400|6.6438590700|6.6339280400|6.6438590700|81900|547488.0000|6.6438590700
13250000|6.6339280400|6.6537901000|6.6339280400|6.6438590700|475000|3178136.0000|6.6438590700
13300000|6.6537901000|6.6537901000|6.6438590700|6.6438590700|158700|1062896.0000|6.6438590700
13350000|6.6438590700|6.6537901000|6.6438590700|6.6537901000|272800|1826736.0000|6.6537901000
13400000|6.6537901000|6.6537901000|6.6339280400|6.6438590700|689400|4612408.0000|6.6438590700
13450000|6.6537901000|6.6537901000|6.6339280400|6.6339280400|497600|3329064.0000|6.6339280400
13500000|6.6339280400|6.6438590700|6.6339280400|6.6339280400|396500|2652064.0000|6.6339280400
13550000|6.6339280400|6.6537901000|6.6339280400|6.6438590700|308400|2063376.0000|6.6438590700
14000000|6.6537901000|6.6537901000|6.6339280400|6.6339280400|194000|1297592.0000|6.6339280400
14050000|6.6339280400|6.6537901000|6.6339280400|6.6537901000|394200|2638432.0000|6.6537901000
14100000|6.6537901000|6.6637211300|6.6438590700|6.6438590700|211200|1414896.0000|6.6438590700
14150000|6.6537901000|6.6637211300|6.6438590700|6.6537901000|205700|1378816.0000|6.6537901000
14200000|6.6637211300|6.6637211300|6.6537901000|6.6537901000|143600|962736.0000|6.6537901000
14250000|6.6537901000|6.6637211300|6.6537901000|6.6537901000|278300|1865808.0000|6.6537901000
14300000|6.6537901000|6.6637211300|6.6537901000|6.6537901000|226600|1518784.0000|6.6537901000
14350000|6.6537901000|6.6637211300|6.6537901000|6.6537901000|229800|1541136.0000|6.6537901000
14400000|6.6537901000|6.6637211300|6.6537901000|6.6637211300|206600|1384952.0000|6.6637211300
14450000|6.6537901000|6.6637211300|6.6438590700|6.6438590700|1043600|6992416.0000|6.6438590700
14500000|6.6438590700|6.6537901000|6.6438590700|6.6537901000|205200|1374368.0000|6.6537901000
14550000|6.6438590700|6.6537901000|6.6438590700|6.6438590700|988500|6615336.0000|6.6438590700
15000000|6.6438590700|6.6537901000|6.6438590700|6.6438590700|512700|3431296.0000|6.6438590700
