093500|6.0200|6.0200|5.9800|5.9800|717400|4307154.0000|5.9800
094000|5.9800|5.9900|5.9700|5.9800|576400|3446919.0000|5.9800
094500|5.9800|6.0000|5.9800|5.9900|387200|2317948.0000|5.9900
095000|5.9900|5.9900|5.9600|5.9700|654500|3907564.0000|5.9700
095500|5.9700|5.9700|5.9400|5.9400|517200|3076850.0000|5.9400
100000|5.9400|5.9600|5.9400|5.9500|250600|1489948.0000|5.9500
100500|5.9500|5.9700|5.9400|5.9700|424800|2527810.0000|5.9700
101000|5.9700|5.9700|5.9400|5.9600|317100|1887448.0000|5.9600
101500|5.9500|5.9700|5.9500|5.9500|200400|1193622.0000|5.9500
102000|5.9500|5.9800|5.9500|5.9800|144000|859680.0000|5.9800
102500|5.9700|5.9700|5.9500|5.9500|264400|1576968.0000|5.9500
103000|5.9500|5.9800|5.9500|5.9800|159700|951400.0000|5.9800
103500|5.9600|5.9700|5.9600|5.9600|119400|711850.0000|5.9600
104000|5.9600|5.9700|5.9500|5.9600|89300|532078.0000|5.9600
104500|5.9600|5.9600|5.9500|5.9600|76800|457004.0000|5.9600
105000|5.9600|5.9600|5.9300|5.9300|540400|3212086.0000|5.9300
105500|5.9300|5.9300|5.9200|5.9200|469800|2783372.0000|5.9200
110000|5.9300|5.9300|5.9200|5.9300|76800|454928.0000|5.9300
110500|5.9300|5.9300|5.9200|5.9200|213900|1267312.0000|5.9200
111000|5.9300|5.9300|5.9200|5.9200|141600|838752.0000|5.9200
111500|5.9200|5.9300|5.9100|5.9200|337000|1994236.0000|5.9200
112000|5.9200|5.9400|5.9200|5.9200|109900|651072.0000|5.9200
112500|5.9200|5.9300|5.9100|5.9100|152500|901916.0000|5.9100
113000|5.9200|5.9200|5.9100|5.9100|192400|1137288.0000|5.9100
130500|5.9200|5.9500|5.9000|5.9400|519100|3072220.0000|5.9400
131000|5.9400|5.9700|5.9200|5.9300|460700|2739824.0000|5.9300
131500|5.9200|5.9400|5.9100|5.9300|163800|970596.0000|5.9300
132000|5.9300|5.9400|5.9200|5.9300|232400|1378116.0000|5.9300
132500|5.9300|5.9400|5.9200|5.9200|195300|1157884.0000|5.9200
133000|5.9300|5.9300|5.9200|5.9300|158600|939692.0000|5.9300
133500|5.9300|5.9300|5.9100|5.9200|373800|2213752.0000|5.9200
134000|5.9300|5.9300|5.9100|5.9300|175700|1040052.0000|5.9300
134500|5.9300|5.9300|5.9100|5.9300|147100|870952.0000|5.9300
135000|5.9200|5.9300|5.9100|5.9200|591500|3499764.0000|5.9200
135500|5.9200|5.9600|5.9100|5.9500|334200|1984564.0000|5.9500
140000|5.9500|5.9500|5.9300|5.9400|169600|1007476.0000|5.9400
140500|5.9400|5.9800|5.9400|5.9800|1226200|7341700.0000|5.9800
141000|5.9800|6.0000|5.9700|6.0000|995900|5972368.0000|6.0000
141500|5.9900|6.0200|5.9900|6.0100|239300|1436112.0000|6.0100
142000|6.0000|6.0100|5.9800|6.0000|226900|1360752.0000|6.0000
142500|6.0000|6.0200|6.0000|6.0100|471200|2831792.0000|6.0100
143000|6.0100|6.0300|6.0100|6.0300|442400|2661072.0000|6.0300
143500|6.0300|6.0400|6.0200|6.0300|525200|3165512.0000|6.0300
144000|6.0200|6.0300|6.0100|6.0200|322600|1941832.0000|6.0200
144500|6.0200|6.0200|6.0000|6.0200|386400|2323160.0000|6.0200
145000|6.0200|6.0500|6.0100|6.0200|1040500|6280560.0000|6.0200
145500|6.0200|6.1000|6.0200|6.1000|3061300|18594624.0000|6.1000
150000|6.1000|6.1100|6.0600|6.0900|1653600|10062864.0000|6.0900
