093500|4.1800|4.2100|4.1700|4.1900|449500|1883573.0000|4.1900
094000|4.1900|4.2000|4.1800|4.1800|145600|609665.0000|4.1800
094500|4.1800|4.1900|4.1600|4.1700|586300|2445295.0000|4.1700
095000|4.1700|4.1700|4.1500|4.1700|393300|1636508.0000|4.1700
095500|4.1700|4.1700|4.1500|4.1600|196800|818276.0000|4.1600
100000|4.1600|4.1600|4.1500|4.1500|237400|985671.0000|4.1500
100500|4.1500|4.1600|4.1400|4.1600|848000|3519738.0000|4.1600
101000|4.1600|4.1600|4.1500|4.1600|172000|713976.0000|4.1600
101500|4.1500|4.1500|4.1400|4.1400|309400|1283451.0000|4.1400
102000|4.1500|4.1500|4.1400|4.1400|155900|645788.0000|4.1400
102500|4.1400|4.1500|4.1400|4.1400|180400|747243.0000|4.1400
103000|4.1400|4.1500|4.1400|4.1400|118800|492035.0000|4.1400
103500|4.1400|4.1500|4.1300|4.1500|225400|933259.0000|4.1500
104000|4.1500|4.1500|4.1300|4.1500|237800|984360.0000|4.1500
104500|4.1500|4.1500|4.1300|4.1500|304400|1260388.0000|4.1500
105000|4.1500|4.1500|4.1400|4.1400|57600|238678.0000|4.1400
105500|4.1400|4.1500|4.1400|4.1400|95400|395112.0000|4.1400
110000|4.1400|4.1500|4.1400|4.1400|149200|617884.0000|4.1400
110500|4.1400|4.1500|4.1400|4.1400|81500|337528.0000|4.1400
111000|4.1400|4.1500|4.1400|4.1400|62400|258472.0000|4.1400
111500|4.1500|4.1600|4.1500|4.1500|165000|684804.0000|4.1500
112000|4.1500|4.1600|4.1500|4.1600|135000|560500.0000|4.1600
112500|4.1600|4.1600|4.1500|4.1500|204000|847300.0000|4.1500
113000|4.1500|4.1700|4.1500|4.1700|176900|735356.0000|4.1700
130500|4.1700|4.1700|4.1500|4.1600|175100|729100.0000|4.1600
131000|4.1600|4.1700|4.1600|4.1700|26400|109992.0000|4.1700
131500|4.1700|4.1700|4.1600|4.1700|43100|179602.0000|4.1700
132000|4.1700|4.1700|4.1500|4.1600|170300|708062.0000|4.1600
132500|4.1500|4.1600|4.1500|4.1500|77400|321414.0000|4.1500
133000|4.1500|4.1600|4.1500|4.1500|123400|512606.0000|4.1500
133500|4.1600|4.1600|4.1500|4.1600|154500|642276.0000|4.1600
134000|4.1600|4.1700|4.1600|4.1700|131400|546944.0000|4.1700
134500|4.1700|4.1700|4.1600|4.1700|148800|619520.0000|4.1700
135000|4.1700|4.1800|4.1600|4.1700|206900|862604.0000|4.1700
135500|4.1700|4.1800|4.1600|4.1600|82100|342284.0000|4.1600
140000|4.1700|4.1700|4.1600|4.1600|92200|383908.0000|4.1600
140500|4.1600|4.1800|4.1600|4.1700|143000|596168.0000|4.1700
141000|4.1700|4.1700|4.1600|4.1700|70300|292540.0000|4.1700
141500|4.1600|4.1700|4.1600|4.1600|118300|492528.0000|4.1600
142000|4.1700|4.1700|4.1600|4.1600|130200|541876.0000|4.1600
142500|4.1700|4.1700|4.1600|4.1700|36700|152824.0000|4.1700
143000|4.1700|4.1700|4.1600|4.1600|38100|158838.0000|4.1600
143500|4.1600|4.1700|4.1600|4.1600|132000|549812.0000|4.1600
144000|4.1700|4.1800|4.1600|4.1800|159500|665398.0000|4.1800
144500|4.1800|4.1800|4.1700|4.1800|157100|655976.0000|4.1800
145000|4.1800|4.1800|4.1700|4.1800|346900|1448032.0000|4.1800
145500|4.1800|4.1800|4.1700|4.1800|353800|1476512.0000|4.1800
150000|4.1800|4.1800|4.1700|4.1700|257400|1074012.0000|4.1700
