093500|11.9000|11.9200|11.7800|11.8300|1208800|14321018.0000|11.8300
094000|11.8200|11.8400|11.7800|11.8000|1260500|14884686.0000|11.8000
094500|11.8000|11.9500|11.8000|11.9400|1129100|13441172.0000|11.9400
095000|11.9500|11.9700|11.9100|11.9700|917300|10960828.0000|11.9700
095500|11.9700|12.0000|11.9300|12.0000|1092900|13076842.0000|12.0000
100000|12.0000|12.0000|11.9600|11.9900|737300|8833607.0000|11.9900
100500|11.9900|12.1000|11.9900|12.0700|1755100|21139717.0000|12.0700
101000|12.0700|12.1000|12.0600|12.0900|885200|10695910.0000|12.0900
101500|12.1000|12.1600|12.0700|12.1600|1139900|13814225.0000|12.1600
102000|12.1600|12.1900|12.1000|12.1000|1506900|18311132.0000|12.1000
102500|12.1000|12.1400|12.0700|12.1300|625000|7562693.0000|12.1300
103000|12.1300|12.2400|12.1200|12.2400|1723650|20998672.0000|12.2400
103500|12.2400|12.2400|12.1400|12.1500|764400|9325244.0000|12.1500
104000|12.1500|12.2000|12.1200|12.1800|487078|5924910.0000|12.1800
104500|12.1800|12.2000|12.1600|12.2000|373322|4545743.0000|12.2000
105000|12.2000|12.2400|12.1800|12.2000|729400|8905601.0000|12.2000
105500|12.2100|12.2400|12.2000|12.2200|696700|8517262.0000|12.2200
110000|12.2200|12.3200|12.2200|12.3000|2489400|30548302.0000|12.3000
110500|12.3100|12.3200|12.2500|12.2700|684300|8401448.0000|12.2700
111000|12.2600|12.2800|12.2400|12.2600|522600|6404939.0000|12.2600
111500|12.2600|12.2600|12.2400|12.2600|399800|4899238.0000|12.2600
112000|12.2500|12.2600|12.2100|12.2200|834000|10193006.0000|12.2200
112500|12.2200|12.2500|12.2200|12.2400|344100|4210333.0000|12.2400
113000|12.2300|12.2500|12.2200|12.2500|216142|2644736.0000|12.2500
130500|12.2500|12.3100|12.2200|12.3100|1119758|13721616.0000|12.3100
131000|12.3000|12.4300|12.2800|12.3800|1580734|19532848.0000|12.3800
131500|12.3900|12.3900|12.3100|12.3100|670900|8290272.0000|12.3100
132000|12.3100|12.3300|12.2700|12.2900|509300|6262320.0000|12.2900
132500|12.2800|12.3000|12.2600|12.2800|461100|5661872.0000|12.2800
133000|12.2900|12.3200|12.2800|12.2900|496600|6106016.0000|12.2900
133500|12.2900|12.3000|12.2600|12.2800|528600|6492608.0000|12.2800
134000|12.2700|12.3000|12.2700|12.2800|271700|3337264.0000|12.2800
134500|12.2800|12.2900|12.2600|12.2600|239100|2934992.0000|12.2600
135000|12.2800|12.3400|12.2600|12.3300|676100|8320944.0000|12.3300
135500|12.3400|12.4000|12.3100|12.3600|1168700|14464080.0000|12.3600
140000|12.3600|12.3800|12.3500|12.3500|534700|6613536.0000|12.3500
140500|12.3500|12.3500|12.3000|12.3100|276500|3407728.0000|12.3100
141000|12.3200|12.3800|12.3100|12.3800|506400|6255920.0000|12.3800
141500|12.3700|12.3800|12.3500|12.3700|363600|4496960.0000|12.3700
142000|12.3600|12.4000|12.3500|12.3800|730000|9036928.0000|12.3800
142500|12.3900|12.3900|12.3500|12.3800|500600|6192336.0000|12.3800
143000|12.3700|12.3800|12.3600|12.3800|269700|3335680.0000|12.3800
143500|12.3600|12.3800|12.3400|12.3500|546600|6754656.0000|12.3500
144000|12.3600|12.3800|12.3500|12.3700|569400|7038304.0000|12.3700
144500|12.3800|12.3800|12.3600|12.3600|385300|4765664.0000|12.3600
145000|12.3700|12.3700|12.3500|12.3500|666100|8233840.0000|12.3500
145500|12.3500|12.3700|12.3500|12.3700|1026700|12690256.0000|12.3700
150000|12.3700|12.3700|12.3500|12.3700|752915|9309504.0000|12.3700
