093500|13.3400|13.3800|13.2900|13.3100|4574300|60981372.0000|13.3100
094000|13.3100|13.3300|13.2600|13.2600|3619400|48085464.0000|13.2600
094500|13.2600|13.2800|13.2300|13.2700|2640300|34995040.0000|13.2700
095000|13.2700|13.4900|13.2700|13.3400|3366300|45122176.0000|13.3400
095500|13.3400|13.3500|13.3100|13.3200|1869400|24901232.0000|13.3200
100000|13.3200|13.3300|13.2600|13.2600|1465700|19491088.0000|13.2600
100500|13.2600|13.3100|13.2600|13.2900|1238700|16458384.0000|13.2900
101000|13.2900|13.4400|13.2800|13.4000|1696600|22675280.0000|13.4000
101500|13.4000|13.4400|13.3800|13.4200|1832600|24581920.0000|13.4200
102000|13.4200|13.4400|13.4000|13.4200|1421200|19081472.0000|13.4200
102500|13.4200|13.4500|13.4100|13.4300|1042600|14006880.0000|13.4300
103000|13.4300|13.5900|13.4300|13.5900|2899600|39160352.0000|13.5900
103500|13.5900|13.7600|13.5400|13.7000|13566600|185645056.0000|13.7000
104000|13.7000|13.7900|13.6500|13.7100|6968000|95626624.0000|13.7100
104500|13.7100|13.7400|13.6500|13.6700|3137600|42957243.0000|13.6700
105000|13.6700|13.6900|13.6100|13.6300|1753900|23951689.0000|13.6300
105500|13.6300|13.6400|13.5600|13.5600|2104600|28640252.0000|13.5600
110000|13.5600|13.5900|13.5600|13.5800|1114500|15129990.0000|13.5800
110500|13.5800|13.5900|13.5200|13.5700|1585300|21478834.0000|13.5700
111000|13.5700|13.6000|13.5600|13.5700|865900|11763081.0000|13.5700
111500|13.5700|13.6200|13.5700|13.6100|865000|11764091.0000|13.6100
112000|13.6100|13.6200|13.5500|13.5500|676700|9190147.0000|13.5500
112500|13.5500|13.5900|13.5500|13.5800|655300|8888191.0000|13.5800
113000|13.5800|13.6100|13.5800|13.5800|587500|7988610.0000|13.5800
130500|13.5900|13.6600|13.5800|13.6100|1788300|24356356.0000|13.6100
131000|13.6100|13.6700|13.6000|13.6700|1361300|18564796.0000|13.6700
131500|13.6700|13.7500|13.6600|13.6700|3227000|44212544.0000|13.6700
132000|13.6700|13.7900|13.6600|13.7100|4488000|61668736.0000|13.7100
132500|13.7100|13.7200|13.6400|13.6700|1816000|24838976.0000|13.6700
133000|13.6700|13.6700|13.6200|13.6400|1237800|16881536.0000|13.6400
133500|13.6400|13.6500|13.6200|13.6300|839500|11446141.0000|13.6300
134000|13.6300|13.6300|13.5900|13.6100|1390500|18924421.0000|13.6100
134500|13.6100|13.6500|13.6100|13.6100|696200|9492278.0000|13.6100
135000|13.6100|13.6100|13.5900|13.5900|811100|11029960.0000|13.5900
135500|13.5900|13.6500|13.5900|13.6400|1058500|14409792.0000|13.6400
140000|13.6400|13.6500|13.6000|13.6100|632600|8619518.0000|13.6100
140500|13.6100|13.6200|13.5600|13.5600|1297800|17636483.0000|13.5600
141000|13.5600|13.5700|13.5000|13.5400|1888900|25546751.0000|13.5400
141500|13.5400|13.5500|13.5000|13.5000|1202900|16261638.0000|13.5000
142000|13.5000|13.5100|13.4500|13.4500|1471400|19823738.0000|13.4500
142500|13.4500|13.5400|13.4200|13.5300|1732900|23344512.0000|13.5300
143000|13.5300|13.5800|13.5000|13.5600|1725700|23363847.0000|13.5600
143500|13.5600|13.5600|13.4500|13.4600|1361000|18357110.0000|13.4600
144000|13.4600|13.4700|13.4100|13.4300|2180000|29301251.0000|13.4300
144500|13.4300|13.4700|13.4200|13.4700|1715000|23046656.0000|13.4700
145000|13.4700|13.4900|13.4300|13.4400|2175500|29271936.0000|13.4400
145500|13.4400|13.4500|13.3400|13.3900|3759900|50319744.0000|13.3900
150000|13.3900|13.4300|13.3900|13.3900|2929900|39254528.0000|13.3900
