093500|13.7|13.98|13.54|13.78|104162.0|144753897.0|13.67
094000|13.78|13.82|13.68|13.77|37247.0|51769561.0|13.78
094500|13.78|13.81|13.72|13.72|30323.0|42218207.0|13.77
095000|13.73|13.74|13.69|13.7|28041.0|38931068.0|13.72
095500|13.7|13.71|13.62|13.66|48351.0|66829390.0|13.7
100000|13.66|13.7|13.59|13.6|34446.0|47543158.0|13.66
100500|13.6|13.72|13.6|13.66|22836.0|31572635.0|13.6
101000|13.66|13.66|13.6|13.63|17984.0|24802258.0|13.66
101500|13.62|13.66|13.61|13.61|13901.0|19179971.0|13.63
102000|13.62|13.69|13.61|13.67|15962.0|22052497.0|13.61
102500|13.68|13.72|13.67|13.71|15763.0|21853764.0|13.67
103000|13.72|13.72|13.68|13.72|15463.0|21454419.0|13.71
103500|13.72|13.77|13.71|13.73|14472.0|20133549.0|13.72
104000|13.73|13.78|13.7|13.73|13784.0|19174327.0|13.73
104500|13.73|13.73|13.69|13.7|9701.0|13457527.0|13.73
105000|13.69|13.71|13.67|13.67|10462.0|14499231.0|13.7
105500|13.67|13.7|13.67|13.7|8678.0|12025711.0|13.67
110000|13.7|13.73|13.68|13.73|9393.0|13023777.0|13.7
110500|13.73|13.73|13.69|13.71|8272.0|11481064.0|13.73
111000|13.72|13.72|13.66|13.66|13943.0|19313581.0|13.71
111500|13.66|13.7|13.65|13.7|5529.0|7651443.0|13.66
112000|13.69|13.7|13.66|13.66|5331.0|7383221.0|13.7
112500|13.67|13.67|13.64|13.65|7567.0|10458431.0|13.66
113000|13.65|13.67|13.63|13.67|6713.0|9276340.0|13.65
130500|13.67|13.68|13.63|13.63|10000.0|13829228.0|13.67
131000|13.64|13.64|13.59|13.59|22326.0|30768647.0|13.63
131500|13.58|13.6|13.57|13.6|17528.0|24105717.0|13.59
132000|13.59|13.62|13.59|13.6|8348.0|11500825.0|13.6
132500|13.61|13.64|13.6|13.61|8613.0|11873734.0|13.6
133000|13.62|13.62|13.56|13.57|17306.0|23807658.0|13.61
133500|13.56|13.57|13.54|13.55|20749.0|28475510.0|13.57
134000|13.55|13.55|13.51|13.53|27185.0|37234879.0|13.55
134500|13.53|13.53|13.48|13.5|23412.0|31996194.0|13.53
135000|13.5|13.55|13.5|13.54|9929.0|13602018.0|13.5
135500|13.53|13.54|13.52|13.53|8134.0|11145469.0|13.54
140000|13.54|13.54|13.51|13.51|8775.0|12016658.0|13.53
140500|13.51|13.53|13.5|13.52|8191.0|11207097.0|13.51
141000|13.53|13.57|13.53|13.53|6732.0|9232449.0|13.52
141500|13.53|13.56|13.53|13.56|4238.0|5810262.0|13.53
142000|13.57|13.61|13.55|13.61|11259.0|15490260.0|13.56
142500|13.61|13.64|13.6|13.61|12632.0|17415987.0|13.61
143000|13.61|13.63|13.6|13.62|7137.0|9836529.0|13.61
143500|13.62|13.67|13.62|13.66|10570.0|14607399.0|13.62
144000|13.67|13.67|13.61|13.63|10171.0|14040059.0|13.66
144500|13.63|13.65|13.61|13.64|10950.0|15110060.0|13.63
145000|13.64|13.65|13.63|13.64|16713.0|23077415.0|13.64
145500|13.65|13.66|13.63|13.65|23698.0|32751969.0|13.64
150000|13.65|13.67|13.65|13.66|29167.0|40343725.0|13.65
