093500|9.4100|9.5300|9.4000|9.4600|2615061|24672338.0000|9.4600
094000|9.4500|9.4800|9.4200|9.4600|1129400|10673924.0000|9.4600
094500|9.4600|9.4600|9.4000|9.4300|733700|6917166.0000|9.4300
095000|9.4200|9.4700|9.4100|9.4300|525300|4958956.0000|9.4300
095500|9.4300|9.4500|9.4100|9.4100|651200|6137130.0000|9.4100
100000|9.4200|9.4300|9.4000|9.4200|726900|6841426.0000|9.4200
100500|9.4100|9.4400|9.4100|9.4300|341400|3218597.0000|9.4300
101000|9.4300|9.4300|9.4000|9.4200|773227|7280598.0000|9.4200
101500|9.4200|9.4700|9.4200|9.4300|850900|8037371.0000|9.4300
102000|9.4300|9.4300|9.4000|9.4000|403400|3798520.0000|9.4000
102500|9.4000|9.4200|9.3800|9.3800|771100|7248350.0000|9.3800
103000|9.3800|9.4200|9.3700|9.4200|835700|7848304.0000|9.4200
103500|9.4200|9.4300|9.4100|9.4200|662100|6239082.0000|9.4200
104000|9.4200|9.4300|9.4000|9.4000|508600|4787652.0000|9.4000
104500|9.4000|9.4200|9.4000|9.4100|510700|4803699.0000|9.4100
105000|9.4100|9.4200|9.4000|9.4000|686500|6458497.0000|9.4000
105500|9.4100|9.4200|9.4000|9.4100|518000|4872845.0000|9.4100
110000|9.4000|9.4100|9.3900|9.4000|304400|2860931.0000|9.4000
110500|9.4000|9.4200|9.3900|9.3900|685000|6440676.0000|9.3900
111000|9.3900|9.4000|9.3800|9.3800|621900|5835528.0000|9.3800
111500|9.3800|9.4100|9.3800|9.3900|584600|5489462.0000|9.3900
112000|9.3900|9.4000|9.3800|9.4000|459000|4310845.0000|9.4000
112500|9.4000|9.4100|9.4000|9.4100|441300|4149703.0000|9.4100
113000|9.4100|9.4100|9.4000|9.4100|425200|3999703.0000|9.4100
130500|9.4100|9.4200|9.3900|9.3900|589700|5543734.0000|9.3900
131000|9.4000|9.4200|9.3900|9.4000|430600|4049473.0000|9.4000
131500|9.4000|9.4000|9.3800|9.3900|604200|5673574.0000|9.3900
132000|9.3900|9.4000|9.3700|9.3700|460600|4320306.0000|9.3700
132500|9.3700|9.3700|9.3500|9.3600|750800|7025266.0000|9.3600
133000|9.3600|9.3800|9.3500|9.3600|304200|2847768.0000|9.3600
133500|9.3500|9.3500|9.3300|9.3400|754200|7042646.0000|9.3400
134000|9.3500|9.3600|9.3400|9.3400|547000|5112297.0000|9.3400
134500|9.3500|9.3500|9.3300|9.3400|335800|3137053.0000|9.3400
135000|9.3400|9.3700|9.3400|9.3700|543200|5079804.0000|9.3700
135500|9.3600|9.3800|9.3500|9.3700|391100|3662395.0000|9.3700
140000|9.3700|9.3800|9.3500|9.3700|557400|5222904.0000|9.3700
140500|9.3700|9.3700|9.3500|9.3600|493000|4611858.0000|9.3600
141000|9.3600|9.3700|9.3300|9.3400|532500|4974846.0000|9.3400
141500|9.3300|9.3400|9.3200|9.3300|638900|5958970.0000|9.3300
142000|9.3300|9.3400|9.3100|9.3400|830500|7739176.0000|9.3400
142500|9.3400|9.3400|9.3200|9.3300|417600|3896919.0000|9.3300
143000|9.3300|9.3700|9.3200|9.3700|1669900|15617467.0000|9.3700
143500|9.3700|9.3900|9.3500|9.3600|859700|8061255.0000|9.3600
144000|9.3600|9.3600|9.3400|9.3400|595500|5567290.0000|9.3400
144500|9.3500|9.3700|9.3400|9.3700|893984|8367184.0000|9.3700
145000|9.3700|9.3800|9.3600|9.3800|764500|7167712.0000|9.3800
145500|9.3700|9.4200|9.3700|9.4200|2222000|20895392.0000|9.4200
150000|9.4200|9.4300|9.4100|9.4200|1532200|14431424.0000|9.4200
