093500|9.1800|9.5200|9.1800|9.4700|6469863|60816250.0000|9.4700
094000|9.4600|9.8800|9.4600|9.7200|14714100|142447785.0000|9.7200
094500|9.7000|9.7100|9.5300|9.5500|5646300|54358995.0000|9.5500
095000|9.5500|9.6400|9.5300|9.5800|4189700|40239146.0000|9.5800
095500|9.5900|9.6300|9.5600|9.5700|2090242|20054096.0000|9.5700
100000|9.5700|9.5700|9.5000|9.5100|2960200|28244416.0000|9.5100
100500|9.5200|9.5800|9.5100|9.5700|1637912|15648688.0000|9.5700
101000|9.5800|9.5800|9.5300|9.5300|1051600|10050496.0000|9.5300
101500|9.5400|9.5600|9.5200|9.5300|1299346|12400288.0000|9.5300
102000|9.5300|9.6100|9.5300|9.5600|2031400|19452960.0000|9.5600
102500|9.5700|9.5700|9.5000|9.5000|1240500|11823952.0000|9.5000
103000|9.5000|9.5100|9.4500|9.5000|1660000|15743712.0000|9.5000
103500|9.5000|9.5200|9.4800|9.4800|1034700|9828384.0000|9.4800
104000|9.4800|9.4800|9.4300|9.4400|1448800|13692928.0000|9.4400
104500|9.4500|9.4600|9.4300|9.4400|1265700|11948544.0000|9.4400
105000|9.4300|9.5000|9.4100|9.4600|1797700|17004880.0000|9.4600
105500|9.4600|9.5400|9.4500|9.5400|1008466|9582832.0000|9.5400
110000|9.5400|9.5500|9.4900|9.4900|660500|6290336.0000|9.4900
110500|9.4900|9.5000|9.4400|9.4500|406100|3847056.0000|9.4500
111000|9.4500|9.4900|9.4400|9.4600|875300|8297680.0000|9.4600
111500|9.4600|9.4900|9.4300|9.4400|377600|3565920.0000|9.4400
112000|9.4400|9.4800|9.4300|9.4400|513400|4852912.0000|9.4400
112500|9.4500|9.4600|9.4300|9.4300|403600|3810896.0000|9.4300
113000|9.4200|9.4300|9.4000|9.4100|750200|7062224.0000|9.4100
130500|9.4100|9.4100|9.3800|9.4000|1102300|10359936.0000|9.4000
131000|9.4000|9.4500|9.4000|9.4200|706000|6654912.0000|9.4200
131500|9.4200|9.4400|9.3900|9.4400|563700|5304336.0000|9.4400
132000|9.4400|9.5000|9.4300|9.4800|1261900|11958816.0000|9.4800
132500|9.4800|9.4900|9.4300|9.4900|566800|5357472.0000|9.4900
133000|9.4800|9.4900|9.4600|9.4800|616200|5834384.0000|9.4800
133500|9.4800|9.5000|9.4700|9.4700|735000|6976352.0000|9.4700
134000|9.4700|9.5100|9.4600|9.5100|517300|4911536.0000|9.5100
134500|9.5100|9.5200|9.4800|9.4800|496000|4711008.0000|9.4800
135000|9.4800|9.4900|9.4600|9.4700|213400|2021616.0000|9.4700
135500|9.4600|9.4600|9.4200|9.4300|718000|6776208.0000|9.4300
140000|9.4300|9.4300|9.3700|9.4200|744000|6993792.0000|9.4200
140500|9.4200|9.4200|9.4000|9.4000|351500|3307104.0000|9.4000
141000|9.4100|9.4100|9.3900|9.4000|420500|3952768.0000|9.4000
141500|9.4100|9.4100|9.3500|9.3600|991000|9289904.0000|9.3600
142000|9.3600|9.3700|9.3300|9.3400|611700|5723744.0000|9.3400
142500|9.3400|9.3800|9.3400|9.3500|756500|7075952.0000|9.3500
143000|9.3500|9.3500|9.3200|9.3200|501700|4684096.0000|9.3200
143500|9.3200|9.3600|9.3100|9.3200|1325600|12363888.0000|9.3200
144000|9.3300|9.3800|9.3200|9.3800|954500|8931328.0000|9.3800
144500|9.3800|9.3800|9.3400|9.3500|1057900|9903808.0000|9.3500
145000|9.3400|9.3500|9.3000|9.3200|1581900|14740224.0000|9.3200
145500|9.3200|9.3300|9.3000|9.3300|2072800|19313136.0000|9.3300
150000|9.3200|9.3300|9.2900|9.2900|2088600|19437312.0000|9.2900
