093500|7.73|7.74|7.66|7.69|19271.0|14848265.0|7.77
094000|7.68|7.71|7.64|7.66|16192.0|12415501.0|7.69
094500|7.66|7.68|7.61|7.67|20729.0|15834840.0|7.66
095000|7.67|7.71|7.65|7.65|9441.0|7249034.0|7.67
095500|7.65|7.66|7.62|7.62|14420.0|11007691.0|7.65
100000|7.62|7.63|7.6|7.62|8673.0|6604303.0|7.62
100500|7.62|7.63|7.6|7.61|11219.0|8536334.0|7.62
101000|7.6|7.61|7.58|7.59|7729.0|5869041.0|7.61
101500|7.59|7.59|7.55|7.57|13140.0|9944954.0|7.59
102000|7.58|7.59|7.54|7.54|8300.0|6274106.0|7.57
102500|7.54|7.57|7.54|7.55|6250.0|4718350.0|7.54
103000|7.55|7.55|7.5|7.53|13889.0|10449972.0|7.55
103500|7.54|7.54|7.49|7.52|11010.0|8269880.0|7.53
104000|7.51|7.55|7.51|7.53|5745.0|4326129.0|7.52
104500|7.52|7.55|7.51|7.55|3068.0|2308626.0|7.53
105000|7.55|7.56|7.53|7.53|3895.0|2938618.0|7.55
105500|7.53|7.54|7.51|7.53|3352.0|2524174.0|7.53
110000|7.53|7.54|7.52|7.54|1886.0|1420153.0|7.53
110500|7.54|7.55|7.53|7.54|2224.0|1676032.0|7.54
111000|7.53|7.56|7.52|7.55|4706.0|3550671.0|7.54
111500|7.55|7.6|7.55|7.57|10345.0|7842215.0|7.55
112000|7.57|7.57|7.56|7.57|2603.0|1968919.0|7.57
112500|7.57|7.59|7.56|7.56|3538.0|2680919.0|7.57
113000|7.56|7.57|7.54|7.54|2339.0|1765140.0|7.56
130500|7.55|7.55|7.5|7.52|6741.0|5065309.0|7.54
131000|7.51|7.56|7.5|7.56|5784.0|4350335.0|7.52
131500|7.55|7.58|7.54|7.57|2816.0|2128196.0|7.56
132000|7.57|7.59|7.57|7.57|2863.0|2169093.0|7.57
132500|7.57|7.58|7.56|7.56|1804.0|1364371.0|7.57
133000|7.57|7.59|7.57|7.58|3318.0|2514379.0|7.56
133500|7.58|7.6|7.57|7.57|3795.0|2880358.0|7.58
134000|7.57|7.57|7.55|7.56|1727.0|1305977.0|7.57
134500|7.56|7.56|7.53|7.54|1983.0|1496422.0|7.56
135000|7.54|7.55|7.54|7.55|915.0|690444.0|7.54
135500|7.54|7.58|7.54|7.58|4338.0|3274430.0|7.55
140000|7.57|7.58|7.55|7.58|2880.0|2177019.0|7.58
140500|7.58|7.58|7.56|7.56|2374.0|1796804.0|7.58
141000|7.56|7.57|7.54|7.55|1746.0|1318169.0|7.56
141500|7.55|7.57|7.54|7.57|4686.0|3537797.0|7.55
142000|7.57|7.6|7.56|7.6|2646.0|2006377.0|7.57
142500|7.6|7.63|7.59|7.62|6369.0|4845938.0|7.6
143000|7.62|7.64|7.62|7.63|2876.0|2194600.0|7.62
143500|7.63|7.63|7.6|7.61|6122.0|4658815.0|7.63
144000|7.61|7.62|7.59|7.59|2358.0|1793081.0|7.61
144500|7.6|7.61|7.6|7.61|2191.0|1665888.0|7.59
145000|7.61|7.63|7.6|7.63|5988.0|4560490.0|7.61
145500|7.62|7.64|7.62|7.63|3645.0|2780055.0|7.63
150000|7.63|7.65|7.63|7.64|4193.0|3202975.0|7.63
