093500|8.89|9.04|8.89|9.03|30886.0|27682118.0|8.88
094000|9.03|9.12|9.03|9.07|26494.0|24047263.0|9.03
094500|9.08|9.14|9.06|9.08|21205.0|19301034.0|9.07
095000|9.07|9.11|9.06|9.11|11293.0|10261534.0|9.08
095500|9.11|9.13|9.1|9.13|11576.0|10549349.0|9.11
100000|9.13|9.21|9.13|9.2|39768.0|36514014.0|9.13
100500|9.2|9.22|9.17|9.17|11682.0|10736613.0|9.2
101000|9.17|9.21|9.16|9.21|9833.0|9032671.0|9.17
101500|9.22|9.22|9.19|9.21|8806.0|8103275.0|9.21
102000|9.2|9.22|9.2|9.22|10330.0|9516114.0|9.21
102500|9.22|9.23|9.2|9.2|5526.0|5092341.0|9.22
103000|9.21|9.23|9.19|9.23|5848.0|5385945.0|9.2
103500|9.22|9.24|9.21|9.23|7974.0|7353988.0|9.23
104000|9.23|9.23|9.2|9.21|4661.0|4294561.0|9.23
104500|9.21|9.24|9.21|9.24|15134.0|13961332.0|9.21
105000|9.24|9.25|9.23|9.25|9419.0|8703750.0|9.24
105500|9.24|9.25|9.22|9.22|6330.0|5848931.0|9.25
110000|9.22|9.24|9.21|9.23|6639.0|6126090.0|9.22
110500|9.23|9.25|9.23|9.23|8621.0|7963010.0|9.23
111000|9.23|9.25|9.22|9.24|5814.0|5367129.0|9.23
111500|9.25|9.25|9.24|9.24|2060.0|1904224.0|9.24
112000|9.24|9.25|9.23|9.23|4436.0|4097965.0|9.24
112500|9.23|9.24|9.2|9.22|6863.0|6324034.0|9.23
113000|9.21|9.25|9.21|9.23|5826.0|5375021.0|9.22
130500|9.24|9.25|9.17|9.18|10350.0|9520329.0|9.23
131000|9.17|9.17|9.15|9.16|5093.0|4667353.0|9.18
131500|9.16|9.19|9.15|9.19|3886.0|3561243.0|9.16
132000|9.18|9.21|9.18|9.21|7237.0|6649890.0|9.19
132500|9.21|9.21|9.19|9.2|2251.0|2069767.0|9.21
133000|9.19|9.21|9.19|9.2|4835.0|4447536.0|9.2
133500|9.2|9.2|9.19|9.19|3234.0|2974102.0|9.2
134000|9.19|9.2|9.18|9.18|3682.0|3382670.0|9.19
134500|9.18|9.19|9.17|9.19|5152.0|4726452.0|9.18
135000|9.19|9.19|9.18|9.18|2378.0|2183441.0|9.19
135500|9.18|9.2|9.18|9.19|2924.0|2686830.0|9.18
140000|9.19|9.2|9.17|9.17|6068.0|5571922.0|9.19
140500|9.17|9.18|9.15|9.15|5647.0|5174683.0|9.17
141000|9.16|9.16|9.11|9.11|7168.0|6549495.0|9.15
141500|9.11|9.13|9.11|9.12|6368.0|5806649.0|9.11
142000|9.12|9.13|9.11|9.12|5591.0|5099514.0|9.12
142500|9.13|9.14|9.12|9.12|5808.0|5301688.0|9.12
143000|9.13|9.13|9.1|9.1|5249.0|4784780.0|9.12
143500|9.1|9.13|9.1|9.12|5653.0|5151431.0|9.1
144000|9.12|9.14|9.11|9.12|6669.0|6086589.0|9.12
144500|9.12|9.14|9.12|9.13|4275.0|3904038.0|9.12
145000|9.13|9.14|9.13|9.13|5535.0|5055791.0|9.13
145500|9.13|9.15|9.13|9.15|9167.0|8377475.0|9.13
150000|9.14|9.17|9.14|9.15|8423.0|7707581.0|9.15
