093500|3.4|3.42|3.38|3.42|13095.0|4449009.0|3.39
094000|3.41|3.42|3.4|3.41|8236.0|2809910.0|3.42
094500|3.4|3.42|3.4|3.41|3245.0|1106557.0|3.41
095000|3.41|3.43|3.41|3.42|5968.0|2039847.0|3.41
095500|3.41|3.42|3.41|3.42|2414.0|824504.0|3.42
100000|3.41|3.42|3.41|3.41|1965.0|671794.0|3.42
100500|3.42|3.43|3.41|3.41|2530.0|864758.0|3.41
101000|3.41|3.42|3.41|3.42|898.0|306521.0|3.41
101500|3.42|3.43|3.41|3.42|2918.0|997997.0|3.42
102000|3.41|3.43|3.41|3.41|2224.0|760570.0|3.42
102500|3.42|3.42|3.41|3.42|1369.0|468049.0|3.41
103000|3.41|3.42|3.41|3.42|645.0|220312.0|3.42
103500|3.41|3.43|3.41|3.43|3231.0|1105350.0|3.42
104000|3.42|3.42|3.41|3.41|1025.0|349990.0|3.43
104500|3.41|3.42|3.41|3.41|612.0|208955.0|3.41
105000|3.41|3.42|3.41|3.41|1577.0|539027.0|3.41
105500|3.41|3.42|3.41|3.41|2461.0|839304.0|3.41
110000|3.41|3.41|3.4|3.4|1662.0|566303.0|3.41
110500|3.41|3.41|3.4|3.4|2045.0|696526.0|3.4
111000|3.41|3.41|3.4|3.41|1480.0|503410.0|3.4
111500|3.41|3.41|3.4|3.4|1479.0|503058.0|3.41
112000|3.4|3.4|3.39|3.39|827.0|280837.0|3.4
112500|3.39|3.4|3.38|3.38|3785.0|1283120.0|3.39
113000|3.39|3.4|3.38|3.39|2364.0|801453.0|3.38
130500|3.39|3.39|3.38|3.38|2545.0|861502.0|3.39
131000|3.38|3.4|3.38|3.39|1496.0|506857.0|3.38
131500|3.39|3.4|3.38|3.39|5624.0|1906122.0|3.39
132000|3.4|3.4|3.39|3.4|3639.0|1234621.0|3.39
132500|3.39|3.4|3.38|3.38|7555.0|2555315.0|3.4
133000|3.39|3.39|3.37|3.38|2653.0|896489.0|3.38
133500|3.37|3.38|3.37|3.38|7404.0|2501325.0|3.38
134000|3.38|3.39|3.38|3.38|1255.0|424568.0|3.38
134500|3.38|3.39|3.38|3.39|396.0|134053.0|3.38
135000|3.38|3.39|3.38|3.39|2341.0|792932.0|3.39
135500|3.39|3.4|3.38|3.39|12814.0|4345072.0|3.39
140000|3.38|3.4|3.38|3.39|10559.0|3580258.0|3.39
140500|3.39|3.4|3.38|3.39|2272.0|770098.0|3.39
141000|3.39|3.4|3.38|3.38|2575.0|872551.0|3.39
141500|3.38|3.39|3.38|3.38|1049.0|355010.0|3.38
142000|3.39|3.39|3.38|3.39|1466.0|495978.0|3.38
142500|3.38|3.39|3.37|3.37|7621.0|2574502.0|3.39
143000|3.37|3.38|3.37|3.38|1890.0|637942.0|3.37
143500|3.38|3.39|3.37|3.38|2462.0|832026.0|3.38
144000|3.39|3.39|3.37|3.39|2088.0|705678.0|3.38
144500|3.38|3.39|3.37|3.37|5258.0|1775613.0|3.39
145000|3.38|3.38|3.37|3.38|4663.0|1574297.0|3.37
145500|3.38|3.38|3.37|3.37|2883.0|972892.0|3.38
150000|3.37|3.38|3.37|3.38|4481.0|1513126.0|3.37
