093500|4.3100|4.3500|4.2900|4.3000|489000|2109324.0000|4.3000
094000|4.3000|4.3000|4.2900|4.3000|325900|1399706.0000|4.3000
094500|4.3000|4.3100|4.2900|4.2900|216500|931199.0000|4.2900
095000|4.3000|4.3000|4.2800|4.2900|377000|1617575.0000|4.2900
095500|4.2900|4.3000|4.2900|4.2900|166300|713584.0000|4.2900
100000|4.2900|4.3000|4.2800|4.2900|153200|657136.0000|4.2900
100500|4.2900|4.2900|4.2800|4.2800|137000|586738.0000|4.2800
101000|4.2800|4.2900|4.2800|4.2800|160500|688249.0000|4.2800
101500|4.2800|4.3000|4.2800|4.2900|244200|1047192.0000|4.2900
102000|4.2900|4.3000|4.2900|4.2900|144900|622428.0000|4.2900
102500|4.2900|4.3000|4.2700|4.2700|501800|2148296.0000|4.2700
103000|4.2800|4.2800|4.2700|4.2700|127000|542551.0000|4.2700
103500|4.2700|4.2700|4.2500|4.2700|860100|3661215.0000|4.2700
104000|4.2600|4.2700|4.2600|4.2600|84600|360596.0000|4.2600
104500|4.2700|4.2700|4.2600|4.2600|76160|324559.0000|4.2600
105000|4.2600|4.2800|4.2600|4.2700|145600|621443.0000|4.2700
105500|4.2700|4.2900|4.2700|4.2800|50700|217001.0000|4.2800
110000|4.2800|4.2900|4.2800|4.2900|62400|267179.0000|4.2900
110500|4.2900|4.2900|4.2800|4.2900|92200|395449.0000|4.2900
111000|4.2900|4.3000|4.2900|4.2900|78900|338522.0000|4.2900
111500|4.2900|4.2900|4.2800|4.2800|85300|365085.0000|4.2800
112000|4.2800|4.2800|4.2700|4.2800|22600|96693.0000|4.2800
112500|4.2800|4.2900|4.2800|4.2900|82200|351958.0000|4.2900
113000|4.2900|4.2900|4.2800|4.2800|44300|189688.0000|4.2800
130500|4.2800|4.2800|4.2700|4.2800|79100|338239.0000|4.2800
131000|4.2800|4.2900|4.2700|4.2800|263400|1125593.0000|4.2800
131500|4.2800|4.2800|4.2700|4.2800|98300|420615.0000|4.2800
132000|4.2800|4.2800|4.2700|4.2700|177800|760406.0000|4.2700
132500|4.2700|4.2800|4.2700|4.2700|206700|882985.0000|4.2700
133000|4.2700|4.2800|4.2600|4.2700|234140|997798.0000|4.2700
133500|4.2700|4.2800|4.2700|4.2700|85000|363176.0000|4.2700
134000|4.2700|4.2800|4.2600|4.2600|125500|535473.0000|4.2600
134500|4.2600|4.2700|4.2500|4.2600|384700|1638835.0000|4.2600
135000|4.2600|4.2700|4.2500|4.2500|108800|463243.0000|4.2500
135500|4.2500|4.2700|4.2500|4.2700|180300|768681.0000|4.2700
140000|4.2700|4.2800|4.2600|4.2700|224240|957389.0000|4.2700
140500|4.2700|4.2800|4.2700|4.2700|114360|488333.0000|4.2700
141000|4.2700|4.2800|4.2700|4.2800|55300|236578.0000|4.2800
141500|4.2800|4.2800|4.2700|4.2700|135000|577249.0000|4.2700
142000|4.2700|4.2800|4.2700|4.2700|124200|530455.0000|4.2700
142500|4.2700|4.2800|4.2700|4.2800|82700|353817.0000|4.2800
143000|4.2800|4.2800|4.2700|4.2800|169300|724534.0000|4.2800
143500|4.2800|4.2800|4.2700|4.2700|268000|1145479.0000|4.2700
144000|4.2800|4.2800|4.2700|4.2800|322872|1381645.0000|4.2800
144500|4.2800|4.2900|4.2800|4.2900|134800|577656.0000|4.2900
145000|4.2900|4.2900|4.2800|4.2900|353100|1512482.0000|4.2900
145500|4.2800|4.2900|4.2700|4.2800|323600|1385155.0000|4.2800
150000|4.2800|4.2900|4.2800|4.2900|472900|2027997.0000|4.2900
