093500|3.3800|3.4000|3.3500|3.3800|1513400|5099732.0000|3.3800
094000|3.3900|3.3900|3.3700|3.3700|205900|696171.0000|3.3700
094500|3.3700|3.3700|3.3600|3.3600|550000|1850047.0000|3.3600
095000|3.3600|3.3600|3.3500|3.3500|216500|725966.0000|3.3500
095500|3.3500|3.3800|3.3500|3.3600|818100|2754346.0000|3.3600
100000|3.3600|3.3700|3.3600|3.3700|160800|540853.0000|3.3700
100500|3.3700|3.3700|3.3500|3.3600|817300|2740136.0000|3.3600
101000|3.3600|3.3600|3.3500|3.3500|337800|1131946.0000|3.3500
101500|3.3500|3.3600|3.3500|3.3500|457600|1533144.0000|3.3500
102000|3.3500|3.3600|3.3500|3.3600|134400|451080.0000|3.3600
102500|3.3600|3.3600|3.3500|3.3500|233400|782522.0000|3.3500
103000|3.3500|3.3600|3.3500|3.3600|93400|313316.0000|3.3600
103500|3.3500|3.3600|3.3400|3.3400|1753800|5865192.0000|3.3400
104000|3.3500|3.3500|3.3400|3.3400|135200|452512.0000|3.3400
104500|3.3500|3.3700|3.3500|3.3700|1046500|3519964.0000|3.3700
105000|3.3700|3.3700|3.3600|3.3600|67700|227964.0000|3.3600
105500|3.3600|3.3700|3.3500|3.3600|195400|656532.0000|3.3600
110000|3.3600|3.3600|3.3500|3.3600|41300|138484.0000|3.3600
110500|3.3600|3.3600|3.3500|3.3600|229600|769304.0000|3.3600
111000|3.3600|3.3700|3.3500|3.3700|126300|424124.0000|3.3700
111500|3.3600|3.3600|3.3500|3.3500|195100|654814.0000|3.3500
112000|3.3500|3.3600|3.3500|3.3500|333300|1118214.0000|3.3500
112500|3.3600|3.3600|3.3500|3.3500|200200|671114.0000|3.3500
113000|3.3500|3.3600|3.3500|3.3600|145000|486298.0000|3.3600
130500|3.3600|3.3600|3.3500|3.3500|619800|2078820.0000|3.3500
131000|3.3600|3.3600|3.3500|3.3600|105700|354320.0000|3.3600
131500|3.3500|3.3600|3.3500|3.3600|80200|268928.0000|3.3600
132000|3.3500|3.3600|3.3500|3.3500|273000|914932.0000|3.3500
132500|3.3600|3.3700|3.3500|3.3700|1877800|6308888.0000|3.3700
133000|3.3700|3.3800|3.3600|3.3600|613700|2067188.0000|3.3600
133500|3.3700|3.3800|3.3600|3.3700|182100|613620.0000|3.3700
134000|3.3700|3.3800|3.3700|3.3800|30900|104232.0000|3.3800
134500|3.3700|3.3800|3.3700|3.3800|744600|2513376.0000|3.3800
135000|3.3700|3.3800|3.3700|3.3700|280900|946988.0000|3.3700
135500|3.3700|3.3800|3.3600|3.3600|234200|789092.0000|3.3600
140000|3.3700|3.3700|3.3600|3.3600|222100|746508.0000|3.3600
140500|3.3600|3.3700|3.3600|3.3700|371300|1250560.0000|3.3700
141000|3.3800|3.3800|3.3700|3.3700|207800|700764.0000|3.3700
141500|3.3800|3.3900|3.3700|3.3900|893600|3019964.0000|3.3900
142000|3.3900|3.3900|3.3800|3.3900|306500|1038836.0000|3.3900
142500|3.3900|3.3900|3.3700|3.3900|909500|3075960.0000|3.3900
143000|3.3900|3.3900|3.3800|3.3900|72500|245352.0000|3.3900
143500|3.3900|3.3900|3.3800|3.3800|125800|425288.0000|3.3800
144000|3.3900|3.3900|3.3700|3.3800|359300|1214400.0000|3.3800
144500|3.3800|3.3800|3.3700|3.3800|252000|849900.0000|3.3800
145000|3.3800|3.3800|3.3700|3.3700|353400|1191104.0000|3.3700
145500|3.3700|3.3800|3.3600|3.3800|934300|3153700.0000|3.3800
150000|3.3700|3.3900|3.3600|3.3700|324300|1094280.0000|3.3700
