09350000|10.6700000000|10.7300000000|10.6100000000|10.7100000000|409094|4364342.0000|10.7100000000
09400000|10.7100000000|10.7500000000|10.7000000000|10.7300000000|280100|3003892.0000|10.7300000000
09450000|10.7400000000|10.8800000000|10.7400000000|10.8700000000|1104301|11941774.0000|10.8700000000
09500000|10.8700000000|11.0500000000|10.8400000000|10.9600000000|2277400|24874879.0000|10.9600000000
09550000|10.9600000000|10.9700000000|10.8800000000|10.9000000000|385000|4206574.0000|10.9000000000
10000000|10.9000000000|10.9300000000|10.8800000000|10.9000000000|403900|4406339.0000|10.9000000000
10050000|10.9000000000|10.9100000000|10.8800000000|10.8800000000|285300|3109662.0000|10.8800000000
10100000|10.8900000000|10.9300000000|10.8900000000|10.9300000000|497674|5430631.0000|10.9300000000
10150000|10.9200000000|10.9200000000|10.8900000000|10.8900000000|119400|1301670.0000|10.8900000000
10200000|10.9000000000|10.9500000000|10.8800000000|10.9100000000|620500|6770181.0000|10.9100000000
10250000|10.9100000000|10.9200000000|10.8900000000|10.9100000000|221800|2418967.0000|10.9100000000
10300000|10.9100000000|10.9200000000|10.9000000000|10.9000000000|110400|1203812.0000|10.9000000000
10350000|10.9100000000|10.9100000000|10.8800000000|10.9000000000|93300|1016423.0000|10.9000000000
10400000|10.9000000000|10.9300000000|10.8900000000|10.9000000000|232601|2537586.0000|10.9000000000
10450000|10.9100000000|10.9300000000|10.9000000000|10.9200000000|129500|1413624.0000|10.9200000000
10500000|10.9300000000|10.9800000000|10.9200000000|10.9800000000|493300|5399019.0000|10.9800000000
10550000|10.9700000000|10.9800000000|10.9400000000|10.9500000000|122000|1336188.0000|10.9500000000
11000000|10.9500000000|10.9500000000|10.9300000000|10.9500000000|78700|860877.0000|10.9500000000
11050000|10.9400000000|10.9400000000|10.9100000000|10.9200000000|89400|976794.0000|10.9200000000
11100000|10.9200000000|10.9300000000|10.9100000000|10.9200000000|325000|3546195.0000|10.9200000000
11150000|10.9200000000|10.9200000000|10.8900000000|10.9200000000|421200|4591995.0000|10.9200000000
11200000|10.9200000000|10.9400000000|10.9100000000|10.9300000000|132800|1450960.0000|10.9300000000
11250000|10.9300000000|10.9400000000|10.9200000000|10.9200000000|115000|1256612.0000|10.9200000000
11300000|10.9300000000|10.9300000000|10.9100000000|10.9200000000|102400|1118510.0000|10.9200000000
13050000|10.9200000000|11.0400000000|10.9100000000|11.0400000000|1710011|18801222.0000|11.0400000000
13100000|11.0500000000|11.1400000000|11.0300000000|11.0400000000|1541700|17083533.0000|11.0400000000
13150000|11.0400000000|11.0500000000|11.0100000000|11.0200000000|245000|2702475.0000|11.0200000000
13200000|11.0300000000|11.0500000000|11.0300000000|11.0500000000|236000|2606154.0000|11.0500000000
13250000|11.0500000000|11.0500000000|11.0200000000|11.0200000000|221300|2441843.0000|11.0200000000
13300000|11.0200000000|11.0200000000|10.9800000000|11.0000000000|194500|2139118.0000|11.0000000000
13350000|10.9900000000|11.0200000000|10.9900000000|11.0000000000|188300|2071926.0000|11.0000000000
13400000|10.9900000000|11.0000000000|10.9700000000|10.9800000000|133800|1469947.0000|10.9800000000
13450000|10.9800000000|11.0000000000|10.9700000000|10.9700000000|108300|1190238.0000|10.9700000000
13500000|10.9700000000|11.0100000000|10.9700000000|11.0100000000|230874|2538258.0000|11.0100000000
13550000|11.0100000000|11.0200000000|11.0000000000|11.0100000000|228600|2516383.0000|11.0100000000
14000000|11.0100000000|11.0800000000|11.0100000000|11.0700000000|744400|8221135.0000|11.0700000000
14050000|11.0700000000|11.1300000000|11.0500000000|11.1200000000|1708000|18949692.0000|11.1200000000
14100000|11.1200000000|11.1400000000|11.0900000000|11.1200000000|541700|6021346.0000|11.1200000000
14150000|11.1200000000|11.2600000000|11.1200000000|11.2500000000|2629900|29430287.0000|11.2500000000
14200000|11.2500000000|11.3300000000|11.2200000000|11.2700000000|1435600|16175972.0000|11.2700000000
14250000|11.2800000000|11.3300000000|11.2400000000|11.3200000000|1031900|11643307.0000|11.3200000000
14300000|11.3200000000|11.3800000000|11.2900000000|11.3300000000|1821700|20657714.0000|11.3300000000
14350000|11.3300000000|11.7400000000|11.3300000000|11.6800000000|5228421|60572072.0000|11.6800000000
14400000|11.6800000000|11.7000000000|11.5700000000|11.6500000000|2442763|28392800.0000|11.6500000000
14450000|11.6400000000|11.6400000000|11.4800000000|11.5100000000|1572137|18169280.0000|11.5100000000
14500000|11.5200000000|11.7000000000|11.5200000000|11.6300000000|2902000|33728400.0000|11.6300000000
14550000|11.6300000000|11.6600000000|11.6200000000|11.6300000000|2229200|25944608.0000|11.6300000000
15000000|11.6300000000|11.6400000000|11.6000000000|11.6000000000|1565000|18172928.0000|11.6000000000
