09350000|9.9800000000|10.0200000000|9.9000000000|9.9400000000|817800|8138428.0000|9.9400000000
09400000|9.9400000000|9.9500000000|9.8900000000|9.8900000000|606900|6016504.0000|9.8900000000
09450000|9.8900000000|9.9200000000|9.8800000000|9.9000000000|420500|4162013.0000|9.9000000000
09500000|9.8900000000|9.9000000000|9.8800000000|9.9000000000|509300|5037130.0000|9.9000000000
09550000|9.9100000000|9.9300000000|9.9000000000|9.9200000000|243400|2411297.0000|9.9200000000
10000000|9.9100000000|9.9200000000|9.8800000000|9.8900000000|485700|4806395.0000|9.8900000000
10050000|9.8800000000|9.8900000000|9.8600000000|9.8800000000|550600|5435678.0000|9.8800000000
10100000|9.8800000000|9.9000000000|9.8700000000|9.8700000000|310452|3065590.0000|9.8700000000
10150000|9.8800000000|9.8800000000|9.8600000000|9.8700000000|226348|2234209.0000|9.8700000000
10200000|9.8700000000|9.8800000000|9.8600000000|9.8700000000|139600|1378379.0000|9.8700000000
10250000|9.8700000000|9.8800000000|9.8600000000|9.8600000000|316000|3118607.0000|9.8600000000
10300000|9.8600000000|9.8800000000|9.8500000000|9.8800000000|649400|6404249.0000|9.8800000000
10350000|9.8800000000|9.9100000000|9.8700000000|9.9000000000|110700|1095348.0000|9.9000000000
10400000|9.9000000000|9.9100000000|9.8900000000|9.8900000000|99500|984743.0000|9.8900000000
10450000|9.9000000000|9.9000000000|9.8800000000|9.8900000000|80800|799128.0000|9.8900000000
10500000|9.8900000000|9.9000000000|9.8800000000|9.8900000000|45600|450930.0000|9.8900000000
10550000|9.8800000000|9.8900000000|9.8700000000|9.8700000000|235700|2328702.0000|9.8700000000
11000000|9.8800000000|9.8800000000|9.8500000000|9.8600000000|186000|1834317.0000|9.8600000000
11050000|9.8600000000|9.8800000000|9.8600000000|9.8700000000|180000|1776418.0000|9.8700000000
11100000|9.8600000000|9.8700000000|9.8500000000|9.8600000000|138300|1363879.0000|9.8600000000
11150000|9.8600000000|9.8700000000|9.8600000000|9.8600000000|144300|1422275.0000|9.8600000000
11200000|9.8500000000|9.8800000000|9.8500000000|9.8800000000|92300|910372.0000|9.8800000000
11250000|9.8800000000|9.8800000000|9.8600000000|9.8700000000|88200|870636.0000|9.8700000000
11300000|9.8700000000|9.8800000000|9.8600000000|9.8700000000|87500|863353.0000|9.8700000000
13050000|9.8700000000|9.9000000000|9.8600000000|9.8600000000|125861|1243493.0000|9.8600000000
13100000|9.8700000000|9.8800000000|9.8600000000|9.8600000000|48200|475660.0000|9.8600000000
13150000|9.8700000000|9.8900000000|9.8600000000|9.8700000000|64500|637089.0000|9.8700000000
13200000|9.8700000000|9.8700000000|9.8600000000|9.8700000000|135200|1333405.0000|9.8700000000
13250000|9.8700000000|9.8700000000|9.8500000000|9.8600000000|69600|686205.0000|9.8600000000
13300000|9.8600000000|9.8700000000|9.8500000000|9.8600000000|54700|539268.0000|9.8600000000
13350000|9.8600000000|9.8600000000|9.8300000000|9.8500000000|339600|3344461.0000|9.8500000000
13400000|9.8600000000|9.8700000000|9.8400000000|9.8700000000|109360|1078546.0000|9.8700000000
13450000|9.8800000000|9.9100000000|9.8600000000|9.9100000000|317100|3136245.0000|9.9100000000
13500000|9.9000000000|9.9000000000|9.8400000000|9.8500000000|116700|1150723.0000|9.8500000000
13550000|9.8500000000|9.8600000000|9.8200000000|9.8400000000|219200|2155987.0000|9.8400000000
14000000|9.8300000000|9.8700000000|9.8300000000|9.8600000000|233500|2300596.0000|9.8600000000
14050000|9.8700000000|9.8800000000|9.8500000000|9.8500000000|284000|2802694.0000|9.8500000000
14100000|9.8500000000|9.8500000000|9.8200000000|9.8400000000|272800|2680548.0000|9.8400000000
14150000|9.8400000000|9.8500000000|9.8100000000|9.8200000000|233200|2290582.0000|9.8200000000
14200000|9.8200000000|9.8400000000|9.8100000000|9.8200000000|154100|1513336.0000|9.8200000000
14250000|9.8300000000|9.8300000000|9.8000000000|9.8000000000|297500|2917750.0000|9.8000000000
14300000|9.8100000000|9.8900000000|9.8000000000|9.8600000000|922200|9086502.0000|9.8600000000
14350000|9.8600000000|9.8600000000|9.8100000000|9.8200000000|315200|3100387.0000|9.8200000000
14400000|9.8100000000|9.8300000000|9.8000000000|9.8300000000|210700|2067692.0000|9.8300000000
14450000|9.8300000000|9.8300000000|9.7700000000|9.8000000000|628400|6160176.0000|9.8000000000
14500000|9.8000000000|9.8200000000|9.7900000000|9.8200000000|169101|1658023.0000|9.8200000000
14550000|9.8200000000|9.8200000000|9.7800000000|9.8000000000|317700|3114767.0000|9.8000000000
15000000|9.8100000000|9.8100000000|9.7800000000|9.7800000000|138697|1357274.0000|9.7800000000
