09350000|12.8500000000|12.8800000000|12.7200000000|12.8100000000|4450500|56993668.0000|12.8100000000
09400000|12.8100000000|12.8800000000|12.7600000000|12.7700000000|2646975|33955358.0000|12.7700000000
09450000|12.7800000000|12.8100000000|12.6800000000|12.7100000000|1960804|24964549.0000|12.7100000000
09500000|12.7100000000|12.7900000000|12.6900000000|12.6900000000|1653496|21046450.0000|12.6900000000
09550000|12.7000000000|12.7500000000|12.6900000000|12.7200000000|725200|9223926.0000|12.7200000000
10000000|12.7200000000|12.7200000000|12.6400000000|12.6600000000|1180400|14956088.0000|12.6600000000
10050000|12.6600000000|12.6600000000|12.6000000000|12.6100000000|1346700|17003939.0000|12.6100000000
10100000|12.6100000000|12.6900000000|12.6100000000|12.6600000000|1170400|14805094.0000|12.6600000000
10150000|12.6600000000|12.6600000000|12.6100000000|12.6500000000|629200|7953880.0000|12.6500000000
10200000|12.6500000000|12.6500000000|12.5700000000|12.5800000000|934500|11773738.0000|12.5800000000
10250000|12.6000000000|12.6600000000|12.5900000000|12.6100000000|827000|10442132.0000|12.6100000000
10300000|12.6000000000|12.6600000000|12.5800000000|12.6600000000|507700|6401495.0000|12.6600000000
10350000|12.6600000000|12.6900000000|12.6200000000|12.6800000000|499000|6315657.0000|12.6800000000
10400000|12.6800000000|12.7100000000|12.6700000000|12.6900000000|613000|7778712.0000|12.6900000000
10450000|12.7000000000|12.7700000000|12.6900000000|12.7700000000|695303|8850454.0000|12.7700000000
10500000|12.7800000000|12.7900000000|12.7000000000|12.7000000000|567800|7244165.0000|12.7000000000
10550000|12.7000000000|12.7000000000|12.6500000000|12.6700000000|477900|6055519.0000|12.6700000000
11000000|12.6800000000|12.7000000000|12.6700000000|12.6900000000|209300|2655879.0000|12.6900000000
11050000|12.6900000000|12.7000000000|12.6700000000|12.6900000000|224317|2845129.0000|12.6900000000
11100000|12.6900000000|12.7100000000|12.6300000000|12.6300000000|381083|4829893.0000|12.6300000000
11150000|12.6300000000|12.6600000000|12.6000000000|12.6600000000|280600|3542604.0000|12.6600000000
11200000|12.6600000000|12.7200000000|12.6500000000|12.6800000000|356600|4527284.0000|12.6800000000
11250000|12.6700000000|12.7000000000|12.6700000000|12.7000000000|264700|3357931.0000|12.7000000000
11300000|12.7000000000|12.7000000000|12.6600000000|12.7000000000|357200|4531189.0000|12.7000000000
13050000|12.6900000000|12.7000000000|12.5900000000|12.6000000000|661300|8346921.0000|12.6000000000
13100000|12.5900000000|12.5900000000|12.5500000000|12.5600000000|435500|5475087.0000|12.5600000000
13150000|12.5600000000|12.5800000000|12.5400000000|12.5400000000|497100|6243882.0000|12.5400000000
13200000|12.5400000000|12.5600000000|12.5300000000|12.5400000000|287600|3606713.0000|12.5400000000
13250000|12.5400000000|12.5500000000|12.4900000000|12.4900000000|552379|6912310.0000|12.4900000000
13300000|12.4900000000|12.5000000000|12.4700000000|12.4700000000|300000|3744032.0000|12.4700000000
13350000|12.4700000000|12.6300000000|12.4700000000|12.6200000000|870900|10921372.0000|12.6200000000
13400000|12.6100000000|12.6800000000|12.6000000000|12.6800000000|650000|8215579.0000|12.6800000000
13450000|12.6800000000|12.6800000000|12.6400000000|12.6400000000|434000|5494529.0000|12.6400000000
13500000|12.6400000000|12.6700000000|12.6300000000|12.6400000000|471900|5968007.0000|12.6400000000
13550000|12.6300000000|12.6400000000|12.6100000000|12.6100000000|229700|2900519.0000|12.6100000000
14000000|12.6100000000|12.6700000000|12.6100000000|12.6500000000|313890|3968655.0000|12.6500000000
14050000|12.6600000000|12.6900000000|12.6500000000|12.6700000000|453800|5749666.0000|12.6700000000
14100000|12.6700000000|12.7300000000|12.6700000000|12.7300000000|461400|5859255.0000|12.7300000000
14150000|12.7200000000|12.7700000000|12.6900000000|12.7600000000|615500|7835617.0000|12.7600000000
14200000|12.7700000000|12.8300000000|12.7600000000|12.8200000000|918100|11749882.0000|12.8200000000
14250000|12.8200000000|12.8500000000|12.8100000000|12.8300000000|810400|10402825.0000|12.8300000000
14300000|12.8300000000|12.8400000000|12.8100000000|12.8400000000|868500|11135468.0000|12.8400000000
14350000|12.8300000000|12.8900000000|12.8300000000|12.8700000000|1194500|15365414.0000|12.8700000000
14400000|12.8700000000|12.8900000000|12.8600000000|12.8700000000|753500|9702848.0000|12.8700000000
14450000|12.8700000000|12.9000000000|12.8700000000|12.8900000000|867500|11179537.0000|12.8900000000
14500000|12.8900000000|12.9400000000|12.8800000000|12.9200000000|1515600|19566352.0000|12.9200000000
14550000|12.9200000000|12.9200000000|12.8900000000|12.8900000000|1036200|13368487.0000|12.8900000000
15000000|12.9000000000|12.9000000000|12.8900000000|12.9000000000|1033500|13329160.0000|12.9000000000
