093500|20.0|20.06|19.86|19.99|7043.0|14105661.0|20.15
094000|19.99|20.38|19.98|20.28|5671.0|11505966.0|19.99
094500|20.24|20.26|20.18|20.26|3773.0|7666252.0|20.28
095000|20.29|20.3|20.15|20.16|2441.0|4965276.0|20.26
095500|20.15|20.19|20.09|20.18|2358.0|4772308.0|20.16
100000|20.14|20.23|20.12|20.18|1574.0|3191871.0|20.18
100500|20.17|20.18|20.12|20.12|1267.0|2564948.0|20.18
101000|20.12|20.14|20.08|20.09|2208.0|4462105.0|20.12
101500|20.09|20.1|19.98|20.03|2623.0|5276718.0|20.09
102000|20.02|20.03|19.96|20.01|2009.0|4036017.0|20.03
102500|20.0|20.01|19.96|19.96|1551.0|3115255.0|20.01
103000|19.97|19.98|19.9|19.98|4095.0|8197902.0|19.96
103500|19.96|19.98|19.95|19.96|785.0|1575080.0|19.98
104000|19.96|19.96|19.9|19.92|1888.0|3780049.0|19.96
104500|19.92|19.96|19.89|19.9|1112.0|2226241.0|19.92
105000|19.9|19.91|19.88|19.88|823.0|1645948.0|19.9
105500|19.88|19.89|19.86|19.89|1284.0|2564437.0|19.88
110000|19.87|19.89|19.8|19.8|1494.0|2980400.0|19.89
110500|19.8|19.82|19.76|19.79|2685.0|5339858.0|19.8
111000|19.79|19.8|19.75|19.78|2551.0|5070732.0|19.79
111500|19.78|19.78|19.74|19.74|1278.0|2537819.0|19.78
112000|19.73|19.87|19.71|19.87|1696.0|3367079.0|19.74
112500|19.85|20.0|19.84|19.94|1468.0|2937117.0|19.87
113000|19.94|19.95|19.89|19.9|728.0|1456828.0|19.94
130500|19.96|20.09|19.9|20.0|2399.0|4819182.0|19.9
131000|20.0|20.02|19.94|19.98|642.0|1288213.0|20.0
131500|19.98|20.0|19.9|19.9|636.0|1275433.0|19.98
132000|19.9|19.91|19.84|19.85|575.0|1148570.0|19.9
132500|19.85|19.91|19.84|19.89|528.0|1054040.0|19.85
133000|19.88|19.94|19.87|19.89|664.0|1327950.0|19.89
133500|19.88|19.95|19.87|19.92|937.0|1873395.0|19.89
134000|19.92|19.99|19.92|19.93|888.0|1781941.0|19.92
134500|19.94|19.95|19.89|19.9|572.0|1145392.0|19.93
135000|19.9|19.95|19.88|19.92|477.0|954083.0|19.9
135500|19.93|19.98|19.89|19.97|782.0|1567069.0|19.92
140000|19.97|19.98|19.95|19.95|553.0|1110044.0|19.97
140500|19.95|19.97|19.9|19.9|684.0|1370234.0|19.95
141000|19.92|19.92|19.88|19.89|653.0|1305484.0|19.9
141500|19.89|19.91|19.88|19.9|561.0|1121696.0|19.89
142000|19.89|19.9|19.87|19.88|1060.0|2118263.0|19.9
142500|19.88|19.95|19.88|19.95|991.0|1983134.0|19.88
143000|19.95|19.95|19.89|19.89|900.0|1799882.0|19.95
143500|19.89|19.93|19.88|19.93|1388.0|2776466.0|19.89
144000|19.93|19.94|19.89|19.89|837.0|1674378.0|19.93
144500|19.9|19.9|19.87|19.87|1590.0|3175976.0|19.89
145000|19.87|19.88|19.82|19.82|2283.0|4554021.0|19.87
145500|19.84|19.84|19.78|19.79|3542.0|7050928.0|19.82
150000|19.8|19.83|19.79|19.82|2129.0|4240075.0|19.79
