093500|25.51|25.66|25.0|25.1|39351.0|99525241.0|25.22
094000|25.1|25.17|24.85|24.91|17192.0|43070470.0|25.1
094500|24.94|25.09|24.8|24.81|12616.0|31479459.0|24.91
095000|24.81|24.98|24.8|24.95|8973.0|22321565.0|24.81
095500|24.97|25.02|24.77|24.82|9431.0|23453129.0|24.95
100000|24.83|24.88|24.71|24.77|6101.0|15129120.0|24.82
100500|24.77|24.8|24.55|24.64|7991.0|19730820.0|24.77
101000|24.65|24.72|24.51|24.72|5985.0|14714320.0|24.64
101500|24.7|24.7|24.33|24.4|9653.0|23650127.0|24.72
102000|24.4|24.47|24.16|24.33|10763.0|26223677.0|24.4
102500|24.35|24.44|24.26|24.31|6441.0|15691931.0|24.33
103000|24.3|24.46|24.28|24.4|4871.0|11873503.0|24.31
103500|24.4|24.42|24.27|24.38|6792.0|16516029.0|24.4
104000|24.38|24.49|24.38|24.41|3560.0|8698894.0|24.38
104500|24.41|24.43|24.36|24.37|3290.0|8022851.0|24.41
105000|24.38|24.45|24.36|24.4|3262.0|7961460.0|24.37
105500|24.4|24.43|24.37|24.37|1709.0|4168853.0|24.4
110000|24.38|24.38|24.23|24.3|4397.0|10672203.0|24.37
110500|24.29|24.38|24.25|24.38|2398.0|5827722.0|24.3
111000|24.36|24.38|24.26|24.32|2205.0|5364986.0|24.38
111500|24.32|24.44|24.32|24.4|1608.0|3920501.0|24.32
112000|24.41|24.44|24.3|24.4|2207.0|5377488.0|24.4
112500|24.38|24.44|24.35|24.42|1459.0|3559015.0|24.4
113000|24.37|24.45|24.35|24.4|2005.0|4891768.0|24.42
130500|24.41|24.55|24.41|24.5|4857.0|11889766.0|24.4
131000|24.49|24.49|24.41|24.41|1894.0|4628606.0|24.5
131500|24.4|24.43|24.35|24.35|3009.0|7335374.0|24.41
132000|24.35|24.37|24.33|24.34|1136.0|2766749.0|24.35
132500|24.34|24.39|24.33|24.33|1270.0|3093563.0|24.34
133000|24.33|24.34|24.2|24.24|3231.0|7836754.0|24.33
133500|24.24|24.24|24.1|24.19|5201.0|12566267.0|24.24
134000|24.19|24.2|24.12|24.19|2483.0|6001141.0|24.19
134500|24.18|24.27|24.16|24.21|2855.0|6915527.0|24.19
135000|24.21|24.26|24.16|24.26|2999.0|7253193.0|24.21
135500|24.25|24.31|24.23|24.23|2358.0|5723361.0|24.26
140000|24.24|24.34|24.23|24.3|1769.0|4296346.0|24.23
140500|24.29|24.3|24.2|24.2|2029.0|4918812.0|24.3
141000|24.2|24.27|24.17|24.25|1617.0|3912210.0|24.2
141500|24.25|24.36|24.25|24.33|1520.0|3695156.0|24.25
142000|24.31|24.44|24.25|24.41|1368.0|3330757.0|24.33
142500|24.4|24.58|24.4|24.5|2403.0|5887064.0|24.41
143000|24.5|24.63|24.5|24.63|3419.0|8405069.0|24.5
143500|24.64|24.77|24.64|24.76|5609.0|13861324.0|24.63
144000|24.76|24.77|24.66|24.66|5629.0|13915617.0|24.76
144500|24.66|24.8|24.65|24.8|4410.0|10908488.0|24.66
145000|24.8|24.8|24.71|24.77|4422.0|10946504.0|24.8
145500|24.76|24.76|24.72|24.75|5269.0|13039045.0|24.77
150000|24.75|24.78|24.74|24.75|3988.0|9871577.0|24.75
