093500|2.6500|2.6600|2.6400|2.6500|330400|874785.0000|2.6500
094000|2.6500|2.6600|2.6500|2.6600|231367|613948.0000|2.6600
094500|2.6600|2.6700|2.6500|2.6600|681300|1814157.0000|2.6600
095000|2.6600|2.6800|2.6600|2.6700|497500|1328387.0000|2.6700
095500|2.6700|2.6800|2.6600|2.6700|341200|910862.0000|2.6700
100000|2.6700|2.6900|2.6600|2.6800|1014700|2712569.0000|2.6800
100500|2.6800|2.6900|2.6800|2.6900|426500|1146819.0000|2.6900
101000|2.6900|2.7000|2.6900|2.6900|461400|1242894.0000|2.6900
101500|2.6900|2.7000|2.6800|2.6800|514200|1382375.0000|2.6800
102000|2.6800|2.6900|2.6700|2.6800|379500|1017991.0000|2.6800
102500|2.6800|2.6900|2.6800|2.6900|132000|354477.0000|2.6900
103000|2.6900|2.6900|2.6800|2.6800|193000|519042.0000|2.6800
103500|2.6900|2.6900|2.6800|2.6800|213000|572803.0000|2.6800
104000|2.6800|2.7000|2.6800|2.6900|769228|2070729.0000|2.6900
104500|2.6900|2.7000|2.6900|2.6900|410600|1104947.0000|2.6900
105000|2.6900|2.7000|2.6800|2.6900|98700|265440.0000|2.6900
105500|2.6900|2.6900|2.6800|2.6900|239600|643933.0000|2.6900
110000|2.6800|2.6900|2.6800|2.6800|173300|465073.0000|2.6800
110500|2.6800|2.6900|2.6800|2.6900|24200|64872.0000|2.6900
111000|2.6900|2.6900|2.6800|2.6800|68700|184118.0000|2.6800
111500|2.6800|2.6900|2.6800|2.6800|92900|249015.0000|2.6800
112000|2.6800|2.6900|2.6800|2.6900|21400|57400.0000|2.6900
112500|2.6900|2.6900|2.6800|2.6800|40500|108576.0000|2.6800
113000|2.6800|2.6800|2.6700|2.6800|344800|922854.0000|2.6800
130500|2.6800|2.6800|2.6700|2.6700|156200|418049.0000|2.6700
131000|2.6700|2.6800|2.6700|2.6700|285800|763324.0000|2.6700
131500|2.6700|2.6800|2.6600|2.6800|104600|279345.0000|2.6800
132000|2.6800|2.6800|2.6700|2.6700|50400|134898.0000|2.6700
132500|2.6700|2.6700|2.6700|2.6700|32400|86516.0000|2.6700
133000|2.6700|2.6800|2.6700|2.6800|36000|96330.0000|2.6800
133500|2.6800|2.6900|2.6700|2.6800|272500|730522.0000|2.6800
134000|2.6800|2.6900|2.6800|2.6800|99600|267665.0000|2.6800
134500|2.6900|2.7000|2.6800|2.7000|395200|1062512.0000|2.7000
135000|2.7000|2.7100|2.6900|2.7000|1009000|2724581.0000|2.7000
135500|2.7100|2.7100|2.7000|2.7100|176600|478294.0000|2.7100
140000|2.7100|2.7100|2.7000|2.7000|131000|354451.0000|2.7000
140500|2.7000|2.7100|2.7000|2.7000|90100|243912.0000|2.7000
141000|2.7000|2.7200|2.7000|2.7100|251800|683063.0000|2.7100
141500|2.7100|2.7200|2.7100|2.7200|218100|592723.0000|2.7200
142000|2.7200|2.7400|2.7100|2.7400|516500|1408576.0000|2.7400
142500|2.7300|2.7400|2.7200|2.7300|408200|1114038.0000|2.7300
143000|2.7300|2.7400|2.7200|2.7300|389700|1063663.0000|2.7300
143500|2.7300|2.7400|2.7200|2.7400|297800|812719.0000|2.7400
144000|2.7400|2.7400|2.7200|2.7300|238430|652579.0000|2.7300
144500|2.7300|2.7400|2.7300|2.7300|362200|989195.0000|2.7300
145000|2.7300|2.7400|2.7200|2.7200|766700|2089839.0000|2.7200
145500|2.7200|2.7400|2.7200|2.7400|662036|1807353.0000|2.7400
150000|2.7400|2.7400|2.7300|2.7400|499900|1369516.0000|2.7400
