093500|1.2300|1.2400|1.2300|1.2400|34474200|42633740.0000|1.2400
094000|1.2400|1.2400|1.2400|1.2400|1442500|1788700.0000|1.2400
094500|1.2400|1.2400|1.2400|1.2400|15821900|19618960.0000|1.2400
095000|1.2400|1.2400|1.2400|1.2400|5532200|6859928.0000|1.2400
095500|1.2400|1.2400|1.2300|1.2400|11011600|13649592.0000|1.2400
100000|1.2400|1.2400|1.2300|1.2400|3444600|4270176.0000|1.2400
100500|1.2400|1.2400|1.2400|1.2400|151700|188104.0000|1.2400
101000|1.2400|1.2400|1.2400|1.2400|592200|734328.0000|1.2400
101500|1.2400|1.2400|1.2400|1.2400|1042700|1292952.0000|1.2400
102000|1.2400|1.2400|1.2300|1.2400|4541700|5631608.0000|1.2400
102500|1.2400|1.2400|1.2300|1.2400|1633000|2024600.0000|1.2400
103000|1.2400|1.2400|1.2300|1.2300|1209200|1499176.0000|1.2300
103500|1.2400|1.2400|1.2300|1.2400|1785900|2213920.0000|1.2400
104000|1.2400|1.2400|1.2400|1.2400|282700|350544.0000|1.2400
104500|1.2400|1.2400|1.2400|1.2400|709900|880280.0000|1.2400
105000|1.2400|1.2400|1.2400|1.2400|518300|642688.0000|1.2400
105500|1.2400|1.2400|1.2400|1.2400|386900|479760.0000|1.2400
110000|1.2400|1.2400|1.2400|1.2400|923200|1144768.0000|1.2400
110500|1.2400|1.2400|1.2400|1.2400|952200|1180664.0000|1.2400
111000|1.2400|1.2400|1.2300|1.2400|154500|191576.0000|1.2400
111500|1.2400|1.2400|1.2400|1.2400|76800|95232.0000|1.2400
112000|1.2400|1.2400|1.2400|1.2400|155600|192944.0000|1.2400
112500|1.2400|1.2400|1.2400|1.2400|232500|288296.0000|1.2400
113000|1.2400|1.2400|1.2400|1.2400|50900|63120.0000|1.2400
130500|1.2400|1.2400|1.2400|1.2400|226700|281104.0000|1.2400
131000|1.2400|1.2400|1.2400|1.2400|43500|53944.0000|1.2400
131500|1.2400|1.2400|1.2400|1.2400|30700|38064.0000|1.2400
132000|1.2400|1.2400|1.2400|1.2400|48600|60264.0000|1.2400
132500|1.2400|1.2400|1.2400|1.2400|32500|40304.0000|1.2400
133000|1.2400|1.2400|1.2400|1.2400|54700|67824.0000|1.2400
133500|1.2400|1.2400|1.2400|1.2400|63600|78864.0000|1.2400
134000|1.2400|1.2400|1.2400|1.2400|82100|101808.0000|1.2400
134500|1.2400|1.2400|1.2400|1.2400|43600|54064.0000|1.2400
135000|1.2400|1.2400|1.2400|1.2400|12900|15992.0000|1.2400
135500|1.2400|1.2400|1.2400|1.2400|14200|17608.0000|1.2400
140000|1.2400|1.2400|1.2400|1.2400|45000|55800.0000|1.2400
140500|1.2400|1.2400|1.2400|1.2400|5200|6448.0000|1.2400
141000|1.2400|1.2400|1.2400|1.2400|10800|13392.0000|1.2400
141500|1.2400|1.2400|1.2400|1.2400|13900|17240.0000|1.2400
142000|1.2400|1.2400|1.2400|1.2400|27800|34472.0000|1.2400
142500|1.2400|1.2400|1.2400|1.2400|39600|49104.0000|1.2400
143000|1.2400|1.2400|1.2400|1.2400|19400|24056.0000|1.2400
143500|1.2400|1.2400|1.2400|1.2400|10900|13512.0000|1.2400
144000|1.2400|1.2400|1.2400|1.2400|3900|4832.0000|1.2400
144500|1.2400|1.2400|1.2400|1.2400|24800|30752.0000|1.2400
145000|1.2400|1.2400|1.2400|1.2400|105600|130944.0000|1.2400
145500|1.2400|1.2400|1.2400|1.2400|50000|62000.0000|1.2400
150000|1.2400|1.2400|1.2400|1.2400|15600|19344.0000|1.2400
