093500|1.6600|1.6600|1.6600|1.6600|1654600|2746636.0000|1.6600
094000|1.6600|1.6600|1.6600|1.6600|353600|586976.0000|1.6600
094500|1.6600|1.6600|1.6600|1.6600|59600|98943.0000|1.6600
095000|1.6600|1.6600|1.6600|1.6600|138300|229578.0000|1.6600
095500|1.6600|1.6600|1.6600|1.6600|125700|208662.0000|1.6600
100000|1.6600|1.6600|1.6600|1.6600|102000|169320.0000|1.6600
100500|1.6600|1.6600|1.6600|1.6600|66800|110888.0000|1.6600
101000|1.6600|1.6600|1.6600|1.6600|143300|237917.0000|1.6600
101500|1.6600|1.6600|1.6600|1.6600|74100|123006.0000|1.6600
102000|1.6600|1.6600|1.6600|1.6600|7900|13114.0000|1.6600
102500|1.6600|1.6600|1.6600|1.6600|34500|57270.0000|1.6600
103000|1.6600|1.6600|1.6600|1.6600|5800|9628.0000|1.6600
103500|1.6600|1.6600|1.6600|1.6600|15000|24900.0000|1.6600
104000|1.6600|1.6600|1.6600|1.6600|43700|72542.0000|1.6600
104500|1.6600|1.6600|1.6600|1.6600|8700|14442.0000|1.6600
105000|1.6600|1.6600|1.6600|1.6600|4100|6806.0000|1.6600
105500|1.6600|1.6600|1.6600|1.6600|1400|2324.0000|1.6600
110000|1.6600|1.6600|1.6600|1.6600|1400|2324.0000|1.6600
110500|1.6600|1.6600|1.6600|1.6600|2500|4150.0000|1.6600
111000|1.6600|1.6600|1.6600|1.6600|9400|15604.0000|1.6600
111500|1.6600|1.6600|1.6600|1.6600|1600|2656.0000|1.6600
112000|1.6600|1.6600|1.6600|1.6600|7900|13114.0000|1.6600
112500|1.6600|1.6600|1.6600|1.6600|18100|30046.0000|1.6600
113000|1.6600|1.6600|1.6600|1.6600|4300|7138.0000|1.6600
130500|1.6600|1.6600|1.6600|1.6600|137400|228084.0000|1.6600
131000|1.6600|1.6600|1.6600|1.6600|20600|34196.0000|1.6600
131500|1.6600|1.6600|1.6600|1.6600|2700|4482.0000|1.6600
132000|1.6600|1.6600|1.6600|1.6600|19400|32204.0000|1.6600
132500|1.6600|1.6600|1.6600|1.6600|150300|249498.0000|1.6600
133000|1.6600|1.6600|1.6600|1.6600|13600|22576.0000|1.6600
133500|1.6600|1.6600|1.6600|1.6600|9100|15106.0000|1.6600
134000|1.6600|1.6600|1.6600|1.6600|3200|5312.0000|1.6600
134500|1.6600|1.6600|1.6600|1.6600|3000|4980.0000|1.6600
135000|1.6600|1.6600|1.6600|1.6600|21000|34860.0000|1.6600
135500|1.6600|1.6600|1.6600|1.6600|2100|3486.0000|1.6600
140000|1.6600|1.6600|1.6600|1.6600|31400|52124.0000|1.6600
140500|1.6600|1.6600|1.6600|1.6600|59700|99102.0000|1.6600
141000|1.6600|1.6600|1.6600|1.6600|35800|59428.0000|1.6600
141500|1.6600|1.6600|1.6600|1.6600|23100|38346.0000|1.6600
142000|1.6600|1.6600|1.6600|1.6600|5600|9296.0000|1.6600
142500|1.6600|1.6600|1.6600|1.6600|6600|10956.0000|1.6600
143000|1.6600|1.6600|1.6600|1.6600|8200|13612.0000|1.6600
143500|1.6600|1.6600|1.6600|1.6600|20600|34196.0000|1.6600
144000|1.6600|1.6600|1.6600|1.6600|4200|6972.0000|1.6600
144500|1.6600|1.6600|1.6600|1.6600|25000|41500.0000|1.6600
145000|1.6600|1.6600|1.6600|1.6600|37300|61918.0000|1.6600
145500|1.6600|1.6600|1.6600|1.6600|39900|66234.0000|1.6600
150000|1.6600|1.6600|1.6600|1.6600|151000|250660.0000|1.6600
