09350000|6.8355392500|6.8638242400|6.7883976000|6.8072542600|4230900|30624123.0000|6.8072542600
09400000|6.8072542600|6.8072542600|6.7695409400|6.7789692700|1935800|13946649.0000|6.7789692700
09450000|6.7789692700|6.7978259300|6.7506842800|6.7789692700|1975700|14190295.0000|6.7789692700
09500000|6.7789692700|6.7789692700|6.7318276200|6.7412559500|2210800|15845136.0000|6.7412559500
09550000|6.7412559500|6.7789692700|6.7129709600|6.7695409400|2656725|19010481.0000|6.7695409400
10000000|6.7695409400|6.7978259300|6.7601126100|6.7883976000|990565|7120982.0000|6.7883976000
10050000|6.7978259300|6.8166825900|6.7789692700|6.7789692700|1584400|11419631.0000|6.7789692700
10100000|6.7789692700|6.7789692700|6.7506842800|6.7601126100|1138266|8159255.0000|6.7601126100
10150000|6.7506842800|6.7695409400|6.7412559500|6.7601126100|1526228|10923850.0000|6.7601126100
10200000|6.7695409400|6.7978259300|6.7601126100|6.7789692700|1193700|8582507.0000|6.7789692700
10250000|6.7695409400|6.7978259300|6.7601126100|6.7789692700|1172500|8427760.0000|6.7789692700
10300000|6.7789692700|6.7883976000|6.7601126100|6.7789692700|861000|6186251.0000|6.7789692700
10350000|6.7695409400|6.7883976000|6.7695409400|6.7789692700|552900|3977904.0000|6.7789692700
10400000|6.7883976000|6.7883976000|6.7695409400|6.7695409400|935600|6726378.0000|6.7695409400
10450000|6.7695409400|6.7789692700|6.7601126100|6.7601126100|1861000|13344539.0000|6.7601126100
10500000|6.7601126100|6.7695409400|6.7412559500|6.7412559500|2277919|16306266.0000|6.7412559500
10550000|6.7412559500|6.7601126100|6.7412559500|6.7506842800|936100|6702815.0000|6.7506842800
11000000|6.7506842800|6.7506842800|6.7412559500|6.7506842800|796700|5701185.0000|6.7506842800
11050000|6.7412559500|6.7506842800|6.7318276200|6.7412559500|1381700|9878181.0000|6.7412559500
11100000|6.7412559500|6.7412559500|6.7223992900|6.7412559500|1688900|12058311.0000|6.7412559500
11150000|6.7318276200|6.7506842800|6.7318276200|6.7412559500|770600|5507287.0000|6.7412559500
11200000|6.7412559500|6.7412559500|6.7223992900|6.7412559500|1115100|7958466.0000|6.7412559500
11250000|6.7412559500|6.7412559500|6.7223992900|6.7223992900|838000|5984370.0000|6.7223992900
11300000|6.7223992900|6.7223992900|6.7129709600|6.7223992900|1425300|10155392.0000|6.7223992900
13050000|6.7223992900|6.7318276200|6.7129709600|6.7223992900|1225700|8734521.0000|6.7223992900
13100000|6.7223992900|6.7318276200|6.6941143000|6.6941143000|2829900|20125001.0000|6.6941143000
13150000|6.7035426300|6.7035426300|6.6846859700|6.6846859700|1713256|12166768.0000|6.6846859700
13200000|6.6941143000|6.6941143000|6.6469726500|6.6752576400|3930413|27796608.0000|6.6752576400
13250000|6.6752576400|6.6846859700|6.6658293100|6.6752576400|1245400|8813456.0000|6.6752576400
13300000|6.6752576400|6.6846859700|6.6469726500|6.6469726500|2176800|15374224.0000|6.6469726500
13350000|6.6469726500|6.6564009800|6.6375443200|6.6469726500|1277700|9008032.0000|6.6469726500
13400000|6.6564009800|6.6752576400|6.6469726500|6.6658293100|1152000|8143424.0000|6.6658293100
13450000|6.6564009800|6.6752576400|6.6564009800|6.6564009800|1237700|8745472.0000|6.6564009800
13500000|6.6564009800|6.6658293100|6.6469726500|6.6658293100|633000|4469856.0000|6.6658293100
13550000|6.6658293100|6.6846859700|6.6564009800|6.6752576400|857500|6068288.0000|6.6752576400
14000000|6.6752576400|6.6752576400|6.6564009800|6.6564009800|1365700|9656432.0000|6.6564009800
14050000|6.6564009800|6.6658293100|6.6469726500|6.6658293100|1488000|10511296.0000|6.6658293100
14100000|6.6658293100|6.6658293100|6.6469726500|6.6564009800|752600|5315600.0000|6.6564009800
14150000|6.6564009800|6.6658293100|6.6564009800|6.6564009800|576300|4072880.0000|6.6564009800
14200000|6.6658293100|6.6846859700|6.6658293100|6.6752576400|1104600|7822560.0000|6.6752576400
14250000|6.6752576400|6.6752576400|6.6658293100|6.6752576400|417000|2951504.0000|6.6752576400
14300000|6.6752576400|6.6752576400|6.6658293100|6.6658293100|1112800|7869744.0000|6.6658293100
14350000|6.6658293100|6.6846859700|6.6658293100|6.6846859700|1088300|7709440.0000|6.6846859700
14400000|6.6846859700|6.6941143000|6.6752576400|6.6941143000|791800|5614848.0000|6.6941143000
14450000|6.6941143000|6.6941143000|6.6752576400|6.6846859700|1135400|8050272.0000|6.6846859700
14500000|6.6752576400|6.6846859700|6.6752576400|6.6752576400|2203600|15611696.0000|6.6752576400
14550000|6.6752576400|6.6752576400|6.6564009800|6.6752576400|2729979|19300288.0000|6.6752576400
15000000|6.6658293100|6.6752576400|6.6658293100|6.6752576400|1221825|8646992.0000|6.6752576400
