093500|13.56|13.77|13.31|13.66|149971.0|203338950.0|13.56
094000|13.66|13.81|13.61|13.69|52212.0|71620881.0|13.66
094500|13.66|13.79|13.66|13.68|32720.0|44902789.0|13.69
095000|13.67|13.74|13.61|13.63|20842.0|28513355.0|13.68
095500|13.62|13.62|13.5|13.61|27458.0|37263973.0|13.63
100000|13.57|13.61|13.55|13.55|10679.0|14491162.0|13.61
100500|13.55|13.55|13.51|13.54|10751.0|14545808.0|13.55
101000|13.54|13.57|13.5|13.57|14822.0|20037894.0|13.54
101500|13.57|13.68|13.57|13.57|17489.0|23837429.0|13.57
102000|13.56|13.6|13.56|13.58|7679.0|10428283.0|13.57
102500|13.59|13.63|13.57|13.6|8068.0|10969562.0|13.58
103000|13.61|13.61|13.58|13.59|6240.0|8482553.0|13.6
103500|13.6|13.74|13.59|13.68|15750.0|21556636.0|13.59
104000|13.68|13.69|13.62|13.64|5922.0|8092359.0|13.68
104500|13.63|13.63|13.58|13.61|7395.0|10060682.0|13.64
105000|13.6|13.61|13.57|13.57|5854.0|7953018.0|13.61
105500|13.58|13.64|13.58|13.59|7052.0|9596308.0|13.57
110000|13.6|13.6|13.54|13.54|7489.0|10161195.0|13.59
110500|13.54|13.55|13.5|13.51|8639.0|11674421.0|13.54
111000|13.5|13.51|13.45|13.5|8441.0|11379200.0|13.51
111500|13.5|13.57|13.5|13.54|4376.0|5922348.0|13.5
112000|13.54|13.57|13.53|13.55|2864.0|3881213.0|13.54
112500|13.55|13.57|13.53|13.57|2358.0|3194771.0|13.55
113000|13.57|13.8|13.56|13.77|26605.0|36557282.0|13.57
130500|13.78|13.78|13.65|13.7|11366.0|15604560.0|13.77
131000|13.69|13.75|13.68|13.75|6069.0|8322875.0|13.7
131500|13.75|13.78|13.71|13.71|9250.0|12721939.0|13.75
132000|13.71|13.78|13.71|13.76|4710.0|6478526.0|13.71
132500|13.76|13.77|13.69|13.69|5770.0|7927318.0|13.76
133000|13.69|13.69|13.67|13.68|3901.0|5338955.0|13.69
133500|13.68|13.71|13.68|13.69|3766.0|5157848.0|13.68
134000|13.7|13.7|13.68|13.68|2789.0|3818109.0|13.69
134500|13.69|14.09|13.68|14.09|34713.0|48110479.0|13.68
135000|14.09|14.13|13.88|13.9|47012.0|65966200.0|14.09
135500|13.9|13.97|13.85|13.85|10715.0|14912450.0|13.9
140000|13.85|13.91|13.82|13.9|6328.0|8764250.0|13.85
140500|13.91|13.91|13.72|13.81|9376.0|12954639.0|13.9
141000|13.81|13.85|13.79|13.79|6521.0|9003870.0|13.81
141500|13.78|13.79|13.73|13.77|5152.0|7086387.0|13.79
142000|13.78|13.8|13.75|13.76|4986.0|6871059.0|13.77
142500|13.77|13.79|13.74|13.79|4975.0|6844927.0|13.76
143000|13.78|13.78|13.74|13.75|4042.0|5564110.0|13.79
143500|13.75|13.76|13.7|13.7|6240.0|8566015.0|13.75
144000|13.7|13.75|13.7|13.74|3775.0|5183795.0|13.7
144500|13.74|13.74|13.7|13.7|7660.0|10505136.0|13.74
145000|13.7|13.7|13.67|13.69|8246.0|11284585.0|13.7
145500|13.69|13.69|13.68|13.68|12230.0|16737048.0|13.69
150000|13.68|13.69|13.67|13.67|11515.0|15746339.0|13.68
