093500|24.9000|25.6300|24.2000|25.6300|32866976|821486274.8900|25.6300
094000|25.6300|25.6300|24.9900|25.0800|16105938|409061198.6900|25.0800
094500|25.0800|25.4500|24.9900|25.3600|6532433|164738042.9200|25.3600
095000|25.3700|25.6300|25.2400|25.4200|7221978|184519081.2600|25.4200
095500|25.4300|25.6300|25.4300|25.6300|3133600|80236840.0000|25.6300
100000|25.6300|25.6300|25.6300|25.6300|176600|4526258.0000|25.6300
100500|25.6300|25.6300|25.6300|25.6300|122780|3146851.4000|25.6300
101000|25.6300|25.6300|25.6300|25.6300|228109|5846433.6700|25.6300
101500|25.6300|25.6300|25.6300|25.6300|216500|5548895.0000|25.6300
102000|25.6300|25.6300|25.6300|25.6300|40000|1025200.0000|25.6300
102500|25.6300|25.6300|25.6300|25.6300|39900|1022637.0000|25.6300
103000|25.6300|25.6300|25.6300|25.6300|139260|3569233.8000|25.6300
103500|25.6300|25.6300|25.6300|25.6300|258300|6620229.0000|25.6300
104000|25.6300|25.6300|25.6300|25.6300|123200|3157616.0000|25.6300
104500|25.6300|25.6300|25.6300|25.6300|74300|1904309.0000|25.6300
105000|25.6300|25.6300|25.6300|25.6300|61000|1563430.0000|25.6300
105500|25.6300|25.6300|25.6300|25.6300|120900|3098667.0000|25.6300
110000|25.6300|25.6300|25.6300|25.6300|100700|2580941.0000|25.6300
110500|25.6300|25.6300|25.6300|25.6300|237800|6094814.0000|25.6300
111000|25.6300|25.6300|25.6300|25.6300|206800|5300284.0000|25.6300
111500|25.6300|25.6300|25.6300|25.6300|293600|7524968.0000|25.6300
112000|25.6300|25.6300|25.6300|25.6300|438200|11231066.0000|25.6300
112500|25.6300|25.6300|25.4900|25.6100|4695375|120224667.5400|25.6100
113000|25.6100|25.6300|25.6100|25.6300|2284519|58543265.5900|25.6300
130500|25.6300|25.6300|25.5000|25.6100|2405625|61573942.9300|25.6100
131000|25.6100|25.6300|25.6000|25.6300|1288300|33008293.0000|25.6300
131500|25.6300|25.6300|25.6300|25.6300|71500|1832545.0000|25.6300
132000|25.6300|25.6300|25.6300|25.6300|49600|1271248.0000|25.6300
132500|25.6300|25.6300|25.6300|25.6300|70000|1794100.0000|25.6300
133000|25.6300|25.6300|25.6300|25.6300|39800|1020074.0000|25.6300
133500|25.6300|25.6300|25.6300|25.6300|58900|1509607.0000|25.6300
134000|25.6300|25.6300|25.6300|25.6300|55800|1430154.0000|25.6300
134500|25.6300|25.6300|25.6300|25.6300|21400|548482.0000|25.6300
135000|25.6300|25.6300|25.6300|25.6300|257900|6609977.0000|25.6300
135500|25.6300|25.6300|25.6300|25.6300|33500|858605.0000|25.6300
140000|25.6300|25.6300|25.6300|25.6300|45000|1153350.0000|25.6300
140500|25.6300|25.6300|25.6300|25.6300|50100|1284063.0000|25.6300
141000|25.6300|25.6300|25.6300|25.6300|26400|676632.0000|25.6300
141500|25.6300|25.6300|25.6300|25.6300|26500|679195.0000|25.6300
142000|25.6300|25.6300|25.6300|25.6300|46900|1202047.0000|25.6300
142500|25.6300|25.6300|25.6300|25.6300|10200|261426.0000|25.6300
143000|25.6300|25.6300|25.6300|25.6300|19800|507474.0000|25.6300
143500|25.6300|25.6300|25.6300|25.6300|30800|789404.0000|25.6300
144000|25.6300|25.6300|25.6300|25.6300|227800|5838514.0000|25.6300
144500|25.6300|25.6300|25.6300|25.6300|14400|369072.0000|25.6300
145000|25.6300|25.6300|25.6300|25.6300|11700|299871.0000|25.6300
145500|25.6300|25.6300|25.6300|25.6300|462800|11861564.0000|25.6300
150000|25.6300|25.6300|25.6300|25.6300|75400|1932502.0000|25.6300
