09350000|16.8700000000|16.9200000000|16.8500000000|16.9000000000|2012500|33990325.0000|16.9000000000
09400000|16.8900000000|16.9100000000|16.8600000000|16.8700000000|970100|16373333.0000|16.8700000000
09450000|16.8700000000|16.9600000000|16.8500000000|16.9600000000|1850876|31314023.0000|16.9600000000
09500000|16.9600000000|16.9800000000|16.8900000000|16.8900000000|1622724|27496085.0000|16.8900000000
09550000|16.8900000000|16.9200000000|16.8900000000|16.8900000000|807200|13643691.0000|16.8900000000
10000000|16.8800000000|16.8800000000|16.8400000000|16.8400000000|1309800|22080220.0000|16.8400000000
10050000|16.8400000000|16.8800000000|16.8200000000|16.8500000000|1183700|19939529.0000|16.8500000000
10100000|16.8500000000|16.8600000000|16.8400000000|16.8600000000|359000|6049237.0000|16.8600000000
10150000|16.8700000000|16.8700000000|16.8300000000|16.8400000000|328620|5534347.0000|16.8400000000
10200000|16.8400000000|16.8400000000|16.7800000000|16.7800000000|1131780|19015430.0000|16.7800000000
10250000|16.7900000000|16.8300000000|16.7800000000|16.8000000000|639300|10740961.0000|16.8000000000
10300000|16.8000000000|16.8600000000|16.7900000000|16.8200000000|592700|9972638.0000|16.8200000000
10350000|16.8100000000|16.8100000000|16.7500000000|16.7700000000|1029997|17289605.0000|16.7700000000
10400000|16.7800000000|16.8400000000|16.7600000000|16.8200000000|1084900|18226463.0000|16.8200000000
10450000|16.8300000000|16.8600000000|16.8300000000|16.8600000000|312300|5260550.0000|16.8600000000
10500000|16.8500000000|16.8800000000|16.8500000000|16.8600000000|391900|6608783.0000|16.8600000000
10550000|16.8600000000|16.8700000000|16.8000000000|16.8200000000|406800|6847353.0000|16.8200000000
11000000|16.8200000000|16.8200000000|16.8000000000|16.8200000000|218400|3670405.0000|16.8200000000
11050000|16.8200000000|16.8200000000|16.7900000000|16.8100000000|312400|5249565.0000|16.8100000000
11100000|16.8100000000|16.8100000000|16.7900000000|16.8000000000|266600|4478832.0000|16.8000000000
11150000|16.8000000000|16.8000000000|16.7800000000|16.8000000000|236000|3962005.0000|16.8000000000
11200000|16.8000000000|16.8000000000|16.7700000000|16.7700000000|377600|6334902.0000|16.7700000000
11250000|16.7700000000|16.8000000000|16.7700000000|16.7900000000|303200|5086551.0000|16.7900000000
11300000|16.7900000000|16.8100000000|16.7800000000|16.8000000000|182600|3065571.0000|16.8000000000
13050000|16.8000000000|16.8400000000|16.7900000000|16.8300000000|374100|6290435.0000|16.8300000000
13100000|16.8400000000|16.8400000000|16.8100000000|16.8200000000|337000|5670672.0000|16.8200000000
13150000|16.8300000000|16.8300000000|16.8100000000|16.8300000000|243500|4095668.0000|16.8300000000
13200000|16.8300000000|16.8300000000|16.8100000000|16.8300000000|312700|5260516.0000|16.8300000000
13250000|16.8300000000|16.8400000000|16.8200000000|16.8300000000|493500|8305347.0000|16.8300000000
13300000|16.8300000000|16.8400000000|16.8200000000|16.8400000000|435800|7334817.0000|16.8400000000
13350000|16.8400000000|16.8400000000|16.8100000000|16.8200000000|392000|6594086.0000|16.8200000000
13400000|16.8200000000|16.8400000000|16.8100000000|16.8300000000|220600|3711235.0000|16.8300000000
13450000|16.8300000000|16.8400000000|16.8100000000|16.8400000000|330300|5557028.0000|16.8400000000
13500000|16.8300000000|16.8300000000|16.8100000000|16.8200000000|169000|2842897.0000|16.8200000000
13550000|16.8200000000|16.8400000000|16.8100000000|16.8400000000|361900|6090208.0000|16.8400000000
14000000|16.8400000000|16.8400000000|16.8200000000|16.8200000000|218000|3668028.0000|16.8200000000
14050000|16.8200000000|16.8300000000|16.8100000000|16.8200000000|150200|2526392.0000|16.8200000000
14100000|16.8200000000|16.8300000000|16.8100000000|16.8200000000|130800|2199696.0000|16.8200000000
14150000|16.8200000000|16.8200000000|16.7900000000|16.8000000000|686200|11529068.0000|16.8000000000
14200000|16.8000000000|16.8000000000|16.7900000000|16.7900000000|201600|3386394.0000|16.7900000000
14250000|16.7900000000|16.8100000000|16.7900000000|16.8000000000|310000|5207376.0000|16.8000000000
14300000|16.8000000000|16.8100000000|16.7800000000|16.8000000000|396900|6666856.0000|16.8000000000
14350000|16.7900000000|16.8000000000|16.7800000000|16.7900000000|249800|4194144.0000|16.7900000000
14400000|16.7800000000|16.8000000000|16.7800000000|16.7900000000|233600|3921988.0000|16.7900000000
14450000|16.7800000000|16.7900000000|16.7800000000|16.7800000000|340300|5710846.0000|16.7800000000
14500000|16.7800000000|16.7900000000|16.7700000000|16.7800000000|576605|9673518.0000|16.7800000000
14550000|16.7800000000|16.7900000000|16.7700000000|16.7800000000|600300|10073300.0000|16.7800000000
15000000|16.7700000000|16.7800000000|16.7600000000|16.7600000000|741216|12427121.0000|16.7600000000
