093500|33.87|33.91|33.7|33.81|10673.0|36152205.0|33.94
094000|33.79|33.84|33.76|33.82|2629.0|8910513.0|33.81
094500|33.81|33.84|33.71|33.83|2947.0|9974747.0|33.82
095000|33.84|33.91|33.77|33.78|2298.0|7798609.0|33.83
095500|33.81|33.81|33.75|33.78|1582.0|5356916.0|33.78
100000|33.77|33.78|33.66|33.66|4740.0|16021682.0|33.78
100500|33.68|33.68|33.48|33.52|10635.0|35782731.0|33.66
101000|33.51|33.57|33.51|33.54|2705.0|9094700.0|33.52
101500|33.54|33.57|33.48|33.52|2948.0|9911510.0|33.54
102000|33.53|33.55|33.45|33.47|4157.0|13957961.0|33.52
102500|33.49|33.51|33.42|33.48|2716.0|9112256.0|33.47
103000|33.48|33.49|33.42|33.43|1827.0|6126220.0|33.48
103500|33.43|33.48|33.42|33.47|2528.0|8475884.0|33.43
104000|33.48|33.55|33.47|33.49|1016.0|3412918.0|33.47
104500|33.49|33.5|33.47|33.47|743.0|2494373.0|33.49
105000|33.48|33.49|33.45|33.45|996.0|3342403.0|33.47
105500|33.44|33.49|33.43|33.43|1126.0|3776123.0|33.45
110000|33.44|33.51|33.43|33.48|1728.0|5796307.0|33.43
110500|33.47|33.52|33.44|33.51|849.0|2850551.0|33.48
111000|33.48|33.54|33.47|33.53|1154.0|3876063.0|33.51
111500|33.52|33.55|33.48|33.5|573.0|1926032.0|33.53
112000|33.5|33.5|33.44|33.49|699.0|2343743.0|33.5
112500|33.49|33.49|33.44|33.45|704.0|2363739.0|33.49
113000|33.44|33.47|33.43|33.47|869.0|2915315.0|33.45
130500|33.47|33.54|33.47|33.53|1415.0|4752095.0|33.47
131000|33.53|33.65|33.53|33.63|1709.0|5755397.0|33.53
131500|33.63|33.64|33.54|33.55|1071.0|3606634.0|33.63
132000|33.61|33.61|33.54|33.55|1107.0|3727279.0|33.55
132500|33.56|33.57|33.53|33.56|697.0|2344629.0|33.55
133000|33.54|33.6|33.54|33.6|1171.0|3940660.0|33.56
133500|33.6|33.66|33.59|33.62|1263.0|4258205.0|33.6
134000|33.61|33.65|33.6|33.65|847.0|2856285.0|33.62
134500|33.65|33.67|33.64|33.65|740.0|2497157.0|33.65
135000|33.64|33.66|33.59|33.59|1076.0|3627312.0|33.65
135500|33.6|33.61|33.59|33.61|727.0|2449377.0|33.59
140000|33.6|33.66|33.6|33.64|569.0|1919166.0|33.61
140500|33.64|33.65|33.57|33.59|658.0|2217304.0|33.64
141000|33.59|33.6|33.57|33.59|341.0|1148301.0|33.59
141500|33.6|33.66|33.59|33.66|848.0|2859479.0|33.59
142000|33.66|33.8|33.66|33.79|2583.0|8735392.0|33.66
142500|33.79|33.79|33.67|33.75|1482.0|5012094.0|33.79
143000|33.75|33.75|33.67|33.73|792.0|2676390.0|33.75
143500|33.7|33.7|33.66|33.68|828.0|2795728.0|33.73
144000|33.68|33.68|33.66|33.68|917.0|3095222.0|33.68
144500|33.67|33.69|33.64|33.64|1341.0|4525804.0|33.68
145000|33.64|33.66|33.63|33.64|1306.0|4405465.0|33.64
145500|33.64|33.64|33.61|33.62|2291.0|7725013.0|33.64
150000|33.62|33.65|33.62|33.62|1795.0|6051503.0|33.62
