093500|30.7100|31.0300|30.6800|31.0100|698200|21506312.0000|31.0100
094000|31.0300|31.1900|31.0000|31.1300|505100|15702816.0000|31.1300
094500|31.1400|31.1400|31.0400|31.0700|380300|11820084.0000|31.0700
095000|31.0600|31.2400|31.0400|31.0400|384100|11972084.0000|31.0400
095500|31.0500|31.0700|30.9600|30.9800|284900|8836152.0000|30.9800
100000|30.9700|31.0200|30.9500|31.0100|233900|7246328.0000|31.0100
100500|30.9800|31.0000|30.9500|30.9700|91700|2840400.0000|30.9700
101000|30.9700|31.0600|30.9200|30.9500|140100|4339472.0000|30.9500
101500|30.9500|30.9900|30.8800|30.9100|138100|4270968.0000|30.9100
102000|30.9100|30.9400|30.8800|30.8900|194000|5994184.0000|30.8900
102500|30.9200|31.1500|30.9000|31.1300|216000|6690888.0000|31.1300
103000|31.1400|31.4600|31.1400|31.3500|1078000|33774440.0000|31.3500
103500|31.3400|31.4000|31.2300|31.3000|511700|16031552.0000|31.3000
104000|31.2800|31.3100|31.2100|31.2400|265500|8300240.0000|31.2400
104500|31.2500|31.2600|31.2200|31.2200|287900|8996144.0000|31.2200
105000|31.2200|31.3100|31.2200|31.2600|185400|5796480.0000|31.2600
105500|31.2500|31.4200|31.2500|31.3900|410200|12863936.0000|31.3900
110000|31.4000|31.4400|31.3500|31.3500|500300|15706912.0000|31.3500
110500|31.3400|31.5500|31.3400|31.3700|744700|23423920.0000|31.3700
111000|31.3500|31.4400|31.2800|31.3000|301200|9444896.0000|31.3000
111500|31.2900|31.3300|31.2800|31.2800|104600|3274816.0000|31.2800
112000|31.2700|31.3100|31.2500|31.2500|100500|3144016.0000|31.2500
112500|31.2700|31.2900|31.2400|31.2500|118600|3708144.0000|31.2500
113000|31.2500|31.2700|31.1900|31.2000|175500|5479296.0000|31.2000
130500|31.2200|31.2200|31.1800|31.1800|108700|3391296.0000|31.1800
131000|31.1800|31.2000|31.1500|31.1800|168100|5241104.0000|31.1800
131500|31.1800|31.2100|31.1300|31.1800|138900|4329760.0000|31.1800
132000|31.1500|31.2000|31.1000|31.1000|93700|2919456.0000|31.1000
132500|31.1000|31.1200|31.0300|31.0300|125100|3887360.0000|31.0300
133000|31.0500|31.0700|31.0300|31.0600|92400|2868448.0000|31.0600
133500|31.0600|31.1100|31.0500|31.0600|122500|3806048.0000|31.0600
134000|31.0900|31.1700|31.0600|31.0600|124900|3884224.0000|31.0600
134500|31.0600|31.0700|31.0300|31.0300|110500|3432448.0000|31.0300
135000|31.0400|31.0400|30.9600|30.9800|356700|11047520.0000|30.9800
135500|30.9800|31.0100|30.9100|30.9500|112400|3480160.0000|30.9500
140000|30.9400|30.9500|30.8800|30.9000|164200|5076352.0000|30.9000
140500|30.9100|31.0400|30.9100|30.9900|147700|4576448.0000|30.9900
141000|30.9900|30.9900|30.9300|30.9300|98200|3038496.0000|30.9300
141500|30.9200|30.9400|30.8800|30.8800|158600|4902656.0000|30.8800
142000|30.8800|30.9000|30.8200|30.8400|112300|3466176.0000|30.8400
142500|30.8400|30.8600|30.8100|30.8300|164800|5082560.0000|30.8300
143000|30.8300|30.8800|30.8100|30.8100|197500|6089664.0000|30.8100
143500|30.8100|30.8800|30.8000|30.8000|226100|6966880.0000|30.8000
144000|30.8100|30.8100|30.7200|30.7300|346400|10656832.0000|30.7300
144500|30.7200|30.7700|30.7000|30.7600|224600|6900768.0000|30.7600
145000|30.7500|30.8300|30.7400|30.8300|208200|6408672.0000|30.8300
145500|30.8100|30.9100|30.8100|30.8700|247800|7645152.0000|30.8700
150000|30.8500|30.8800|30.7900|30.8800|203300|6272640.0000|30.8800
