093500|64.6000|64.8400|64.3000|64.5600|1231100|79562640.0000|64.5600
094000|64.5600|64.5700|64.3100|64.4400|1005900|64782752.0000|64.4400
094500|64.4400|64.6700|64.3700|64.4300|824800|53222096.0000|64.4300
095000|64.4100|64.8000|64.3800|64.6500|626800|40498688.0000|64.6500
095500|64.6500|64.7000|64.5300|64.5600|501300|32381888.0000|64.5600
100000|64.5600|64.7000|64.5300|64.5600|357300|23089696.0000|64.5600
100500|64.5800|64.6600|64.4100|64.6200|322700|20822976.0000|64.6200
101000|64.6200|64.7600|64.6200|64.7500|345500|22354848.0000|64.7500
101500|64.7300|64.8900|64.6500|64.8100|565700|36660224.0000|64.8100
102000|64.8500|64.8700|64.7500|64.8000|314100|20357824.0000|64.8000
102500|64.7800|64.8900|64.6600|64.6800|345400|22382848.0000|64.6800
103000|64.6800|64.8200|64.6600|64.8000|301600|19527616.0000|64.8000
103500|64.7800|64.8700|64.6900|64.8500|331900|21490880.0000|64.8500
104000|64.8500|64.9000|64.7400|64.8200|237900|15423904.0000|64.8200
104500|64.7600|64.8800|64.6600|64.6600|293800|19034592.0000|64.6600
105000|64.6500|64.6700|64.5500|64.6000|208000|13439392.0000|64.6000
105500|64.5700|64.6100|64.4300|64.4500|334300|21559616.0000|64.4500
110000|64.4500|64.5400|64.4100|64.4500|268300|17291161.0000|64.4500
110500|64.4500|64.4600|64.3500|64.3500|406200|26160647.0000|64.3500
111000|64.3500|64.3900|64.3100|64.3900|169100|10878456.0000|64.3900
111500|64.3800|64.4200|64.3800|64.4100|97400|6272128.0000|64.4100
112000|64.4100|64.4700|64.3600|64.4400|129700|8352842.0000|64.4400
112500|64.4400|64.4800|64.3900|64.4100|75400|4858166.0000|64.4100
113000|64.4200|64.5400|64.3800|64.4000|85100|5486477.0000|64.4000
130500|64.4000|64.4000|64.2000|64.2100|430700|27680691.0000|64.2100
131000|64.2200|64.2400|64.2000|64.2200|240200|15423168.0000|64.2200
131500|64.2300|64.2300|64.0800|64.1100|356200|22852038.0000|64.1100
132000|64.1000|64.1100|64.0400|64.0500|233900|14986688.0000|64.0500
132500|64.0400|64.0600|63.9300|63.9300|451200|28880073.0000|63.9300
133000|63.9300|64.0400|63.8800|64.0200|277900|17768128.0000|64.0200
133500|63.9800|63.9800|63.8700|63.9000|260900|16673790.0000|63.9000
134000|63.8900|63.9400|63.8600|63.9100|272700|17421179.0000|63.9100
134500|63.9100|63.9100|63.8100|63.8100|410900|26235654.0000|63.8100
135000|63.8100|64.0500|63.8000|64.0300|375100|23976574.0000|64.0300
135500|64.0400|64.0700|64.0000|64.0100|267600|17136960.0000|64.0100
140000|63.9900|64.0000|63.9100|63.9100|245500|15702708.0000|63.9100
140500|63.8800|63.8800|63.5500|63.7100|955200|60849928.0000|63.7100
141000|63.7200|63.7400|63.4300|63.4800|996800|63359872.0000|63.4800
141500|63.4500|63.5200|63.4500|63.4700|571800|36297216.0000|63.4700
142000|63.4700|63.4900|63.2800|63.2900|758500|48082048.0000|63.2900
142500|63.2900|63.4900|63.2500|63.2600|626600|39695488.0000|63.2600
143000|63.2900|63.3200|63.2200|63.3100|501300|31714944.0000|63.3100
143500|63.3100|63.4600|63.2900|63.4600|416100|26367488.0000|63.4600
144000|63.4500|63.4800|63.3800|63.4200|283900|18005632.0000|63.4200
144500|63.4200|63.4600|63.3400|63.3600|326200|20682496.0000|63.3600
145000|63.3700|63.5200|63.3500|63.5200|205700|13045120.0000|63.5200
145500|63.4900|63.5300|63.4800|63.5000|309200|19634048.0000|63.5000
150000|63.4900|63.5000|63.4800|63.4900|259700|16489216.0000|63.4900
