09350000|6.4314054600|6.5062981000|6.3939591400|6.5062981000|2106500|14533126.0000|6.5062981000
09400000|6.5156596800|6.5531060000|6.5062981000|6.5437444200|3666900|25600291.0000|6.5437444200
09450000|6.5531060000|6.5999139000|6.5437444200|6.5531060000|3128200|21957411.0000|6.5531060000
09500000|6.5437444200|6.5624675800|6.5250212600|6.5250212600|991700|6934668.0000|6.5250212600
09550000|6.5156596800|6.5437444200|6.5062981000|6.5250212600|1025400|7144691.0000|6.5250212600
10000000|6.5250212600|6.5343828400|6.4969365200|6.5062981000|570700|3969856.0000|6.5062981000
10050000|6.5156596800|6.5156596800|6.4875749400|6.4969365200|822700|5716198.0000|6.4969365200
10100000|6.4969365200|6.5156596800|6.4969365200|6.4969365200|302741|2102860.0000|6.4969365200
10150000|6.5062981000|6.5250212600|6.4969365200|6.5156596800|428200|2978448.0000|6.5156596800
10200000|6.5250212600|6.5343828400|6.5062981000|6.5250212600|376300|2620628.0000|6.5250212600
10250000|6.5156596800|6.5531060000|6.5156596800|6.5531060000|619110|4323670.0000|6.5531060000
10300000|6.5437444200|6.5531060000|6.5437444200|6.5437444200|710400|4970876.0000|6.5437444200
10350000|6.5437444200|6.5624675800|6.5343828400|6.5437444200|1138200|7966347.0000|6.5437444200
10400000|6.5437444200|6.5531060000|6.5343828400|6.5437444200|339300|2372571.0000|6.5437444200
10450000|6.5437444200|6.5437444200|6.5250212600|6.5343828400|415090|2895282.0000|6.5343828400
10500000|6.5250212600|6.5437444200|6.5250212600|6.5250212600|529400|3694977.0000|6.5250212600
10550000|6.5250212600|6.5531060000|6.5156596800|6.5437444200|567213|3960112.0000|6.5437444200
11000000|6.5531060000|6.5531060000|6.5437444200|6.5437444200|157000|1098078.0000|6.5437444200
11050000|6.5531060000|6.5531060000|6.5437444200|6.5437444200|336300|2351431.0000|6.5437444200
11100000|6.5437444200|6.5437444200|6.5250212600|6.5250212600|317518|2216955.0000|6.5250212600
11150000|6.5343828400|6.5343828400|6.5156596800|6.5156596800|507382|3535056.0000|6.5156596800
11200000|6.5156596800|6.5250212600|6.5062981000|6.5156596800|447600|3114171.0000|6.5156596800
11250000|6.5156596800|6.5343828400|6.5062981000|6.5156596800|374400|2605623.0000|6.5156596800
11300000|6.5156596800|6.5250212600|6.5062981000|6.5062981000|132800|924109.0000|6.5062981000
13050000|6.5156596800|6.5156596800|6.4875749400|6.5062981000|625259|4340754.0000|6.5062981000
13100000|6.5062981000|6.5062981000|6.4875749400|6.4969365200|252800|1755143.0000|6.4969365200
13150000|6.4969365200|6.5062981000|6.4875749400|6.4875749400|227000|1575322.0000|6.4875749400
13200000|6.4875749400|6.4969365200|6.4688517800|6.4688517800|1135100|7860639.0000|6.4688517800
13250000|6.4782133600|6.4969365200|6.4782133600|6.4875749400|245700|1701873.0000|6.4875749400
13300000|6.4969365200|6.4969365200|6.4875749400|6.4969365200|210600|1460360.0000|6.4969365200
13350000|6.4969365200|6.4969365200|6.4875749400|6.4969365200|308300|2138091.0000|6.4969365200
13400000|6.4969365200|6.4969365200|6.4782133600|6.4782133600|406000|2812546.0000|6.4782133600
13450000|6.4782133600|6.4875749400|6.4688517800|6.4782133600|575720|3982541.0000|6.4782133600
13500000|6.4782133600|6.4875749400|6.4688517800|6.4782133600|329600|2281899.0000|6.4782133600
13550000|6.4875749400|6.4875749400|6.4688517800|6.4688517800|542480|3751337.0000|6.4688517800
14000000|6.4688517800|6.4688517800|6.4594902000|6.4688517800|633100|4370741.0000|6.4688517800
14050000|6.4594902000|6.4875749400|6.4594902000|6.4875749400|304100|2102126.0000|6.4875749400
14100000|6.4875749400|6.4875749400|6.4594902000|6.4688517800|513100|3546197.0000|6.4688517800
14150000|6.4688517800|6.4688517800|6.4594902000|6.4688517800|137000|946041.0000|6.4688517800
14200000|6.4594902000|6.4782133600|6.4594902000|6.4594902000|312400|2157180.0000|6.4594902000
14250000|6.4594902000|6.4594902000|6.4407670400|6.4594902000|623300|4295908.0000|6.4594902000
14300000|6.4501286200|6.4594902000|6.4407670400|6.4501286200|187200|1289348.0000|6.4501286200
14350000|6.4407670400|6.4501286200|6.4314054600|6.4407670400|582910|4010910.0000|6.4407670400
14400000|6.4407670400|6.4501286200|6.4314054600|6.4314054600|520600|3580494.0000|6.4314054600
14450000|6.4407670400|6.4407670400|6.4314054600|6.4407670400|502900|3455952.0000|6.4407670400
14500000|6.4314054600|6.4501286200|6.4220438800|6.4407670400|889299|6115011.0000|6.4407670400
14550000|6.4501286200|6.4501286200|6.4314054600|6.4501286200|588602|4052469.0000|6.4501286200
15000000|6.4501286200|6.4501286200|6.4407670400|6.4501286200|722230|4975645.0000|6.4501286200
