093500|12.4400|12.4700|12.3800|12.4200|532200|6608746.0000|12.4200
094000|12.4200|12.4800|12.4100|12.4700|300000|3730416.0000|12.4700
094500|12.4700|12.4900|12.4300|12.4600|246000|3067040.0000|12.4600
095000|12.4600|12.4800|12.4400|12.4700|147900|1843289.0000|12.4700
095500|12.4700|12.4800|12.4500|12.4700|146700|1828057.0000|12.4700
100000|12.4700|12.5000|12.4500|12.5000|127600|1592314.0000|12.5000
100500|12.5000|12.6400|12.4900|12.6300|494400|6218320.0000|12.6300
101000|12.6300|12.6900|12.6200|12.6700|973300|12315692.0000|12.6700
101500|12.6700|12.6800|12.6400|12.6700|372700|4719252.0000|12.6700
102000|12.6700|12.7300|12.6500|12.6700|443700|5630792.0000|12.6700
102500|12.6700|12.6900|12.6400|12.6400|159500|2019568.0000|12.6400
103000|12.6500|12.7100|12.6400|12.7000|150800|1912484.0000|12.7000
103500|12.7000|12.7300|12.6700|12.6800|253500|3222248.0000|12.6800
104000|12.6900|12.7000|12.6800|12.7000|110600|1403768.0000|12.7000
104500|12.7000|12.7000|12.6600|12.6600|118600|1504840.0000|12.6600
105000|12.6600|12.6600|12.6300|12.6400|138800|1756284.0000|12.6400
105500|12.6400|12.6400|12.6200|12.6300|63200|797996.0000|12.6300
110000|12.6300|12.6500|12.6200|12.6200|71300|900640.0000|12.6200
110500|12.6100|12.6300|12.6100|12.6100|77700|980316.0000|12.6100
111000|12.6100|12.6200|12.6000|12.6000|89700|1130576.0000|12.6000
111500|12.6100|12.6400|12.6000|12.6300|61500|776012.0000|12.6300
112000|12.6300|12.6400|12.6200|12.6400|23800|300720.0000|12.6400
112500|12.6300|12.6300|12.6100|12.6100|37900|478272.0000|12.6100
113000|12.6000|12.6200|12.6000|12.6100|48200|607520.0000|12.6100
130500|12.6100|12.6100|12.5700|12.5700|122900|1547488.0000|12.5700
131000|12.5700|12.5700|12.5500|12.5500|59300|744936.0000|12.5500
131500|12.5600|12.5600|12.5500|12.5600|54700|686912.0000|12.5600
132000|12.5600|12.5600|12.5300|12.5400|102400|1284744.0000|12.5400
132500|12.5500|12.5500|12.5300|12.5300|62700|786360.0000|12.5300
133000|12.5300|12.5400|12.5300|12.5300|43000|538824.0000|12.5300
133500|12.5300|12.5400|12.5300|12.5400|54600|684448.0000|12.5400
134000|12.5400|12.5700|12.5300|12.5500|53300|669016.0000|12.5500
134500|12.5500|12.5600|12.5400|12.5500|13700|171976.0000|12.5500
135000|12.5500|12.5800|12.5400|12.5700|56900|714856.0000|12.5700
135500|12.5700|12.6000|12.5700|12.6000|105300|1326088.0000|12.6000
140000|12.6000|12.6000|12.5600|12.5800|36100|454232.0000|12.5800
140500|12.5700|12.6000|12.5700|12.6000|84200|1059872.0000|12.6000
141000|12.6000|12.6200|12.5900|12.6100|86900|1095264.0000|12.6100
141500|12.6100|12.6300|12.6000|12.6100|30500|384880.0000|12.6100
142000|12.6100|12.6300|12.6100|12.6200|69500|876968.0000|12.6200
142500|12.6200|12.6300|12.6000|12.6200|53700|677936.0000|12.6200
143000|12.6100|12.6300|12.6100|12.6200|72200|911416.0000|12.6200
143500|12.6200|12.6400|12.6200|12.6300|138500|1749016.0000|12.6300
144000|12.6300|12.6300|12.6100|12.6200|53400|673680.0000|12.6200
144500|12.6200|12.6300|12.6000|12.6300|109300|1379280.0000|12.6300
145000|12.6200|12.6300|12.6100|12.6200|84300|1063760.0000|12.6200
145500|12.6200|12.6200|12.6100|12.6100|99200|1251344.0000|12.6100
150000|12.6100|12.6200|12.5900|12.6000|170400|2147592.0000|12.6000
