093500|10.8000|11.0000|10.8000|10.9400|5635500|61192680.0000|10.9400
094000|10.9300|10.9600|10.4800|10.4800|4568700|48996456.0000|10.4800
094500|10.4600|10.5600|10.4100|10.4600|3259400|34151296.0000|10.4600
095000|10.4600|10.4600|10.2300|10.2500|3438500|35429088.0000|10.2500
095500|10.2500|10.3500|10.2300|10.3500|2325100|23811968.0000|10.3500
100000|10.3500|10.4200|10.3200|10.4200|1059800|10999184.0000|10.4200
100500|10.3800|10.4000|10.3300|10.3600|995200|10321072.0000|10.3600
101000|10.3500|10.3700|10.3100|10.3300|752900|7790368.0000|10.3300
101500|10.3300|10.3300|10.2500|10.2600|1092300|11235824.0000|10.2600
102000|10.2600|10.4000|10.2500|10.4000|1002700|10323680.0000|10.4000
102500|10.4000|10.4500|10.3900|10.4400|620900|6472528.0000|10.4400
103000|10.4300|10.4300|10.4000|10.4000|486800|5068784.0000|10.4000
103500|10.3900|10.4200|10.3900|10.3900|368500|3832704.0000|10.3900
104000|10.3800|10.4000|10.3600|10.3800|237000|2459616.0000|10.3800
104500|10.3800|10.4500|10.3800|10.4500|483400|5043872.0000|10.4500
105000|10.4400|10.5200|10.4400|10.5200|435800|4560832.0000|10.5200
105500|10.5200|10.5200|10.4300|10.4300|511500|5358304.0000|10.4300
110000|10.4300|10.4400|10.4100|10.4200|211100|2200992.0000|10.4200
110500|10.4100|10.4100|10.3500|10.3700|322100|3341920.0000|10.3700
111000|10.3700|10.3900|10.3600|10.3900|162600|1685792.0000|10.3900
111500|10.3600|10.3600|10.3000|10.3100|548600|5668000.0000|10.3100
112000|10.3100|10.3600|10.3000|10.3100|455300|4705152.0000|10.3100
112500|10.3100|10.3400|10.3100|10.3300|186700|1926272.0000|10.3300
113000|10.3200|10.3300|10.3000|10.3100|264500|2726944.0000|10.3100
130500|10.3000|10.3100|10.2600|10.2600|727500|7479744.0000|10.2600
131000|10.2600|10.2600|10.2400|10.2400|880800|9025824.0000|10.2400
131500|10.2500|10.2500|10.2300|10.2400|994400|10177504.0000|10.2400
132000|10.2400|10.2600|10.2400|10.2600|501400|5138816.0000|10.2600
132500|10.2600|10.2800|10.2500|10.2500|398400|4089472.0000|10.2500
133000|10.2600|10.2600|10.2400|10.2500|440300|4511328.0000|10.2500
133500|10.2500|10.2500|10.2300|10.2300|1838700|18812064.0000|10.2300
134000|10.2300|10.2300|10.2300|10.2300|432900|4428576.0000|10.2300
134500|10.2300|10.2300|10.2300|10.2300|127000|1299232.0000|10.2300
135000|10.2300|10.2300|10.2300|10.2300|207000|2117600.0000|10.2300
135500|10.2300|10.2300|10.2300|10.2300|97500|997440.0000|10.2300
140000|10.2300|10.2300|10.2300|10.2300|28200|288480.0000|10.2300
140500|10.2300|10.2300|10.2300|10.2300|50000|511488.0000|10.2300
141000|10.2300|10.2300|10.2300|10.2300|35900|367264.0000|10.2300
141500|10.2300|10.2300|10.2300|10.2300|31400|321216.0000|10.2300
142000|10.2300|10.2300|10.2300|10.2300|31400|321216.0000|10.2300
142500|10.2300|10.2300|10.2300|10.2300|56000|572896.0000|10.2300
143000|10.2300|10.2300|10.2300|10.2300|63800|652672.0000|10.2300
143500|10.2300|10.2300|10.2300|10.2300|51200|523776.0000|10.2300
144000|10.2300|10.2300|10.2300|10.2300|113800|1164160.0000|10.2300
144500|10.2300|10.2300|10.2300|10.2300|34600|353952.0000|10.2300
145000|10.2300|10.2300|10.2300|10.2300|72100|737600.0000|10.2300
145500|10.2300|10.2300|10.2300|10.2300|130700|1337056.0000|10.2300
150000|10.2300|10.2300|10.2300|10.2300|196500|2010208.0000|10.2300
