09350000|70.0000000000|70.0200000000|69.1600000000|69.6300000000|2262800|157469920.0000|69.6300000000
09400000|69.6000000000|70.5500000000|69.5800000000|70.5500000000|1308600|91649088.0000|70.5500000000
09450000|70.5300000000|70.9400000000|70.3700000000|70.9400000000|1388900|98150944.0000|70.9400000000
09500000|70.9600000000|71.0100000000|70.2500000000|70.2900000000|1227800|86803712.0000|70.2900000000
09550000|70.2900000000|70.5800000000|70.2500000000|70.2500000000|661800|46608512.0000|70.2500000000
10000000|70.1800000000|70.1800000000|69.7900000000|69.8600000000|902200|63115328.0000|69.8600000000
10050000|69.8900000000|69.9800000000|69.7100000000|69.7300000000|660900|46134398.0000|69.7300000000
10100000|69.7300000000|70.1200000000|69.7100000000|70.0000000000|687300|48021256.0000|70.0000000000
10150000|70.0100000000|70.0700000000|69.7900000000|69.7900000000|536600|37534455.0000|69.7900000000
10200000|69.7800000000|69.9000000000|69.7300000000|69.7500000000|527000|36784573.0000|69.7500000000
10250000|69.7600000000|69.8100000000|69.5500000000|69.5900000000|808400|56299971.0000|69.5900000000
10300000|69.5900000000|69.9000000000|69.5900000000|69.7100000000|556700|38806787.0000|69.7100000000
10350000|69.7400000000|69.8700000000|69.6700000000|69.7900000000|304200|21221122.0000|69.7900000000
10400000|69.8000000000|70.0800000000|69.8000000000|70.0700000000|414600|29002745.0000|70.0700000000
10450000|70.0500000000|70.1600000000|69.9000000000|69.9100000000|349800|24496966.0000|69.9100000000
10500000|69.9100000000|70.0800000000|69.8600000000|70.0300000000|330000|23093049.0000|70.0300000000
10550000|70.0200000000|70.0900000000|69.8900000000|69.8900000000|238500|16691462.0000|69.8900000000
11000000|69.8700000000|69.9000000000|69.7300000000|69.7400000000|386000|26944516.0000|69.7400000000
11050000|69.7700000000|69.9200000000|69.7400000000|69.7900000000|245800|17167740.0000|69.7900000000
11100000|69.8000000000|69.8400000000|69.7100000000|69.8300000000|259000|18073854.0000|69.8300000000
11150000|69.8500000000|70.0100000000|69.7300000000|69.7300000000|352000|24607236.0000|69.7300000000
11200000|69.6900000000|69.6900000000|69.2600000000|69.5100000000|1095100|76073854.0000|69.5100000000
11250000|69.4800000000|69.5700000000|69.1200000000|69.1200000000|854400|59193600.0000|69.1200000000
11300000|69.1100000000|69.1800000000|68.9100000000|69.1500000000|1245300|85960704.0000|69.1500000000
13050000|69.1600000000|69.3600000000|69.1500000000|69.3600000000|473600|32793600.0000|69.3600000000
13100000|69.3400000000|69.5000000000|69.3000000000|69.3000000000|311000|21586688.0000|69.3000000000
13150000|69.3100000000|69.4200000000|69.2300000000|69.4200000000|280500|19442176.0000|69.4200000000
13200000|69.4500000000|69.6600000000|69.4500000000|69.5900000000|452200|31455616.0000|69.5900000000
13250000|69.6000000000|69.6900000000|69.5900000000|69.6900000000|345700|24071164.0000|69.6900000000
13300000|69.6900000000|70.6200000000|69.6900000000|70.4200000000|1569300|110277252.0000|70.4200000000
13350000|70.3100000000|70.3300000000|69.8600000000|69.9500000000|656300|45975042.0000|69.9500000000
13400000|69.9000000000|69.9200000000|69.5400000000|69.6700000000|407500|28392570.0000|69.6700000000
13450000|69.6400000000|69.7900000000|69.6000000000|69.7800000000|264500|18437884.0000|69.7800000000
13500000|69.7700000000|69.9400000000|69.7400000000|69.8800000000|188500|13161738.0000|69.8800000000
13550000|69.8900000000|69.9200000000|69.7700000000|69.7800000000|207100|14463234.0000|69.7800000000
14000000|69.7800000000|69.8200000000|69.6300000000|69.6300000000|262600|18310516.0000|69.6300000000
14050000|69.6300000000|69.8000000000|69.6300000000|69.7300000000|243100|16948872.0000|69.7300000000
14100000|69.7300000000|69.7400000000|69.5100000000|69.5500000000|314700|21905026.0000|69.5500000000
14150000|69.5500000000|69.8200000000|69.5500000000|69.6400000000|241600|16841474.0000|69.6400000000
14200000|69.6400000000|69.7300000000|69.5400000000|69.5400000000|273500|19049598.0000|69.5400000000
14250000|69.5500000000|69.6500000000|69.4200000000|69.4300000000|334500|23260024.0000|69.4300000000
14300000|69.4200000000|69.6000000000|69.3800000000|69.5600000000|382500|26561542.0000|69.5600000000
14350000|69.5700000000|69.6100000000|69.4500000000|69.4500000000|326900|22720770.0000|69.4500000000
14400000|69.5000000000|69.6900000000|69.4400000000|69.6600000000|299100|20811131.0000|69.6600000000
14450000|69.6500000000|69.7300000000|69.6000000000|69.6800000000|395800|27577855.0000|69.6800000000
14500000|69.6700000000|69.7300000000|69.6300000000|69.6500000000|487000|33936894.0000|69.6500000000
14550000|69.6300000000|69.6500000000|69.5800000000|69.5900000000|669600|46610176.0000|69.5900000000
15000000|69.5900000000|69.6100000000|69.5800000000|69.6000000000|710400|49439999.0000|69.6000000000
