093500|49.56|50.73|49.4|50.34|32143.0|162136357.0|51.29
094000|50.32|50.58|50.28|50.32|13433.0|68137671.0|50.34
094500|50.32|50.47|49.98|50.34|11863.0|59906184.0|50.32
095000|50.37|50.74|50.35|50.62|7552.0|38450333.0|50.34
095500|50.62|50.97|50.61|50.97|6130.0|31271587.0|50.62
100000|50.88|50.99|50.71|50.76|5722.0|29242009.0|50.97
100500|50.76|50.88|50.56|50.56|5009.0|25552985.0|50.76
101000|50.56|50.77|50.5|50.66|4333.0|22052785.0|50.56
101500|50.63|50.78|50.53|50.53|2990.0|15232515.0|50.66
102000|50.53|50.6|50.42|50.47|3678.0|18688500.0|50.53
102500|50.46|50.57|50.25|50.45|5316.0|26933985.0|50.47
103000|50.47|50.65|50.44|50.6|3224.0|16379439.0|50.45
103500|50.63|50.79|50.56|50.77|3213.0|16377535.0|50.6
104000|50.77|50.88|50.64|50.64|3713.0|18967546.0|50.77
104500|50.65|51.08|50.65|51.0|5259.0|26925076.0|50.64
105000|50.99|51.03|50.75|50.75|3691.0|18893515.0|51.0
105500|50.74|51.0|50.7|50.86|2648.0|13556678.0|50.75
110000|50.82|50.82|50.68|50.68|2229.0|11377528.0|50.86
110500|50.66|50.91|50.65|50.86|2400.0|12264252.0|50.68
111000|50.87|50.9|50.7|50.8|1813.0|9265590.0|50.86
111500|50.8|50.83|50.6|50.61|2008.0|10248514.0|50.8
112000|50.61|50.73|50.61|50.7|1469.0|7488324.0|50.61
112500|50.72|50.75|50.56|50.57|2149.0|10954232.0|50.7
113000|50.58|50.68|50.58|50.62|1756.0|8943316.0|50.57
130500|50.64|50.89|50.63|50.89|3092.0|15782475.0|50.62
131000|50.9|51.21|50.9|51.2|4854.0|24920863.0|50.89
131500|51.2|51.3|51.12|51.14|7192.0|37060168.0|51.2
132000|51.13|51.25|51.0|51.0|3245.0|16695737.0|51.14
132500|51.01|51.01|50.86|50.9|3213.0|16458752.0|51.0
133000|50.88|50.91|50.69|50.79|3628.0|18530739.0|50.9
133500|50.84|50.99|50.78|50.99|2562.0|13121211.0|50.79
134000|50.99|51.0|50.8|50.94|3634.0|18607278.0|50.99
134500|50.94|51.15|50.93|50.94|3927.0|20169596.0|50.94
135000|50.94|51.11|50.9|51.11|2642.0|13550709.0|50.94
135500|51.12|51.14|51.01|51.12|3113.0|15997618.0|51.11
140000|51.14|51.14|50.96|50.97|2619.0|13435604.0|51.12
140500|50.98|51.02|50.86|51.0|2868.0|14693201.0|50.97
141000|51.02|51.07|50.94|50.98|2715.0|13933690.0|51.0
141500|50.97|50.98|50.8|50.8|3421.0|17502603.0|50.98
142000|50.8|50.88|50.76|50.85|2300.0|11754061.0|50.8
142500|50.86|50.91|50.85|50.87|2299.0|11767431.0|50.85
143000|50.87|50.98|50.85|50.94|5644.0|28894768.0|50.87
143500|50.95|51.05|50.94|51.01|3476.0|17836977.0|50.94
144000|51.0|51.03|50.97|51.0|2996.0|15368104.0|51.01
144500|50.99|51.0|50.92|50.95|4623.0|23695082.0|51.0
145000|50.96|50.96|50.81|50.89|5485.0|28076799.0|50.95
145500|50.88|50.92|50.88|50.92|6381.0|32669279.0|50.89
150000|50.93|50.99|50.9|50.9|10884.0|55748817.0|50.92
