09350000|70.8000000000|70.8000000000|69.8600000000|70.0600000000|2489100|174907536.0000|70.0600000000
09400000|70.0900000000|70.7500000000|70.0700000000|70.3500000000|1263900|89030432.0000|70.3500000000
09450000|70.3100000000|71.3800000000|70.2800000000|71.2200000000|2283900|162279760.0000|71.2200000000
09500000|71.2200000000|71.2200000000|70.4400000000|70.4500000000|1254500|88899968.0000|70.4500000000
09550000|70.4400000000|70.6500000000|70.1500000000|70.2500000000|662500|46602360.0000|70.2500000000
10000000|70.2500000000|70.4800000000|70.2200000000|70.3300000000|706600|49693452.0000|70.3300000000
10050000|70.3600000000|71.0000000000|70.2100000000|71.0000000000|569600|40211708.0000|71.0000000000
10100000|70.9900000000|71.5000000000|70.8300000000|71.3600000000|1794400|127825282.0000|71.3600000000
10150000|71.3800000000|71.3800000000|71.0500000000|71.1200000000|870900|62031097.0000|71.1200000000
10200000|71.1400000000|71.1800000000|70.8800000000|70.9100000000|475600|33784643.0000|70.9100000000
10250000|70.9100000000|71.0800000000|70.6500000000|70.9600000000|524400|37141634.0000|70.9600000000
10300000|70.9600000000|70.9600000000|70.4400000000|70.4500000000|471900|33349952.0000|70.4500000000
10350000|70.4500000000|70.5500000000|70.3900000000|70.3900000000|474400|33436799.0000|70.3900000000
10400000|70.4100000000|70.4400000000|69.9000000000|69.9300000000|880500|61730305.0000|69.9300000000
10450000|69.9400000000|70.1500000000|69.7600000000|69.7600000000|834000|58340992.0000|69.7600000000
10500000|69.7600000000|70.0000000000|69.6800000000|69.7700000000|638700|44569344.0000|69.7700000000
10550000|69.7700000000|70.0700000000|69.7600000000|69.8100000000|511200|35733760.0000|69.8100000000
11000000|69.8100000000|69.8400000000|69.7100000000|69.7500000000|458300|31977856.0000|69.7500000000
11050000|69.7500000000|70.1100000000|69.6100000000|70.0800000000|642200|44814336.0000|70.0800000000
11100000|70.0500000000|70.0900000000|69.7900000000|69.7900000000|252300|17646720.0000|69.7900000000
11150000|69.7100000000|69.8800000000|69.6900000000|69.8000000000|306100|21361024.0000|69.8000000000
11200000|69.8000000000|69.9800000000|69.7600000000|69.8000000000|229300|16021120.0000|69.8000000000
11250000|69.7900000000|69.8600000000|69.5600000000|69.5600000000|341900|23826688.0000|69.5600000000
11300000|69.5600000000|69.6000000000|69.4900000000|69.5400000000|770500|53565056.0000|69.5400000000
13050000|69.5500000000|69.5900000000|69.2500000000|69.5100000000|631900|43884416.0000|69.5100000000
13100000|69.5000000000|69.5000000000|69.3000000000|69.4300000000|345200|23944832.0000|69.4300000000
13150000|69.4200000000|69.5100000000|69.2600000000|69.3900000000|434800|30159360.0000|69.3900000000
13200000|69.4100000000|69.6800000000|69.4100000000|69.6500000000|385400|26801664.0000|69.6500000000
13250000|69.7000000000|69.8500000000|69.6000000000|69.8000000000|402600|28058624.0000|69.8000000000
13300000|69.8300000000|69.9300000000|69.7000000000|69.9100000000|278100|19415936.0000|69.9100000000
13350000|69.9100000000|70.1600000000|69.8500000000|70.1500000000|285600|19986945.0000|70.1500000000
13400000|70.1200000000|70.3700000000|69.9800000000|70.3000000000|447800|31416323.0000|70.3000000000
13450000|70.2600000000|70.2900000000|69.7800000000|69.8300000000|391900|27421694.0000|69.8300000000
13500000|69.8500000000|69.9000000000|69.7700000000|69.8500000000|235300|16430974.0000|69.8500000000
13550000|69.8700000000|69.9000000000|69.7500000000|69.8400000000|177400|12388352.0000|69.8400000000
14000000|69.8400000000|69.8700000000|69.7400000000|69.7800000000|163300|11399680.0000|69.7800000000
14050000|69.7700000000|70.1600000000|69.7200000000|70.1400000000|336400|23516416.0000|70.1400000000
14100000|70.1500000000|70.2800000000|69.9600000000|69.9800000000|258500|18130048.0000|69.9800000000
14150000|69.9800000000|70.3800000000|69.9000000000|70.2600000000|376100|26409464.0000|70.2600000000
14200000|70.2500000000|70.2900000000|70.1700000000|70.2100000000|194100|13633292.0000|70.2100000000
14250000|70.1900000000|70.2500000000|70.0400000000|70.0600000000|176700|12389506.0000|70.0600000000
14300000|70.0400000000|70.0700000000|69.9700000000|69.9700000000|187700|13138810.0000|69.9700000000
14350000|69.9700000000|70.0000000000|69.7400000000|69.8100000000|338000|23601920.0000|69.8100000000
14400000|69.8000000000|69.8800000000|69.7700000000|69.8100000000|239800|16737664.0000|69.8100000000
14450000|69.8200000000|69.9300000000|69.8000000000|69.8700000000|322700|22542976.0000|69.8700000000
14500000|69.8700000000|69.9500000000|69.8500000000|69.9300000000|382100|26707840.0000|69.9300000000
14550000|69.9100000000|70.1300000000|69.9100000000|69.9700000000|775800|54307580.0000|69.9700000000
15000000|70.0000000000|70.0100000000|69.9500000000|69.9500000000|544300|38090627.0000|69.9500000000
