093500|23.65|23.7|23.55|23.67|3738.0|8833362.0|23.61
094000|23.65|23.65|23.56|23.63|2362.0|5574955.0|23.67
094500|23.62|23.64|23.58|23.6|1552.0|3662322.0|23.63
095000|23.59|23.65|23.57|23.59|1394.0|3290962.0|23.6
095500|23.59|23.73|23.57|23.71|1929.0|4565611.0|23.59
100000|23.7|23.72|23.66|23.72|1170.0|2772372.0|23.71
100500|23.72|23.72|23.61|23.65|1171.0|2770460.0|23.72
101000|23.65|23.66|23.6|23.6|1488.0|3516196.0|23.65
101500|23.6|23.62|23.59|23.61|999.0|2357792.0|23.6
102000|23.62|23.62|23.58|23.6|1030.0|2431817.0|23.61
102500|23.61|23.65|23.58|23.65|994.0|2345738.0|23.6
103000|23.65|23.65|23.6|23.62|796.0|1881148.0|23.65
103500|23.63|23.67|23.62|23.66|646.0|1527939.0|23.62
104000|23.66|23.78|23.65|23.76|2434.0|5775343.0|23.66
104500|23.77|23.77|23.72|23.73|581.0|1379791.0|23.76
105000|23.73|23.73|23.7|23.72|643.0|1525607.0|23.73
105500|23.71|23.72|23.66|23.66|402.0|951812.0|23.72
110000|23.66|23.67|23.63|23.66|1045.0|2472111.0|23.66
110500|23.66|23.69|23.66|23.69|717.0|1697634.0|23.66
111000|23.68|23.7|23.66|23.67|463.0|1095599.0|23.69
111500|23.67|23.69|23.65|23.68|504.0|1192005.0|23.67
112000|23.66|23.68|23.66|23.67|340.0|804877.0|23.68
112500|23.68|23.69|23.66|23.67|544.0|1289114.0|23.67
113000|23.67|23.67|23.64|23.66|490.0|1157594.0|23.67
130500|23.65|23.68|23.62|23.66|707.0|1673269.0|23.66
131000|23.64|23.7|23.62|23.7|1094.0|2588734.0|23.66
131500|23.7|23.73|23.7|23.7|633.0|1502189.0|23.7
132000|23.75|23.76|23.7|23.7|1341.0|3179482.0|23.7
132500|23.7|23.7|23.61|23.65|2084.0|4930066.0|23.7
133000|23.63|23.65|23.58|23.63|2656.0|6269727.0|23.65
133500|23.65|23.69|23.63|23.66|340.0|804393.0|23.63
134000|23.69|23.69|23.64|23.65|558.0|1318873.0|23.66
134500|23.67|23.71|23.66|23.7|674.0|1597237.0|23.65
135000|23.69|23.73|23.69|23.71|596.0|1413699.0|23.7
135500|23.7|23.72|23.69|23.7|523.0|1239670.0|23.71
140000|23.7|23.71|23.69|23.7|493.0|1166892.0|23.7
140500|23.7|23.71|23.68|23.69|701.0|1661670.0|23.7
141000|23.69|23.71|23.68|23.69|480.0|1137629.0|23.69
141500|23.69|23.72|23.66|23.7|476.0|1127796.0|23.69
142000|23.69|23.7|23.67|23.69|638.0|1511282.0|23.7
142500|23.67|23.7|23.61|23.64|981.0|2320744.0|23.69
143000|23.62|23.68|23.62|23.67|833.0|1970362.0|23.64
143500|23.65|23.69|23.65|23.69|861.0|2038526.0|23.67
144000|23.68|23.71|23.66|23.69|1051.0|2489087.0|23.69
144500|23.67|23.7|23.67|23.68|1277.0|3024093.0|23.69
145000|23.67|23.69|23.65|23.67|1814.0|4293055.0|23.68
145500|23.66|23.68|23.6|23.66|3935.0|9301265.0|23.67
150000|23.62|23.66|23.6|23.6|2347.0|5542256.0|23.66
