093500|3.05|3.06|3.04|3.05|63602.0|19652330.0|3.05
094000|3.04|3.06|3.04|3.05|64694.0|19998268.0|3.05
094500|3.05|3.07|3.05|3.07|37029.0|11489349.0|3.05
095000|3.07|3.07|3.06|3.06|18503.0|5745090.0|3.07
095500|3.07|3.07|3.06|3.07|12057.0|3746177.0|3.06
100000|3.06|3.07|3.06|3.07|12171.0|3779582.0|3.07
100500|3.07|3.07|3.06|3.07|38679.0|12026445.0|3.07
101000|3.07|3.08|3.07|3.07|19191.0|5976496.0|3.07
101500|3.08|3.08|3.07|3.08|39999.0|12473250.0|3.07
102000|3.08|3.1|3.07|3.1|66591.0|20819272.0|3.08
102500|3.1|3.1|3.08|3.09|37786.0|11827327.0|3.1
103000|3.09|3.09|3.08|3.09|13701.0|4285755.0|3.09
103500|3.08|3.09|3.08|3.08|8361.0|2613145.0|3.09
104000|3.09|3.09|3.08|3.08|12480.0|3895181.0|3.08
104500|3.08|3.09|3.07|3.08|16993.0|5300084.0|3.08
105000|3.07|3.08|3.07|3.07|3663.0|1141422.0|3.08
105500|3.08|3.09|3.07|3.09|15667.0|4889695.0|3.07
110000|3.08|3.09|3.08|3.08|6413.0|2003369.0|3.09
110500|3.09|3.09|3.08|3.08|4689.0|1465651.0|3.08
111000|3.09|3.09|3.08|3.08|4736.0|1479584.0|3.08
111500|3.08|3.09|3.08|3.09|7745.0|2420893.0|3.08
112000|3.09|3.09|3.07|3.08|15123.0|4720078.0|3.09
112500|3.08|3.08|3.07|3.08|8035.0|2499675.0|3.08
113000|3.08|3.08|3.06|3.07|46645.0|14508031.0|3.08
130500|3.08|3.08|3.06|3.07|18068.0|5618064.0|3.07
131000|3.07|3.08|3.06|3.07|7348.0|2285434.0|3.07
131500|3.08|3.08|3.06|3.07|11807.0|3672863.0|3.07
132000|3.06|3.07|3.06|3.07|5920.0|1837943.0|3.07
132500|3.06|3.07|3.06|3.07|7114.0|2205655.0|3.07
133000|3.06|3.07|3.06|3.07|9263.0|2872643.0|3.07
133500|3.06|3.07|3.05|3.06|30853.0|9560411.0|3.07
134000|3.06|3.06|3.05|3.06|17607.0|5452938.0|3.06
134500|3.06|3.07|3.05|3.07|13363.0|4141431.0|3.06
135000|3.07|3.07|3.06|3.06|8172.0|2534261.0|3.07
135500|3.06|3.07|3.06|3.07|2022.0|627633.0|3.06
140000|3.06|3.07|3.06|3.07|3458.0|1073571.0|3.07
140500|3.07|3.07|3.06|3.07|4850.0|1504498.0|3.07
141000|3.07|3.07|3.06|3.07|1805.0|559996.0|3.07
141500|3.07|3.07|3.06|3.07|7393.0|2294983.0|3.07
142000|3.07|3.07|3.06|3.07|3950.0|1227457.0|3.07
142500|3.06|3.07|3.06|3.07|2875.0|892787.0|3.07
143000|3.07|3.08|3.06|3.07|35439.0|11022344.0|3.07
143500|3.08|3.08|3.07|3.08|4331.0|1348335.0|3.07
144000|3.08|3.08|3.07|3.08|4794.0|1493697.0|3.08
144500|3.07|3.08|3.07|3.08|9961.0|3100069.0|3.08
145000|3.08|3.08|3.07|3.07|8853.0|2756799.0|3.08
145500|3.08|3.08|3.07|3.08|19377.0|6032608.0|3.07
150000|3.07|3.08|3.07|3.07|17079.0|5318482.0|3.08
