09350000|5.4936225000|5.6482578000|5.4692064000|5.6401191000|8693300|59449879.0000|5.6401191000
09400000|5.6401191000|5.6482578000|5.5994256000|5.6075643000|6735200|46563893.0000|5.6075643000
09450000|5.6157030000|5.6157030000|5.5750095000|5.5994256000|5129922|35268092.0000|5.5994256000
09500000|5.5994256000|5.6563965000|5.5912869000|5.6157030000|7996500|55342123.0000|5.6157030000
09550000|5.6075643000|5.6238417000|5.5994256000|5.5994256000|2357200|16256212.0000|5.5994256000
10000000|5.5994256000|5.6401191000|5.5994256000|5.6238417000|3389630|23396298.0000|5.6238417000
10050000|5.6238417000|5.6238417000|5.5750095000|5.5750095000|2385600|16415841.0000|5.5750095000
10100000|5.5831482000|5.5994256000|5.5750095000|5.5831482000|1570800|10774041.0000|5.5831482000
10150000|5.5831482000|5.5831482000|5.5505934000|5.5587321000|1165700|7972997.0000|5.5587321000
10200000|5.5668708000|5.5668708000|5.5424547000|5.5505934000|1700500|11603760.0000|5.5505934000
10250000|5.5505934000|5.5750095000|5.5424547000|5.5587321000|1851600|12647264.0000|5.5587321000
10300000|5.5587321000|5.5831482000|5.5505934000|5.5831482000|1462857|10007936.0000|5.5831482000
10350000|5.5912869000|5.5994256000|5.5831482000|5.5994256000|1686100|11591296.0000|5.5994256000
10400000|5.5994256000|5.5994256000|5.5668708000|5.5750095000|944000|6475408.0000|5.5750095000
10450000|5.5750095000|5.5994256000|5.5750095000|5.5994256000|752300|5165024.0000|5.5994256000
10500000|5.5994256000|5.6075643000|5.5912869000|5.5994256000|1232123|8474544.0000|5.5994256000
10550000|5.5912869000|5.6319804000|5.5912869000|5.6075643000|2214960|15283888.0000|5.6075643000
11000000|5.6075643000|5.6238417000|5.6075643000|5.6157030000|1840500|12706672.0000|5.6157030000
11050000|5.6157030000|5.6157030000|5.5994256000|5.6075643000|743400|5123264.0000|5.6075643000
11100000|5.5994256000|5.6075643000|5.5994256000|5.6075643000|703100|4841056.0000|5.6075643000
11150000|5.6075643000|5.6238417000|5.5994256000|5.6157030000|1498900|10343920.0000|5.6157030000
11200000|5.6157030000|5.6238417000|5.6157030000|5.6238417000|566900|3913568.0000|5.6238417000
11250000|5.6238417000|5.6238417000|5.6075643000|5.6157030000|780000|5382720.0000|5.6157030000
11300000|5.6157030000|5.6238417000|5.6157030000|5.6238417000|277600|1917296.0000|5.6238417000
13050000|5.6238417000|5.6319804000|5.6157030000|5.6238417000|1910489|13207280.0000|5.6238417000
13100000|5.6238417000|5.6319804000|5.6238417000|5.6319804000|1826200|12633456.0000|5.6319804000
13150000|5.6238417000|5.6726739000|5.6238417000|5.6726739000|7112919|49425504.0000|5.6726739000
13200000|5.6726739000|5.7133674000|5.6645352000|5.6970900000|8360700|58496720.0000|5.6970900000
13250000|5.6970900000|5.7052287000|5.6889513000|5.6970900000|4144100|29016368.0000|5.6970900000
13300000|5.6889513000|5.6970900000|5.6726739000|5.6808126000|2068400|14448480.0000|5.6808126000
13350000|5.6808126000|5.6970900000|5.6726739000|5.6889513000|1123400|7850528.0000|5.6889513000
13400000|5.6889513000|5.6970900000|5.6726739000|5.6808126000|858800|5995664.0000|5.6808126000
13450000|5.6726739000|5.6889513000|5.6726739000|5.6808126000|1064800|7433584.0000|5.6808126000
13500000|5.6808126000|5.6889513000|5.6808126000|5.6889513000|856500|5983696.0000|5.6889513000
13550000|5.6889513000|5.7377835000|5.6808126000|5.7296448000|6975538|48934240.0000|5.7296448000
14000000|5.7296448000|5.7540609000|5.7215061000|5.7377835000|4064681|28652560.0000|5.7377835000
14050000|5.7377835000|5.8273092000|5.7296448000|5.7866157000|11098420|78813824.0000|5.7866157000
14100000|5.7947544000|5.8110318000|5.7703383000|5.7703383000|4400000|31334880.0000|5.7703383000
14150000|5.7703383000|5.7866157000|5.7703383000|5.7784770000|1879904|13347296.0000|5.7784770000
14200000|5.7784770000|5.8273092000|5.7703383000|5.8273092000|5286500|37707088.0000|5.8273092000
14250000|5.8273092000|5.8598640000|5.8110318000|5.8354479000|7273461|52171136.0000|5.8354479000
14300000|5.8354479000|5.8842801000|5.8273092000|5.8761414000|6974200|50197280.0000|5.8761414000
14350000|5.8761414000|5.8842801000|5.8273092000|5.8273092000|3978600|28651968.0000|5.8273092000
14400000|5.8273092000|5.8273092000|5.8191705000|5.8273092000|2510500|17963136.0000|5.8273092000
14450000|5.8273092000|5.8354479000|5.8191705000|5.8191705000|2101500|15049872.0000|5.8191705000
14500000|5.8273092000|5.8354479000|5.8191705000|5.8273092000|3687611|26390176.0000|5.8273092000
14550000|5.8273092000|5.8354479000|5.8191705000|5.8273092000|2977956|21320528.0000|5.8273092000
15000000|5.8273092000|5.8273092000|5.8110318000|5.8110318000|3678500|26284448.0000|5.8110318000
