09350000|4.7497134600|4.7925809100|4.7497134600|4.7840074200|1407300|7839237.0000|4.7840074200
09400000|4.7840074200|4.7925809100|4.7668604400|4.7754339300|698800|3895082.0000|4.7754339300
09450000|4.7754339300|4.8011544000|4.7754339300|4.7925809100|1455662|8134195.0000|4.7925809100
09500000|4.7925809100|4.8011544000|4.7840074200|4.7840074200|676700|3782092.0000|4.7840074200
09550000|4.7925809100|4.7925809100|4.7754339300|4.7754339300|733800|4093440.0000|4.7754339300
10000000|4.7754339300|4.7925809100|4.7754339300|4.7840074200|335606|1871889.0000|4.7840074200
10050000|4.7840074200|4.8011544000|4.7840074200|4.8011544000|956294|5350949.0000|4.8011544000
10100000|4.8011544000|4.8097278900|4.7925809100|4.8011544000|783600|4390234.0000|4.8011544000
10150000|4.8011544000|4.8097278900|4.8011544000|4.8097278900|591800|3317435.0000|4.8097278900
10200000|4.8097278900|4.8097278900|4.8011544000|4.8097278900|204000|1143586.0000|4.8097278900
10250000|4.8011544000|4.8097278900|4.8011544000|4.8011544000|310900|1742540.0000|4.8011544000
10300000|4.8011544000|4.8097278900|4.8011544000|4.8097278900|372200|2086211.0000|4.8097278900
10350000|4.8097278900|4.8097278900|4.7925809100|4.7925809100|648900|3634044.0000|4.7925809100
10400000|4.8011544000|4.8011544000|4.7925809100|4.8011544000|385600|2159014.0000|4.8011544000
10450000|4.8011544000|4.8097278900|4.7925809100|4.8097278900|409070|2292882.0000|4.8097278900
10500000|4.8097278900|4.8097278900|4.8011544000|4.8011544000|121100|678316.0000|4.8011544000
10550000|4.8011544000|4.8097278900|4.8011544000|4.8011544000|314100|1761615.0000|4.8011544000
11000000|4.8011544000|4.8183013800|4.8011544000|4.8097278900|715000|4010731.0000|4.8097278900
11050000|4.8097278900|4.8183013800|4.8097278900|4.8097278900|101300|568851.0000|4.8097278900
11100000|4.8097278900|4.8183013800|4.8011544000|4.8097278900|318300|1785809.0000|4.8097278900
11150000|4.8097278900|4.8183013800|4.8011544000|4.8011544000|739400|4149406.0000|4.8011544000
11200000|4.8011544000|4.8097278900|4.8011544000|4.8097278900|105600|592121.0000|4.8097278900
11250000|4.8011544000|4.8097278900|4.8011544000|4.8011544000|193700|1085321.0000|4.8011544000
11300000|4.8011544000|4.8097278900|4.8011544000|4.8011544000|127600|715001.0000|4.8011544000
13050000|4.8011544000|4.8097278900|4.8011544000|4.8011544000|314600|1762751.0000|4.8011544000
13100000|4.8097278900|4.8183013800|4.8011544000|4.8097278900|634300|3558988.0000|4.8097278900
13150000|4.8097278900|4.8183013800|4.8097278900|4.8097278900|246000|1381808.0000|4.8097278900
13200000|4.8097278900|4.8183013800|4.8011544000|4.8011544000|695000|3899170.0000|4.8011544000
13250000|4.8011544000|4.8097278900|4.8011544000|4.8097278900|100100|560974.0000|4.8097278900
13300000|4.8097278900|4.8097278900|4.8011544000|4.8011544000|185400|1038449.0000|4.8011544000
13350000|4.8011544000|4.8097278900|4.8011544000|4.8011544000|192600|1078767.0000|4.8011544000
13400000|4.8011544000|4.8097278900|4.7925809100|4.7925809100|328700|1840331.0000|4.7925809100
13450000|4.7925809100|4.8011544000|4.7925809100|4.8011544000|138900|777367.0000|4.8011544000
13500000|4.8011544000|4.8011544000|4.7925809100|4.8011544000|108001|604405.0000|4.8011544000
13550000|4.8011544000|4.8011544000|4.7925809100|4.8011544000|146500|820158.0000|4.8011544000
14000000|4.8011544000|4.8097278900|4.7925809100|4.8011544000|446600|2500779.0000|4.8011544000
14050000|4.8011544000|4.8097278900|4.8011544000|4.8097278900|91900|514870.0000|4.8097278900
14100000|4.8097278900|4.8097278900|4.8011544000|4.8097278900|58100|325652.0000|4.8097278900
14150000|4.8097278900|4.8097278900|4.8011544000|4.8097278900|103100|577630.0000|4.8097278900
14200000|4.8097278900|4.8097278900|4.8011544000|4.8097278900|104500|585713.0000|4.8097278900
14250000|4.8011544000|4.8097278900|4.8011544000|4.8097278900|292000|1636234.0000|4.8097278900
14300000|4.8097278900|4.8097278900|4.8011544000|4.8011544000|110830|621075.0000|4.8011544000
14350000|4.8011544000|4.8097278900|4.8011544000|4.8097278900|581890|3259733.0000|4.8097278900
14400000|4.8097278900|4.8097278900|4.8011544000|4.8097278900|178100|997858.0000|4.8097278900
14450000|4.8097278900|4.8097278900|4.7925809100|4.8011544000|264400|1480980.0000|4.8011544000
14500000|4.8011544000|4.8097278900|4.8011544000|4.8011544000|442301|2477319.0000|4.8011544000
14550000|4.8011544000|4.8097278900|4.8011544000|4.8011544000|779200|4365889.0000|4.8011544000
15000000|4.8097278900|4.8097278900|4.8011544000|4.8097278900|527900|2960474.0000|4.8097278900
