093500|24.12|24.24|24.04|24.21|2633.0|6352521.0|24.17
094000|24.21|24.22|24.05|24.08|1731.0|4177214.0|24.21
094500|24.08|24.18|24.07|24.14|1201.0|2898152.0|24.08
095000|24.14|24.14|24.02|24.05|1735.0|4175082.0|24.14
095500|24.05|24.19|24.05|24.17|1251.0|3017483.0|24.05
100000|24.18|24.23|24.17|24.17|1219.0|2949576.0|24.17
100500|24.17|24.17|24.1|24.11|599.0|1446269.0|24.17
101000|24.11|24.13|24.09|24.13|353.0|851306.0|24.11
101500|24.13|24.13|24.07|24.08|676.0|1628720.0|24.13
102000|24.08|24.13|24.08|24.12|265.0|638554.0|24.08
102500|24.12|24.14|24.1|24.12|411.0|991338.0|24.12
103000|24.12|24.18|24.09|24.17|434.0|1047342.0|24.12
103500|24.18|24.21|24.17|24.2|899.0|2174626.0|24.17
104000|24.2|24.24|24.18|24.2|590.0|1428488.0|24.2
104500|24.19|24.25|24.18|24.24|1357.0|3284816.0|24.2
105000|24.24|24.25|24.19|24.19|386.0|934944.0|24.24
105500|24.19|24.19|24.14|24.16|290.0|700509.0|24.19
110000|24.16|24.16|24.13|24.16|338.0|815480.0|24.16
110500|24.16|24.19|24.16|24.19|194.0|469113.0|24.16
111000|24.18|24.19|24.17|24.18|272.0|658790.0|24.19
111500|24.18|24.2|24.16|24.2|158.0|381230.0|24.18
112000|24.2|24.21|24.19|24.2|248.0|600170.0|24.2
112500|24.2|24.2|24.16|24.18|170.0|411271.0|24.2
113000|24.16|24.19|24.16|24.18|323.0|780922.0|24.18
130500|24.19|24.27|24.18|24.23|1023.0|2478293.0|24.18
131000|24.22|24.27|24.22|24.24|752.0|1823780.0|24.23
131500|24.23|24.24|24.2|24.21|261.0|632047.0|24.24
132000|24.2|24.24|24.18|24.24|345.0|834815.0|24.21
132500|24.2|24.25|24.19|24.19|596.0|1442924.0|24.24
133000|24.2|24.25|24.2|24.23|341.0|826006.0|24.19
133500|24.23|24.26|24.21|24.22|619.0|1500465.0|24.23
134000|24.23|24.25|24.2|24.2|289.0|700176.0|24.22
134500|24.2|24.24|24.19|24.21|285.0|690206.0|24.2
135000|24.2|24.2|24.1|24.15|781.0|1885564.0|24.21
135500|24.15|24.15|24.13|24.14|293.0|707357.0|24.15
140000|24.14|24.21|24.14|24.17|394.0|952452.0|24.14
140500|24.16|24.19|24.15|24.15|286.0|691177.0|24.17
141000|24.14|24.2|24.14|24.2|284.0|686522.0|24.15
141500|24.19|24.24|24.19|24.19|282.0|682660.0|24.2
142000|24.2|24.21|24.18|24.18|574.0|1388954.0|24.19
142500|24.2|24.21|24.17|24.2|375.0|907213.0|24.18
143000|24.19|24.21|24.17|24.19|288.0|696622.0|24.2
143500|24.19|24.21|24.19|24.21|639.0|1546489.0|24.19
144000|24.2|24.21|24.18|24.21|660.0|1596868.0|24.21
144500|24.18|24.21|24.18|24.2|932.0|2254579.0|24.21
145000|24.2|24.21|24.19|24.2|1105.0|2674268.0|24.2
145500|24.2|24.2|24.18|24.2|1378.0|3333942.0|24.2
150000|24.2|24.22|24.2|24.22|1154.0|2793756.0|24.2
