093500|6.56|6.63|6.52|6.62|37991.0|25294105.0|6.58
094000|6.61|6.71|6.6|6.7|42856.0|28919051.0|6.62
094500|6.71|6.71|6.64|6.65|30981.0|20995852.0|6.7
095000|6.64|6.65|6.63|6.65|16300.0|10994566.0|6.65
095500|6.64|6.67|6.63|6.64|13859.0|9359666.0|6.65
100000|6.63|6.65|6.62|6.65|16183.0|10895110.0|6.64
100500|6.65|6.66|6.59|6.59|18998.0|12774304.0|6.65
101000|6.59|6.61|6.56|6.59|13978.0|9339115.0|6.59
101500|6.59|6.62|6.59|6.6|8403.0|5635693.0|6.59
102000|6.6|6.6|6.58|6.59|6447.0|4311673.0|6.6
102500|6.59|6.61|6.59|6.6|6773.0|4537270.0|6.59
103000|6.6|6.61|6.6|6.61|5477.0|3670947.0|6.6
103500|6.61|6.62|6.59|6.6|9364.0|6279631.0|6.61
104000|6.59|6.6|6.58|6.59|7982.0|5336845.0|6.6
104500|6.58|6.62|6.58|6.61|5610.0|3760402.0|6.59
105000|6.61|6.62|6.6|6.62|4144.0|2783099.0|6.61
105500|6.62|6.64|6.61|6.63|5164.0|3476404.0|6.62
110000|6.64|6.64|6.62|6.62|19960.0|13436727.0|6.63
110500|6.62|6.63|6.61|6.62|2963.0|1991315.0|6.62
111000|6.62|6.63|6.61|6.61|6831.0|4589751.0|6.62
111500|6.61|6.64|6.61|6.63|5931.0|3988302.0|6.61
112000|6.63|6.63|6.61|6.61|2277.0|1529610.0|6.63
112500|6.61|6.62|6.6|6.6|2802.0|1880026.0|6.61
113000|6.61|6.61|6.6|6.6|1120.0|751225.0|6.6
130500|6.6|6.61|6.59|6.6|7939.0|5317664.0|6.6
131000|6.6|6.65|6.6|6.62|8541.0|5745764.0|6.6
131500|6.62|6.64|6.62|6.63|3234.0|2177032.0|6.62
132000|6.64|6.65|6.63|6.63|4465.0|3009182.0|6.63
132500|6.64|6.64|6.63|6.63|6938.0|4673453.0|6.63
133000|6.64|6.69|6.63|6.69|33177.0|22436958.0|6.63
133500|6.66|6.7|6.66|6.67|26520.0|17987133.0|6.69
134000|6.68|6.76|6.68|6.7|73108.0|49855227.0|6.67
134500|6.7|6.75|6.7|6.71|34532.0|23540138.0|6.7
135000|6.71|6.71|6.69|6.69|13490.0|9159906.0|6.71
135500|6.69|6.7|6.68|6.69|5776.0|3923539.0|6.69
140000|6.69|6.69|6.67|6.68|12991.0|8809254.0|6.69
140500|6.68|6.68|6.65|6.67|12129.0|8209664.0|6.68
141000|6.67|6.69|6.67|6.67|6624.0|4489251.0|6.67
141500|6.67|6.68|6.66|6.68|7998.0|5412845.0|6.67
142000|6.67|6.68|6.66|6.66|6404.0|4334369.0|6.68
142500|6.66|6.67|6.66|6.67|5700.0|3854703.0|6.66
143000|6.66|6.68|6.66|6.66|8947.0|6055248.0|6.67
143500|6.66|6.68|6.66|6.67|12234.0|8283364.0|6.66
144000|6.68|6.68|6.66|6.68|12493.0|8458475.0|6.67
144500|6.68|6.68|6.66|6.67|12285.0|8313491.0|6.68
145000|6.67|6.67|6.64|6.66|23866.0|16122500.0|6.67
145500|6.66|6.66|6.64|6.65|12475.0|8425992.0|6.66
150000|6.65|6.67|6.64|6.67|16246.0|10990519.0|6.65
