093500|9.1200|9.1600|9.0800|9.1200|4807200|43832096.0000|9.1200
094000|9.1200|9.1300|9.0100|9.0100|3441900|31175088.0000|9.0100
094500|9.0400|9.0900|9.0200|9.0800|1759100|15941552.0000|9.0800
095000|9.0800|9.0800|9.0200|9.0200|1801900|16309440.0000|9.0200
095500|9.0200|9.1000|9.0200|9.0900|1915600|17348944.0000|9.0900
100000|9.0900|9.1800|9.0900|9.1400|2114000|19346672.0000|9.1400
100500|9.1400|9.1500|9.1100|9.1200|1155700|10558688.0000|9.1200
101000|9.1200|9.1300|9.0800|9.0900|1081800|9849520.0000|9.0900
101500|9.0900|9.1300|9.0900|9.1100|840700|7659488.0000|9.1100
102000|9.1100|9.1500|9.1100|9.1300|1339400|12241376.0000|9.1300
102500|9.1300|9.1500|9.1300|9.1500|1175800|10746768.0000|9.1500
103000|9.1500|9.1600|9.1200|9.1300|1024700|9363120.0000|9.1300
103500|9.1200|9.1500|9.1200|9.1500|1396900|12764016.0000|9.1500
104000|9.1400|9.1800|9.1400|9.1700|804300|7363552.0000|9.1700
104500|9.1800|9.2000|9.1500|9.1500|1392400|12784880.0000|9.1500
105000|9.1500|9.1600|9.1300|9.1500|695200|6360048.0000|9.1500
105500|9.1500|9.1600|9.1400|9.1500|502600|4599344.0000|9.1500
110000|9.1400|9.1600|9.1400|9.1600|453800|4153744.0000|9.1600
110500|9.1600|9.2000|9.1500|9.1900|1231300|11298240.0000|9.1900
111000|9.1900|9.2300|9.1800|9.2100|1747700|16088544.0000|9.2100
111500|9.2100|9.2400|9.2000|9.2100|1550300|14295232.0000|9.2100
112000|9.2100|9.2400|9.2100|9.2400|1387400|12802304.0000|9.2400
112500|9.2400|9.2400|9.1900|9.2000|962700|8870752.0000|9.2000
113000|9.2000|9.2200|9.1900|9.2200|701100|6452512.0000|9.2200
130500|9.2100|9.2300|9.2000|9.2200|1536200|14159744.0000|9.2200
131000|9.2200|9.2200|9.2100|9.2100|695000|6401984.0000|9.2100
131500|9.2100|9.2200|9.1900|9.2000|1275000|11731104.0000|9.2000
132000|9.2000|9.2100|9.1900|9.2100|597900|5502048.0000|9.2100
132500|9.2100|9.2100|9.1800|9.1900|602800|5543264.0000|9.1900
133000|9.1900|9.1900|9.1700|9.1800|1165300|10693248.0000|9.1800
133500|9.1800|9.2000|9.1700|9.1900|625200|5743488.0000|9.1900
134000|9.1900|9.2200|9.1900|9.2100|1257900|11576512.0000|9.2100
134500|9.2000|9.2200|9.2000|9.2100|779900|7182976.0000|9.2100
135000|9.2100|9.2200|9.2000|9.2000|575500|5299488.0000|9.2000
135500|9.2000|9.2300|9.2000|9.2200|1391200|12824928.0000|9.2200
140000|9.2200|9.2200|9.2100|9.2200|548300|5052928.0000|9.2200
140500|9.2100|9.2200|9.2000|9.2100|755100|6952832.0000|9.2100
141000|9.2100|9.2100|9.2000|9.2100|718600|6616032.0000|9.2100
141500|9.2100|9.2100|9.1900|9.1900|1084400|9976992.0000|9.1900
142000|9.1900|9.2000|9.1900|9.2000|723000|6650016.0000|9.2000
142500|9.2000|9.2000|9.1800|9.1800|932700|8572480.0000|9.1800
143000|9.1900|9.2000|9.1800|9.1900|968600|8903680.0000|9.1900
143500|9.1900|9.2000|9.1800|9.2000|1137700|10457632.0000|9.2000
144000|9.2000|9.2000|9.1900|9.1900|1159400|10660640.0000|9.1900
144500|9.1900|9.2100|9.1900|9.2000|1716700|15791168.0000|9.2000
145000|9.2000|9.2100|9.1900|9.2000|936700|8620160.0000|9.2000
145500|9.2000|9.2200|9.2000|9.2100|1987000|18302560.0000|9.2100
150000|9.2100|9.2200|9.2100|9.2200|2622500|24171682.0000|9.2200
