093500|4.91|4.97|4.91|4.93|11206.0|5592488.0|4.92
094000|4.93|4.95|4.93|4.95|5347.0|2666991.0|4.93
094500|4.95|4.95|4.92|4.93|4822.0|2403738.0|4.95
095000|4.92|4.94|4.92|4.94|3759.0|1871879.0|4.93
095500|4.94|4.94|4.93|4.93|4168.0|2076126.0|4.94
100000|4.93|4.95|4.93|4.94|6066.0|3026605.0|4.93
100500|4.93|4.95|4.93|4.95|2641.0|1318792.0|4.94
101000|4.94|4.95|4.94|4.95|1106.0|552450.0|4.95
101500|4.95|4.95|4.93|4.94|3579.0|1785974.0|4.95
102000|4.93|4.94|4.93|4.94|756.0|376677.0|4.94
102500|4.94|4.94|4.93|4.94|1115.0|556105.0|4.94
103000|4.94|4.95|4.93|4.94|4832.0|2412632.0|4.94
103500|4.94|4.94|4.93|4.93|2326.0|1160336.0|4.94
104000|4.93|4.95|4.93|4.95|4152.0|2071709.0|4.93
104500|4.94|4.96|4.94|4.95|10721.0|5360430.0|4.95
105000|4.95|4.96|4.94|4.95|3701.0|1850812.0|4.95
105500|4.95|4.96|4.95|4.95|1663.0|831875.0|4.95
110000|4.95|4.96|4.94|4.95|1683.0|841497.0|4.95
110500|4.94|4.96|4.94|4.95|3459.0|1730370.0|4.95
111000|4.95|4.97|4.95|4.96|5259.0|2635444.0|4.95
111500|4.97|4.98|4.96|4.97|6340.0|3183356.0|4.96
112000|4.97|4.97|4.96|4.96|2365.0|1186139.0|4.97
112500|4.96|4.96|4.95|4.95|2442.0|1222367.0|4.96
113000|4.95|4.95|4.94|4.95|4143.0|2071288.0|4.95
130500|4.95|4.95|4.94|4.95|1694.0|846403.0|4.95
131000|4.95|4.95|4.93|4.94|5783.0|2885401.0|4.95
131500|4.95|4.95|4.94|4.95|1458.0|727862.0|4.94
132000|4.94|4.95|4.93|4.94|2676.0|1333770.0|4.95
132500|4.94|4.95|4.94|4.94|1247.0|623195.0|4.94
133000|4.95|4.95|4.94|4.95|638.0|318964.0|4.94
133500|4.95|4.95|4.94|4.95|520.0|259959.0|4.95
134000|4.94|4.95|4.94|4.95|1636.0|817973.0|4.95
134500|4.95|4.95|4.94|4.95|552.0|275901.0|4.95
135000|4.95|4.96|4.94|4.94|3186.0|1592879.0|4.95
135500|4.94|4.95|4.94|4.95|1156.0|577150.0|4.94
140000|4.94|4.95|4.94|4.95|618.0|308764.0|4.95
140500|4.94|4.95|4.94|4.94|2370.0|1182410.0|4.95
141000|4.94|4.94|4.93|4.94|399.0|199021.0|4.94
141500|4.93|4.94|4.93|4.93|6173.0|3074251.0|4.94
142000|4.93|4.94|4.92|4.93|3501.0|1743407.0|4.93
142500|4.93|4.94|4.93|4.94|3155.0|1573555.0|4.93
143000|4.94|4.94|4.93|4.94|440.0|219250.0|4.94
143500|4.93|4.94|4.93|4.94|1281.0|638453.0|4.94
144000|4.94|4.94|4.93|4.93|1456.0|726512.0|4.94
144500|4.94|4.95|4.93|4.95|3468.0|1731135.0|4.93
145000|4.95|4.95|4.94|4.95|1938.0|967768.0|4.95
145500|4.94|4.95|4.94|4.95|2978.0|1486876.0|4.95
150000|4.95|4.95|4.94|4.94|4478.0|2236087.0|4.95
