093500|7.1600|7.2400|7.1600|7.2400|311900|2244492.0000|7.2400
094000|7.2300|7.2500|7.2200|7.2400|280800|2034705.0000|7.2400
094500|7.2400|7.2700|7.2400|7.2500|190600|1383364.0000|7.2500
095000|7.2500|7.2500|7.2000|7.2100|311200|2250213.0000|7.2100
095500|7.2100|7.2600|7.2000|7.2500|212600|1537650.0000|7.2500
100000|7.2400|7.2400|7.2100|7.2100|92500|668417.0000|7.2100
100500|7.2100|7.2200|7.1900|7.2000|188400|1357217.0000|7.2000
101000|7.1900|7.1900|7.1500|7.1700|220500|1581122.0000|7.1700
101500|7.1700|7.1800|7.1600|7.1700|101300|725918.0000|7.1700
102000|7.1700|7.1800|7.1600|7.1800|87400|627097.0000|7.1800
102500|7.1700|7.1900|7.1700|7.1800|107100|768796.0000|7.1800
103000|7.1900|7.1900|7.1600|7.1600|67500|484415.0000|7.1600
103500|7.1700|7.1700|7.1600|7.1700|51000|365403.0000|7.1700
104000|7.1700|7.1800|7.1500|7.1600|293200|2099570.0000|7.1600
104500|7.1700|7.1900|7.1600|7.1800|137300|984990.0000|7.1800
105000|7.1800|7.1800|7.1700|7.1700|27100|194436.0000|7.1700
105500|7.1700|7.1900|7.1700|7.1800|75100|539072.0000|7.1800
110000|7.1800|7.1900|7.1700|7.1800|35600|255602.0000|7.1800
110500|7.1800|7.2100|7.1800|7.1900|44500|320206.0000|7.1900
111000|7.1900|7.2100|7.1900|7.1900|25000|180028.0000|7.1900
111500|7.1900|7.1900|7.1800|7.1800|20000|143740.0000|7.1800
112000|7.1800|7.1900|7.1800|7.1900|14900|107040.0000|7.1900
112500|7.1900|7.2000|7.1900|7.2000|118900|855466.0000|7.2000
113000|7.1900|7.2000|7.1800|7.1800|37400|268766.0000|7.1800
130500|7.1900|7.1900|7.1700|7.1800|66900|480352.0000|7.1800
131000|7.1800|7.1800|7.1600|7.1600|65900|472394.0000|7.1600
131500|7.1600|7.1800|7.1600|7.1800|96000|688594.0000|7.1800
132000|7.1800|7.1900|7.1700|7.1900|49000|352144.0000|7.1900
132500|7.1900|7.1900|7.1800|7.1800|34000|244154.0000|7.1800
133000|7.1800|7.1900|7.1700|7.1700|41900|300654.0000|7.1700
133500|7.1700|7.1800|7.1600|7.1700|45200|324164.0000|7.1700
134000|7.1800|7.1800|7.1600|7.1600|30400|217794.0000|7.1600
134500|7.1600|7.1700|7.1500|7.1600|85900|615050.0000|7.1600
135000|7.1500|7.1700|7.1500|7.1700|71600|512748.0000|7.1700
135500|7.1700|7.1700|7.1600|7.1700|36500|261516.0000|7.1700
140000|7.1600|7.1700|7.1600|7.1600|121300|868558.0000|7.1600
140500|7.1600|7.1900|7.1600|7.1900|314100|2252746.0000|7.1900
141000|7.1800|7.1900|7.1700|7.1900|52300|375546.0000|7.1900
141500|7.1900|7.2000|7.1800|7.1900|67900|488166.0000|7.1900
142000|7.1900|7.2000|7.1800|7.1900|80000|575094.0000|7.1900
142500|7.1900|7.1900|7.1800|7.1800|60600|435198.0000|7.1800
143000|7.1800|7.1900|7.1800|7.1900|36900|265120.0000|7.1900
143500|7.1900|7.1900|7.1800|7.1800|53000|380714.0000|7.1800
144000|7.1900|7.1900|7.1800|7.1800|42400|304556.0000|7.1800
144500|7.1800|7.2000|7.1800|7.2000|103100|741656.0000|7.2000
145000|7.2000|7.2100|7.2000|7.2100|72300|521024.0000|7.2100
145500|7.2000|7.2200|7.2000|7.2200|128000|923272.0000|7.2200
150000|7.2200|7.2400|7.2200|7.2300|131800|952564.0000|7.2300
