093500|1.8700|1.8800|1.8600|1.8700|5509800|10302982.0000|1.8700
094000|1.8700|1.8700|1.8600|1.8700|784900|1464180.0000|1.8700
094500|1.8600|1.8700|1.8600|1.8600|963700|1799057.0000|1.8600
095000|1.8700|1.8700|1.8600|1.8700|1142200|2127212.0000|1.8700
095500|1.8700|1.8700|1.8600|1.8700|1624900|3035434.0000|1.8700
100000|1.8700|1.8800|1.8600|1.8700|3395300|6348812.0000|1.8700
100500|1.8700|1.8800|1.8700|1.8700|1248500|2334960.0000|1.8700
101000|1.8700|1.8700|1.8600|1.8700|338900|633008.0000|1.8700
101500|1.8600|1.8700|1.8600|1.8700|218600|408340.0000|1.8700
102000|1.8700|1.8700|1.8600|1.8600|834800|1556032.0000|1.8600
102500|1.8700|1.8700|1.8600|1.8700|154300|288130.0000|1.8700
103000|1.8700|1.8700|1.8600|1.8700|339000|631508.0000|1.8700
103500|1.8700|1.8700|1.8600|1.8600|151700|282728.0000|1.8600
104000|1.8600|1.8700|1.8600|1.8600|868600|1617908.0000|1.8600
104500|1.8600|1.8700|1.8600|1.8700|544100|1012580.0000|1.8700
105000|1.8700|1.8700|1.8600|1.8700|438500|817720.0000|1.8700
105500|1.8700|1.8700|1.8600|1.8700|690200|1288876.0000|1.8700
110000|1.8700|1.8800|1.8600|1.8700|2413500|4512472.0000|1.8700
110500|1.8700|1.8800|1.8700|1.8700|315600|590208.0000|1.8700
111000|1.8700|1.8800|1.8700|1.8700|240400|450192.0000|1.8700
111500|1.8700|1.8800|1.8700|1.8800|298700|558752.0000|1.8800
112000|1.8700|1.8800|1.8700|1.8700|49200|92024.0000|1.8700
112500|1.8700|1.8800|1.8700|1.8700|35000|65484.0000|1.8700
113000|1.8700|1.8800|1.8700|1.8800|70000|131332.0000|1.8800
130500|1.8800|1.8800|1.8700|1.8700|351500|658920.0000|1.8700
131000|1.8700|1.8800|1.8700|1.8700|109400|205064.0000|1.8700
131500|1.8700|1.8800|1.8700|1.8700|270300|505664.0000|1.8700
132000|1.8700|1.8800|1.8700|1.8700|462200|864364.0000|1.8700
132500|1.8700|1.8800|1.8700|1.8700|65500|122448.0000|1.8700
133000|1.8700|1.8800|1.8700|1.8700|203900|381536.0000|1.8700
133500|1.8700|1.8800|1.8700|1.8700|239200|447516.0000|1.8700
134000|1.8700|1.8800|1.8700|1.8800|107300|200980.0000|1.8800
134500|1.8700|1.8700|1.8700|1.8700|582400|1089088.0000|1.8700
135000|1.8700|1.8800|1.8700|1.8800|248100|464860.0000|1.8800
135500|1.8700|1.8800|1.8700|1.8800|155000|290176.0000|1.8800
140000|1.8700|1.8800|1.8700|1.8800|227000|424780.0000|1.8800
140500|1.8700|1.8800|1.8700|1.8700|73800|138084.0000|1.8700
141000|1.8700|1.8800|1.8700|1.8800|398600|746104.0000|1.8800
141500|1.8800|1.8800|1.8700|1.8700|462700|868984.0000|1.8700
142000|1.8700|1.8800|1.8700|1.8800|300900|563988.0000|1.8800
142500|1.8800|1.8800|1.8700|1.8700|248000|464144.0000|1.8700
143000|1.8700|1.8800|1.8700|1.8700|237200|444028.0000|1.8700
143500|1.8700|1.8800|1.8700|1.8700|212600|398516.0000|1.8700
144000|1.8800|1.8800|1.8700|1.8700|1011300|1891492.0000|1.8700
144500|1.8700|1.8800|1.8700|1.8700|245800|460760.0000|1.8700
145000|1.8800|1.8800|1.8700|1.8800|897400|1678340.0000|1.8800
145500|1.8800|1.8800|1.8700|1.8800|421300|788692.0000|1.8800
150000|1.8700|1.8800|1.8700|1.8700|2593800|4851256.0000|1.8700
