093500|413.75|418.46|412.17|417.85|3913.0|162787943.0|413.75
094000|417.86|419.56|415.44|417.82|3958.0|165299021.0|417.85
094500|417.77|418.98|415.31|418.9|3335.0|139011784.0|417.82
095000|419.27|425.88|418.53|425.72|10586.0|447250799.0|418.9
095500|425.85|426.75|422.49|425.3|6787.0|288477410.0|425.72
100000|425.19|425.4|420.73|420.73|4429.0|187685340.0|425.3
100500|420.5|420.85|418.88|419.96|3556.0|149301529.0|420.73
101000|419.77|419.95|417.03|417.5|3683.0|154104970.0|419.96
101500|417.14|419.39|417.13|418.61|1919.0|80249579.0|417.5
102000|418.79|419.66|418.26|418.53|1429.0|59856559.0|418.61
102500|418.53|422.69|418.27|422.69|1452.0|61081182.0|418.53
103000|422.79|427.0|422.6|423.0|6018.0|256040779.0|422.69
103500|422.99|424.2|420.03|420.03|1555.0|65652745.0|423.0
104000|420.0|420.0|417.65|418.81|3410.0|142761552.0|420.03
104500|418.7|419.54|417.08|419.11|2030.0|84874313.0|418.81
105000|419.0|419.66|418.2|418.57|1302.0|54549590.0|419.11
105500|418.66|420.8|418.66|419.22|861.0|36128399.0|418.57
110000|419.39|419.4|415.05|415.05|1778.0|74215995.0|419.22
110500|415.03|416.93|415.02|416.77|1028.0|42778351.0|415.05
111000|416.86|417.5|415.83|416.0|849.0|35350780.0|416.77
111500|416.0|416.01|415.1|415.5|1033.0|42932625.0|416.0
112000|415.2|415.49|413.3|413.74|1948.0|80689659.0|415.5
112500|413.74|413.89|412.33|412.71|1274.0|52627033.0|413.74
113000|412.68|412.68|411.1|411.88|1331.0|54833256.0|412.71
130500|411.99|413.0|410.64|412.5|2430.0|100060052.0|411.88
131000|412.04|412.58|411.6|411.87|914.0|37656232.0|412.5
131500|411.8|412.0|411.21|411.69|659.0|27114953.0|411.87
132000|411.75|412.47|411.66|412.47|819.0|33729134.0|411.69
132500|412.28|413.74|412.28|412.8|815.0|33680137.0|412.47
133000|412.8|413.0|411.68|411.99|629.0|25938362.0|412.8
133500|412.0|413.2|412.0|412.74|644.0|26590249.0|411.99
134000|412.52|412.55|411.21|411.24|923.0|37974552.0|412.74
134500|411.21|411.48|410.88|410.88|792.0|32556435.0|411.24
135000|410.87|411.82|410.8|411.82|481.0|19801723.0|410.88
135500|411.7|413.49|411.65|412.94|571.0|23540638.0|411.82
140000|412.94|413.7|412.12|412.92|507.0|20926343.0|412.94
140500|412.35|412.74|411.66|412.08|416.0|17144176.0|412.92
141000|412.22|412.69|412.0|412.19|356.0|14649221.0|412.08
141500|412.2|413.25|412.15|412.85|687.0|28358694.0|412.19
142000|412.85|413.48|412.75|413.01|474.0|19595287.0|412.85
142500|413.0|413.6|412.94|413.6|397.0|16407512.0|413.01
143000|413.55|413.7|413.13|413.2|334.0|13801567.0|413.6
143500|413.2|415.5|413.2|414.98|984.0|40797411.0|413.2
144000|414.6|416.43|414.6|415.49|1997.0|82950633.0|414.98
144500|415.22|416.68|415.01|416.68|1197.0|49790471.0|415.49
145000|416.69|416.99|416.11|416.99|1838.0|76594029.0|416.68
145500|416.89|417.4|416.33|416.99|1824.0|76097407.0|416.99
150000|416.95|417.11|415.69|415.69|1839.0|76558387.0|416.99
