093500|108.05|108.39|107.5|108.06|1688.0|18208937.0|108.68
094000|108.06|108.28|107.76|107.76|1204.0|13005470.0|108.06
094500|107.78|108.18|107.78|107.95|858.0|9266041.0|107.76
095000|107.95|108.17|107.88|107.93|706.0|7622448.0|107.95
095500|108.03|108.15|107.97|108.03|644.0|6957539.0|107.93
100000|108.03|108.03|107.86|107.86|682.0|7362326.0|108.03
100500|107.85|107.87|107.56|107.61|1145.0|12324641.0|107.86
101000|107.73|108.01|107.73|107.99|794.0|8564668.0|107.61
101500|107.93|107.98|107.86|107.94|438.0|4726484.0|107.99
102000|107.94|108.13|107.9|108.06|601.0|6490755.0|107.94
102500|108.06|108.08|107.76|107.77|222.0|2394886.0|108.06
103000|107.77|107.77|107.7|107.72|321.0|3458720.0|107.77
103500|107.72|107.72|107.54|107.6|667.0|7178759.0|107.72
104000|107.61|107.61|107.31|107.35|1247.0|13403309.0|107.6
104500|107.33|107.45|107.33|107.42|406.0|4360489.0|107.35
105000|107.42|107.46|107.35|107.36|620.0|6660148.0|107.42
105500|107.36|107.48|107.32|107.47|653.0|7011939.0|107.36
110000|107.45|107.61|107.45|107.46|477.0|5129470.0|107.47
110500|107.45|107.45|107.07|107.08|877.0|9402524.0|107.46
111000|107.08|107.16|107.06|107.11|496.0|5312364.0|107.08
111500|107.12|107.14|107.04|107.04|576.0|6168486.0|107.11
112000|107.04|107.06|107.01|107.01|523.0|5597559.0|107.04
112500|107.01|107.02|106.9|106.91|579.0|6194725.0|107.01
113000|106.91|106.94|106.88|106.89|452.0|4831945.0|106.91
130500|106.89|107.09|106.68|106.9|893.0|9539576.0|106.89
131000|106.9|107.03|106.8|107.03|639.0|6830131.0|106.9
131500|107.03|107.17|107.02|107.11|292.0|3127674.0|107.03
132000|107.05|107.2|106.94|107.1|526.0|5630800.0|107.11
132500|106.98|107.16|106.98|107.15|298.0|3190370.0|107.1
133000|107.15|107.15|107.0|107.02|246.0|2633036.0|107.15
133500|107.03|107.11|107.01|107.04|134.0|1434449.0|107.02
134000|107.02|107.17|106.99|107.13|327.0|3499653.0|107.04
134500|107.17|107.24|107.04|107.15|361.0|3867913.0|107.13
135000|107.14|107.14|106.96|106.97|385.0|4120449.0|107.15
135500|106.97|106.97|106.8|106.81|349.0|3731068.0|106.97
140000|106.81|106.86|106.8|106.84|303.0|3236835.0|106.81
140500|106.84|106.88|106.69|106.69|669.0|7143780.0|106.84
141000|106.69|106.69|106.54|106.59|691.0|7367154.0|106.69
141500|106.6|106.66|106.56|106.58|358.0|3816036.0|106.59
142000|106.58|106.6|106.54|106.59|572.0|6096994.0|106.58
142500|106.59|106.61|106.53|106.59|482.0|5135771.0|106.59
143000|106.6|106.69|106.58|106.58|376.0|4008516.0|106.59
143500|106.61|106.64|106.58|106.64|350.0|3731470.0|106.58
144000|106.64|106.77|106.61|106.77|437.0|4660377.0|106.64
144500|106.77|106.81|106.7|106.78|457.0|4878158.0|106.77
145000|106.72|106.94|106.72|106.91|440.0|4701535.0|106.78
145500|106.92|107.12|106.91|107.05|742.0|7937115.0|106.91
150000|107.03|107.03|106.99|107.0|569.0|6083490.0|107.05
