093500|19.3500|19.4000|19.1100|19.3300|164354|3170048.0000|19.3300
094000|19.3300|19.3300|19.1700|19.2100|224500|4320927.0000|19.2100
094500|19.2100|19.2200|19.1600|19.1800|99446|1908220.0000|19.1800
095000|19.1800|19.2100|19.1200|19.1700|208700|3997131.0000|19.1700
095500|19.1800|19.3200|19.1600|19.3000|86054|1655834.0000|19.3000
100000|19.3000|19.3000|19.2200|19.2900|61600|1186471.0000|19.2900
100500|19.2300|19.3500|19.2300|19.3100|68600|1324331.0000|19.3100
101000|19.3100|19.3100|19.2000|19.2100|52346|1007927.0000|19.2100
101500|19.2100|19.2100|19.1600|19.1600|53100|1019183.0000|19.1600
102000|19.1600|19.2000|19.1300|19.1900|148954|2852716.0000|19.1900
102500|19.1900|19.2000|19.1200|19.1200|128946|2467832.0000|19.1200
103000|19.1200|19.1900|19.1200|19.1900|108400|2075378.0000|19.1900
103500|19.1900|19.1900|19.1100|19.1300|185700|3553564.0000|19.1300
104000|19.1300|19.1500|19.1200|19.1500|117900|2255559.0000|19.1500
104500|19.1500|19.1500|19.1000|19.1400|116100|2219203.0000|19.1400
105000|19.1000|19.1100|19.0000|19.0000|234700|4473024.0000|19.0000
105500|19.0000|19.0000|18.9400|18.9600|257800|4891588.0000|18.9600
110000|18.9500|18.9700|18.8900|18.9100|196700|3722524.0000|18.9100
110500|18.9100|18.9600|18.9000|18.9100|83100|1571717.0000|18.9100
111000|18.9100|18.9100|18.6900|18.7500|307200|5776150.0000|18.7500
111500|18.7400|18.8900|18.7400|18.8200|116200|2184510.0000|18.8200
112000|18.8200|18.8400|18.6600|18.7000|218400|4087053.0000|18.7000
112500|18.7000|18.8000|18.6600|18.7300|123100|2300883.0000|18.7300
113000|18.7300|18.8100|18.7300|18.8100|25700|482704.0000|18.8100
130500|18.8000|18.8100|18.7400|18.7800|38400|721235.0000|18.7800
131000|18.7800|18.8500|18.7400|18.8400|34400|646211.0000|18.8400
131500|18.8500|18.9500|18.8400|18.9000|31100|587881.0000|18.9000
132000|18.8800|18.9000|18.8500|18.9000|33500|632166.0000|18.9000
132500|18.8800|18.9500|18.8800|18.9100|32100|607012.0000|18.9100
133000|18.9000|18.9000|18.8700|18.9000|27200|513886.0000|18.9000
133500|18.9000|18.9300|18.8900|18.9300|37800|714817.0000|18.9300
134000|18.9300|19.0000|18.9100|19.0000|80300|1521724.0000|19.0000
134500|18.9900|19.0500|18.9900|19.0100|43400|825370.0000|19.0100
135000|19.0100|19.0500|18.9700|18.9700|83100|1579651.0000|18.9700
135500|18.9700|18.9900|18.9600|18.9900|47800|906823.0000|18.9900
140000|18.9900|19.1000|18.9600|19.0900|83100|1578931.0000|19.0900
140500|19.0900|19.1700|19.0900|19.1000|55500|1062427.0000|19.1000
141000|19.1000|19.1400|19.0900|19.1300|37500|716733.0000|19.1300
141500|19.1300|19.1300|19.1000|19.1000|34400|657364.0000|19.1000
142000|19.1100|19.1100|19.0700|19.0700|106000|2024048.0000|19.0700
142500|19.0700|19.0700|19.0000|19.0000|31100|591753.0000|19.0000
143000|19.0100|19.0800|19.0000|19.0700|26800|510305.0000|19.0700
143500|19.0600|19.0700|18.9500|19.0000|69000|1311481.0000|19.0000
144000|19.0100|19.0100|18.8900|18.9400|83300|1577541.0000|18.9400
144500|18.9400|18.9400|18.8500|18.8600|96800|1827346.0000|18.8600
145000|18.8400|18.9400|18.8300|18.9300|84300|1590839.0000|18.9300
145500|18.9300|18.9500|18.9000|18.9100|93700|1774011.0000|18.9100
150000|18.9200|18.9200|18.8500|18.8500|154900|2921514.0000|18.8500
