09350000|14.0851748000|14.1141169400|14.0272905200|14.0658800400|375700|5481269.0000|14.0658800400
09400000|14.0562326600|14.0658800400|13.9887010000|14.0176431400|460500|6695599.0000|14.0176431400
09450000|14.0079957600|14.0079957600|13.9597588600|13.9597588600|442000|6403480.0000|13.9597588600
09500000|13.9597588600|13.9597588600|13.9115219600|13.9211693400|446700|6450140.0000|13.9211693400
09550000|13.9211693400|13.9694062400|13.9115219600|13.9501114800|282900|4084620.0000|13.9501114800
10000000|13.9790536200|13.9790536200|13.9308167200|13.9694062400|346900|5015580.0000|13.9694062400
10050000|13.9597588600|13.9694062400|13.9308167200|13.9501114800|333300|4819504.0000|13.9501114800
10100000|13.9501114800|13.9887010000|13.9404641000|13.9501114800|171700|2485736.0000|13.9501114800
10150000|13.9501114800|13.9983483800|13.9501114800|13.9887010000|261200|3781524.0000|13.9887010000
10200000|13.9790536200|14.0079957600|13.9790536200|13.9983483800|146600|2126444.0000|13.9983483800
10250000|14.0079957600|14.0369379000|13.9983483800|14.0079957600|148100|2150448.0000|14.0079957600
10300000|14.0079957600|14.0176431400|13.9983483800|13.9983483800|56100|814448.0000|13.9983483800
10350000|13.9887010000|14.0465852800|13.9887010000|14.0176431400|188000|2732880.0000|14.0176431400
10400000|14.0272905200|14.0465852800|14.0272905200|14.0272905200|44500|647412.0000|14.0272905200
10450000|14.0272905200|14.0465852800|14.0272905200|14.0465852800|80400|1169612.0000|14.0465852800
10500000|14.0369379000|14.0369379000|14.0079957600|14.0176431400|133300|1937952.0000|14.0176431400
10550000|14.0176431400|14.0369379000|14.0079957600|14.0272905200|144400|2098236.0000|14.0272905200
11000000|14.0272905200|14.0369379000|13.9983483800|14.0369379000|120200|1747336.0000|14.0369379000
11050000|14.0369379000|14.0465852800|14.0272905200|14.0272905200|59500|865692.0000|14.0272905200
11100000|14.0272905200|14.0272905200|14.0079957600|14.0079957600|37500|544900.0000|14.0079957600
11150000|14.0079957600|14.0369379000|14.0079957600|14.0272905200|58400|849080.0000|14.0272905200
11200000|14.0272905200|14.0369379000|14.0079957600|14.0079957600|90300|1312420.0000|14.0079957600
11250000|14.0079957600|14.0369379000|14.0079957600|14.0272905200|265000|3851132.0000|14.0272905200
11300000|14.0369379000|14.0562326600|14.0272905200|14.0465852800|214400|3120256.0000|14.0465852800
13050000|14.0369379000|14.0948221800|14.0272905200|14.0755274200|355700|5186320.0000|14.0755274200
13100000|14.0851748000|14.1237643200|14.0851748000|14.1141169400|234800|3433856.0000|14.1141169400
13150000|14.1237643200|14.1527064600|14.1141169400|14.1334117000|254700|3730632.0000|14.1334117000
13200000|14.1237643200|14.1334117000|14.1237643200|14.1334117000|137100|2007784.0000|14.1334117000
13250000|14.1334117000|14.1334117000|14.1044695600|14.1237643200|241500|3534608.0000|14.1237643200
13300000|14.1141169400|14.1237643200|14.0755274200|14.0851748000|200500|2929992.0000|14.0851748000
13350000|14.0851748000|14.0948221800|14.0755274200|14.0851748000|142700|2083336.0000|14.0851748000
13400000|14.0755274200|14.0948221800|14.0755274200|14.0755274200|174400|2545744.0000|14.0755274200
13450000|14.0755274200|14.1044695600|14.0755274200|14.1044695600|156700|2289040.0000|14.1044695600
13500000|14.1044695600|14.1237643200|14.0948221800|14.1141169400|158400|2316416.0000|14.1141169400
13550000|14.1141169400|14.1334117000|14.1044695600|14.1334117000|201000|2942864.0000|14.1334117000
14000000|14.1334117000|14.1527064600|14.1237643200|14.1527064600|309300|4532048.0000|14.1527064600
14050000|14.1430590800|14.1527064600|14.1334117000|14.1430590800|182300|2671712.0000|14.1430590800
14100000|14.1334117000|14.1430590800|14.1044695600|14.1141169400|201000|2943592.0000|14.1141169400
14150000|14.1141169400|14.1623538400|14.1044695600|14.1623538400|258800|3793864.0000|14.1623538400
14200000|14.1623538400|14.2105907400|14.1527064600|14.1816486000|551200|8099848.0000|14.1816486000
14250000|14.1816486000|14.2105907400|14.1623538400|14.2105907400|537600|7906064.0000|14.2105907400
14300000|14.2105907400|14.2105907400|14.1816486000|14.1912959800|363500|5348392.0000|14.1912959800
14350000|14.1912959800|14.2298855000|14.1816486000|14.2202381200|522800|7696928.0000|14.2202381200
14400000|14.2298855000|14.2491802600|14.2202381200|14.2395328800|489800|7225968.0000|14.2395328800
14450000|14.2395328800|14.2395328800|14.2202381200|14.2298855000|483400|7129584.0000|14.2298855000
14500000|14.2298855000|14.2395328800|14.1912959800|14.2009433600|651500|9599904.0000|14.2009433600
14550000|14.2009433600|14.2105907400|14.1720012200|14.1816486000|569600|8376304.0000|14.1816486000
15000000|14.1816486000|14.1912959800|14.1720012200|14.1720012200|349800|5141280.0000|14.1720012200
