093500|5.2700|5.2700|5.2100|5.2400|406600|2130215.0000|5.2400
094000|5.2300|5.2400|5.2100|5.2200|338500|1767731.0000|5.2200
094500|5.2200|5.2200|5.2000|5.2100|359800|1875392.0000|5.2100
095000|5.2100|5.2400|5.2000|5.2300|237800|1241568.0000|5.2300
095500|5.2300|5.2400|5.2200|5.2300|174800|913911.0000|5.2300
100000|5.2300|5.2400|5.2200|5.2400|43200|225990.0000|5.2400
100500|5.2400|5.2400|5.2200|5.2400|99600|520548.0000|5.2400
101000|5.2400|5.2500|5.2300|5.2500|85200|446561.0000|5.2500
101500|5.2500|5.2500|5.2300|5.2400|172699|904979.0000|5.2400
102000|5.2500|5.2500|5.2400|5.2400|92900|487039.0000|5.2400
102500|5.2500|5.2500|5.2400|5.2400|132901|696592.0000|5.2400
103000|5.2400|5.2400|5.2400|5.2400|51999|272475.0000|5.2400
103500|5.2400|5.2500|5.2300|5.2300|78201|409462.0000|5.2300
104000|5.2300|5.2400|5.2300|5.2300|58700|307055.0000|5.2300
104500|5.2300|5.2300|5.2000|5.2200|364500|1899840.0000|5.2200
105000|5.2200|5.2200|5.2100|5.2100|98200|511883.0000|5.2100
105500|5.2100|5.2100|5.1900|5.1900|363200|1888900.0000|5.1900
110000|5.1900|5.1900|5.1600|5.1600|561600|2904329.0000|5.1600
110500|5.1600|5.1800|5.1600|5.1800|240400|1244405.0000|5.1800
111000|5.1800|5.2000|5.1700|5.1800|143600|744399.0000|5.1800
111500|5.1800|5.2000|5.1800|5.1900|54200|281534.0000|5.1900
112000|5.1900|5.2000|5.1900|5.2000|32500|168796.0000|5.2000
112500|5.2000|5.2000|5.1800|5.1900|127200|660418.0000|5.1900
113000|5.1800|5.1900|5.1800|5.1800|31000|160705.0000|5.1800
130500|5.1800|5.1900|5.1700|5.1800|168000|870354.0000|5.1800
131000|5.1800|5.1900|5.1800|5.1900|44400|230143.0000|5.1900
131500|5.1800|5.1900|5.1800|5.1800|31462|163058.0000|5.1800
132000|5.1800|5.1900|5.1800|5.1800|36400|188587.0000|5.1800
132500|5.1900|5.1900|5.1700|5.1700|257638|1333515.0000|5.1700
133000|5.1700|5.1800|5.1700|5.1700|195500|1010870.0000|5.1700
133500|5.1700|5.1800|5.1600|5.1700|51640|267040.0000|5.1700
134000|5.1700|5.1800|5.1700|5.1800|61200|316433.0000|5.1800
134500|5.1700|5.1800|5.1700|5.1700|84900|439209.0000|5.1700
135000|5.1700|5.1800|5.1600|5.1700|98400|508614.0000|5.1700
135500|5.1700|5.1700|5.1400|5.1400|594860|3067219.0000|5.1400
140000|5.1500|5.1600|5.1300|5.1300|496840|2551770.0000|5.1300
140500|5.1300|5.1400|5.1200|5.1200|305700|1567939.0000|5.1200
141000|5.1200|5.1300|5.1200|5.1200|243300|1246327.0000|5.1200
141500|5.1200|5.1300|5.1100|5.1200|294900|1509276.0000|5.1200
142000|5.1100|5.1200|5.1000|5.1000|339800|1734093.0000|5.1000
142500|5.1100|5.1200|5.1000|5.1200|318900|1629155.0000|5.1200
143000|5.1200|5.1400|5.1100|5.1200|222000|1138307.0000|5.1200
143500|5.1200|5.1400|5.1000|5.1300|223656|1144214.0000|5.1300
144000|5.1300|5.1300|5.1000|5.1100|500000|2554766.0000|5.1100
144500|5.1100|5.1200|5.1000|5.1000|176297|900433.0000|5.1000
145000|5.1000|5.1100|5.1000|5.1100|325700|1663252.0000|5.1100
145500|5.1100|5.1100|5.1000|5.1100|411200|2099499.0000|5.1100
150000|5.1100|5.1200|5.1000|5.1200|611500|3125770.0000|5.1200
