093500|10.7000|10.8600|10.6800|10.8000|6627700|71483168.0000|10.8000
094000|10.8000|10.9500|10.7500|10.9300|4892700|53187680.0000|10.9300
094500|10.9300|10.9700|10.8800|10.8900|4084400|44647664.0000|10.8900
095000|10.8900|11.0900|10.8800|10.9700|4558200|50098592.0000|10.9700
095500|10.9800|11.0000|10.8800|10.8900|2818300|30830688.0000|10.8900
100000|10.8900|10.9400|10.8600|10.9300|2436800|26546528.0000|10.9300
100500|10.9300|10.9800|10.8900|10.8900|2089700|22872928.0000|10.8900
101000|10.9000|10.9200|10.8900|10.9200|1611000|17569952.0000|10.9200
101500|10.9300|10.9500|10.9000|10.9400|2231800|24390240.0000|10.9400
102000|10.9500|10.9800|10.8800|10.8900|2394500|26166464.0000|10.8900
102500|10.8900|10.9100|10.8500|10.8600|2119200|23056992.0000|10.8600
103000|10.8700|10.9400|10.8700|10.9300|1571800|17131584.0000|10.9300
103500|10.9400|10.9600|10.9000|10.9600|1984100|21696352.0000|10.9600
104000|10.9600|10.9700|10.9000|10.9300|1309300|14317888.0000|10.9300
104500|10.9300|10.9700|10.9200|10.9400|1402100|15350272.0000|10.9400
105000|10.9400|10.9900|10.9400|10.9600|1863900|20454816.0000|10.9600
105500|10.9600|10.9700|10.9400|10.9400|969300|10618560.0000|10.9400
110000|10.9300|10.9600|10.9300|10.9400|1011800|11072128.0000|10.9400
110500|10.9300|10.9600|10.9200|10.9500|628700|6881216.0000|10.9500
111000|10.9500|10.9800|10.9400|10.9800|1351900|14824736.0000|10.9800
111500|10.9800|10.9900|10.9500|10.9900|826200|9064288.0000|10.9900
112000|10.9900|10.9900|10.9600|10.9700|1003300|11020322.0000|10.9700
112500|10.9700|10.9900|10.9600|10.9700|1080700|11863870.0000|10.9700
113000|10.9600|10.9800|10.9600|10.9700|1111000|12188486.0000|10.9700
130500|10.9800|11.0000|10.9700|10.9800|2521000|27697216.0000|10.9800
131000|10.9800|11.0500|10.9800|11.0200|2016500|22207290.0000|11.0200
131500|11.0100|11.0100|10.9700|10.9900|1338200|14709252.0000|10.9900
132000|10.9900|10.9900|10.9400|10.9400|2141000|23468220.0000|10.9400
132500|10.9400|10.9600|10.9300|10.9400|1519900|16632250.0000|10.9400
133000|10.9400|10.9500|10.9400|10.9400|1343500|14704258.0000|10.9400
133500|10.9400|10.9400|10.9100|10.9100|1839900|20104968.0000|10.9100
134000|10.9100|10.9900|10.9100|10.9700|1964400|21511486.0000|10.9700
134500|10.9600|10.9700|10.9400|10.9600|1169700|12809540.0000|10.9600
135000|10.9600|11.0500|10.9500|11.0400|2412500|26532402.0000|11.0400
135500|11.0400|11.0400|10.9900|11.0100|1496200|16475274.0000|11.0100
140000|11.0100|11.0200|10.9900|10.9900|1498900|16493568.0000|10.9900
140500|10.9900|11.0000|10.9400|10.9500|1645800|18043836.0000|10.9500
141000|10.9400|10.9700|10.9300|10.9700|1173900|12848900.0000|10.9700
141500|10.9600|10.9800|10.9500|10.9600|736900|8078532.0000|10.9600
142000|10.9600|10.9700|10.9500|10.9500|803700|8810620.0000|10.9500
142500|10.9500|10.9600|10.9400|10.9400|1469400|16094340.0000|10.9400
143000|10.9400|10.9600|10.9400|10.9500|1581600|17320248.0000|10.9500
143500|10.9500|10.9600|10.9400|10.9500|1697700|18586828.0000|10.9500
144000|10.9500|10.9700|10.9500|10.9700|2220900|24333500.0000|10.9700
144500|10.9700|10.9700|10.9400|10.9400|2191500|24003525.0000|10.9400
145000|10.9400|10.9400|10.9000|10.9000|3985700|43520563.0000|10.9000
145500|10.9000|10.9100|10.8700|10.8900|5458600|59454280.0000|10.8900
150000|10.8900|10.9400|10.8900|10.9400|3561300|38911742.0000|10.9400
