09350000|9.6522328000|9.6795504400|9.5884916400|9.6704445600|528500|5591152.0000|9.6704445600
09400000|9.6704445600|9.6886563200|9.6340210400|9.6340210400|340600|3615607.0000|9.6340210400
09450000|9.6340210400|9.6522328000|9.6067034000|9.6158092800|356400|3766777.0000|9.6158092800
09500000|9.6249151600|9.6249151600|9.5793857600|9.5975975200|219100|2309537.0000|9.5975975200
09550000|9.5884916400|9.5884916400|9.5702798800|9.5793857600|290200|3053664.0000|9.5793857600
10000000|9.5793857600|9.5975975200|9.5611740000|9.5975975200|245607|2581577.0000|9.5975975200
10050000|9.5793857600|9.6067034000|9.5793857600|9.5975975200|164900|1736059.0000|9.5975975200
10100000|9.5884916400|9.5975975200|9.5702798800|9.5884916400|150400|1582735.0000|9.5884916400
10150000|9.5884916400|9.5884916400|9.5702798800|9.5793857600|166900|1755823.0000|9.5793857600
10200000|9.5793857600|9.5975975200|9.5793857600|9.5884916400|56500|594866.0000|9.5884916400
10250000|9.5975975200|9.6067034000|9.5884916400|9.5975975200|98400|1037427.0000|9.5975975200
10300000|9.5975975200|9.6067034000|9.5884916400|9.5975975200|77500|817067.0000|9.5975975200
10350000|9.5975975200|9.6067034000|9.5793857600|9.5884916400|87400|920499.0000|9.5884916400
10400000|9.6067034000|9.6067034000|9.5884916400|9.5975975200|42900|452007.0000|9.5975975200
10450000|9.5975975200|9.6067034000|9.5884916400|9.5975975200|101400|1068577.0000|9.5975975200
10500000|9.5975975200|9.6067034000|9.5884916400|9.5975975200|121900|1284119.0000|9.5975975200
10550000|9.5975975200|9.6067034000|9.5975975200|9.6067034000|89600|944790.0000|9.6067034000
11000000|9.6067034000|9.6158092800|9.5975975200|9.6067034000|51700|545775.0000|9.6067034000
11050000|9.6158092800|9.6158092800|9.5975975200|9.6067034000|70300|741551.0000|9.6067034000
11100000|9.6067034000|9.6067034000|9.5975975200|9.5975975200|24200|255203.0000|9.5975975200
11150000|9.6067034000|9.6158092800|9.5884916400|9.5975975200|72500|764179.0000|9.5975975200
11200000|9.6067034000|9.6158092800|9.5884916400|9.6067034000|32500|342725.0000|9.6067034000
11250000|9.6158092800|9.6249151600|9.5975975200|9.6158092800|54500|575220.0000|9.6158092800
11300000|9.5975975200|9.6158092800|9.5975975200|9.6067034000|38000|400954.0000|9.6067034000
13050000|9.6067034000|9.6067034000|9.5884916400|9.5884916400|86600|912974.0000|9.5884916400
13100000|9.5975975200|9.5975975200|9.5793857600|9.5884916400|62600|659304.0000|9.5884916400
13150000|9.5884916400|9.5975975200|9.5884916400|9.5884916400|51900|546833.0000|9.5884916400
13200000|9.5975975200|9.5975975200|9.5884916400|9.5975975200|40400|425673.0000|9.5975975200
13250000|9.5884916400|9.5975975200|9.5884916400|9.5975975200|29700|312951.0000|9.5975975200
13300000|9.5975975200|9.5975975200|9.5884916400|9.5884916400|64500|679475.0000|9.5884916400
13350000|9.5975975200|9.5975975200|9.5793857600|9.5884916400|99700|1049470.0000|9.5884916400
13400000|9.5884916400|9.5884916400|9.5793857600|9.5884916400|65000|684047.0000|9.5884916400
13450000|9.5793857600|9.5975975200|9.5793857600|9.5975975200|104100|1096358.0000|9.5975975200
13500000|9.5975975200|9.5975975200|9.5884916400|9.5975975200|48000|505840.0000|9.5975975200
13550000|9.5975975200|9.6067034000|9.5884916400|9.5975975200|67500|711134.0000|9.5975975200
14000000|9.5975975200|9.6067034000|9.5884916400|9.5884916400|115900|1221482.0000|9.5884916400
14050000|9.5884916400|9.6158092800|9.5884916400|9.6158092800|261080|2754020.0000|9.6158092800
14100000|9.6158092800|9.6340210400|9.6158092800|9.6340210400|85100|899641.0000|9.6340210400
14150000|9.6340210400|9.6340210400|9.6249151600|9.6249151600|90800|960207.0000|9.6249151600
14200000|9.6249151600|9.6340210400|9.6249151600|9.6340210400|84700|895695.0000|9.6340210400
14250000|9.6340210400|9.6340210400|9.6158092800|9.6249151600|219100|2314550.0000|9.6249151600
14300000|9.6249151600|9.6249151600|9.6158092800|9.6158092800|30300|320208.0000|9.6158092800
14350000|9.6249151600|9.6249151600|9.5702798800|9.5793857600|307000|3233371.0000|9.5793857600
14400000|9.5884916400|9.5975975200|9.5793857600|9.5975975200|147500|1553067.0000|9.5975975200
14450000|9.5884916400|9.5975975200|9.5884916400|9.5884916400|97500|1027169.0000|9.5884916400
14500000|9.5884916400|9.5975975200|9.5793857600|9.5793857600|220400|2319648.0000|9.5793857600
14550000|9.5884916400|9.5975975200|9.5793857600|9.5884916400|208300|2192460.0000|9.5884916400
15000000|9.5793857600|9.5884916400|9.5702798800|9.5702798800|220140|2315023.0000|9.5702798800
