09350000|112.7211985500|112.7211985500|111.8972567200|112.2546290800|1135600|128538912.0000|112.2546290800
09400000|112.2546290800|112.5028043300|111.5299573500|111.6788625000|673200|75932912.0000|111.6788625000
09450000|111.6788625000|112.0759429000|111.6391544600|111.8972567200|573300|64589392.0000|111.8972567200
09500000|111.8972567200|112.5226583500|111.7384245600|112.1652859900|493700|55770576.0000|112.1652859900
09550000|112.1652859900|113.1182789500|112.0759429000|112.6715635000|944000|107254592.0000|112.6715635000
10000000|112.6715635000|112.7906876200|112.5127313400|112.6120014400|368000|41763552.0000|112.6120014400
10050000|112.6120014400|112.6120014400|111.9766728000|111.9766728000|334800|37835200.0000|111.9766728000
10100000|111.9766728000|112.0759429000|111.8774027000|111.9667457900|322700|36398752.0000|111.9667457900
10150000|111.9667457900|112.0064538300|111.5895194100|111.7483515700|1010300|113770940.0000|111.7483515700
10200000|111.7483515700|112.1057239300|111.7284975500|111.8873297100|284900|32113796.0000|111.8873297100
10250000|111.8873297100|111.8972567200|111.3810522000|111.3909792100|550900|61980413.0000|111.3909792100
10300000|111.4803223000|111.6490814700|111.4306872500|111.5597383800|288800|32433023.0000|111.5597383800
10350000|111.5597383800|111.5597383800|111.3016361200|111.4306872500|293800|32973248.0000|111.4306872500
10400000|111.4108332300|111.4207602400|110.8549206700|111.0038258200|838200|93821245.0000|111.0038258200
10450000|111.0038258200|111.0832419000|110.8350666500|111.0733148900|443200|49516871.0000|111.0733148900
10500000|111.0733148900|111.1328769500|110.8251396400|111.0137528300|382700|42761920.0000|111.0137528300
10550000|111.0336068500|111.1626579800|110.7953586100|110.7953586100|328500|36722752.0000|110.7953586100
11000000|110.7953586100|111.1328769500|110.7655775800|111.0733148900|280500|31321664.0000|111.0733148900
11050000|111.0633878800|111.1527309700|110.9343367500|111.0733148900|145100|16236864.0000|111.0733148900
11100000|111.0733148900|111.1825120000|110.9839718000|111.1725849900|164400|18399224.0000|111.1725849900
11150000|111.1725849900|111.5895194100|110.9442637600|111.5299573500|297900|33401230.0000|111.5299573500
11200000|111.5398843600|111.5795924000|111.1825120000|111.3611981800|224300|25168634.0000|111.3611981800
11250000|111.3611981800|111.4406142600|111.2023660200|111.4406142600|211200|23681156.0000|111.4406142600
11300000|111.4406142600|111.4406142600|111.1924390100|111.2520010700|196800|22061173.0000|111.2520010700
13050000|111.3810522000|111.3909792100|110.7854316000|111.0137528300|411800|46071047.0000|111.0137528300
13100000|111.0137528300|111.0137528300|110.6861615000|110.6861615000|548100|61171200.0000|110.6861615000
13150000|110.6861615000|110.8648476800|110.6861615000|110.7258695400|329400|36749952.0000|110.7258695400
13200000|110.7258695400|110.8350666500|110.5372563500|110.5868914000|388600|43321600.0000|110.5868914000
13250000|110.5868914000|110.7060155200|110.4280592400|110.4578402700|600900|66937728.0000|110.4578402700
13300000|110.4479132600|110.5174023300|110.2791540900|110.3684971800|664600|73888640.0000|110.3684971800
13350000|110.3784241900|110.4876213000|110.2195920300|110.3982782100|322300|35819520.0000|110.3982782100
13400000|110.3982782100|110.4876213000|110.1997380100|110.3883512000|302900|33657344.0000|110.3883512000
13450000|110.3883512000|110.5471833600|110.3387161500|110.4578402700|240600|26767616.0000|110.4578402700
13500000|110.4677672800|110.7953586100|110.4578402700|110.7258695400|253600|28272000.0000|110.7258695400
13550000|110.7258695400|110.7357965500|110.5074753200|110.6166724300|278500|31031936.0000|110.6166724300
14000000|110.6166724300|110.6365264500|110.5372563500|110.6265994400|258600|28807040.0000|110.6265994400
14050000|110.6265994400|110.6265994400|110.2493730600|110.2493730600|340400|37861120.0000|110.2493730600
14100000|110.2493730600|110.4479132600|110.1898110000|110.3089351200|428000|47555200.0000|110.3089351200
14150000|110.3089351200|110.4975483100|110.2493730600|110.2890811000|419600|46653440.0000|110.2890811000
14200000|110.2791540900|110.4677672800|110.1203219300|110.1898110000|659400|73221120.0000|110.1898110000
14250000|110.1898110000|110.2890811000|109.8522926600|109.8522926600|898700|99638400.0000|109.8522926600
14300000|109.8522926600|110.3188621300|109.8522926600|110.2890811000|475200|52659072.0000|110.2890811000
14350000|110.2890811000|110.3883512000|109.9019277100|109.9019277100|356000|39513472.0000|109.9019277100
14400000|109.9019277100|109.9019277100|109.2070370100|109.2268910300|673100|74310528.0000|109.2268910300
14450000|109.2268910300|109.8225116300|109.2070370100|109.8225116300|952600|104987392.0000|109.8225116300
14500000|109.8225116300|110.0607598700|109.3757961800|109.4651392700|650700|71929344.0000|109.4651392700
14550000|109.4651392700|109.6537524600|109.2566720600|109.3360881400|1003800|110569984.0000|109.3360881400
15000000|109.3360881400|109.5247013300|109.2963801000|109.5247013300|690600|76116480.0000|109.5247013300
