093500|132.48|133.11|132.06|132.81|9892.0|131640148.0|132.92
094000|132.84|133.47|132.79|133.2|8264.0|110424320.0|132.81
094500|133.2|133.65|133.05|133.34|6795.0|90901008.0|133.2
095000|133.29|133.34|132.34|132.34|5848.0|77943404.0|133.34
095500|132.33|132.98|132.3|132.98|3578.0|47614718.0|132.34
100000|133.04|133.64|132.95|133.52|7393.0|98975510.0|132.98
100500|133.51|133.68|133.32|133.48|5923.0|79343574.0|133.52
101000|133.49|134.23|133.4|133.76|9221.0|123848614.0|133.48
101500|133.74|133.86|133.6|133.81|4941.0|66294687.0|133.76
102000|133.82|133.83|133.26|133.26|4803.0|64324555.0|133.81
102500|133.25|133.27|133.07|133.26|2551.0|34097012.0|133.26
103000|133.28|133.65|133.28|133.48|1533.0|20528805.0|133.26
103500|133.44|133.55|133.32|133.42|2104.0|28169049.0|133.48
104000|133.46|133.8|133.46|133.73|2210.0|29640769.0|133.42
104500|133.73|134.52|133.71|134.5|7034.0|94710290.0|133.73
105000|134.48|134.8|134.38|134.41|9295.0|125526079.0|134.5
105500|134.35|135.1|134.31|135.07|6547.0|88529296.0|134.41
110000|135.06|136.07|134.72|136.01|13987.0|190159501.0|135.07
110500|136.05|137.12|136.05|136.35|16888.0|231632501.0|136.01
111000|136.31|136.91|136.2|136.54|7040.0|96484199.0|136.35
111500|136.52|136.73|136.37|136.45|5065.0|69377263.0|136.54
112000|136.39|136.9|136.15|136.67|6346.0|86980431.0|136.45
112500|136.66|136.66|136.28|136.55|3443.0|47148254.0|136.67
113000|136.58|137.03|136.58|137.03|5577.0|76601246.0|136.55
130500|137.02|137.44|136.24|136.24|9708.0|133366246.0|137.03
131000|136.23|136.24|135.76|136.14|3917.0|53466081.0|136.24
131500|136.15|136.15|135.71|135.71|4121.0|56189208.0|136.14
132000|135.64|135.85|135.34|135.85|4705.0|63981999.0|135.71
132500|135.77|135.77|135.0|135.0|4072.0|55291076.0|135.85
133000|134.99|135.41|134.99|135.35|3925.0|53272438.0|135.0
133500|135.35|135.36|135.02|135.02|3438.0|46629093.0|135.35
134000|135.03|135.03|134.41|134.49|5538.0|74815454.0|135.02
134500|134.51|135.13|134.51|134.54|4859.0|65685214.0|134.49
135000|134.54|135.14|134.54|135.08|3602.0|48734580.0|134.54
135500|135.08|135.64|135.07|135.54|3548.0|48188216.0|135.08
140000|135.51|135.52|135.09|135.27|2306.0|31289948.0|135.54
140500|135.29|135.74|135.25|135.49|3116.0|42372306.0|135.27
141000|135.49|135.54|135.17|135.33|2022.0|27449583.0|135.49
141500|135.33|135.52|135.15|135.28|2327.0|31614931.0|135.33
142000|135.31|135.35|135.19|135.33|1572.0|21336297.0|135.28
142500|135.34|135.34|135.2|135.21|1481.0|20096963.0|135.33
143000|135.2|135.39|135.18|135.19|2202.0|29889581.0|135.21
143500|135.19|135.54|135.19|135.42|2654.0|36053094.0|135.19
144000|135.42|135.44|135.36|135.37|3120.0|42388301.0|135.42
144500|135.36|135.39|135.05|135.25|4424.0|60031664.0|135.37
145000|135.25|135.7|135.25|135.39|7240.0|98429670.0|135.25
145500|135.41|135.93|135.41|135.93|6474.0|88077082.0|135.39
150000|135.97|136.12|135.94|136.12|10621.0|145020840.0|135.93
