09350000|6.2413344000|6.2695332000|6.2037360000|6.2225352000|7005700|46455026.0000|6.2225352000
09400000|6.2131356000|6.2225352000|6.1755372000|6.1849368000|6077200|40064772.0000|6.1849368000
09450000|6.1755372000|6.1943364000|6.1661376000|6.1943364000|3555700|23375295.0000|6.1943364000
09500000|6.1943364000|6.1943364000|6.1473384000|6.1567380000|6327281|41504797.0000|6.1567380000
09550000|6.1473384000|6.1567380000|6.1285392000|6.1567380000|5019900|32805579.0000|6.1567380000
10000000|6.1567380000|6.1849368000|6.1567380000|6.1755372000|2946013|19326871.0000|6.1755372000
10050000|6.1661376000|6.1943364000|6.1661376000|6.1943364000|3482300|22892647.0000|6.1943364000
10100000|6.1943364000|6.2225352000|6.1849368000|6.2131356000|2533000|16717218.0000|6.2131356000
10150000|6.2131356000|6.2225352000|6.1943364000|6.2037360000|1975400|13044371.0000|6.2037360000
10200000|6.2131356000|6.2131356000|6.1943364000|6.2131356000|1228800|8113198.0000|6.2131356000
10250000|6.2037360000|6.2131356000|6.1943364000|6.2131356000|933100|6159410.0000|6.2131356000
10300000|6.2131356000|6.2225352000|6.2037360000|6.2131356000|3032258|20026384.0000|6.2131356000
10350000|6.2131356000|6.2319348000|6.2131356000|6.2225352000|1882100|12457712.0000|6.2225352000
10400000|6.2131356000|6.2507340000|6.2131356000|6.2413344000|2108600|13989728.0000|6.2413344000
10450000|6.2413344000|6.2695332000|6.2413344000|6.2601336000|4942344|32912656.0000|6.2601336000
10500000|6.2601336000|6.3259308000|6.2601336000|6.3165312000|11425337|76531168.0000|6.3165312000
10550000|6.3259308000|6.3353304000|6.3071316000|6.3259308000|9020187|60667200.0000|6.3259308000
11000000|6.3259308000|6.3353304000|6.3071316000|6.3165312000|5940365|39953136.0000|6.3165312000
11050000|6.3259308000|6.3447300000|6.3165312000|6.3259308000|9819700|66204816.0000|6.3259308000
11100000|6.3259308000|6.3353304000|6.2977320000|6.2977320000|4019801|27028368.0000|6.2977320000
11150000|6.2977320000|6.3071316000|6.2977320000|6.2977320000|2114600|14174448.0000|6.2977320000
11200000|6.3071316000|6.3071316000|6.2883324000|6.2977320000|1176400|7880448.0000|6.2977320000
11250000|6.3071316000|6.3165312000|6.2977320000|6.3071316000|920747|6180832.0000|6.3071316000
11300000|6.3165312000|6.3165312000|6.3071316000|6.3071316000|806029|5411216.0000|6.3071316000
13050000|6.3071316000|6.3165312000|6.2977320000|6.3071316000|1966553|13195744.0000|6.3071316000
13100000|6.3071316000|6.3353304000|6.2977320000|6.3353304000|3364040|22608624.0000|6.3353304000
13150000|6.3353304000|6.3353304000|6.3259308000|6.3259308000|2949664|19871984.0000|6.3259308000
13200000|6.3259308000|6.3541296000|6.3259308000|6.3447300000|7005800|47306672.0000|6.3447300000
13250000|6.3541296000|6.3635292000|6.3447300000|6.3541296000|4624200|31243696.0000|6.3541296000
13300000|6.3541296000|6.3635292000|6.3447300000|6.3635292000|3998400|27027168.0000|6.3635292000
13350000|6.3541296000|6.3823284000|6.3353304000|6.3353304000|8135750|55112240.0000|6.3353304000
13400000|6.3353304000|6.3447300000|6.3259308000|6.3353304000|1366800|9212448.0000|6.3353304000
13450000|6.3259308000|6.3541296000|6.3165312000|6.3447300000|2830100|19064416.0000|6.3447300000
13500000|6.3353304000|6.3541296000|6.3353304000|6.3541296000|1261000|8515184.0000|6.3541296000
13550000|6.3447300000|6.3541296000|6.3447300000|6.3447300000|994800|6717792.0000|6.3447300000
14000000|6.3541296000|6.3541296000|6.3447300000|6.3541296000|1264000|8540864.0000|6.3541296000
14050000|6.3447300000|6.3635292000|6.3447300000|6.3541296000|2252300|15228416.0000|6.3541296000
14100000|6.3541296000|6.3729288000|6.3447300000|6.3729288000|4220160|28576016.0000|6.3729288000
14150000|6.3635292000|6.3823284000|6.3635292000|6.3729288000|5294700|35910960.0000|6.3729288000
14200000|6.3729288000|6.3917280000|6.3729288000|6.3823284000|5232300|35533984.0000|6.3823284000
14250000|6.3729288000|6.3823284000|6.3635292000|6.3823284000|2822900|19143392.0000|6.3823284000
14300000|6.3823284000|6.3917280000|6.3823284000|6.3823284000|5282500|35899888.0000|6.3823284000
14350000|6.3823284000|6.3917280000|6.3729288000|6.3729288000|4112400|27924912.0000|6.3729288000
14400000|6.3729288000|6.3823284000|6.3635292000|6.3729288000|2719900|18435824.0000|6.3729288000
14450000|6.3729288000|6.3823284000|6.3635292000|6.3729288000|2491800|16885280.0000|6.3729288000
14500000|6.3729288000|6.3729288000|6.3541296000|6.3635292000|2183528|14789952.0000|6.3635292000
14550000|6.3635292000|6.3635292000|6.3447300000|6.3447300000|2613900|17667856.0000|6.3447300000
15000000|6.3541296000|6.3541296000|6.3447300000|6.3541296000|2725835|18422400.0000|6.3541296000
