09350000|9.0104500500|9.0403851000|8.9904933500|9.0304067500|11465000|103610104.0000|9.0304067500
09400000|9.0403851000|9.0902768500|9.0304067500|9.0703201500|16244100|147597784.0000|9.0703201500
09450000|9.0703201500|9.0902768500|9.0603418000|9.0902768500|10733400|97698832.0000|9.0902768500
09500000|9.0902768500|9.1002552000|9.0802985000|9.0902768500|5935200|54063712.0000|9.0902768500
09550000|9.0902768500|9.1102335500|9.0802985000|9.0902768500|9850600|89799392.0000|9.0902768500
10000000|9.0902768500|9.1002552000|9.0703201500|9.0703201500|5049200|45966176.0000|9.0703201500
10050000|9.0703201500|9.0802985000|9.0304067500|9.0503634500|5119500|46445060.0000|9.0503634500
10100000|9.0503634500|9.0503634500|9.0204284000|9.0204284000|5307700|48014836.0000|9.0204284000
10150000|9.0204284000|9.0403851000|9.0104500500|9.0403851000|6999900|63288970.0000|9.0403851000
10200000|9.0403851000|9.0403851000|9.0104500500|9.0104500500|8607500|77786686.0000|9.0104500500
10250000|9.0204284000|9.0304067500|8.9805150000|9.0004717000|14665600|132206970.0000|9.0004717000
10300000|9.0104500500|9.0104500500|8.9805150000|8.9904933500|6805700|61308557.0000|8.9904933500
10350000|8.9904933500|9.0004717000|8.9605583000|8.9605583000|10410800|93595185.0000|8.9605583000
10400000|8.9705366500|8.9805150000|8.9505799500|8.9605583000|7632200|68547724.0000|8.9605583000
10450000|8.9605583000|8.9705366500|8.9406016000|8.9505799500|9684800|86870012.0000|8.9505799500
10500000|8.9505799500|8.9505799500|8.9106665500|8.9206449000|21303400|190540928.0000|8.9206449000
10550000|8.9206449000|8.9406016000|8.9206449000|8.9206449000|10177400|90985728.0000|8.9206449000
11000000|8.9306232500|8.9306232500|8.9106665500|8.9206449000|5004200|44733056.0000|8.9206449000
11050000|8.9206449000|8.9306232500|8.9106665500|8.9206449000|4260300|38092928.0000|8.9206449000
11100000|8.9206449000|8.9306232500|8.9206449000|8.9206449000|4404000|39377792.0000|8.9206449000
11150000|8.9306232500|8.9306232500|8.9206449000|8.9306232500|4449100|39783552.0000|8.9306232500
11200000|8.9206449000|8.9406016000|8.9206449000|8.9406016000|2242600|20064384.0000|8.9406016000
11250000|8.9406016000|8.9505799500|8.9306232500|8.9306232500|2663400|23849216.0000|8.9306232500
11300000|8.9306232500|8.9406016000|8.9206449000|8.9406016000|2502400|22381568.0000|8.9406016000
13050000|8.9306232500|8.9505799500|8.9306232500|8.9406016000|3628700|32497664.0000|8.9406016000
13100000|8.9406016000|8.9406016000|8.9206449000|8.9306232500|5078100|45418368.0000|8.9306232500
13150000|8.9306232500|8.9306232500|8.9106665500|8.9206449000|7411700|66212736.0000|8.9206449000
13200000|8.9206449000|8.9306232500|8.9006882000|8.9206449000|8081200|72146432.0000|8.9206449000
13250000|8.9206449000|8.9206449000|8.9106665500|8.9106665500|1093800|9771392.0000|8.9106665500
13300000|8.9206449000|8.9206449000|8.9106665500|8.9206449000|2248000|20078336.0000|8.9206449000
13350000|8.9106665500|8.9206449000|8.9106665500|8.9106665500|1253600|11202432.0000|8.9106665500
13400000|8.9206449000|8.9306232500|8.9206449000|8.9306232500|1048300|9378560.0000|8.9306232500
13450000|8.9306232500|8.9406016000|8.9206449000|8.9206449000|2496300|22337152.0000|8.9206449000
13500000|8.9206449000|8.9306232500|8.9106665500|8.9206449000|1574400|14074112.0000|8.9206449000
13550000|8.9206449000|8.9306232500|8.9206449000|8.9206449000|1631700|14591744.0000|8.9206449000
14000000|8.9306232500|8.9406016000|8.9206449000|8.9406016000|2263700|20260352.0000|8.9406016000
14050000|8.9406016000|8.9505799500|8.9206449000|8.9206449000|3293200|29486208.0000|8.9206449000
14100000|8.9306232500|8.9306232500|8.9006882000|8.9106665500|10769600|96149504.0000|8.9106665500
14150000|8.9006882000|8.9206449000|8.8907098500|8.9006882000|4568100|40766464.0000|8.9006882000
14200000|8.9106665500|8.9206449000|8.8907098500|8.9006882000|8025400|71546368.0000|8.9006882000
14250000|8.9106665500|8.9106665500|8.8907098500|8.9006882000|5178500|46158080.0000|8.9006882000
14300000|8.9006882000|8.9106665500|8.8807315000|8.9106665500|8158400|72669696.0000|8.9106665500
14350000|8.8907098500|8.9106665500|8.8807315000|8.8907098500|9932400|88459776.0000|8.8907098500
14400000|8.8807315000|8.8907098500|8.8707531500|8.8807315000|7584300|67465472.0000|8.8807315000
14450000|8.8807315000|8.8907098500|8.8607748000|8.8907098500|12742800|113230848.0000|8.8907098500
14500000|8.8907098500|8.9006882000|8.8807315000|8.8907098500|3976000|35435008.0000|8.8907098500
14550000|8.8907098500|8.9006882000|8.8707531500|8.8807315000|6861600|61095680.0000|8.8807315000
15000000|8.8807315000|8.8907098500|8.8607748000|8.8907098500|6640900|59060992.0000|8.8907098500
