09350000|9.2500000000|9.2600000000|9.0800000000|9.0800000000|23422200|214425149.0000|9.0800000000
09400000|9.0800000000|9.0800000000|9.0500000000|9.0800000000|12049100|109193158.0000|9.0800000000
09450000|9.0800000000|9.1000000000|9.0300000000|9.0400000000|15825100|143378643.0000|9.0400000000
09500000|9.0400000000|9.0700000000|9.0300000000|9.0600000000|6965200|63017621.0000|9.0600000000
09550000|9.0600000000|9.0700000000|9.0400000000|9.0400000000|8175300|74027589.0000|9.0400000000
10000000|9.0300000000|9.0400000000|9.0300000000|9.0400000000|6380600|57631128.0000|9.0400000000
10050000|9.0400000000|9.0700000000|9.0300000000|9.0700000000|3286184|29743768.0000|9.0700000000
10100000|9.0700000000|9.0700000000|9.0500000000|9.0600000000|2200800|19939777.0000|9.0600000000
10150000|9.0600000000|9.0700000000|9.0500000000|9.0500000000|1794100|16248237.0000|9.0500000000
10200000|9.0500000000|9.0600000000|9.0300000000|9.0300000000|3246216|29352318.0000|9.0300000000
10250000|9.0300000000|9.0400000000|9.0300000000|9.0400000000|2195300|19831525.0000|9.0400000000
10300000|9.0300000000|9.0400000000|9.0200000000|9.0200000000|4276400|38612258.0000|9.0200000000
10350000|9.0200000000|9.0300000000|9.0000000000|9.0000000000|7931300|71502443.0000|9.0000000000
10400000|9.0000000000|9.0200000000|9.0000000000|9.0100000000|6122900|55128825.0000|9.0100000000
10450000|9.0200000000|9.0300000000|9.0100000000|9.0300000000|1635900|14749805.0000|9.0300000000
10500000|9.0300000000|9.0400000000|9.0200000000|9.0300000000|2406900|21730850.0000|9.0300000000
10550000|9.0300000000|9.0400000000|9.0200000000|9.0300000000|1962100|17718288.0000|9.0300000000
11000000|9.0300000000|9.0300000000|9.0200000000|9.0200000000|1919174|17319928.0000|9.0200000000
11050000|9.0200000000|9.0300000000|9.0200000000|9.0200000000|887500|8009839.0000|9.0200000000
11100000|9.0200000000|9.0300000000|9.0200000000|9.0300000000|1590400|14355932.0000|9.0300000000
11150000|9.0300000000|9.0300000000|9.0200000000|9.0300000000|1118700|10097119.0000|9.0300000000
11200000|9.0200000000|9.0300000000|9.0200000000|9.0200000000|2497400|22541354.0000|9.0200000000
11250000|9.0200000000|9.0300000000|9.0200000000|9.0200000000|1229100|11091355.0000|9.0200000000
11300000|9.0200000000|9.0300000000|9.0100000000|9.0100000000|1228300|11079719.0000|9.0100000000
13050000|9.0200000000|9.0300000000|9.0100000000|9.0200000000|6656520|60021288.0000|9.0200000000
13100000|9.0200000000|9.0300000000|9.0100000000|9.0200000000|1757200|15847146.0000|9.0200000000
13150000|9.0200000000|9.0300000000|9.0200000000|9.0200000000|1704900|15384639.0000|9.0200000000
13200000|9.0200000000|9.0200000000|9.0100000000|9.0200000000|1773900|15993979.0000|9.0200000000
13250000|9.0100000000|9.0200000000|9.0000000000|9.0100000000|2410100|21709953.0000|9.0100000000
13300000|9.0100000000|9.0100000000|9.0000000000|9.0000000000|2419500|21778709.0000|9.0000000000
13350000|9.0100000000|9.0100000000|8.9900000000|8.9900000000|4561780|41053523.0000|8.9900000000
13400000|8.9900000000|9.0000000000|8.9800000000|8.9900000000|3537700|31801267.0000|8.9900000000
13450000|9.0000000000|9.0000000000|8.9800000000|9.0000000000|2074100|18653004.0000|9.0000000000
13500000|9.0000000000|9.0800000000|8.9900000000|9.0600000000|6071800|54872672.0000|9.0600000000
13550000|9.0600000000|9.1000000000|9.0500000000|9.0900000000|5316000|48268456.0000|9.0900000000
14000000|9.0900000000|9.1000000000|9.0700000000|9.0800000000|2452500|22289363.0000|9.0800000000
14050000|9.0900000000|9.0900000000|9.0600000000|9.0600000000|2048800|18601479.0000|9.0600000000
14100000|9.0600000000|9.0700000000|9.0400000000|9.0600000000|2005200|18147159.0000|9.0600000000
14150000|9.0600000000|9.0600000000|9.0400000000|9.0400000000|1069800|9676577.0000|9.0400000000
14200000|9.0400000000|9.0500000000|9.0300000000|9.0500000000|1027100|9286233.0000|9.0500000000
14250000|9.0500000000|9.0500000000|9.0400000000|9.0500000000|737200|6668998.0000|9.0500000000
14300000|9.0500000000|9.0500000000|9.0400000000|9.0400000000|1242000|11231101.0000|9.0400000000
14350000|9.0400000000|9.0500000000|9.0300000000|9.0500000000|1506600|13620940.0000|9.0500000000
14400000|9.0400000000|9.0500000000|9.0300000000|9.0500000000|2894500|26160031.0000|9.0500000000
14450000|9.0400000000|9.0500000000|9.0200000000|9.0200000000|2856100|25795336.0000|9.0200000000
14500000|9.0300000000|9.0300000000|9.0000000000|9.0100000000|3198000|28822378.0000|9.0100000000
14550000|9.0200000000|9.0200000000|9.0100000000|9.0100000000|3220301|29022668.0000|9.0100000000
15000000|9.0200000000|9.0300000000|9.0100000000|9.0200000000|2444800|22050033.0000|9.0200000000
