09350000|8.3995082000|8.4288088100|8.3897413300|8.3897413300|2487800|21423886.0000|8.3897413300
09400000|8.4092750700|8.4385756800|8.3702075900|8.4092750700|1806500|15546998.0000|8.4092750700
09450000|8.4092750700|8.4092750700|8.3702075900|8.3799744600|1501200|12893204.0000|8.3799744600
09500000|8.3702075900|8.3702075900|8.3213732400|8.3506738500|2274500|19416240.0000|8.3506738500
09550000|8.3506738500|8.3604407200|8.3116063700|8.3409069800|3166500|26980880.0000|8.3409069800
10000000|8.3409069800|8.3506738500|8.3116063700|8.3213732400|1700300|14489264.0000|8.3213732400
10050000|8.3213732400|8.3311401100|8.2725388900|8.2823057600|3356700|28507408.0000|8.2823057600
10100000|8.2823057600|8.2823057600|8.2530051500|8.2627720200|2479700|20968080.0000|8.2627720200
10150000|8.2627720200|8.2725388900|8.2530051500|8.2627720200|1590300|13448384.0000|8.2627720200
10200000|8.2627720200|8.3018395000|8.2530051500|8.2920726300|1527000|12932144.0000|8.2920726300
10250000|8.2920726300|8.3018395000|8.2725388900|8.2920726300|675700|5733792.0000|8.2920726300
10300000|8.2920726300|8.3116063700|8.2823057600|8.2920726300|1109200|9425280.0000|8.2920726300
10350000|8.2823057600|8.3018395000|8.2725388900|8.3018395000|426200|3616688.0000|8.3018395000
10400000|8.3018395000|8.3116063700|8.2920726300|8.2920726300|527700|4483712.0000|8.2920726300
10450000|8.2920726300|8.2920726300|8.2725388900|8.2823057600|377800|3202752.0000|8.2823057600
10500000|8.2823057600|8.2920726300|8.2725388900|8.2823057600|921300|7806880.0000|8.2823057600
10550000|8.2725388900|8.2823057600|8.2725388900|8.2823057600|179300|1519584.0000|8.2823057600
11000000|8.2823057600|8.2823057600|8.2627720200|8.2725388900|991500|8391632.0000|8.2725388900
11050000|8.2725388900|8.2823057600|8.2627720200|8.2725388900|512100|4336288.0000|8.2725388900
11100000|8.2823057600|8.2920726300|8.2725388900|8.2823057600|585000|4958816.0000|8.2823057600
11150000|8.2920726300|8.3018395000|8.2725388900|8.2725388900|752800|6381664.0000|8.2725388900
11200000|8.2725388900|8.2920726300|8.2725388900|8.2725388900|291100|2468448.0000|8.2725388900
11250000|8.2725388900|8.2823057600|8.2627720200|8.2627720200|428600|3629888.0000|8.2627720200
11300000|8.2725388900|8.2725388900|8.2530051500|8.2627720200|875400|7403712.0000|8.2627720200
13050000|8.2725388900|8.2725388900|8.2432382800|8.2627720200|2139600|18082144.0000|8.2627720200
13100000|8.2725388900|8.2725388900|8.2530051500|8.2530051500|311400|2633504.0000|8.2530051500
13150000|8.2530051500|8.2725388900|8.2530051500|8.2725388900|913100|7718048.0000|8.2725388900
13200000|8.2627720200|8.2725388900|8.2530051500|8.2627720200|622000|5259456.0000|8.2627720200
13250000|8.2627720200|8.2627720200|8.2530051500|8.2627720200|713600|6032736.0000|8.2627720200
13300000|8.2627720200|8.2627720200|8.2530051500|8.2627720200|313900|2653024.0000|8.2627720200
13350000|8.2627720200|8.2725388900|8.2530051500|8.2627720200|818900|6922432.0000|8.2627720200
13400000|8.2530051500|8.2627720200|8.2432382800|8.2530051500|502900|4249984.0000|8.2530051500
13450000|8.2627720200|8.2627720200|8.2530051500|8.2530051500|717100|6061504.0000|8.2530051500
13500000|8.2627720200|8.2627720200|8.2334714100|8.2432382800|2064900|17431616.0000|8.2432382800
13550000|8.2432382800|8.2530051500|8.2432382800|8.2530051500|478000|4035648.0000|8.2530051500
14000000|8.2432382800|8.2627720200|8.2432382800|8.2627720200|536200|4531232.0000|8.2627720200
14050000|8.2627720200|8.2725388900|8.2530051500|8.2627720200|483000|4086816.0000|8.2627720200
14100000|8.2627720200|8.2823057600|8.2627720200|8.2823057600|648200|5491328.0000|8.2823057600
14150000|8.2823057600|8.3018395000|8.2823057600|8.3018395000|868400|7374464.0000|8.3018395000
14200000|8.3018395000|8.3213732400|8.3018395000|8.3116063700|769300|6545952.0000|8.3116063700
14250000|8.3116063700|8.3213732400|8.3018395000|8.3116063700|665700|5666976.0000|8.3116063700
14300000|8.3116063700|8.3116063700|8.3018395000|8.3116063700|323500|2751776.0000|8.3116063700
14350000|8.3116063700|8.3213732400|8.3018395000|8.3213732400|535900|4560768.0000|8.3213732400
14400000|8.3116063700|8.3311401100|8.3116063700|8.3311401100|1165200|9933280.0000|8.3311401100
14450000|8.3213732400|8.3506738500|8.3213732400|8.3506738500|1797000|15354912.0000|8.3506738500
14500000|8.3506738500|8.3506738500|8.3409069800|8.3409069800|608600|5200544.0000|8.3409069800
14550000|8.3409069800|8.3506738500|8.3311401100|8.3409069800|1306100|11157344.0000|8.3409069800
15000000|8.3409069800|8.3604407200|8.3311401100|8.3506738500|762400|6515392.0000|8.3506738500
