09350000|14.4717371300|14.4817107600|14.3221326800|14.4218689800|694800|10036332.0000|14.4218689800
09400000|14.4318426100|14.5016580200|14.3720008300|14.4717371300|480000|6952580.0000|14.4717371300
09450000|14.4817107600|14.5016580200|14.4318426100|14.4916843900|273500|3968212.0000|14.4916843900
09500000|14.4916843900|14.5614998000|14.4418162400|14.5614998000|386800|5626706.0000|14.5614998000
09550000|14.5614998000|14.6612361000|14.5315789100|14.6512624700|786200|11508916.0000|14.6512624700
10000000|14.6412888400|14.6612361000|14.5714734300|14.5714734300|667000|9786908.0000|14.5714734300
10050000|14.5714734300|14.6811833600|14.5714734300|14.5814470600|568900|8344372.0000|14.5814470600
10100000|14.5814470600|14.6013943200|14.5216052800|14.5415525400|366700|5357980.0000|14.5415525400
10150000|14.5415525400|14.5614998000|14.4617635000|14.4817107600|345800|5034516.0000|14.4817107600
10200000|14.5016580200|14.5016580200|14.4617635000|14.4717371300|120300|1746832.0000|14.4717371300
10250000|14.4817107600|14.5216052800|14.4817107600|14.5116316500|81700|1187160.0000|14.5116316500
10300000|14.5116316500|14.5116316500|14.4916843900|14.5116316500|102900|1496840.0000|14.5116316500
10350000|14.5315789100|14.5714734300|14.5116316500|14.5216052800|146200|2132136.0000|14.5216052800
10400000|14.5116316500|14.5415525400|14.4817107600|14.5415525400|160200|2329968.0000|14.5415525400
10450000|14.5415525400|14.6412888400|14.5415525400|14.6113679500|143100|2094176.0000|14.6113679500
10500000|14.6113679500|14.6113679500|14.5614998000|14.5614998000|48200|705320.0000|14.5614998000
10550000|14.5614998000|14.6113679500|14.5515261700|14.6113679500|104800|1531928.0000|14.6113679500
11000000|14.6113679500|14.6113679500|14.5714734300|14.5714734300|70700|1034984.0000|14.5714734300
11050000|14.5714734300|14.6113679500|14.5614998000|14.5614998000|85500|1250032.0000|14.5614998000
11100000|14.5614998000|14.6113679500|14.5515261700|14.5614998000|94600|1383184.0000|14.5614998000
11150000|14.5614998000|14.5614998000|14.5116316500|14.5216052800|27200|396296.0000|14.5216052800
11200000|14.5216052800|14.5515261700|14.5116316500|14.5415525400|60600|882896.0000|14.5415525400
11250000|14.5415525400|14.5614998000|14.5216052800|14.5515261700|60500|881888.0000|14.5515261700
11300000|14.5515261700|14.5614998000|14.5016580200|14.5216052800|94900|1384200.0000|14.5216052800
13050000|14.5315789100|14.5315789100|14.4617635000|14.4817107600|213900|3105512.0000|14.4817107600
13100000|14.4817107600|14.5614998000|14.4517898700|14.5614998000|625300|9113168.0000|14.5614998000
13150000|14.5614998000|14.5814470600|14.4916843900|14.5714734300|277000|4043576.0000|14.5714734300
13200000|14.6013943200|14.6013943200|14.5116316500|14.5216052800|181200|2648936.0000|14.5216052800
13250000|14.5216052800|14.5315789100|14.5116316500|14.5216052800|37800|550304.0000|14.5216052800
13300000|14.5216052800|14.5216052800|14.4916843900|14.5016580200|35300|513600.0000|14.5016580200
13350000|14.4916843900|14.5016580200|14.4617635000|14.4916843900|72700|1055496.0000|14.4916843900
13400000|14.4916843900|14.4916843900|14.4517898700|14.4916843900|141200|2049096.0000|14.4916843900
13450000|14.4916843900|14.5016580200|14.4717371300|14.4717371300|49400|717720.0000|14.4717371300
13500000|14.4817107600|14.5614998000|14.4817107600|14.5614998000|120400|1753912.0000|14.5614998000
13550000|14.5614998000|14.6013943200|14.5515261700|14.5614998000|155900|2277776.0000|14.5614998000
14000000|14.5614998000|14.5614998000|14.5116316500|14.5614998000|95500|1392504.0000|14.5614998000
14050000|14.5614998000|14.5614998000|14.5216052800|14.5315789100|83900|1223616.0000|14.5315789100
14100000|14.5415525400|14.5714734300|14.5116316500|14.5614998000|128100|1867904.0000|14.5614998000
14150000|14.5614998000|14.5714734300|14.5415525400|14.5714734300|51300|748736.0000|14.5714734300
14200000|14.5714734300|14.6013943200|14.5614998000|14.5814470600|128300|1875784.0000|14.5814470600
14250000|14.5814470600|14.6013943200|14.5614998000|14.5814470600|237000|3463720.0000|14.5814470600
14300000|14.5814470600|14.6013943200|14.5415525400|14.5614998000|304900|4455616.0000|14.5614998000
14350000|14.5614998000|14.5914206900|14.5415525400|14.5614998000|275900|4029504.0000|14.5614998000
14400000|14.5714734300|14.5914206900|14.5515261700|14.5914206900|182400|2664936.0000|14.5914206900
14450000|14.5914206900|14.6213415800|14.5714734300|14.6213415800|269400|3943904.0000|14.6213415800
14500000|14.6213415800|14.6213415800|14.5614998000|14.5614998000|305300|4467584.0000|14.5614998000
14550000|14.5714734300|14.6013943200|14.5614998000|14.5914206900|180800|2642608.0000|14.5914206900
15000000|14.5914206900|14.5914206900|14.5515261700|14.5614998000|327000|4777888.0000|14.5614998000
