09350000|14.3321063100|14.6412888400|14.3321063100|14.5415525400|855806|12414084.2200|14.5415525400
09400000|14.5415525400|14.6113679500|14.4916843900|14.5216052800|587700|8573939.0000|14.5216052800
09450000|14.5315789100|14.5914206900|14.5216052800|14.5315789100|292100|4261308.0000|14.5315789100
09500000|14.5216052800|14.5315789100|14.4817107600|14.5016580200|224000|3258113.0000|14.5016580200
09550000|14.5016580200|14.5614998000|14.5016580200|14.5315789100|172900|2518827.0000|14.5315789100
10000000|14.5315789100|14.6113679500|14.5216052800|14.5515261700|274700|4010229.0000|14.5515261700
10050000|14.5515261700|14.7111042500|14.5515261700|14.6412888400|410900|6028431.0000|14.6412888400
10100000|14.6412888400|14.6512624700|14.6013943200|14.6412888400|102300|1500206.0000|14.6412888400
10150000|14.6412888400|14.7111042500|14.6313152100|14.6811833600|291200|4280462.0000|14.6811833600
10200000|14.6811833600|14.7410251400|14.6313152100|14.7410251400|459664|6764704.8000|14.7410251400
10250000|14.7410251400|14.7410251400|14.6412888400|14.6512624700|188700|2781093.0000|14.6512624700
10300000|14.6512624700|14.7111042500|14.6313152100|14.6712097300|92100|1353644.0000|14.6712097300
10350000|14.6712097300|14.7410251400|14.6612361000|14.7011306200|123400|1818047.0000|14.7011306200
10400000|14.7111042500|14.7111042500|14.6313152100|14.6313152100|92800|1364834.0000|14.6313152100
10450000|14.6412888400|14.6612361000|14.6113679500|14.6412888400|78000|1144770.0000|14.6412888400
10500000|14.6313152100|14.6313152100|14.5914206900|14.6013943200|163600|2396510.0000|14.6013943200
10550000|14.6013943200|14.6113679500|14.5814470600|14.6013943200|40200|588330.0000|14.6013943200
11000000|14.6113679500|14.6512624700|14.5814470600|14.6412888400|175200|2565426.0000|14.6412888400
11050000|14.6412888400|14.6412888400|14.6313152100|14.6313152100|52300|767355.0000|14.6313152100
11100000|14.6412888400|14.6412888400|14.6113679500|14.6113679500|72600|1064845.0000|14.6113679500
11150000|14.6113679500|14.6412888400|14.6113679500|14.6412888400|60310|884334.6000|14.6412888400
11200000|14.6412888400|14.6412888400|14.6213415800|14.6412888400|60100|881697.0000|14.6412888400
11250000|14.6313152100|14.6412888400|14.6313152100|14.6313152100|35400|519398.0000|14.6313152100
11300000|14.6412888400|14.6512624700|14.6213415800|14.6313152100|62728|920645.4800|14.6313152100
13050000|14.6213415800|14.6512624700|14.5814470600|14.6013943200|273400|4006464.7200|14.6013943200
13100000|14.6013943200|14.6013943200|14.5614998000|14.5914206900|117700|1720703.0000|14.5914206900
13150000|14.5814470600|14.5914206900|14.5315789100|14.5415525400|136600|1994633.0000|14.5415525400
13200000|14.5515261700|14.5614998000|14.5216052800|14.5415525400|410600|5986803.0000|14.5415525400
13250000|14.5415525400|14.6013943200|14.5415525400|14.5515261700|104600|1528076.0000|14.5515261700
13300000|14.5515261700|14.5614998000|14.5315789100|14.5515261700|55000|802401.0000|14.5515261700
13350000|14.5415525400|14.5714734300|14.5315789100|14.5515261700|101900|1486374.0000|14.5515261700
13400000|14.5515261700|14.5614998000|14.5415525400|14.5614998000|121000|1765380.0000|14.5614998000
13450000|14.5515261700|14.5814470600|14.5515261700|14.5614998000|56000|818018.0000|14.5614998000
13500000|14.5614998000|14.5914206900|14.5614998000|14.5814470600|53200|777811.0000|14.5814470600
13550000|14.5814470600|14.6612361000|14.5814470600|14.6113679500|108600|1590290.0000|14.6113679500
14000000|14.6113679500|14.6313152100|14.6013943200|14.6113679500|70900|1039003.0000|14.6113679500
14050000|14.6113679500|14.6113679500|14.5614998000|14.5714734300|93000|1360363.0000|14.5714734300
14100000|14.5714734300|14.5914206900|14.5415525400|14.5714734300|160200|2339363.0000|14.5714734300
14150000|14.5714734300|14.5714734300|14.5415525400|14.5714734300|120600|1759712.0000|14.5714734300
14200000|14.5714734300|14.5814470600|14.5515261700|14.5714734300|170500|2488887.0000|14.5714734300
14250000|14.5714734300|14.5714734300|14.5315789100|14.5515261700|151800|2214154.0000|14.5515261700
14300000|14.5515261700|14.5714734300|14.5116316500|14.5116316500|192300|2803463.0000|14.5116316500
14350000|14.5216052800|14.5216052800|14.4817107600|14.4817107600|267800|3893360.0000|14.4817107600
14400000|14.4817107600|14.4916843900|14.4617635000|14.4817107600|272000|3948772.0000|14.4817107600
14450000|14.4916843900|14.5116316500|14.4617635000|14.4717371300|339000|4923825.0000|14.4717371300
14500000|14.4617635000|14.4916843900|14.4617635000|14.4817107600|268200|3892530.0000|14.4817107600
14550000|14.4717371300|14.4817107600|14.4617635000|14.4817107600|219900|3189745.0000|14.4817107600
15000000|14.4817107600|14.4916843900|14.4418162400|14.4916843900|245300|3559356.0000|14.4916843900
