09350000|12.7163782500|12.8460354400|12.7064046200|12.7562727700|467100|5971585.0000|12.7562727700
09400000|12.7562727700|12.7762200300|12.7163782500|12.7462991400|257900|3297459.0000|12.7462991400
09450000|12.7462991400|12.7662464000|12.7263518800|12.7263518800|91600|1170820.0000|12.7263518800
09500000|12.7263518800|12.7263518800|12.6864573600|12.6964309900|221400|2819220.0000|12.6964309900
09550000|12.6964309900|12.7064046200|12.6864573600|12.6964309900|115600|1471243.0000|12.6964309900
10000000|12.6964309900|12.7363255100|12.6964309900|12.7363255100|121800|1552247.0000|12.7363255100
10050000|12.7462991400|12.7462991400|12.7163782500|12.7263518800|27500|351015.0000|12.7263518800
10100000|12.7263518800|12.7363255100|12.7163782500|12.7163782500|31700|404439.0000|12.7163782500
10150000|12.7263518800|12.7363255100|12.7163782500|12.7163782500|39100|498840.0000|12.7163782500
10200000|12.7163782500|12.7263518800|12.7163782500|12.7163782500|48100|613352.0000|12.7163782500
10250000|12.7163782500|12.7163782500|12.6964309900|12.7064046200|75500|961614.0000|12.7064046200
10300000|12.7064046200|12.7064046200|12.6864573600|12.6964309900|107700|1371048.0000|12.6964309900
10350000|12.6964309900|12.7064046200|12.6864573600|12.6964309900|49400|628856.0000|12.6964309900
10400000|12.6964309900|12.7064046200|12.6964309900|12.6964309900|33800|430368.0000|12.6964309900
10450000|12.6964309900|12.7064046200|12.6964309900|12.6964309900|58300|742190.0000|12.6964309900
10500000|12.7064046200|12.7064046200|12.6764837300|12.6864573600|143500|1824954.0000|12.6864573600
10550000|12.6864573600|12.6864573600|12.6665101000|12.6764837300|240200|3052016.0000|12.6764837300
11000000|12.6764837300|12.6864573600|12.6665101000|12.6864573600|47200|599964.0000|12.6864573600
11050000|12.6864573600|12.6864573600|12.6665101000|12.6764837300|45200|574508.0000|12.6764837300
11100000|12.6764837300|12.6864573600|12.6764837300|12.6864573600|43300|550398.0000|12.6864573600
11150000|12.6764837300|12.6864573600|12.6764837300|12.6864573600|43200|549370.0000|12.6864573600
11200000|12.6764837300|12.6964309900|12.6764837300|12.6864573600|34700|441266.0000|12.6864573600
11250000|12.6864573600|12.6864573600|12.6764837300|12.6764837300|31100|395398.0000|12.6764837300
11300000|12.6764837300|12.6864573600|12.6764837300|12.6764837300|27000|343296.0000|12.6764837300
13050000|12.6864573600|12.6864573600|12.6465628400|12.6465628400|264900|3364932.0000|12.6465628400
13100000|12.6565364700|12.6565364700|12.6365892100|12.6365892100|96000|1217312.0000|12.6365892100
13150000|12.6365892100|12.6465628400|12.6365892100|12.6465628400|57100|723504.0000|12.6465628400
13200000|12.6465628400|12.6465628400|12.6266155800|12.6365892100|47300|599448.0000|12.6365892100
13250000|12.6465628400|12.6665101000|12.6365892100|12.6565364700|62600|793776.0000|12.6565364700
13300000|12.6565364700|12.6565364700|12.6465628400|12.6465628400|22500|285388.0000|12.6465628400
13350000|12.6565364700|12.6565364700|12.6365892100|12.6465628400|41000|520088.0000|12.6465628400
13400000|12.6565364700|12.6665101000|12.6465628400|12.6565364700|9900|125620.0000|12.6565364700
13450000|12.6565364700|12.6864573600|12.6465628400|12.6864573600|109200|1386624.0000|12.6864573600
13500000|12.6665101000|12.7064046200|12.6665101000|12.6864573600|81100|1031916.0000|12.6864573600
13550000|12.6864573600|12.7064046200|12.6665101000|12.7064046200|40700|517732.0000|12.7064046200
14000000|12.6964309900|12.7163782500|12.6565364700|12.6565364700|119100|1516536.0000|12.6565364700
14050000|12.6665101000|12.6764837300|12.6565364700|12.6665101000|42100|534712.0000|12.6665101000
14100000|12.6665101000|12.6964309900|12.6665101000|12.6964309900|84300|1071624.0000|12.6964309900
14150000|12.6665101000|12.6764837300|12.6565364700|12.6565364700|113800|1445680.0000|12.6565364700
14200000|12.6565364700|12.6764837300|12.6565364700|12.6665101000|55400|703296.0000|12.6665101000
14250000|12.6764837300|12.6764837300|12.6565364700|12.6565364700|30700|389904.0000|12.6565364700
14300000|12.6565364700|12.6764837300|12.6565364700|12.6665101000|41500|527028.0000|12.6665101000
14350000|12.6665101000|12.6764837300|12.6565364700|12.6665101000|110100|1398392.0000|12.6665101000
14400000|12.6565364700|12.6665101000|12.6465628400|12.6465628400|46800|593948.0000|12.6465628400
14450000|12.6565364700|12.6565364700|12.6465628400|12.6465628400|60600|768692.0000|12.6465628400
14500000|12.6465628400|12.6565364700|12.6465628400|12.6465628400|117900|1495052.0000|12.6465628400
14550000|12.6465628400|12.6565364700|12.6166419500|12.6266155800|328500|4161600.0000|12.6266155800
15000000|12.6266155800|12.6465628400|12.6266155800|12.6465628400|125900|1595896.0000|12.6465628400
