093500|14.0600|14.2700|13.9900|14.2200|2906900|40992424.0000|14.2200
094000|14.2200|14.3800|14.1300|14.2200|2526900|35934316.0000|14.2200
094500|14.2200|14.2500|14.0600|14.0800|1904900|26924312.0000|14.0800
095000|14.0800|14.1500|13.9900|14.1000|1711000|24013048.0000|14.1000
095500|14.1000|14.1500|14.0400|14.1200|756200|10649120.0000|14.1200
100000|14.1200|14.2000|14.1000|14.1600|700500|9905984.0000|14.1600
100500|14.1600|14.2200|14.1400|14.1500|670700|9517440.0000|14.1500
101000|14.1500|14.1600|14.1000|14.1100|914000|12914160.0000|14.1100
101500|14.1100|14.3000|14.1000|14.2100|1298600|18398000.0000|14.2100
102000|14.2100|14.3000|14.1400|14.1600|1249100|17749264.0000|14.1600
102500|14.1600|14.2100|14.1000|14.1000|661200|9354416.0000|14.1000
103000|14.1000|14.2000|14.1000|14.1300|442900|6268928.0000|14.1300
103500|14.1300|14.2400|14.1300|14.1900|626700|8896064.0000|14.1900
104000|14.1900|14.1900|14.1200|14.1300|535000|7566112.0000|14.1300
104500|14.1400|14.2200|14.1400|14.2000|742900|10539088.0000|14.2000
105000|14.2000|14.2900|14.1900|14.2600|876000|12480720.0000|14.2600
105500|14.2600|14.3300|14.2400|14.3000|1327100|18960784.0000|14.3000
110000|14.3000|14.3300|14.2500|14.3300|594100|8492544.0000|14.3300
110500|14.3300|14.3400|14.2300|14.2600|679600|9702240.0000|14.2600
111000|14.2600|14.2600|14.0500|14.0900|986000|13918912.0000|14.0900
111500|14.0900|14.1200|13.9900|14.0200|1145300|16074016.0000|14.0200
112000|14.0200|14.2400|13.9900|14.2400|691600|9739616.0000|14.2400
112500|14.2400|14.4700|14.2400|14.3600|2539800|36534112.0000|14.3600
113000|14.3600|14.3900|14.2300|14.2400|569200|8145888.0000|14.2400
130500|14.2400|14.2600|14.1900|14.2300|698000|9923232.0000|14.2300
131000|14.2300|14.2300|14.1100|14.1100|683600|9690720.0000|14.1100
131500|14.1000|14.1500|14.1000|14.1300|245000|3461408.0000|14.1300
132000|14.1400|14.1500|14.0800|14.0800|418100|5901536.0000|14.0800
132500|14.0800|14.0900|14.0500|14.0600|480000|6756032.0000|14.0600
133000|14.0600|14.1000|14.0500|14.0700|306500|4314304.0000|14.0700
133500|14.0700|14.1200|14.0700|14.1100|325000|4580032.0000|14.1100
134000|14.1200|14.1700|14.0800|14.1700|439300|6205440.0000|14.1700
134500|14.1700|14.1800|14.1100|14.1200|266500|3768576.0000|14.1200
135000|14.1200|14.2100|14.1200|14.2100|276500|3915680.0000|14.2100
135500|14.2100|14.2400|14.1900|14.2200|301400|4283712.0000|14.2200
140000|14.2200|14.2300|14.1800|14.2000|275800|3917952.0000|14.2000
140500|14.2000|14.2000|14.1300|14.1500|189900|2689600.0000|14.1500
141000|14.1400|14.1600|14.1100|14.1300|339200|4794880.0000|14.1300
141500|14.1400|14.1700|14.1300|14.1500|213600|3021280.0000|14.1500
142000|14.1700|14.1800|14.1000|14.1300|372400|5266880.0000|14.1300
142500|14.1300|14.1300|14.0900|14.0900|230600|3253088.0000|14.0900
143000|14.0900|14.1000|14.0100|14.0100|625300|8785824.0000|14.0100
143500|14.0100|14.0400|13.9800|14.0000|811400|11363776.0000|14.0000
144000|14.0000|14.0200|13.9600|13.9600|578100|8089344.0000|13.9600
144500|13.9600|13.9800|13.8500|13.8600|909400|12666240.0000|13.8600
145000|13.8600|13.8800|13.8000|13.8800|1250800|17304512.0000|13.8800
145500|13.8800|13.9000|13.8600|13.8800|662100|9190592.0000|13.8800
150000|13.8800|13.9200|13.8800|13.9200|563000|7828160.0000|13.9200
