09350000|25.2285510400|25.4034793600|25.1119321600|25.4034793600|66700|1737433.0000|25.4034793600
09400000|25.4034793600|25.5395347200|25.3840428800|25.4812252800|64600|1692296.0000|25.4812252800
09450000|25.4909435200|25.6075624000|25.4909435200|25.5784076800|53600|1408530.0000|25.5784076800
09500000|25.5784076800|25.6853083200|25.5686894400|25.6172806400|61000|1609733.0000|25.6172806400
09550000|25.6172806400|25.6172806400|25.5103800000|25.5589712000|26400|694264.0000|25.5589712000
10000000|25.5589712000|25.6075624000|25.5589712000|25.5784076800|11900|313351.0000|25.5784076800
10050000|25.5784076800|25.5784076800|25.5395347200|25.5492529600|23700|623338.0000|25.5492529600
10100000|25.5492529600|25.5978441600|25.5298164800|25.5978441600|18500|486537.0000|25.5978441600
10150000|25.5978441600|25.5978441600|25.5492529600|25.5881259200|8600|226215.0000|25.5881259200
10200000|25.5881259200|25.6269988800|25.5686894400|25.6269988800|17800|468731.0000|25.6269988800
10250000|25.6269988800|25.7338995200|25.6269988800|25.6464353600|34000|898558.0000|25.6464353600
10300000|25.6464353600|25.6950265600|25.6367171200|25.6464353600|6800|179493.0000|25.6464353600
10350000|25.6367171200|25.6464353600|25.6269988800|25.6269988800|19800|522253.0000|25.6269988800
10400000|25.6269988800|25.6464353600|25.6172806400|25.6464353600|5600|147752.0000|25.6464353600
10450000|25.6464353600|25.6950265600|25.6269988800|25.6755900800|14900|393340.0000|25.6755900800
10500000|25.6755900800|25.6853083200|25.6075624000|25.6172806400|22000|581039.0000|25.6172806400
10550000|25.6172806400|25.6755900800|25.6172806400|25.6561536000|12900|340625.0000|25.6561536000
11000000|25.6561536000|25.6853083200|25.6561536000|25.6853083200|12200|322384.0000|25.6853083200
11050000|25.6853083200|25.6853083200|25.6464353600|25.6464353600|19000|501649.0000|25.6464353600
11100000|25.6464353600|25.6561536000|25.6367171200|25.6561536000|15000|395885.0000|25.6561536000
11150000|25.6561536000|25.6658718400|25.6464353600|25.6561536000|11600|306211.0000|25.6561536000
11200000|25.6561536000|25.6658718400|25.6464353600|25.6561536000|16300|430323.0000|25.6561536000
11250000|25.6561536000|25.6853083200|25.6561536000|25.6853083200|7500|198084.0000|25.6853083200
11300000|25.6853083200|25.6853083200|25.6658718400|25.6853083200|5300|140051.0000|25.6853083200
13050000|25.6755900800|25.8310819200|25.6755900800|25.7630542400|60400|1600472.0000|25.7630542400
13100000|25.7630542400|25.7922089600|25.7047448000|25.7047448000|25200|667944.0000|25.7047448000
13150000|25.6755900800|25.7824907200|25.6755900800|25.7824907200|11000|291275.0000|25.7824907200
13200000|25.7824907200|25.7824907200|25.7144630400|25.7533360000|30000|795382.0000|25.7533360000
13250000|25.7533360000|25.7533360000|25.7241812800|25.7241812800|5200|137737.0000|25.7241812800
13300000|25.7241812800|25.7727724800|25.7241812800|25.7727724800|12300|325840.0000|25.7727724800
13350000|25.7727724800|25.7727724800|25.5881259200|25.5881259200|40300|1064750.0000|25.5881259200
13400000|25.5881259200|25.6075624000|25.3743246400|25.3743246400|66200|1739882.0000|25.3743246400
13450000|25.3743246400|25.5103800000|25.3743246400|25.4617888000|29500|772021.0000|25.4617888000
13500000|25.4617888000|25.5103800000|25.4617888000|25.5103800000|5100|133828.0000|25.5103800000
13550000|25.5103800000|25.5298164800|25.5103800000|25.5103800000|12600|330798.0000|25.5103800000
14000000|25.5200982400|25.6172806400|25.5200982400|25.5978441600|20400|537233.0000|25.5978441600
14050000|25.5978441600|25.5978441600|25.5589712000|25.5978441600|10500|276380.0000|25.5978441600
14100000|25.5978441600|25.6075624000|25.5784076800|25.5784076800|9600|252840.0000|25.5784076800
14150000|25.5784076800|25.5784076800|25.5492529600|25.5589712000|13200|347159.0000|25.5589712000
14200000|25.5589712000|25.5784076800|25.5492529600|25.5784076800|5800|152568.0000|25.5784076800
14250000|25.5784076800|25.6075624000|25.5492529600|25.5978441600|22500|591980.0000|25.5978441600
14300000|25.5978441600|25.5978441600|25.5784076800|25.5881259200|10100|265947.0000|25.5881259200
14350000|25.5881259200|25.6561536000|25.5784076800|25.6561536000|21100|555930.0000|25.6561536000
14400000|25.6561536000|25.6950265600|25.6561536000|25.6950265600|15500|409493.0000|25.6950265600
14450000|25.6950265600|25.6950265600|25.6658718400|25.6853083200|18200|480981.0000|25.6853083200
14500000|25.6853083200|25.7047448000|25.6755900800|25.6950265600|27800|735045.0000|25.6950265600
14550000|25.6853083200|25.7047448000|25.6755900800|25.6755900800|47800|1263615.0000|25.6755900800
15000000|25.6755900800|25.6950265600|25.6755900800|25.6853083200|31300|827293.0000|25.6853083200
