09350000|24.0995055000|24.2686597500|24.0597045000|24.0796050000|486700|11826954.0000|24.0796050000
09400000|24.0597045000|24.3383115000|24.0597045000|24.2786100000|226700|5517790.0000|24.2786100000
09450000|24.3184110000|24.3184110000|24.2288587500|24.2786100000|158500|3868476.0000|24.2786100000
09500000|24.2786100000|24.3582120000|24.1890577500|24.1890577500|228300|5569652.0000|24.1890577500
09550000|24.1492567500|24.2985105000|24.1393065000|24.2985105000|127100|3091752.0000|24.2985105000
10000000|24.2985105000|24.4776150000|24.2985105000|24.4179135000|218300|5354684.0000|24.4179135000
10050000|24.4179135000|24.6567195000|24.3880627500|24.6567195000|210700|5181732.0000|24.6567195000
10100000|24.6467692500|24.6467692500|24.5373165000|24.6069682500|224800|5558852.0000|24.6069682500
10150000|24.6169185000|24.6169185000|24.4975155000|24.5572170000|94800|2339344.0000|24.5572170000
10200000|24.5771175000|24.6567195000|24.5771175000|24.6567195000|183500|4539756.0000|24.6567195000
10250000|24.6666697500|24.6666697500|24.6069682500|24.6368190000|114400|2832228.0000|24.6368190000
10300000|24.6368190000|24.6368190000|24.5273662500|24.5970180000|108200|2673108.0000|24.5970180000
10350000|24.5970180000|24.6069682500|24.4079632500|24.4079632500|113300|2792024.0000|24.4079632500
10400000|24.4477642500|24.5273662500|24.4079632500|24.5174160000|57300|1409856.0000|24.5174160000
10450000|24.5273662500|24.5771175000|24.5273662500|24.5671672500|56400|1391896.0000|24.5671672500
10500000|24.5671672500|24.6766200000|24.5671672500|24.6666697500|84200|2083356.0000|24.6666697500
10550000|24.6766200000|24.7064707500|24.6666697500|24.6766200000|81200|2014280.0000|24.6766200000
11000000|24.6666697500|24.6965205000|24.5870677500|24.5870677500|50900|1261960.0000|24.5870677500
11050000|24.5870677500|24.5970180000|24.5174160000|24.5870677500|119200|2942000.0000|24.5870677500
11100000|24.5671672500|24.6567195000|24.5373165000|24.6467692500|114400|2824952.0000|24.6467692500
11150000|24.6467692500|24.6965205000|24.6467692500|24.6567195000|89200|2211608.0000|24.6567195000
11200000|24.6567195000|24.6567195000|24.5870677500|24.5870677500|53100|1314384.0000|24.5870677500
11250000|24.5870677500|24.6467692500|24.5373165000|24.6268687500|89200|2203856.0000|24.6268687500
11300000|24.6368190000|24.8756250000|24.5771175000|24.6368190000|253700|6311656.0000|24.6368190000
13050000|24.6766200000|25.3034857500|24.6467692500|25.2636847500|913800|22979720.0000|25.2636847500
13100000|25.2736350000|25.5223912500|25.1343315000|25.1343315000|694800|17709264.0000|25.1343315000
13150000|25.1343315000|26.3582122500|25.0746300000|26.3582122500|1372200|35745872.0000|26.3582122500
13200000|26.3582122500|26.3582122500|25.7810977500|25.9701525000|1221800|32220720.0000|25.9701525000
13250000|25.9701525000|25.9701525000|25.5820927500|25.6218937500|496600|12836752.0000|25.6218937500
13300000|25.6218937500|25.6218937500|25.4328390000|25.4925405000|303400|7781552.0000|25.4925405000
13350000|25.5124410000|25.5124410000|25.1940330000|25.2537345000|339000|8618736.0000|25.2537345000
13400000|25.2437842500|25.3233862500|25.2338340000|25.3134360000|213700|5423248.0000|25.3134360000
13450000|25.3532370000|25.4129385000|25.2835852500|25.4129385000|160500|4089760.0000|25.4129385000
13500000|25.4228887500|25.6915455000|25.3731375000|25.3830877500|174900|4487936.0000|25.3830877500
13550000|25.3930380000|25.4129385000|25.2537345000|25.3830877500|151900|3866832.0000|25.3830877500
14000000|25.3830877500|25.5522420000|25.3731375000|25.3830877500|150000|3841968.0000|25.3830877500
14050000|25.3830877500|25.4925405000|25.3631872500|25.4427892500|137200|3507648.0000|25.4427892500
14100000|25.4427892500|25.4427892500|25.2039832500|25.2139335000|174900|4446272.0000|25.2139335000
14150000|25.2139335000|25.2437842500|25.1243812500|25.1243812500|172200|4360928.0000|25.1243812500
14200000|25.1243812500|25.1243812500|25.0845802500|25.1243812500|83300|2100736.0000|25.1243812500
14250000|25.1144310000|25.1243812500|25.0746300000|25.1243812500|139900|3530592.0000|25.1243812500
14300000|25.1243812500|25.2338340000|25.1243812500|25.2139335000|87600|2218000.0000|25.2139335000
14350000|25.2039832500|25.2039832500|25.1044807500|25.1542320000|106200|2684080.0000|25.1542320000
14400000|25.1442817500|25.1442817500|25.0945305000|25.1144310000|140800|3553392.0000|25.1144310000
14450000|25.1144310000|25.1144310000|25.0348290000|25.0348290000|206000|5191968.0000|25.0348290000
14500000|25.0447792500|25.0447792500|24.9751275000|24.9751275000|198300|4983744.0000|24.9751275000
14550000|24.9751275000|25.0845802500|24.9751275000|25.0746300000|182500|4588672.0000|25.0746300000
15000000|25.0746300000|25.1542320000|25.0746300000|25.1542320000|188100|4750368.0000|25.1542320000
