09350000|4.0557965400|4.0851863700|4.0362033200|4.0753897600|2167059|8968790.0000|4.0753897600
09400000|4.0655931500|4.0753897600|4.0557965400|4.0655931500|1226500|5093026.0000|4.0655931500
09450000|4.0753897600|4.0753897600|4.0459999300|4.0459999300|857571|3554607.0000|4.0459999300
09500000|4.0459999300|4.0557965400|4.0362033200|4.0459999300|936000|3863686.0000|4.0459999300
09550000|4.0459999300|4.0655931500|4.0459999300|4.0655931500|645500|2671053.0000|4.0655931500
10000000|4.0655931500|4.0753897600|4.0459999300|4.0459999300|598900|2484809.0000|4.0459999300
10050000|4.0557965400|4.0655931500|4.0557965400|4.0655931500|176100|729237.0000|4.0655931500
10100000|4.0655931500|4.0655931500|4.0459999300|4.0655931500|411300|1702765.0000|4.0655931500
10150000|4.0655931500|4.0655931500|4.0557965400|4.0557965400|270100|1118903.0000|4.0557965400
10200000|4.0557965400|4.0655931500|4.0459999300|4.0557965400|513300|2121644.0000|4.0557965400
10250000|4.0557965400|4.0557965400|4.0459999300|4.0459999300|159600|659431.0000|4.0459999300
10300000|4.0459999300|4.0655931500|4.0459999300|4.0459999300|432500|1789581.0000|4.0459999300
10350000|4.0557965400|4.0557965400|4.0459999300|4.0459999300|313554|1295488.0000|4.0459999300
10400000|4.0459999300|4.0557965400|4.0459999300|4.0459999300|195800|809046.0000|4.0459999300
10450000|4.0557965400|4.0557965400|4.0362033200|4.0362033200|415446|1715901.0000|4.0362033200
10500000|4.0362033200|4.0557965400|4.0362033200|4.0362033200|444050|1832434.0000|4.0362033200
10550000|4.0459999300|4.0557965400|4.0362033200|4.0557965400|280650|1158271.0000|4.0557965400
11000000|4.0557965400|4.0557965400|4.0362033200|4.0362033200|312100|1288685.0000|4.0362033200
11050000|4.0362033200|4.0459999300|4.0362033200|4.0459999300|149000|614327.0000|4.0459999300
11100000|4.0459999300|4.0459999300|4.0362033200|4.0362033200|337800|1394815.0000|4.0362033200
11150000|4.0362033200|4.0557965400|4.0362033200|4.0459999300|174000|717902.0000|4.0459999300
11200000|4.0459999300|4.0557965400|4.0362033200|4.0557965400|98300|405986.0000|4.0557965400
11250000|4.0557965400|4.0557965400|4.0459999300|4.0557965400|75400|311726.0000|4.0557965400
11300000|4.0557965400|4.0557965400|4.0362033200|4.0362033200|289600|1196276.0000|4.0362033200
13050000|4.0362033200|4.0557965400|4.0362033200|4.0557965400|307600|1272395.0000|4.0557965400
13100000|4.0557965400|4.0753897600|4.0557965400|4.0753897600|818429|3396221.0000|4.0753897600
13150000|4.0753897600|4.0851863700|4.0655931500|4.0753897600|1142000|4751556.0000|4.0753897600
13200000|4.0753897600|4.0851863700|4.0655931500|4.0851863700|614250|2555523.0000|4.0851863700
13250000|4.0851863700|4.0851863700|4.0753897600|4.0851863700|121050|504462.0000|4.0851863700
13300000|4.0851863700|4.0851863700|4.0655931500|4.0655931500|325900|1355631.0000|4.0655931500
13350000|4.0655931500|4.0753897600|4.0655931500|4.0753897600|106500|442873.0000|4.0753897600
13400000|4.0753897600|4.0753897600|4.0655931500|4.0655931500|293400|1220501.0000|4.0655931500
13450000|4.0655931500|4.0753897600|4.0655931500|4.0753897600|115700|481175.0000|4.0753897600
13500000|4.0753897600|4.0753897600|4.0655931500|4.0753897600|161600|671967.0000|4.0753897600
13550000|4.0753897600|4.0753897600|4.0655931500|4.0753897600|157981|656354.0000|4.0753897600
14000000|4.0753897600|4.0753897600|4.0655931500|4.0753897600|89200|370576.0000|4.0753897600
14050000|4.0753897600|4.0753897600|4.0655931500|4.0655931500|527300|2193278.0000|4.0655931500
14100000|4.0655931500|4.0753897600|4.0655931500|4.0753897600|105900|440202.0000|4.0753897600
14150000|4.0753897600|4.0753897600|4.0655931500|4.0753897600|297800|1236322.0000|4.0753897600
14200000|4.0655931500|4.0851863700|4.0655931500|4.0851863700|592600|2464982.0000|4.0851863700
14250000|4.0753897600|4.0851863700|4.0753897600|4.0753897600|261300|1087249.0000|4.0753897600
14300000|4.0753897600|4.0851863700|4.0753897600|4.0753897600|248600|1034834.0000|4.0753897600
14350000|4.0851863700|4.0851863700|4.0753897600|4.0753897600|567500|2362713.0000|4.0753897600
14400000|4.0753897600|4.0851863700|4.0655931500|4.0753897600|322000|1339753.0000|4.0753897600
14450000|4.0851863700|4.0851863700|4.0753897600|4.0851863700|209100|870164.0000|4.0851863700
14500000|4.0851863700|4.0851863700|4.0655931500|4.0753897600|698000|2904895.0000|4.0753897600
14550000|4.0753897600|4.0851863700|4.0655931500|4.0753897600|699850|2911260.0000|4.0753897600
15000000|4.0655931500|4.0851863700|4.0655931500|4.0753897600|478300|1989631.0000|4.0753897600
