09350000|3.9872202700|3.9872202700|3.9186440000|3.9186440000|4122500|16582090.0000|3.9186440000
09400000|3.9186440000|3.9382372200|3.9088473900|3.9186440000|2520983|10096932.0000|3.9186440000
09450000|3.9186440000|3.9382372200|3.9186440000|3.9186440000|1782100|7139218.0000|3.9186440000
09500000|3.9186440000|3.9382372200|3.9088473900|3.9284406100|1729200|6920439.0000|3.9284406100
09550000|3.9284406100|3.9284406100|3.8990507800|3.9088473900|2937700|11729195.0000|3.9088473900
10000000|3.9088473900|3.9186440000|3.8990507800|3.9088473900|1363900|5436225.0000|3.9088473900
10050000|3.9088473900|3.9186440000|3.9088473900|3.9186440000|840300|3357607.0000|3.9186440000
10100000|3.9186440000|3.9284406100|3.9088473900|3.9284406100|827100|3308304.0000|3.9284406100
10150000|3.9284406100|3.9284406100|3.9088473900|3.9088473900|344900|1379829.0000|3.9088473900
10200000|3.9088473900|3.9186440000|3.9088473900|3.9186440000|492600|1966376.0000|3.9186440000
10250000|3.9186440000|3.9284406100|3.9088473900|3.9186440000|942300|3766379.0000|3.9186440000
10300000|3.9186440000|3.9284406100|3.9186440000|3.9284406100|473400|1895913.0000|3.9284406100
10350000|3.9284406100|3.9382372200|3.9186440000|3.9284406100|1025900|4113904.0000|3.9284406100
10400000|3.9284406100|3.9382372200|3.9186440000|3.9382372200|421100|1689815.0000|3.9382372200
10450000|3.9382372200|3.9382372200|3.9284406100|3.9284406100|252900|1014891.0000|3.9284406100
10500000|3.9382372200|3.9382372200|3.9284406100|3.9382372200|184700|741824.0000|3.9382372200
10550000|3.9382372200|3.9382372200|3.9088473900|3.9186440000|1011900|4054213.0000|3.9186440000
11000000|3.9088473900|3.9284406100|3.9088473900|3.9284406100|462400|1847918.0000|3.9284406100
11050000|3.9284406100|3.9284406100|3.9088473900|3.9088473900|838800|3353985.0000|3.9088473900
11100000|3.9088473900|3.9186440000|3.9088473900|3.9088473900|1470300|5869006.0000|3.9088473900
11150000|3.9088473900|3.9186440000|3.9088473900|3.9186440000|742500|2964557.0000|3.9186440000
11200000|3.9088473900|3.9186440000|3.9088473900|3.9088473900|1064600|4249522.0000|3.9088473900
11250000|3.9088473900|3.9186440000|3.9088473900|3.9088473900|368400|1470692.0000|3.9088473900
11300000|3.9186440000|3.9284406100|3.9088473900|3.9284406100|543200|2172027.0000|3.9284406100
13050000|3.9284406100|3.9284406100|3.9186440000|3.9186440000|312400|1250471.0000|3.9186440000
13100000|3.9186440000|3.9284406100|3.9186440000|3.9284406100|286000|1145683.0000|3.9284406100
13150000|3.9284406100|3.9284406100|3.9088473900|3.9186440000|695100|2779981.0000|3.9186440000
13200000|3.9186440000|3.9186440000|3.9088473900|3.9186440000|181196|723909.0000|3.9186440000
13250000|3.9186440000|3.9186440000|3.9088473900|3.9186440000|449300|1796729.0000|3.9186440000
13300000|3.9186440000|3.9284406100|3.9088473900|3.9088473900|535000|2137867.0000|3.9088473900
13350000|3.9088473900|3.9186440000|3.9088473900|3.9088473900|198300|792126.0000|3.9088473900
13400000|3.9088473900|3.9186440000|3.9088473900|3.9186440000|225900|901819.0000|3.9186440000
13450000|3.9186440000|3.9186440000|3.8892541700|3.8892541700|2705404|10779600.0000|3.8892541700
13500000|3.8990507800|3.8990507800|3.8794575600|3.8794575600|1255300|4980923.0000|3.8794575600
13550000|3.8794575600|3.9088473900|3.8794575600|3.8990507800|1172200|4656039.0000|3.8990507800
14000000|3.8990507800|3.9088473900|3.8990507800|3.8990507800|328800|1309358.0000|3.8990507800
14050000|3.8990507800|3.9088473900|3.8892541700|3.8990507800|582544|2317291.0000|3.8990507800
14100000|3.8990507800|3.8990507800|3.8892541700|3.8892541700|368700|1464086.0000|3.8892541700
14150000|3.8892541700|3.8990507800|3.8892541700|3.8892541700|272200|1081932.0000|3.8892541700
14200000|3.8892541700|3.8990507800|3.8892541700|3.8892541700|447100|1779692.0000|3.8892541700
14250000|3.8990507800|3.8990507800|3.8892541700|3.8990507800|236800|941193.0000|3.8990507800
14300000|3.8990507800|3.8990507800|3.8794575600|3.8892541700|1781000|7060544.0000|3.8892541700
14350000|3.8892541700|3.8892541700|3.8696609500|3.8794575600|1688600|6685826.0000|3.8794575600
14400000|3.8794575600|3.8794575600|3.8696609500|3.8794575600|1795900|7101946.0000|3.8794575600
14450000|3.8696609500|3.8892541700|3.8696609500|3.8794575600|1243000|4927600.0000|3.8794575600
14500000|3.8794575600|3.8892541700|3.8794575600|3.8892541700|991408|3931582.0000|3.8892541700
14550000|3.8892541700|3.8990507800|3.8794575600|3.8892541700|1212200|4806941.0000|3.8892541700
15000000|3.8892541700|3.8892541700|3.8794575600|3.8794575600|1353900|5363366.0000|3.8794575600
