09350000|3.9451358900|4.0743217000|3.9451358900|4.0643843300|12136600|49010888.0000|4.0643843300
09400000|4.0643843300|4.0941964400|4.0146974800|4.0146974800|6271800|25596888.0000|4.0146974800
09450000|4.0146974800|4.0445095900|3.9848853700|4.0047601100|5463800|22033168.0000|4.0047601100
09500000|4.0047601100|4.0047601100|3.9451358900|3.9550732600|5721000|22851608.0000|3.9550732600
09550000|3.9550732600|3.9550732600|3.8855116700|3.9451358900|3246900|12802552.0000|3.9451358900
10000000|3.9451358900|3.9650106300|3.9351985200|3.9650106300|2157600|8581568.0000|3.9650106300
10050000|3.9650106300|3.9848853700|3.9451358900|3.9749480000|2213000|8826000.0000|3.9749480000
10100000|3.9749480000|4.0047601100|3.9749480000|3.9848853700|1353600|5428096.0000|3.9848853700
10150000|3.9848853700|3.9848853700|3.9550732600|3.9650106300|947500|3785264.0000|3.9650106300
10200000|3.9650106300|3.9848853700|3.9550732600|3.9848853700|1041200|4157792.0000|3.9848853700
10250000|3.9848853700|4.0146974800|3.9749480000|4.0146974800|1668500|6713984.0000|4.0146974800
10300000|4.0146974800|4.0445095900|4.0146974800|4.0246348500|1509900|6117872.0000|4.0246348500
10350000|4.0246348500|4.0345722200|3.9848853700|4.0146974800|1346500|5432384.0000|4.0146974800
10400000|4.0146974800|4.0146974800|3.9948227400|4.0146974800|797300|3216288.0000|4.0146974800
10450000|4.0146974800|4.0246348500|4.0047601100|4.0246348500|589400|2381664.0000|4.0246348500
10500000|4.0146974800|4.0345722200|4.0047601100|4.0246348500|831200|3365344.0000|4.0246348500
10550000|4.0246348500|4.0643843300|4.0146974800|4.0445095900|1663400|6761408.0000|4.0445095900
11000000|4.0544469600|4.0643843300|4.0445095900|4.0544469600|1033000|4217584.0000|4.0544469600
11050000|4.0544469600|4.0643843300|4.0345722200|4.0345722200|904200|3688944.0000|4.0345722200
11100000|4.0445095900|4.0445095900|4.0146974800|4.0445095900|1184500|4803536.0000|4.0445095900
11150000|4.0445095900|4.0544469600|4.0345722200|4.0544469600|567900|2311328.0000|4.0544469600
11200000|4.0544469600|4.0544469600|4.0345722200|4.0445095900|422000|1718384.0000|4.0445095900
11250000|4.0445095900|4.0544469600|4.0345722200|4.0345722200|556700|2264928.0000|4.0345722200
11300000|4.0345722200|4.0445095900|4.0246348500|4.0345722200|1674700|6802992.0000|4.0345722200
13050000|4.0246348500|4.0842590700|4.0246348500|4.0743217000|3901600|15951968.0000|4.0743217000
13100000|4.0743217000|4.1041338100|4.0643843300|4.0941964400|2680900|11033152.0000|4.0941964400
13150000|4.0941964400|4.1041338100|4.0544469600|4.0643843300|2004900|8240400.0000|4.0643843300
13200000|4.0643843300|4.0842590700|4.0445095900|4.0743217000|2006500|8200208.0000|4.0743217000
13250000|4.0842590700|4.0842590700|4.0643843300|4.0743217000|1009100|4139648.0000|4.0743217000
13300000|4.0743217000|4.0842590700|4.0643843300|4.0743217000|790100|3240816.0000|4.0743217000
13350000|4.0743217000|4.0842590700|4.0643843300|4.0743217000|1028100|4218304.0000|4.0743217000
13400000|4.0743217000|4.0941964400|4.0743217000|4.0941964400|1214100|4984928.0000|4.0941964400
13450000|4.0941964400|4.1041338100|4.0743217000|4.0842590700|1931500|7946272.0000|4.0842590700
13500000|4.0842590700|4.1041338100|4.0743217000|4.0941964400|2111600|8686400.0000|4.0941964400
13550000|4.0941964400|4.1140711800|4.0941964400|4.1041338100|1505100|6216448.0000|4.1041338100
14000000|4.1041338100|4.1240085500|4.1041338100|4.1140711800|1045200|4327072.0000|4.1140711800
14050000|4.1140711800|4.1240085500|4.1041338100|4.1140711800|1105400|4580480.0000|4.1140711800
14100000|4.1140711800|4.1339459200|4.1140711800|4.1339459200|1210600|5029856.0000|4.1339459200
14150000|4.1339459200|4.1438832900|4.1240085500|4.1339459200|732700|3049696.0000|4.1339459200
14200000|4.1339459200|4.1438832900|4.1240085500|4.1240085500|1432600|5962848.0000|4.1240085500
14250000|4.1240085500|4.1240085500|4.0544469600|4.0643843300|2719600|11195872.0000|4.0643843300
14300000|4.0643843300|4.0941964400|4.0445095900|4.0842590700|1884400|7715360.0000|4.0842590700
14350000|4.0842590700|4.0941964400|4.0544469600|4.0643843300|1790500|7339136.0000|4.0643843300
14400000|4.0643843300|4.0743217000|4.0643843300|4.0743217000|902300|3694304.0000|4.0743217000
14450000|4.0743217000|4.0842590700|4.0643843300|4.0842590700|1239700|5086592.0000|4.0842590700
14500000|4.0842590700|4.0941964400|4.0743217000|4.0842590700|1490400|6131808.0000|4.0842590700
14550000|4.0842590700|4.1041338100|4.0842590700|4.0941964400|1900000|7828704.0000|4.0941964400
15000000|4.0941964400|4.1240085500|4.0941964400|4.1240085500|1319000|5463840.0000|4.1240085500
