09350000|27.7100000000|27.7100000000|27.3500000000|27.4600000000|3191400|87750024.0000|27.4600000000
09400000|27.4400000000|27.6000000000|27.4000000000|27.5300000000|1730600|47575880.0000|27.5300000000
09450000|27.5100000000|27.6000000000|27.5100000000|27.5300000000|1197300|33003632.0000|27.5300000000
09500000|27.5500000000|27.5500000000|27.4200000000|27.4200000000|1026300|28189360.0000|27.4200000000
09550000|27.4200000000|27.4300000000|27.3600000000|27.3600000000|1428600|39127360.0000|27.3600000000
10000000|27.3300000000|27.3500000000|27.2600000000|27.2900000000|1799300|49140976.0000|27.2900000000
10050000|27.2900000000|27.3500000000|27.2600000000|27.3400000000|1227300|33483584.0000|27.3400000000
10100000|27.3500000000|27.4100000000|27.3100000000|27.3200000000|670600|18339328.0000|27.3200000000
10150000|27.3300000000|27.3700000000|27.2900000000|27.3700000000|735900|20106624.0000|27.3700000000
10200000|27.3600000000|27.3700000000|27.2300000000|27.2300000000|1196100|32628192.0000|27.2300000000
10250000|27.2300000000|27.2500000000|27.2000000000|27.2400000000|1169300|31821600.0000|27.2400000000
10300000|27.2500000000|27.2700000000|27.2200000000|27.2200000000|722000|19667200.0000|27.2200000000
10350000|27.2100000000|27.2500000000|27.1900000000|27.2500000000|764200|20795456.0000|27.2500000000
10400000|27.2500000000|27.2500000000|27.1600000000|27.1600000000|1211700|32957728.0000|27.1600000000
10450000|27.1600000000|27.1900000000|27.1100000000|27.1300000000|1130200|30664096.0000|27.1300000000
10500000|27.1400000000|27.1700000000|27.1100000000|27.1600000000|707400|19196701.0000|27.1600000000
10550000|27.1600000000|27.1700000000|27.1200000000|27.1500000000|479200|13008318.0000|27.1500000000
11000000|27.1500000000|27.2100000000|27.1200000000|27.2000000000|598900|16268158.0000|27.2000000000
11050000|27.2000000000|27.2400000000|27.1600000000|27.1600000000|438000|11913737.0000|27.1600000000
11100000|27.1800000000|27.1900000000|27.1600000000|27.1900000000|301500|8193088.0000|27.1900000000
11150000|27.1900000000|27.2700000000|27.1900000000|27.2300000000|298400|8125498.0000|27.2300000000
11200000|27.2300000000|27.3000000000|27.2200000000|27.2900000000|366000|9977474.0000|27.2900000000
11250000|27.2800000000|27.3100000000|27.2100000000|27.2100000000|447500|12203710.0000|27.2100000000
11300000|27.2100000000|27.2500000000|27.2100000000|27.2500000000|348700|9491456.0000|27.2500000000
13050000|27.2600000000|27.2600000000|27.1500000000|27.2000000000|697000|18953416.0000|27.2000000000
13100000|27.2100000000|27.2400000000|27.1900000000|27.2300000000|319300|8690945.0000|27.2300000000
13150000|27.2300000000|27.2300000000|27.1800000000|27.1900000000|292800|7965365.0000|27.1900000000
13200000|27.1900000000|27.2300000000|27.1700000000|27.1800000000|486300|13227650.0000|27.1800000000
13250000|27.1800000000|27.1900000000|27.1500000000|27.1800000000|612700|16642692.0000|27.1800000000
13300000|27.1900000000|27.2300000000|27.1800000000|27.1900000000|338700|9212988.0000|27.1900000000
13350000|27.1900000000|27.2000000000|27.1700000000|27.1900000000|252800|6871872.0000|27.1900000000
13400000|27.1800000000|27.1900000000|27.1500000000|27.1500000000|370500|10064258.0000|27.1500000000
13450000|27.1600000000|27.1600000000|27.1300000000|27.1300000000|665400|18055679.0000|27.1300000000
13500000|27.1300000000|27.1400000000|27.0500000000|27.0800000000|1634200|44284417.0000|27.0800000000
13550000|27.0800000000|27.1500000000|27.0400000000|27.1400000000|939400|25439418.0000|27.1400000000
14000000|27.1400000000|27.2000000000|27.1400000000|27.1400000000|598300|16256840.0000|27.1400000000
14050000|27.1600000000|27.1600000000|27.0800000000|27.0800000000|459500|12457977.0000|27.0800000000
14100000|27.0800000000|27.1100000000|27.0700000000|27.0700000000|469800|12726475.0000|27.0700000000
14150000|27.0700000000|27.0800000000|27.0500000000|27.0700000000|762200|20626614.0000|27.0700000000
14200000|27.0700000000|27.0800000000|27.0200000000|27.0400000000|941700|25470850.0000|27.0400000000
14250000|27.0400000000|27.0800000000|27.0200000000|27.0800000000|554500|14991883.0000|27.0800000000
14300000|27.0700000000|27.0800000000|27.0300000000|27.0500000000|696600|18841593.0000|27.0500000000
14350000|27.0500000000|27.0500000000|27.0200000000|27.0400000000|917900|24810488.0000|27.0400000000
14400000|27.0500000000|27.0900000000|27.0500000000|27.0500000000|595500|16118671.0000|27.0500000000
14450000|27.0600000000|27.1900000000|27.0500000000|27.1800000000|714400|19380669.0000|27.1800000000
14500000|27.1800000000|27.2000000000|27.1700000000|27.2000000000|769600|20926908.0000|27.2000000000
14550000|27.2000000000|27.2100000000|27.1700000000|27.1800000000|941200|25588166.0000|27.1800000000
15000000|27.1800000000|27.1900000000|27.1700000000|27.1800000000|948000|25764346.0000|27.1800000000
