09350000|6.3653940000|6.3746730000|6.3375570000|6.3561150000|2713100|18570427.0000|6.3561150000
09400000|6.3653940000|6.3653940000|6.3282780000|6.3375570000|2005037|13717732.0000|6.3375570000
09450000|6.3375570000|6.3561150000|6.3282780000|6.3561150000|833900|5698576.0000|6.3561150000
09500000|6.3468360000|6.3653940000|6.3375570000|6.3468360000|705100|4825671.0000|6.3468360000
09550000|6.3468360000|6.3746730000|6.3468360000|6.3653940000|1007800|6908642.0000|6.3653940000
10000000|6.3561150000|6.3653940000|6.3468360000|6.3561150000|775400|5312433.0000|6.3561150000
10050000|6.3561150000|6.3746730000|6.3468360000|6.3561150000|905800|6207603.0000|6.3561150000
10100000|6.3561150000|6.3653940000|6.3375570000|6.3375570000|738400|5050556.0000|6.3375570000
10150000|6.3468360000|6.3561150000|6.3375570000|6.3468360000|1069400|7307277.0000|6.3468360000
10200000|6.3468360000|6.3653940000|6.3375570000|6.3561150000|979700|6703439.0000|6.3561150000
10250000|6.3653940000|6.3653940000|6.3468360000|6.3561150000|583400|3996732.0000|6.3561150000
10300000|6.3561150000|6.3932310000|6.3561150000|6.3932310000|1112300|7642699.0000|6.3932310000
10350000|6.3932310000|6.3932310000|6.3561150000|6.3653940000|1817700|12486821.0000|6.3653940000
10400000|6.3746730000|6.3746730000|6.3468360000|6.3653940000|754300|5167750.0000|6.3653940000
10450000|6.3653940000|6.3653940000|6.3561150000|6.3561150000|279719|1917767.0000|6.3561150000
10500000|6.3561150000|6.3653940000|6.3468360000|6.3468360000|955481|6542159.0000|6.3468360000
10550000|6.3468360000|6.3561150000|6.3468360000|6.3468360000|831300|5690438.0000|6.3468360000
11000000|6.3468360000|6.3561150000|6.3468360000|6.3468360000|279200|1910194.0000|6.3468360000
11050000|6.3561150000|6.3561150000|6.3375570000|6.3375570000|649100|4437939.0000|6.3375570000
11100000|6.3468360000|6.3468360000|6.3282780000|6.3282780000|1072722|7325586.0000|6.3282780000
11150000|6.3375570000|6.3375570000|6.3282780000|6.3375570000|564730|3855892.0000|6.3375570000
11200000|6.3468360000|6.3468360000|6.3282780000|6.3468360000|461900|3155910.0000|6.3468360000
11250000|6.3282780000|6.3375570000|6.3282780000|6.3282780000|358800|2449559.0000|6.3282780000
11300000|6.3282780000|6.3468360000|6.3282780000|6.3375570000|384100|2622859.0000|6.3375570000
13050000|6.3468360000|6.3468360000|6.3282780000|6.3375570000|531500|3630521.0000|6.3375570000
13100000|6.3468360000|6.3468360000|6.3375570000|6.3375570000|229700|1570053.0000|6.3375570000
13150000|6.3375570000|6.3468360000|6.3375570000|6.3375570000|184800|1263104.0000|6.3375570000
13200000|6.3375570000|6.3468360000|6.3282780000|6.3375570000|541800|3700744.0000|6.3375570000
13250000|6.3375570000|6.3468360000|6.3375570000|6.3468360000|322900|2208040.0000|6.3468360000
13300000|6.3468360000|6.3653940000|6.3468360000|6.3561150000|541660|3707561.0000|6.3561150000
13350000|6.3561150000|6.3561150000|6.3375570000|6.3561150000|1222200|8365459.0000|6.3561150000
13400000|6.3468360000|6.3468360000|6.3375570000|6.3375570000|607140|4149130.0000|6.3375570000
13450000|6.3375570000|6.3561150000|6.3375570000|6.3468360000|526030|3596577.0000|6.3468360000
13500000|6.3375570000|6.3468360000|6.3375570000|6.3375570000|378300|2584165.0000|6.3375570000
13550000|6.3375570000|6.3468360000|6.3375570000|6.3375570000|451400|3086016.0000|6.3375570000
14000000|6.3375570000|6.3561150000|6.3375570000|6.3468360000|327200|2238513.0000|6.3468360000
14050000|6.3468360000|6.3561150000|6.3468360000|6.3468360000|288430|1974397.0000|6.3468360000
14100000|6.3561150000|6.3653940000|6.3468360000|6.3561150000|776400|5321346.0000|6.3561150000
14150000|6.3561150000|6.3653940000|6.3468360000|6.3468360000|335600|2299290.0000|6.3468360000
14200000|6.3468360000|6.3653940000|6.3468360000|6.3561150000|394554|2702225.0000|6.3561150000
14250000|6.3561150000|6.3746730000|6.3561150000|6.3561150000|639900|4389377.0000|6.3561150000
14300000|6.3561150000|6.3653940000|6.3561150000|6.3561150000|423400|2904159.0000|6.3561150000
14350000|6.3653940000|6.3653940000|6.3468360000|6.3561150000|796150|5454831.0000|6.3561150000
14400000|6.3561150000|6.3653940000|6.3375570000|6.3468360000|1190021|8144566.0000|6.3468360000
14450000|6.3468360000|6.3561150000|6.3375570000|6.3468360000|776200|5310484.0000|6.3468360000
14500000|6.3468360000|6.3561150000|6.3375570000|6.3468360000|612400|4190280.0000|6.3468360000
14550000|6.3468360000|6.3653940000|6.3468360000|6.3653940000|797954|5463570.0000|6.3653940000
15000000|6.3468360000|6.3561150000|6.3468360000|6.3468360000|860500|5888174.0000|6.3468360000
