09350000|15.8987510500|16.1108629500|15.7830536500|15.8601852500|1976900|32653570.0000|15.8601852500
09400000|15.8601852500|15.9855241000|15.8216194500|15.9373168500|1142100|18843126.0000|15.9373168500
09450000|15.9373168500|16.1783531000|15.9373168500|16.1301458500|1593851|26535191.0000|16.1301458500
09500000|16.1301458500|16.1879945500|16.0722971500|16.0722971500|1829800|30646188.0000|16.0722971500
09550000|16.0626557000|16.0915800500|16.0048070000|16.0337313500|642800|10702099.0000|16.0337313500
10000000|16.0337313500|16.0722971500|16.0144484500|16.0240899000|683500|11369635.0000|16.0240899000
10050000|16.0240899000|16.0337313500|15.9180339500|15.9855241000|986900|16360409.0000|15.9855241000
10100000|15.9855241000|16.0337313500|15.9180339500|15.9855241000|907100|15007337.0000|15.9855241000
10150000|15.9855241000|16.0240899000|15.9083925000|15.9373168500|898000|14870390.0000|15.9373168500
10200000|15.9180339500|15.9951655500|15.9083925000|15.9662412000|1356600|22441797.0000|15.9662412000
10250000|15.9662412000|15.9855241000|15.9373168500|15.9469583000|535100|8858386.0000|15.9469583000
10300000|15.9469583000|16.0048070000|15.9083925000|15.9083925000|738300|12218568.0000|15.9083925000
10350000|15.9276754000|15.9662412000|15.8505438000|15.8794681500|1043500|17209352.0000|15.8794681500
10400000|15.8794681500|15.8987510500|15.8409023500|15.8698267000|757700|12471926.0000|15.8698267000
10450000|15.8698267000|15.9276754000|15.8601852500|15.9276754000|697100|11491389.0000|15.9276754000
10500000|15.9083925000|15.9565997500|15.8794681500|15.9469583000|510500|8420093.0000|15.9469583000
10550000|15.9469583000|15.9469583000|15.8698267000|15.8987510500|511300|8431984.0000|15.8987510500
11000000|15.8987510500|15.9276754000|15.8505438000|15.8601852500|542950|8945376.0000|15.8601852500
11050000|15.8601852500|15.8987510500|15.8216194500|15.8698267000|1464700|24066784.0000|15.8698267000
11100000|15.8794681500|15.8891096000|15.8409023500|15.8505438000|457000|7519872.0000|15.8505438000
11150000|15.8505438000|15.8891096000|15.8409023500|15.8698267000|439000|7221792.0000|15.8698267000
11200000|15.8698267000|15.9083925000|15.8601852500|15.8794681500|282100|4647504.0000|15.8794681500
11250000|15.8794681500|15.8891096000|15.8409023500|15.8891096000|273900|4507936.0000|15.8891096000
11300000|15.8794681500|15.9180339500|15.8794681500|15.8891096000|391700|6461408.0000|15.8891096000
13050000|15.8891096000|15.9083925000|15.8312609000|15.8698267000|578100|9516544.0000|15.8698267000
13100000|15.8698267000|15.8698267000|15.8216194500|15.8409023500|282400|4640032.0000|15.8409023500
13150000|15.8409023500|15.8601852500|15.8216194500|15.8601852500|162900|2676384.0000|15.8601852500
13200000|15.8601852500|15.8987510500|15.8312609000|15.8794681500|655600|10789696.0000|15.8794681500
13250000|15.8794681500|15.9180339500|15.8698267000|15.9180339500|477654|7873424.0000|15.9180339500
13300000|15.8987510500|15.9373168500|15.8794681500|15.9083925000|385324|6361536.0000|15.9083925000
13350000|15.8987510500|15.9276754000|15.8698267000|15.9083925000|335400|5531936.0000|15.9083925000
13400000|15.8891096000|15.9180339500|15.8794681500|15.8891096000|343500|5663760.0000|15.8891096000
13450000|15.8891096000|15.9469583000|15.8794681500|15.9276754000|466704|7703712.0000|15.9276754000
13500000|15.9276754000|15.9469583000|15.8987510500|15.9083925000|454396|7502368.0000|15.9083925000
13550000|15.9083925000|15.9180339500|15.8601852500|15.9180339500|267500|4409328.0000|15.9180339500
14000000|15.8987510500|15.9373168500|15.8987510500|15.9180339500|285800|4719888.0000|15.9180339500
14050000|15.9083925000|15.9565997500|15.9083925000|15.9469583000|264600|4375424.0000|15.9469583000
14100000|15.9276754000|15.9758826500|15.9180339500|15.9276754000|371208|6137872.0000|15.9276754000
14150000|15.9276754000|15.9758826500|15.9180339500|15.9758826500|289000|4780368.0000|15.9758826500
14200000|15.9662412000|16.0240899000|15.9565997500|16.0144484500|519700|8624000.0000|16.0144484500
14250000|16.0240899000|16.0530142500|16.0048070000|16.0530142500|535576|8909872.0000|16.0530142500
14300000|16.0240899000|16.0626557000|16.0240899000|16.0337313500|460207|7658112.0000|16.0337313500
14350000|16.0240899000|16.0433728000|16.0048070000|16.0433728000|324054|5385600.0000|16.0433728000
14400000|16.0337313500|16.0530142500|16.0048070000|16.0337313500|581700|9674672.0000|16.0337313500
14450000|16.0240899000|16.0626557000|16.0048070000|16.0433728000|499400|8309024.0000|16.0433728000
14500000|16.0433728000|16.0626557000|16.0240899000|16.0626557000|677570|11280048.0000|16.0626557000
14550000|16.0626557000|16.0722971500|16.0048070000|16.0433728000|821800|13677360.0000|16.0433728000
15000000|16.0433728000|16.0722971500|16.0337313500|16.0433728000|810500|13489072.0000|16.0433728000
