09350000|15.3859969800|15.8674234500|15.3859969800|15.6316227300|6696000|107098656.0000|15.6316227300
09400000|15.6316227300|15.9165486000|15.6217977000|15.7691731500|2800200|45131568.0000|15.7691731500
09450000|15.7986482400|15.8674234500|15.7298730300|15.7691731500|1348800|21688320.0000|15.7691731500
09500000|15.7691731500|15.9656737500|15.7495230900|15.8870735100|2988900|48398544.0000|15.8870735100
09550000|15.8870735100|16.0147989000|15.8674234500|15.8870735100|1811100|29419200.0000|15.8870735100
10000000|15.8870735100|16.0344489600|15.8575984200|15.9460236900|1229700|20002784.0000|15.9460236900
10050000|15.9460236900|16.0147989000|15.9263736300|15.9754987800|767600|12492672.0000|15.9754987800
10100000|15.9656737500|15.9754987800|15.8968985400|15.9558487200|400600|6499776.0000|15.9558487200
10150000|15.9558487200|15.9754987800|15.9067235700|15.9754987800|621500|10077024.0000|15.9754987800
10200000|15.9754987800|16.0147989000|15.9361986600|15.9361986600|522400|8502208.0000|15.9361986600
10250000|15.9754987800|15.9951488400|15.9558487200|15.9656737500|277800|4517600.0000|15.9656737500
10300000|15.9558487200|16.0442739900|15.9558487200|16.0147989000|650400|10596064.0000|16.0147989000
10350000|15.9951488400|16.0147989000|15.9067235700|15.9853238100|541900|8793632.0000|15.9853238100
10400000|15.9754987800|16.0147989000|15.9361986600|15.9951488400|462800|7529984.0000|15.9951488400
10450000|15.9853238100|16.0049738700|15.9460236900|15.9951488400|252000|4099488.0000|15.9951488400
10500000|15.9951488400|16.0835741100|15.9853238100|16.0737490800|978200|15967328.0000|16.0737490800
10550000|16.0737490800|16.0835741100|16.0344489600|16.0442739900|335000|5474624.0000|16.0442739900
11000000|16.0442739900|16.0835741100|16.0246239300|16.0737490800|422000|6897888.0000|16.0737490800
11050000|16.0737490800|16.0933991400|16.0442739900|16.0639240500|603100|9865216.0000|16.0639240500
11100000|16.0639240500|16.1032241700|16.0639240500|16.0737490800|393900|6449120.0000|16.0737490800
11150000|16.0639240500|16.0639240500|15.9853238100|16.0344489600|329400|5370080.0000|16.0344489600
11200000|16.0147989000|16.0246239300|15.9853238100|16.0147989000|205100|3341280.0000|16.0147989000
11250000|16.0147989000|16.0442739900|15.9951488400|16.0344489600|147900|2411040.0000|16.0344489600
11300000|16.0344489600|16.0639240500|16.0147989000|16.0639240500|168700|2753888.0000|16.0639240500
13050000|16.0639240500|16.1523493200|16.0442739900|16.0835741100|960400|15737824.0000|16.0835741100
13100000|16.0639240500|16.1032241700|16.0639240500|16.0933991400|298900|4890848.0000|16.0933991400
13150000|16.0933991400|16.1032241700|15.9754987800|15.9853238100|453600|7413120.0000|15.9853238100
13200000|15.9853238100|16.0049738700|15.8968985400|15.8968985400|535700|8689280.0000|15.8968985400
13250000|15.8870735100|15.9263736300|15.8674234500|15.9165486000|379700|6147008.0000|15.9165486000
13300000|15.9165486000|15.9263736300|15.8772484800|15.8870735100|466700|7553184.0000|15.8870735100
13350000|15.8968985400|15.8968985400|15.8379483600|15.8477733900|434700|7017248.0000|15.8477733900
13400000|15.8477733900|15.8772484800|15.8379483600|15.8674234500|306700|4950560.0000|15.8674234500
13450000|15.8674234500|15.9361986600|15.8674234500|15.9165486000|211300|3421408.0000|15.9165486000
13500000|15.9263736300|15.9263736300|15.8870735100|15.9165486000|225100|3645248.0000|15.9165486000
13550000|15.9165486000|15.9263736300|15.8870735100|15.8968985400|241100|3904288.0000|15.8968985400
14000000|15.9165486000|15.9165486000|15.8870735100|15.8968985400|211700|3427488.0000|15.8968985400
14050000|15.8968985400|15.9558487200|15.8968985400|15.9460236900|335300|5439168.0000|15.9460236900
14100000|15.9460236900|15.9656737500|15.9165486000|15.9361986600|419500|6805312.0000|15.9361986600
14150000|15.9361986600|15.9460236900|15.8968985400|15.9067235700|218500|3542016.0000|15.9067235700
14200000|15.9165486000|15.9263736300|15.8674234500|15.8870735100|289200|4681280.0000|15.8870735100
14250000|15.8968985400|15.8968985400|15.8674234500|15.8968985400|375800|6076000.0000|15.8968985400
14300000|15.8968985400|15.9067235700|15.8870735100|15.8968985400|263200|4259360.0000|15.8968985400
14350000|15.8968985400|15.9067235700|15.8772484800|15.8870735100|194000|3136992.0000|15.8870735100
14400000|15.8870735100|15.8968985400|15.8870735100|15.8870735100|182500|2952288.0000|15.8870735100
14450000|15.8870735100|15.8968985400|15.8772484800|15.8870735100|228900|3701312.0000|15.8870735100
14500000|15.8968985400|15.8968985400|15.8772484800|15.8772484800|318500|5149856.0000|15.8772484800
14550000|15.8772484800|15.9067235700|15.8772484800|15.8968985400|749700|12123136.0000|15.8968985400
15000000|15.9067235700|15.9165486000|15.8968985400|15.9165486000|617400|10000128.0000|15.9165486000
