09350000|3.7543046200|3.7722678000|3.6914334900|3.7093966700|4242700|17597634.0000|3.7093966700
09400000|3.7004150800|3.7543046200|3.7004150800|3.7183782600|1780900|7382064.0000|3.7183782600
09450000|3.7183782600|3.7183782600|3.6914334900|3.7004150800|2001917|8252899.0000|3.7004150800
09500000|3.7004150800|3.7363414400|3.6734703100|3.7273598500|2718502|11184305.0000|3.7273598500
09550000|3.7363414400|3.7543046200|3.7093966700|3.7453230300|2116002|8803984.0000|3.7453230300
10000000|3.7453230300|3.7812493900|3.7363414400|3.7543046200|3016006|12604670.0000|3.7543046200
10050000|3.7632862100|3.7902309800|3.7453230300|3.7812493900|2128801|8936562.0000|3.7812493900
10100000|3.7812493900|3.8081941600|3.7812493900|3.7902309800|1676400|7077053.0000|3.7902309800
10150000|3.7902309800|3.7992125700|3.7722678000|3.7902309800|1537500|6483196.0000|3.7902309800
10200000|3.7902309800|3.8081941600|3.7902309800|3.7902309800|1061000|4484729.0000|3.7902309800
10250000|3.7992125700|3.7992125700|3.7632862100|3.7632862100|1392800|5860403.0000|3.7632862100
10300000|3.7632862100|3.7722678000|3.7453230300|3.7543046200|1046300|4376396.0000|3.7543046200
10350000|3.7543046200|3.7543046200|3.7273598500|3.7363414400|1373400|5717692.0000|3.7363414400
10400000|3.7363414400|3.7543046200|3.7273598500|3.7453230300|943300|3925859.0000|3.7453230300
10450000|3.7363414400|3.7543046200|3.7273598500|3.7363414400|780900|3251182.0000|3.7363414400
10500000|3.7453230300|3.7722678000|3.7363414400|3.7722678000|575900|2408538.0000|3.7722678000
10550000|3.7722678000|3.7722678000|3.7453230300|3.7453230300|711900|2974063.0000|3.7453230300
11000000|3.7453230300|3.7453230300|3.7273598500|3.7273598500|685000|2852059.0000|3.7273598500
11050000|3.7363414400|3.7453230300|3.7183782600|3.7183782600|735100|3054058.0000|3.7183782600
11100000|3.7273598500|3.7453230300|3.7273598500|3.7363414400|342200|1422901.0000|3.7363414400
11150000|3.7273598500|3.7543046200|3.7183782600|3.7543046200|765600|3185278.0000|3.7543046200
11200000|3.7363414400|3.7812493900|3.7363414400|3.7632862100|1406300|5899410.0000|3.7632862100
11250000|3.7632862100|3.7722678000|3.7453230300|3.7543046200|704000|2941391.0000|3.7543046200
11300000|3.7543046200|3.7543046200|3.7363414400|3.7453230300|324500|1354967.0000|3.7453230300
13050000|3.7543046200|3.7543046200|3.7363414400|3.7543046200|1133200|4731693.0000|3.7543046200
13100000|3.7543046200|3.7812493900|3.7363414400|3.7722678000|813100|3405958.0000|3.7722678000
13150000|3.7722678000|3.7812493900|3.7632862100|3.7632862100|1203300|5050854.0000|3.7632862100
13200000|3.7632862100|3.7812493900|3.7632862100|3.7632862100|1084663|4555017.0000|3.7632862100
13250000|3.7632862100|3.7722678000|3.7543046200|3.7722678000|1011237|4238424.0000|3.7722678000
13300000|3.7722678000|3.7722678000|3.7453230300|3.7453230300|845700|3536848.0000|3.7453230300
13350000|3.7453230300|3.7543046200|3.7453230300|3.7543046200|550200|2299152.0000|3.7543046200
13400000|3.7543046200|3.7722678000|3.7543046200|3.7632862100|651500|2726811.0000|3.7632862100
13450000|3.7632862100|3.7992125700|3.7632862100|3.7992125700|1737600|7326745.0000|3.7992125700
13500000|3.7992125700|3.7992125700|3.7812493900|3.7992125700|637400|2692463.0000|3.7992125700
13550000|3.7992125700|3.8081941600|3.7902309800|3.7992125700|1438600|6085140.0000|3.7992125700
14000000|3.7992125700|3.8171757500|3.7902309800|3.8081941600|1366026|5788447.0000|3.8081941600
14050000|3.8081941600|3.8171757500|3.7902309800|3.8171757500|2065640|8751608.0000|3.8171757500
14100000|3.8081941600|3.8171757500|3.7992125700|3.8081941600|1204900|5111819.0000|3.8081941600
14150000|3.8081941600|3.8351389300|3.7992125700|3.8171757500|2082500|8856563.0000|3.8171757500
14200000|3.8171757500|3.8171757500|3.7902309800|3.7902309800|1203100|5094361.0000|3.7902309800
14250000|3.7992125700|3.7992125700|3.7812493900|3.7902309800|1165434|4919406.0000|3.7902309800
14300000|3.7902309800|3.7902309800|3.7722678000|3.7812493900|1055366|4444337.0000|3.7812493900
14350000|3.7812493900|3.7812493900|3.7632862100|3.7812493900|1624400|6829469.0000|3.7812493900
14400000|3.7722678000|3.7902309800|3.7722678000|3.7812493900|1111300|4673911.0000|3.7812493900
14450000|3.7722678000|3.7902309800|3.7722678000|3.7722678000|1352500|5689129.0000|3.7722678000
14500000|3.7722678000|3.7812493900|3.7632862100|3.7812493900|1724402|7237129.0000|3.7812493900
14550000|3.7722678000|3.7902309800|3.7722678000|3.7812493900|959781|4037562.0000|3.7812493900
15000000|3.7812493900|3.7902309800|3.7722678000|3.7902309800|1046400|4412560.0000|3.7902309800
