09350000|3.0165251200|3.0264479000|3.0066023400|3.0165251200|606600|1841011.0000|3.0165251200
09400000|3.0165251200|3.0264479000|3.0066023400|3.0165251200|315000|957920.0000|3.0165251200
09450000|3.0165251200|3.0264479000|3.0165251200|3.0264479000|344600|1048468.0000|3.0264479000
09500000|3.0264479000|3.0264479000|3.0165251200|3.0264479000|259500|789741.0000|3.0264479000
09550000|3.0264479000|3.0264479000|3.0165251200|3.0264479000|77200|234804.0000|3.0264479000
10000000|3.0165251200|3.0264479000|3.0165251200|3.0264479000|133400|406065.0000|3.0264479000
10050000|3.0165251200|3.0264479000|3.0165251200|3.0264479000|100359|305330.0000|3.0264479000
10100000|3.0264479000|3.0264479000|3.0165251200|3.0264479000|190444|580052.0000|3.0264479000
10150000|3.0165251200|3.0264479000|3.0165251200|3.0165251200|274744|835815.0000|3.0165251200
10200000|3.0264479000|3.0264479000|3.0165251200|3.0165251200|255500|777200.0000|3.0165251200
10250000|3.0165251200|3.0264479000|3.0066023400|3.0165251200|611453|1859295.0000|3.0165251200
10300000|3.0066023400|3.0264479000|3.0066023400|3.0066023400|401200|1220522.0000|3.0066023400
10350000|3.0165251200|3.0264479000|3.0165251200|3.0165251200|201800|613520.0000|3.0165251200
10400000|3.0264479000|3.0264479000|3.0165251200|3.0165251200|123200|375527.0000|3.0165251200
10450000|3.0165251200|3.0264479000|3.0165251200|3.0165251200|159500|485346.0000|3.0165251200
10500000|3.0165251200|3.0264479000|3.0066023400|3.0165251200|390700|1186339.0000|3.0165251200
10550000|3.0165251200|3.0165251200|3.0066023400|3.0165251200|412400|1250882.0000|3.0165251200
11000000|3.0066023400|3.0165251200|3.0066023400|3.0066023400|362100|1098863.0000|3.0066023400
11050000|3.0165251200|3.0165251200|3.0066023400|3.0165251200|346200|1050241.0000|3.0165251200
11100000|3.0165251200|3.0165251200|3.0066023400|3.0066023400|213900|648797.0000|3.0066023400
11150000|3.0066023400|3.0165251200|3.0066023400|3.0165251200|227200|689374.0000|3.0165251200
11200000|3.0165251200|3.0165251200|3.0066023400|3.0165251200|374600|1136966.0000|3.0165251200
11250000|3.0066023400|3.0165251200|2.9966795600|2.9966795600|1141400|3458719.0000|2.9966795600
11300000|2.9966795600|3.0066023400|2.9966795600|3.0066023400|422500|1278340.0000|3.0066023400
13050000|3.0066023400|3.0066023400|2.9966795600|3.0066023400|420475|1271786.0000|3.0066023400
13100000|2.9966795600|3.0066023400|2.9966795600|2.9966795600|646700|1953401.0000|2.9966795600
13150000|2.9966795600|3.0066023400|2.9867567800|2.9966795600|685900|2070078.0000|2.9966795600
13200000|2.9966795600|2.9966795600|2.9867567800|2.9966795600|47700|143945.0000|2.9966795600
13250000|2.9966795600|2.9966795600|2.9867567800|2.9867567800|190600|574175.0000|2.9867567800
13300000|2.9867567800|2.9966795600|2.9867567800|2.9867567800|410200|1236434.0000|2.9867567800
13350000|2.9867567800|2.9966795600|2.9867567800|2.9867567800|798900|2405713.0000|2.9867567800
13400000|2.9867567800|2.9966795600|2.9867567800|2.9867567800|460800|1387239.0000|2.9867567800
13450000|2.9867567800|2.9966795600|2.9768340000|2.9768340000|735400|2213231.0000|2.9768340000
13500000|2.9768340000|2.9867567800|2.9768340000|2.9867567800|347700|1044181.0000|2.9867567800
13550000|2.9768340000|2.9867567800|2.9768340000|2.9768340000|618800|1857092.0000|2.9768340000
14000000|2.9768340000|2.9867567800|2.9768340000|2.9867567800|239400|719189.0000|2.9867567800
14050000|2.9867567800|2.9867567800|2.9768340000|2.9867567800|135900|407945.0000|2.9867567800
14100000|2.9867567800|2.9867567800|2.9768340000|2.9768340000|236500|710253.0000|2.9768340000
14150000|2.9867567800|2.9867567800|2.9669112200|2.9768340000|1814900|5443751.0000|2.9768340000
14200000|2.9669112200|2.9768340000|2.9669112200|2.9768340000|1110300|3322204.0000|2.9768340000
14250000|2.9768340000|2.9867567800|2.9669112200|2.9867567800|832625|2498171.0000|2.9867567800
14300000|2.9867567800|2.9867567800|2.9768340000|2.9768340000|127600|383891.0000|2.9768340000
14350000|2.9768340000|2.9867567800|2.9768340000|2.9867567800|78000|234288.0000|2.9867567800
14400000|2.9867567800|2.9867567800|2.9768340000|2.9867567800|130400|392186.0000|2.9867567800
14450000|2.9867567800|2.9867567800|2.9768340000|2.9768340000|821000|2465893.0000|2.9768340000
14500000|2.9768340000|2.9867567800|2.9768340000|2.9768340000|759220|2280013.0000|2.9768340000
14550000|2.9867567800|2.9966795600|2.9768340000|2.9867567800|867070|2606133.0000|2.9867567800
15000000|2.9867567800|2.9966795600|2.9768340000|2.9768340000|357500|1073559.0000|2.9768340000
