09350000|4.1135682200|4.1494945800|4.0506970900|4.1315314000|8706500|39761200.0000|4.1315314000
09400000|4.1315314000|4.1764393500|4.1315314000|4.1494945800|3482200|16093855.0000|4.1494945800
09450000|4.1494945800|4.1584761700|4.1045866300|4.1135682200|4263800|19607966.0000|4.1135682200
09500000|4.1135682200|4.1135682200|4.0776418600|4.1045866300|3718000|16954470.0000|4.1045866300
09550000|4.1045866300|4.1225498100|4.0776418600|4.0866234500|3067214|14010675.0000|4.0866234500
10000000|4.0776418600|4.1045866300|4.0327339100|4.0956050400|6409887|28984805.0000|4.0956050400
10050000|4.0956050400|4.1135682200|4.0686602700|4.0686602700|2417300|11013118.0000|4.0686602700
10100000|4.0686602700|4.0866234500|4.0417155000|4.0506970900|3380500|15279581.0000|4.0506970900
10150000|4.0506970900|4.1045866300|4.0506970900|4.0866234500|2087100|9481786.0000|4.0866234500
10200000|4.0866234500|4.1045866300|4.0866234500|4.0956050400|1079300|4920759.0000|4.0956050400
10250000|4.0956050400|4.1225498100|4.0956050400|4.1045866300|1557000|7129783.0000|4.1045866300
10300000|4.1045866300|4.1315314000|4.1045866300|4.1315314000|1268600|5815458.0000|4.1315314000
10350000|4.1225498100|4.1315314000|4.1135682200|4.1315314000|1848599|8487137.0000|4.1315314000
10400000|4.1315314000|4.1584761700|4.1225498100|4.1584761700|1410200|6495076.0000|4.1584761700
10450000|4.1584761700|4.1584761700|4.1315314000|4.1494945800|1211800|5590581.0000|4.1494945800
10500000|4.1405129900|4.1494945800|4.1315314000|4.1405129900|882000|4065210.0000|4.1405129900
10550000|4.1405129900|4.1494945800|4.1135682200|4.1135682200|3172200|14589176.0000|4.1135682200
11000000|4.1135682200|4.1315314000|4.1045866300|4.1225498100|1009100|4624304.0000|4.1225498100
11050000|4.1315314000|4.1494945800|4.1225498100|4.1315314000|1199200|5518623.0000|4.1315314000
11100000|4.1315314000|4.1405129900|4.1225498100|4.1315314000|977226|4494548.0000|4.1315314000
11150000|4.1225498100|4.1405129900|4.1225498100|4.1315314000|704300|3240591.0000|4.1315314000
11200000|4.1315314000|4.1405129900|4.1135682200|4.1225498100|571300|2625239.0000|4.1225498100
11250000|4.1225498100|4.1315314000|4.1045866300|4.1225498100|817600|3748896.0000|4.1225498100
11300000|4.1225498100|4.1405129900|4.1225498100|4.1315314000|785000|3611160.0000|4.1315314000
13050000|4.1225498100|4.1494945800|4.1225498100|4.1405129900|545200|2510799.0000|4.1405129900
13100000|4.1405129900|4.1494945800|4.1225498100|4.1405129900|1225711|5646693.0000|4.1405129900
13150000|4.1405129900|4.1494945800|4.0956050400|4.0956050400|1861000|8512287.0000|4.0956050400
13200000|4.0956050400|4.0956050400|4.0776418600|4.0866234500|1094900|4984848.0000|4.0866234500
13250000|4.0866234500|4.0956050400|4.0776418600|4.0956050400|1839800|8356592.0000|4.0956050400
13300000|4.0956050400|4.1045866300|4.0866234500|4.0866234500|677138|3084800.0000|4.0866234500
13350000|4.0866234500|4.1045866300|4.0866234500|4.0956050400|322700|1471904.0000|4.0956050400
13400000|4.0956050400|4.1045866300|4.0776418600|4.0956050400|1096300|4986528.0000|4.0956050400
13450000|4.0956050400|4.1135682200|4.0866234500|4.0956050400|537789|2455744.0000|4.0956050400
13500000|4.0956050400|4.1135682200|4.0956050400|4.0956050400|606600|2769024.0000|4.0956050400
13550000|4.0956050400|4.0956050400|4.0686602700|4.0686602700|1799800|8182192.0000|4.0686602700
14000000|4.0686602700|4.0776418600|4.0417155000|4.0506970900|3730800|16847120.0000|4.0506970900
14050000|4.0506970900|4.0866234500|4.0506970900|4.0776418600|1392900|6317328.0000|4.0776418600
14100000|4.0686602700|4.0776418600|4.0506970900|4.0686602700|1349100|6104576.0000|4.0686602700
14150000|4.0686602700|4.0686602700|4.0417155000|4.0506970900|2137800|9647104.0000|4.0506970900
14200000|4.0417155000|4.0506970900|3.9968075500|4.0057891400|7244100|32458848.0000|4.0057891400
14250000|3.9968075500|4.0327339100|3.9968075500|4.0057891400|4126100|18439296.0000|4.0057891400
14300000|4.0057891400|4.0147707300|3.9788443700|4.0147707300|5470037|24347856.0000|4.0147707300
14350000|3.9968075500|4.0327339100|3.9968075500|3.9968075500|5184100|23171296.0000|3.9968075500
14400000|3.9968075500|4.0237523200|3.9788443700|4.0237523200|3287812|14629312.0000|4.0237523200
14450000|4.0237523200|4.0327339100|4.0237523200|4.0327339100|2377700|10653984.0000|4.0327339100
14500000|4.0237523200|4.0417155000|4.0237523200|4.0417155000|1813200|8142704.0000|4.0417155000
14550000|4.0327339100|4.0417155000|4.0147707300|4.0237523200|2655100|11903456.0000|4.0237523200
15000000|4.0327339100|4.0327339100|4.0237523200|4.0237523200|1687300|7561200.0000|4.0237523200
