09350000|2.3700000000|2.4000000000|2.3600000000|2.3900000000|5206500|12433166.0000|2.3900000000
09400000|2.3900000000|2.4000000000|2.3900000000|2.3900000000|2112700|5053087.0000|2.3900000000
09450000|2.3900000000|2.3900000000|2.3700000000|2.3800000000|2764100|6578230.0000|2.3800000000
09500000|2.3800000000|2.3900000000|2.3700000000|2.3800000000|1277600|3040906.0000|2.3800000000
09550000|2.3800000000|2.3800000000|2.3600000000|2.3600000000|1757700|4166996.0000|2.3600000000
10000000|2.3700000000|2.3700000000|2.3600000000|2.3600000000|407100|963674.0000|2.3600000000
10050000|2.3700000000|2.3800000000|2.3600000000|2.3700000000|1463700|3470264.0000|2.3700000000
10100000|2.3700000000|2.3800000000|2.3700000000|2.3700000000|396400|941008.0000|2.3700000000
10150000|2.3700000000|2.3800000000|2.3700000000|2.3800000000|425600|1011628.0000|2.3800000000
10200000|2.3800000000|2.3800000000|2.3700000000|2.3800000000|272900|648732.0000|2.3800000000
10250000|2.3700000000|2.3800000000|2.3600000000|2.3700000000|1796700|4258740.0000|2.3700000000
10300000|2.3600000000|2.3800000000|2.3600000000|2.3800000000|446300|1058192.0000|2.3800000000
10350000|2.3700000000|2.3800000000|2.3700000000|2.3800000000|428900|1017116.0000|2.3800000000
10400000|2.3700000000|2.3800000000|2.3700000000|2.3800000000|234500|556976.0000|2.3800000000
10450000|2.3800000000|2.3800000000|2.3700000000|2.3800000000|511800|1215752.0000|2.3800000000
10500000|2.3700000000|2.3800000000|2.3600000000|2.3800000000|1017400|2410164.0000|2.3800000000
10550000|2.3800000000|2.3800000000|2.3700000000|2.3800000000|267400|634804.0000|2.3800000000
11000000|2.3800000000|2.3800000000|2.3700000000|2.3800000000|163500|388520.0000|2.3800000000
11050000|2.3800000000|2.3800000000|2.3700000000|2.3700000000|294800|699724.0000|2.3700000000
11100000|2.3800000000|2.3800000000|2.3700000000|2.3800000000|175200|416136.0000|2.3800000000
11150000|2.3700000000|2.3800000000|2.3700000000|2.3700000000|347800|826392.0000|2.3700000000
11200000|2.3700000000|2.3800000000|2.3700000000|2.3800000000|142300|338440.0000|2.3800000000
11250000|2.3700000000|2.3800000000|2.3700000000|2.3700000000|235400|559696.0000|2.3700000000
11300000|2.3700000000|2.3800000000|2.3700000000|2.3800000000|429400|1020656.0000|2.3800000000
13050000|2.3800000000|2.3900000000|2.3700000000|2.3900000000|2030500|4832404.0000|2.3900000000
13100000|2.3900000000|2.3900000000|2.3800000000|2.3800000000|76800|183300.0000|2.3800000000
13150000|2.3800000000|2.3900000000|2.3800000000|2.3900000000|935600|2230864.0000|2.3900000000
13200000|2.3900000000|2.3900000000|2.3800000000|2.3900000000|1141400|2725928.0000|2.3900000000
13250000|2.3900000000|2.3900000000|2.3800000000|2.3800000000|529800|1264644.0000|2.3800000000
13300000|2.3800000000|2.3900000000|2.3800000000|2.3800000000|445300|1061692.0000|2.3800000000
13350000|2.3800000000|2.4000000000|2.3800000000|2.3900000000|1800600|4303448.0000|2.3900000000
13400000|2.3900000000|2.4000000000|2.3900000000|2.4000000000|461100|1104952.0000|2.4000000000
13450000|2.3900000000|2.4000000000|2.3800000000|2.3900000000|2076600|4966416.0000|2.3900000000
13500000|2.3900000000|2.4000000000|2.3900000000|2.4000000000|1067100|2550768.0000|2.4000000000
13550000|2.3900000000|2.4000000000|2.3800000000|2.3900000000|714500|1706992.0000|2.3900000000
14000000|2.3900000000|2.4000000000|2.3800000000|2.3900000000|394000|941640.0000|2.3900000000
14050000|2.3800000000|2.4000000000|2.3800000000|2.3900000000|1758000|4204576.0000|2.3900000000
14100000|2.4000000000|2.4000000000|2.3900000000|2.3900000000|735000|1761272.0000|2.3900000000
14150000|2.3900000000|2.4000000000|2.3900000000|2.4000000000|628000|1506856.0000|2.4000000000
14200000|2.4000000000|2.4100000000|2.3900000000|2.4100000000|2420400|5811760.0000|2.4100000000
14250000|2.4100000000|2.4100000000|2.4000000000|2.4100000000|199700|481104.0000|2.4100000000
14300000|2.4100000000|2.4100000000|2.4000000000|2.4100000000|421200|1013648.0000|2.4100000000
14350000|2.4100000000|2.4200000000|2.4000000000|2.4200000000|2945600|7102824.0000|2.4200000000
14400000|2.4100000000|2.4200000000|2.4000000000|2.4100000000|740300|1785072.0000|2.4100000000
14450000|2.4000000000|2.4200000000|2.4000000000|2.4100000000|1346000|3247200.0000|2.4100000000
14500000|2.4100000000|2.4200000000|2.4000000000|2.4000000000|1530700|3689080.0000|2.4000000000
14550000|2.4000000000|2.4200000000|2.4000000000|2.4100000000|1006200|2425792.0000|2.4100000000
15000000|2.4100000000|2.4200000000|2.4100000000|2.4100000000|590400|1423944.0000|2.4100000000
