093500|3.82|3.84|3.79|3.79|20815.0|7923704.0|3.81
094000|3.79|3.85|3.79|3.82|22396.0|8561379.0|3.79
094500|3.82|3.83|3.81|3.82|6964.0|2659826.0|3.82
095000|3.81|3.82|3.8|3.8|16931.0|6456148.0|3.82
095500|3.8|3.8|3.79|3.79|7029.0|2668370.0|3.8
100000|3.8|3.8|3.79|3.79|6347.0|2406516.0|3.79
100500|3.79|3.8|3.79|3.8|7964.0|3019470.0|3.79
101000|3.79|3.81|3.79|3.8|15315.0|5821175.0|3.8
101500|3.8|3.83|3.8|3.82|13261.0|5059733.0|3.8
102000|3.83|3.84|3.83|3.83|7507.0|2876626.0|3.82
102500|3.83|3.85|3.83|3.85|31008.0|11908489.0|3.83
103000|3.85|3.88|3.85|3.87|47423.0|18316339.0|3.85
103500|3.87|3.87|3.85|3.85|9539.0|3683960.0|3.87
104000|3.85|3.86|3.83|3.84|11895.0|4575019.0|3.85
104500|3.83|3.84|3.82|3.83|10828.0|4147190.0|3.84
105000|3.83|3.84|3.82|3.83|2835.0|1086039.0|3.83
105500|3.83|3.84|3.82|3.83|3573.0|1367300.0|3.83
110000|3.82|3.83|3.82|3.83|1734.0|662553.0|3.83
110500|3.82|3.83|3.82|3.82|923.0|352951.0|3.83
111000|3.82|3.83|3.82|3.82|1190.0|454796.0|3.82
111500|3.82|3.83|3.81|3.81|13742.0|5248723.0|3.82
112000|3.81|3.82|3.81|3.81|1639.0|624829.0|3.81
112500|3.81|3.82|3.81|3.81|1101.0|419706.0|3.81
113000|3.81|3.82|3.8|3.8|12922.0|4921441.0|3.81
130500|3.8|3.81|3.8|3.81|2191.0|833902.0|3.8
131000|3.8|3.81|3.8|3.8|8138.0|3094028.0|3.81
131500|3.81|3.81|3.8|3.81|9612.0|3661325.0|3.8
132000|3.8|3.81|3.8|3.81|4708.0|1792951.0|3.81
132500|3.81|3.81|3.8|3.8|11183.0|4251108.0|3.81
133000|3.8|3.81|3.79|3.81|9724.0|3695625.0|3.8
133500|3.8|3.81|3.8|3.81|2463.0|937125.0|3.81
134000|3.81|3.81|3.8|3.8|6284.0|2389228.0|3.81
134500|3.8|3.8|3.79|3.79|2380.0|903476.0|3.8
135000|3.8|3.8|3.79|3.79|7053.0|2674685.0|3.79
135500|3.79|3.8|3.79|3.79|2507.0|951645.0|3.79
140000|3.79|3.8|3.79|3.79|8433.0|3197320.0|3.79
140500|3.8|3.8|3.78|3.79|12172.0|4614143.0|3.79
141000|3.79|3.8|3.79|3.8|2583.0|980487.0|3.79
141500|3.79|3.8|3.78|3.78|11955.0|4528776.0|3.8
142000|3.78|3.79|3.78|3.78|4739.0|1792906.0|3.78
142500|3.78|3.79|3.78|3.78|3115.0|1179717.0|3.78
143000|3.78|3.79|3.78|3.79|3567.0|1350856.0|3.78
143500|3.79|3.79|3.78|3.79|9249.0|3503481.0|3.79
144000|3.78|3.79|3.78|3.79|9281.0|3516160.0|3.79
144500|3.79|3.79|3.78|3.78|5293.0|2004881.0|3.79
145000|3.78|3.79|3.78|3.78|4846.0|1834275.0|3.78
145500|3.78|3.79|3.77|3.78|19331.0|7312134.0|3.78
150000|3.77|3.78|3.76|3.77|22093.0|8331323.0|3.78
