09350000|3.4600000000|3.4600000000|3.3400000000|3.3400000000|14409700|48794964.0000|3.3400000000
09400000|3.3400000000|3.3700000000|3.3400000000|3.3600000000|7999900|26882016.0000|3.3600000000
09450000|3.3600000000|3.3600000000|3.3400000000|3.3500000000|7468300|24998448.0000|3.3500000000
09500000|3.3500000000|3.3500000000|3.3300000000|3.3400000000|5344000|17859648.0000|3.3400000000
09550000|3.3400000000|3.3500000000|3.3300000000|3.3500000000|3136500|10466864.0000|3.3500000000
10000000|3.3500000000|3.3500000000|3.3100000000|3.3300000000|6830000|22744384.0000|3.3300000000
10050000|3.3300000000|3.3300000000|3.3100000000|3.3300000000|2931800|9735984.0000|3.3300000000
10100000|3.3300000000|3.3300000000|3.3100000000|3.3200000000|3337000|11072992.0000|3.3200000000
10150000|3.3200000000|3.3200000000|3.3100000000|3.3100000000|1437100|4764592.0000|3.3100000000
10200000|3.3100000000|3.3200000000|3.3100000000|3.3200000000|1526900|5058000.0000|3.3200000000
10250000|3.3200000000|3.3200000000|3.3100000000|3.3200000000|2380800|7898048.0000|3.3200000000
10300000|3.3200000000|3.3200000000|3.3000000000|3.3200000000|4422600|14636848.0000|3.3200000000
10350000|3.3200000000|3.3200000000|3.2900000000|3.3000000000|6830800|22555120.0000|3.3000000000
10400000|3.3000000000|3.3100000000|3.3000000000|3.3100000000|2657400|8766176.0000|3.3100000000
10450000|3.3100000000|3.3100000000|3.2900000000|3.3100000000|2185600|7210256.0000|3.3100000000
10500000|3.3100000000|3.3100000000|3.2900000000|3.3000000000|1906000|6277840.0000|3.3000000000
10550000|3.3000000000|3.3000000000|3.2900000000|3.2900000000|2429700|7996384.0000|3.2900000000
11000000|3.2900000000|3.3000000000|3.2900000000|3.3000000000|688200|2267856.0000|3.3000000000
11050000|3.2900000000|3.2900000000|3.2700000000|3.2900000000|5126300|16821168.0000|3.2900000000
11100000|3.2800000000|3.2900000000|3.2800000000|3.2900000000|1788400|5869952.0000|3.2900000000
11150000|3.2900000000|3.3000000000|3.2800000000|3.2900000000|1646600|5421632.0000|3.2900000000
11200000|3.2900000000|3.3000000000|3.2900000000|3.3000000000|1232600|4061344.0000|3.3000000000
11250000|3.2900000000|3.2900000000|3.2800000000|3.2900000000|1071200|3523808.0000|3.2900000000
11300000|3.2800000000|3.3000000000|3.2800000000|3.2900000000|680600|2235872.0000|3.2900000000
13050000|3.2900000000|3.2900000000|3.2700000000|3.2700000000|3170200|10398080.0000|3.2700000000
13100000|3.2700000000|3.2800000000|3.2700000000|3.2800000000|1589300|5203840.0000|3.2800000000
13150000|3.2800000000|3.2800000000|3.2700000000|3.2800000000|1169600|3833568.0000|3.2800000000
13200000|3.2800000000|3.2800000000|3.2700000000|3.2800000000|1540800|5049984.0000|3.2800000000
13250000|3.2800000000|3.2900000000|3.2700000000|3.2900000000|888500|2916480.0000|3.2900000000
13300000|3.2900000000|3.2900000000|3.2800000000|3.2800000000|505300|1659328.0000|3.2800000000
13350000|3.2800000000|3.2900000000|3.2700000000|3.2800000000|3510100|11512352.0000|3.2800000000
13400000|3.2800000000|3.2900000000|3.2700000000|3.2900000000|527800|1731904.0000|3.2900000000
13450000|3.2900000000|3.2900000000|3.2800000000|3.2800000000|1068400|3508064.0000|3.2800000000
13500000|3.2800000000|3.2900000000|3.2800000000|3.2800000000|809800|2658624.0000|3.2800000000
13550000|3.2800000000|3.2900000000|3.2700000000|3.2800000000|2063500|6767488.0000|3.2800000000
14000000|3.2800000000|3.2900000000|3.2800000000|3.2900000000|547400|1797920.0000|3.2900000000
14050000|3.2900000000|3.2900000000|3.2800000000|3.2800000000|463000|1519648.0000|3.2800000000
14100000|3.2800000000|3.2900000000|3.2800000000|3.2800000000|576900|1895008.0000|3.2800000000
14150000|3.2800000000|3.2900000000|3.2800000000|3.2900000000|2381500|7828608.0000|3.2900000000
14200000|3.2900000000|3.3000000000|3.2900000000|3.2900000000|1139600|3751008.0000|3.2900000000
14250000|3.2900000000|3.3000000000|3.2900000000|3.2900000000|652200|2148384.0000|3.2900000000
14300000|3.2900000000|3.3000000000|3.2800000000|3.3000000000|1346800|4431712.0000|3.3000000000
14350000|3.2900000000|3.3000000000|3.2800000000|3.3000000000|2052800|6763456.0000|3.3000000000
14400000|3.3000000000|3.3000000000|3.2900000000|3.3000000000|1184100|3898752.0000|3.3000000000
14450000|3.3000000000|3.3000000000|3.2800000000|3.2900000000|2666700|8775392.0000|3.2900000000
14500000|3.2900000000|3.3000000000|3.2900000000|3.3000000000|905400|2982368.0000|3.3000000000
14550000|3.2900000000|3.3000000000|3.2900000000|3.3000000000|2545900|8388640.0000|3.3000000000
15000000|3.3000000000|3.3000000000|3.2900000000|3.2900000000|2576300|8482368.0000|3.2900000000
