093500|3.28|3.31|3.28|3.3|74447.0|24545945.0|3.3
094000|3.31|3.31|3.28|3.28|44665.0|14757190.0|3.3
094500|3.28|3.29|3.26|3.27|19454.0|6367381.0|3.28
095000|3.27|3.27|3.25|3.26|18176.0|5928769.0|3.27
095500|3.26|3.29|3.25|3.28|22753.0|7431055.0|3.26
100000|3.29|3.31|3.29|3.3|25311.0|8346149.0|3.28
100500|3.29|3.3|3.28|3.28|10872.0|3576845.0|3.3
101000|3.28|3.29|3.28|3.29|11091.0|3646352.0|3.28
101500|3.29|3.29|3.28|3.29|8737.0|2868332.0|3.29
102000|3.29|3.31|3.29|3.3|26446.0|8721217.0|3.29
102500|3.3|3.31|3.29|3.29|6882.0|2270670.0|3.3
103000|3.29|3.3|3.28|3.29|13970.0|4589698.0|3.29
103500|3.28|3.29|3.27|3.29|10476.0|3437782.0|3.29
104000|3.28|3.29|3.28|3.29|5007.0|1647116.0|3.29
104500|3.28|3.29|3.28|3.29|14703.0|4827634.0|3.29
105000|3.28|3.3|3.28|3.28|6898.0|2267819.0|3.29
105500|3.29|3.3|3.28|3.29|5426.0|1786642.0|3.28
110000|3.29|3.31|3.29|3.3|19347.0|6384488.0|3.29
110500|3.29|3.3|3.29|3.29|3420.0|1128133.0|3.3
111000|3.29|3.3|3.29|3.3|4151.0|1368841.0|3.29
111500|3.3|3.31|3.29|3.31|12610.0|4163980.0|3.3
112000|3.31|3.31|3.3|3.31|8145.0|2694859.0|3.31
112500|3.31|3.31|3.3|3.31|3478.0|1150021.0|3.31
113000|3.3|3.32|3.3|3.32|29186.0|9659022.0|3.31
130500|3.31|3.32|3.31|3.31|22348.0|7401002.0|3.32
131000|3.31|3.32|3.3|3.31|14291.0|4724219.0|3.31
131500|3.3|3.31|3.29|3.29|20110.0|6636766.0|3.31
132000|3.29|3.3|3.29|3.29|2812.0|927418.0|3.29
132500|3.3|3.31|3.29|3.3|11118.0|3668656.0|3.29
133000|3.3|3.31|3.29|3.29|14322.0|4718533.0|3.3
133500|3.29|3.3|3.28|3.29|17191.0|5654136.0|3.29
134000|3.29|3.3|3.29|3.29|3911.0|1288531.0|3.29
134500|3.29|3.3|3.29|3.29|14279.0|4701039.0|3.29
135000|3.3|3.3|3.28|3.28|17224.0|5665787.0|3.29
135500|3.29|3.3|3.29|3.3|6105.0|2006538.0|3.28
140000|3.3|3.3|3.29|3.3|3374.0|1112975.0|3.3
140500|3.3|3.3|3.29|3.3|5380.0|1772999.0|3.3
141000|3.29|3.3|3.29|3.3|4343.0|1429944.0|3.3
141500|3.3|3.3|3.28|3.29|15730.0|5172670.0|3.3
142000|3.29|3.29|3.28|3.29|11257.0|3695444.0|3.29
142500|3.28|3.29|3.28|3.29|1866.0|613197.0|3.29
143000|3.28|3.29|3.28|3.29|14979.0|4926893.0|3.29
143500|3.29|3.29|3.28|3.29|6879.0|2262311.0|3.29
144000|3.29|3.3|3.28|3.29|14642.0|4819732.0|3.29
144500|3.29|3.3|3.28|3.29|12828.0|4221151.0|3.29
145000|3.29|3.3|3.28|3.29|16584.0|5455355.0|3.29
145500|3.29|3.3|3.28|3.3|18186.0|5985156.0|3.29
150000|3.3|3.3|3.29|3.3|21060.0|6944387.0|3.3
