09350000|7.2828358000|7.2828358000|7.1942607700|7.1942607700|466600|3437927.0000|7.1942607700
09400000|7.1942607700|7.1942607700|7.1647357600|7.1745774300|109800|800600.0000|7.1745774300
09450000|7.1745774300|7.2139441100|7.1647357600|7.1745774300|245000|1788616.0000|7.1745774300
09500000|7.1844191000|7.1942607700|7.1647357600|7.1647357600|139300|1015370.0000|7.1647357600
09550000|7.1647357600|7.1844191000|7.1548940900|7.1548940900|225500|1641487.0000|7.1548940900
10000000|7.1548940900|7.1647357600|7.1352107500|7.1450524200|124100|901134.0000|7.1450524200
10050000|7.1450524200|7.2041024400|7.1352107500|7.1844191000|119200|868099.0000|7.1844191000
10100000|7.1844191000|7.2237857800|7.1745774300|7.1942607700|155100|1135891.0000|7.1942607700
10150000|7.1844191000|7.2237857800|7.1844191000|7.2041024400|195600|1431959.0000|7.2041024400
10200000|7.2041024400|7.2237857800|7.2041024400|7.2237857800|35200|257950.0000|7.2237857800
10250000|7.2237857800|7.2237857800|7.2041024400|7.2041024400|52200|382550.0000|7.2041024400
10300000|7.2139441100|7.2139441100|7.1844191000|7.1844191000|20000|146226.0000|7.1844191000
10350000|7.1844191000|7.1942607700|7.1745774300|7.1745774300|13400|97814.0000|7.1745774300
10400000|7.1745774300|7.1844191000|7.1745774300|7.1745774300|37300|271972.0000|7.1745774300
10450000|7.1745774300|7.1745774300|7.1647357600|7.1745774300|37600|274009.0000|7.1745774300
10500000|7.1647357600|7.2041024400|7.1647357600|7.2041024400|24300|177369.0000|7.2041024400
10550000|7.1942607700|7.1942607700|7.1745774300|7.1745774300|29000|211543.0000|7.1745774300
11000000|7.1647357600|7.1844191000|7.1647357600|7.1844191000|40500|295215.0000|7.1844191000
11050000|7.1844191000|7.1844191000|7.1647357600|7.1647357600|83400|607711.0000|7.1647357600
11100000|7.1647357600|7.1647357600|7.1548940900|7.1647357600|22900|166555.0000|7.1647357600
11150000|7.1647357600|7.1647357600|7.1548940900|7.1548940900|39500|287357.0000|7.1548940900
11200000|7.1647357600|7.1745774300|7.1548940900|7.1647357600|30700|223505.0000|7.1647357600
11250000|7.1745774300|7.1844191000|7.1647357600|7.1745774300|19300|140724.0000|7.1745774300
11300000|7.1844191000|7.2041024400|7.1745774300|7.1942607700|105600|772252.0000|7.1942607700
13050000|7.1844191000|7.2336274500|7.1844191000|7.2336274500|135500|993934.0000|7.2336274500
13100000|7.2434691200|7.2926774700|7.2434691200|7.2729941300|407000|3006532.0000|7.2729941300
13150000|7.2729941300|7.3123608100|7.2729941300|7.3123608100|233800|1732054.0000|7.3123608100
13200000|7.3123608100|7.3222024800|7.3025191400|7.3025191400|168600|1252612.0000|7.3025191400
13250000|7.3123608100|7.3418858200|7.3123608100|7.3222024800|153200|1140632.0000|7.3222024800
13300000|7.3222024800|7.3517274900|7.2926774700|7.2926774700|216200|1610024.0000|7.2926774700
13350000|7.3025191400|7.3025191400|7.2729941300|7.2926774700|104100|770540.0000|7.2926774700
13400000|7.2828358000|7.2828358000|7.2631524600|7.2631524600|20200|149322.0000|7.2631524600
13450000|7.2533107900|7.2631524600|7.2434691200|7.2434691200|53600|395166.0000|7.2434691200
13500000|7.2434691200|7.2434691200|7.2336274500|7.2336274500|33800|248508.0000|7.2336274500
13550000|7.2336274500|7.2434691200|7.2237857800|7.2336274500|54600|401312.0000|7.2336274500
14000000|7.2336274500|7.2434691200|7.2237857800|7.2434691200|37100|272640.0000|7.2434691200
14050000|7.2336274500|7.2336274500|7.2139441100|7.2237857800|44900|329650.0000|7.2237857800
14100000|7.2237857800|7.2237857800|7.2139441100|7.2237857800|12400|91014.0000|7.2237857800
14150000|7.2237857800|7.2336274500|7.2237857800|7.2336274500|20300|149124.0000|7.2336274500
14200000|7.2336274500|7.2336274500|7.2139441100|7.2336274500|30700|225320.0000|7.2336274500
14250000|7.2237857800|7.2336274500|7.2237857800|7.2237857800|8500|62436.0000|7.2237857800
14300000|7.2237857800|7.2336274500|7.2237857800|7.2237857800|27100|198932.0000|7.2237857800
14350000|7.2237857800|7.2237857800|7.1942607700|7.1942607700|125100|915618.0000|7.1942607700
14400000|7.1942607700|7.2041024400|7.1942607700|7.1942607700|41900|306328.0000|7.1942607700
14450000|7.1942607700|7.2041024400|7.1942607700|7.1942607700|15300|111888.0000|7.1942607700
14500000|7.1942607700|7.2041024400|7.1844191000|7.1942607700|80100|585672.0000|7.1942607700
14550000|7.1844191000|7.2041024400|7.1844191000|7.1942607700|49900|365104.0000|7.1942607700
15000000|7.1942607700|7.2041024400|7.1844191000|7.1942607700|101500|741924.0000|7.1942607700
