093500|4.35|4.44|4.35|4.41|50198.0|22105511.0|4.37
094000|4.4|4.43|4.39|4.42|22699.0|10024297.0|4.41
094500|4.42|4.47|4.42|4.44|47452.0|21118572.0|4.42
095000|4.44|4.44|4.39|4.41|13549.0|5983157.0|4.44
095500|4.42|4.42|4.4|4.41|8059.0|3553574.0|4.41
100000|4.41|4.41|4.39|4.41|10042.0|4414948.0|4.41
100500|4.4|4.44|4.4|4.44|17337.0|7665863.0|4.41
101000|4.44|4.44|4.42|4.43|4287.0|1898747.0|4.44
101500|4.43|4.44|4.42|4.44|13680.0|6060434.0|4.43
102000|4.43|4.44|4.42|4.43|5122.0|2267546.0|4.44
102500|4.43|4.44|4.42|4.42|11020.0|4880184.0|4.43
103000|4.43|4.43|4.42|4.43|6565.0|2907452.0|4.42
103500|4.43|4.46|4.42|4.46|27704.0|12318036.0|4.43
104000|4.45|4.47|4.44|4.46|28328.0|12621841.0|4.46
104500|4.47|4.47|4.45|4.46|9851.0|4392291.0|4.46
105000|4.46|4.5|4.45|4.49|59620.0|26729872.0|4.46
105500|4.48|4.49|4.48|4.49|17352.0|7779906.0|4.49
110000|4.49|4.49|4.47|4.47|8583.0|3841697.0|4.49
110500|4.48|4.48|4.46|4.48|9542.0|4259629.0|4.47
111000|4.48|4.48|4.46|4.47|5415.0|2419985.0|4.48
111500|4.47|4.48|4.45|4.46|5333.0|2378891.0|4.47
112000|4.46|4.47|4.45|4.47|4391.0|1958152.0|4.46
112500|4.46|4.47|4.45|4.46|4198.0|1872600.0|4.47
113000|4.46|4.47|4.46|4.46|7250.0|3234901.0|4.46
130500|4.47|4.48|4.46|4.48|10739.0|4801969.0|4.46
131000|4.48|4.48|4.46|4.47|6835.0|3055891.0|4.48
131500|4.47|4.49|4.46|4.48|15268.0|6843570.0|4.47
132000|4.48|4.49|4.47|4.49|5680.0|2545473.0|4.48
132500|4.49|4.5|4.48|4.49|16285.0|7307649.0|4.49
133000|4.5|4.52|4.5|4.52|35747.0|16114424.0|4.49
133500|4.52|4.53|4.51|4.52|11865.0|5363921.0|4.52
134000|4.51|4.53|4.51|4.52|10908.0|4933779.0|4.52
134500|4.53|4.53|4.51|4.51|6141.0|2774556.0|4.52
135000|4.52|4.52|4.49|4.49|7435.0|3349457.0|4.51
135500|4.49|4.51|4.49|4.51|12605.0|5680536.0|4.49
140000|4.51|4.52|4.5|4.52|9805.0|4422478.0|4.51
140500|4.52|4.52|4.51|4.51|6146.0|2772573.0|4.52
141000|4.51|4.52|4.5|4.51|4817.0|2172108.0|4.51
141500|4.51|4.51|4.5|4.5|3654.0|1646130.0|4.51
142000|4.5|4.52|4.5|4.51|16074.0|7251973.0|4.5
142500|4.52|4.52|4.5|4.51|10844.0|4891329.0|4.51
143000|4.51|4.51|4.5|4.5|1711.0|771129.0|4.51
143500|4.5|4.52|4.5|4.51|12980.0|5853225.0|4.5
144000|4.51|4.52|4.51|4.51|18936.0|8545920.0|4.51
144500|4.51|4.52|4.5|4.51|9257.0|4173611.0|4.51
145000|4.5|4.51|4.5|4.51|7729.0|3481424.0|4.51
145500|4.51|4.51|4.5|4.5|16689.0|7518556.0|4.51
150000|4.5|4.51|4.5|4.51|16912.0|7623863.0|4.5
