093500|99.96|100.25|97.28|100.14|2617.0|26002706.0|99.89
094000|100.0|100.0|99.4|99.4|706.0|7035049.0|100.14
094500|99.4|99.4|98.86|99.0|882.0|8740984.0|99.4
095000|98.94|99.95|98.94|99.68|642.0|6391652.0|99.0
095500|99.68|100.49|99.01|100.49|665.0|6642832.0|99.68
100000|100.47|100.47|99.2|99.35|753.0|7508018.0|100.49
100500|99.2|99.25|98.5|98.5|815.0|8066779.0|99.35
101000|98.5|98.77|98.22|98.77|620.0|6104006.0|98.5
101500|98.77|98.77|98.0|98.25|901.0|8849879.0|98.77
102000|98.25|98.25|97.6|97.95|510.0|4994652.0|98.25
102500|97.95|98.17|97.88|98.08|204.0|1999040.0|97.95
103000|98.08|98.5|98.06|98.33|214.0|2102931.0|98.08
103500|98.32|98.71|98.32|98.57|141.0|1388498.0|98.33
104000|98.58|98.88|98.58|98.88|96.0|947067.0|98.57
104500|98.87|99.61|98.69|99.61|552.0|5477173.0|98.88
105000|99.8|100.4|99.62|100.4|1434.0|14353882.0|99.61
105500|100.4|100.4|99.8|99.88|302.0|3024536.0|100.4
110000|99.89|100.37|99.8|100.37|397.0|3970590.0|99.88
110500|100.39|101.24|100.36|101.02|1091.0|10996219.0|100.37
111000|101.13|101.13|100.59|100.73|284.0|2861755.0|101.02
111500|100.71|100.94|100.25|100.4|373.0|3748592.0|100.73
112000|100.39|101.0|100.39|100.47|160.0|1610344.0|100.4
112500|100.32|100.46|99.98|100.22|343.0|3435023.0|100.47
113000|100.01|100.5|100.0|100.46|168.0|1685060.0|100.22
130500|100.47|101.28|100.03|100.47|561.0|5649637.0|100.46
131000|100.21|100.46|99.83|100.14|382.0|3821860.0|100.47
131500|100.14|100.15|99.63|99.63|117.0|1169828.0|100.14
132000|99.6|99.8|99.2|99.21|458.0|4559345.0|99.63
132500|99.21|99.54|99.19|99.19|299.0|2964250.0|99.21
133000|99.0|99.12|98.62|99.12|401.0|3961847.0|99.19
133500|99.12|99.12|98.6|98.65|340.0|3355535.0|99.12
134000|98.63|98.9|98.55|98.81|172.0|1696572.0|98.65
134500|98.78|98.78|98.56|98.56|75.0|740064.0|98.81
135000|98.56|98.57|98.42|98.42|150.0|1477528.0|98.56
135500|98.45|98.45|98.19|98.3|187.0|1838518.0|98.42
140000|98.3|98.45|98.19|98.35|174.0|1710615.0|98.3
140500|98.36|98.91|98.24|98.48|386.0|3802888.0|98.35
141000|98.71|98.71|98.57|98.59|96.0|946609.0|98.48
141500|98.56|98.56|98.25|98.3|213.0|2094378.0|98.59
142000|98.38|98.4|98.1|98.13|386.0|3792296.0|98.3
142500|98.15|98.2|97.85|97.85|530.0|5196105.0|98.13
143000|97.86|97.86|97.7|97.81|326.0|3188133.0|97.85
143500|97.84|98.3|97.84|98.2|397.0|3892128.0|97.81
144000|98.2|98.25|98.09|98.12|164.0|1610175.0|98.2
144500|98.12|98.17|98.0|98.0|281.0|2755017.0|98.12
145000|98.01|98.26|97.99|98.13|249.0|2443187.0|98.0
145500|98.1|98.26|98.1|98.16|255.0|2503390.0|98.13
150000|98.17|98.24|98.16|98.2|224.0|2194690.0|98.16
