093500|16.58|16.6|16.27|16.32|23285.0|38272935.0|16.77
094000|16.33|16.45|16.33|16.44|9499.0|15571285.0|16.32
094500|16.44|16.8|16.42|16.62|9823.0|16305523.0|16.44
095000|16.62|16.78|16.62|16.78|6718.0|11233925.0|16.62
095500|16.78|16.78|16.73|16.76|3885.0|6507731.0|16.78
100000|16.77|16.78|16.69|16.75|7100.0|11881389.0|16.76
100500|16.78|17.09|16.78|17.08|15925.0|26943385.0|16.75
101000|17.03|17.03|16.81|16.83|7069.0|11942547.0|17.08
101500|16.84|16.84|16.71|16.81|4014.0|6735135.0|16.83
102000|16.81|16.9|16.77|16.85|3035.0|5108354.0|16.81
102500|16.85|16.88|16.8|16.8|2927.0|4929412.0|16.85
103000|16.8|16.83|16.78|16.82|2817.0|4735348.0|16.8
103500|16.81|16.86|16.81|16.86|3459.0|5821122.0|16.82
104000|16.86|16.87|16.82|16.83|1915.0|3225776.0|16.86
104500|16.82|16.83|16.79|16.79|1770.0|2974050.0|16.83
105000|16.79|16.8|16.77|16.78|1657.0|2780995.0|16.79
105500|16.78|16.79|16.77|16.78|1641.0|2753118.0|16.78
110000|16.78|16.84|16.78|16.82|1856.0|3118628.0|16.78
110500|16.84|16.93|16.81|16.92|3153.0|5313895.0|16.82
111000|16.92|16.92|16.88|16.88|1682.0|2842990.0|16.92
111500|16.88|16.99|16.86|16.97|5370.0|9099269.0|16.88
112000|16.98|16.99|16.89|16.91|2564.0|4348126.0|16.97
112500|16.91|16.92|16.86|16.91|1186.0|2002723.0|16.91
113000|16.91|16.96|16.91|16.95|1340.0|2270147.0|16.91
130500|16.95|16.99|16.94|16.94|2880.0|4884479.0|16.95
131000|16.95|16.98|16.88|16.97|2276.0|3853441.0|16.94
131500|16.96|17.01|16.94|17.01|3878.0|6585320.0|16.97
132000|17.0|17.1|16.98|17.05|6076.0|10360626.0|17.01
132500|17.05|17.06|16.97|17.0|4105.0|6991142.0|17.05
133000|16.99|17.08|16.97|17.02|2813.0|4788978.0|17.0
133500|17.07|17.12|17.04|17.11|5875.0|10039190.0|17.02
134000|17.12|17.19|17.11|17.14|6262.0|10746944.0|17.11
134500|17.14|17.18|17.14|17.14|2982.0|5118136.0|17.14
135000|17.14|17.3|17.11|17.29|7989.0|13744687.0|17.14
135500|17.29|17.29|17.16|17.21|4314.0|7432863.0|17.29
140000|17.21|17.24|17.14|17.14|2973.0|5111587.0|17.21
140500|17.13|17.15|17.09|17.09|2509.0|4294063.0|17.14
141000|17.09|17.1|17.05|17.05|2128.0|3632832.0|17.09
141500|17.05|17.11|17.04|17.08|1994.0|3404634.0|17.05
142000|17.08|17.08|17.04|17.04|1825.0|3114542.0|17.08
142500|17.04|17.04|17.02|17.03|1072.0|1825128.0|17.04
143000|17.03|17.04|17.0|17.0|2477.0|4215064.0|17.03
143500|17.0|17.0|16.9|16.97|2478.0|4198260.0|17.0
144000|16.97|17.0|16.93|16.94|1632.0|2769971.0|16.97
144500|16.94|16.98|16.94|16.97|1967.0|3336261.0|16.94
145000|16.96|16.98|16.94|16.95|2823.0|4787450.0|16.97
145500|16.94|16.96|16.93|16.93|3911.0|6626546.0|16.95
150000|16.93|16.94|16.93|16.93|3426.0|5801297.0|16.93
