09350000|57.4400000000|57.7600000000|57.3500000000|57.6000000000|2862200|164707712.0000|57.6000000000
09400000|57.6000000000|57.6600000000|57.3000000000|57.4700000000|1635200|94031968.0000|57.4700000000
09450000|57.4300000000|57.4400000000|57.2600000000|57.2700000000|1009000|57848032.0000|57.2700000000
09500000|57.2700000000|57.4300000000|57.1800000000|57.3600000000|1008600|57791456.0000|57.3600000000
09550000|57.3500000000|57.4200000000|57.2100000000|57.3800000000|894300|51270720.0000|57.3800000000
10000000|57.3800000000|57.4400000000|57.3000000000|57.3700000000|669900|38445088.0000|57.3700000000
10050000|57.3500000000|57.4400000000|57.2500000000|57.3300000000|747600|42891136.0000|57.3300000000
10100000|57.3400000000|57.3700000000|57.1200000000|57.1600000000|1124400|64332480.0000|57.1600000000
10150000|57.1600000000|57.2400000000|57.0800000000|57.1200000000|856900|48989634.0000|57.1200000000
10200000|57.1300000000|57.2200000000|57.1000000000|57.1100000000|773900|44220670.0000|57.1100000000
10250000|57.1100000000|57.1700000000|57.0600000000|57.0700000000|894300|51062016.0000|57.0700000000
10300000|57.0600000000|57.1000000000|57.0000000000|57.0700000000|1071100|61092346.0000|57.0700000000
10350000|57.0500000000|57.0700000000|56.9500000000|57.0200000000|1017400|57995716.0000|57.0200000000
10400000|56.9800000000|57.0600000000|56.9800000000|57.0300000000|730900|41676094.0000|57.0300000000
10450000|57.0300000000|57.1100000000|57.0200000000|57.1000000000|463300|26437756.0000|57.1000000000
10500000|57.1100000000|57.1900000000|57.1000000000|57.1600000000|520800|29757957.0000|57.1600000000
10550000|57.1400000000|57.1700000000|57.0400000000|57.0600000000|744500|42506875.0000|57.0600000000
11000000|57.0600000000|57.0800000000|57.0000000000|57.0400000000|912000|52005569.0000|57.0400000000
11050000|57.1100000000|57.1400000000|56.9900000000|57.0000000000|975800|55654215.0000|57.0000000000
11100000|57.0000000000|57.1000000000|56.9800000000|57.0700000000|712400|40630522.0000|57.0700000000
11150000|57.0100000000|57.1200000000|57.0100000000|57.0400000000|695000|39649286.0000|57.0400000000
11200000|57.0400000000|57.1300000000|57.0100000000|57.0800000000|727800|41517048.0000|57.0800000000
11250000|57.0500000000|57.1300000000|57.0000000000|57.0300000000|695500|39681544.0000|57.0300000000
11300000|57.0200000000|57.0600000000|57.0000000000|57.0100000000|570100|32506237.0000|57.0100000000
13050000|57.0600000000|57.4000000000|57.0400000000|57.3100000000|2014800|115393926.0000|57.3100000000
13100000|57.3600000000|57.4500000000|57.2800000000|57.3200000000|1339700|76859262.0000|57.3200000000
13150000|57.3400000000|57.5900000000|57.2700000000|57.5700000000|1479600|84943483.0000|57.5700000000
13200000|57.5900000000|57.6000000000|57.4000000000|57.4200000000|1212100|69708033.0000|57.4200000000
13250000|57.4100000000|57.4800000000|57.3400000000|57.4800000000|973200|55892987.0000|57.4800000000
13300000|57.4900000000|57.7000000000|57.4500000000|57.7000000000|1546700|89113608.0000|57.7000000000
13350000|57.7000000000|57.9600000000|57.6500000000|57.9500000000|2242600|129651072.0000|57.9500000000
13400000|57.9300000000|57.9300000000|57.6300000000|57.6400000000|1081900|62493568.0000|57.6400000000
13450000|57.6900000000|57.7300000000|57.4000000000|57.4200000000|1275500|73413118.0000|57.4200000000
13500000|57.4200000000|57.4300000000|57.3300000000|57.3700000000|848700|48696058.0000|57.3700000000
13550000|57.3500000000|57.3700000000|57.3000000000|57.3200000000|713200|40881932.0000|57.3200000000
14000000|57.3200000000|57.3300000000|57.1400000000|57.2200000000|897500|51350012.0000|57.2200000000
14050000|57.2500000000|57.3900000000|57.2500000000|57.3200000000|506700|29042936.0000|57.3200000000
14100000|57.3300000000|57.3300000000|57.2600000000|57.3000000000|477500|27361542.0000|57.3000000000
14150000|57.3000000000|57.3400000000|57.2500000000|57.3000000000|415000|23775486.0000|57.3000000000
14200000|57.3000000000|57.3500000000|57.2700000000|57.2700000000|612100|35080712.0000|57.2700000000
14250000|57.2700000000|57.3100000000|57.2600000000|57.2700000000|537300|30780154.0000|57.2700000000
14300000|57.2800000000|57.3000000000|57.2100000000|57.2100000000|772500|44236288.0000|57.2100000000
14350000|57.2200000000|57.3800000000|57.2200000000|57.3800000000|603700|34577924.0000|57.3800000000
14400000|57.3800000000|57.3800000000|57.3000000000|57.3500000000|906600|51982584.0000|57.3500000000
14450000|57.4000000000|57.4300000000|57.3300000000|57.3500000000|821100|47115779.0000|57.3500000000
14500000|57.3800000000|57.3900000000|57.3500000000|57.3700000000|676300|38801926.0000|57.3700000000
14550000|57.3700000000|57.4100000000|57.3600000000|57.3900000000|1206300|69227519.0000|57.3900000000
15000000|57.4100000000|57.4400000000|57.3800000000|57.4300000000|558500|32059140.0000|57.4300000000
