093500|25.2|25.21|25.12|25.19|937.0|2359265.0|25.21
094000|25.2|25.2|25.13|25.14|355.0|893653.0|25.19
094500|25.15|25.16|25.1|25.1|447.0|1123158.0|25.14
095000|25.09|25.11|25.03|25.06|582.0|1458826.0|25.1
095500|25.06|25.09|25.04|25.04|382.0|957282.0|25.06
100000|25.04|25.06|25.02|25.06|548.0|1372689.0|25.04
100500|25.03|25.05|25.01|25.02|735.0|1839048.0|25.06
101000|25.02|25.04|25.02|25.02|292.0|730893.0|25.02
101500|25.03|25.03|25.02|25.03|220.0|550616.0|25.02
102000|25.04|25.08|25.04|25.08|279.0|699085.0|25.03
102500|25.07|25.07|25.05|25.05|274.0|686626.0|25.08
103000|25.06|25.08|25.06|25.08|142.0|353983.0|25.05
103500|25.08|25.09|25.07|25.07|91.0|228265.0|25.08
104000|25.08|25.12|25.07|25.12|171.0|429168.0|25.07
104500|25.13|25.14|25.12|25.12|169.0|424702.0|25.12
105000|25.13|25.16|25.12|25.12|153.0|384639.0|25.12
105500|25.12|25.16|25.12|25.16|145.0|364692.0|25.12
110000|25.16|25.16|25.12|25.12|405.0|1018055.0|25.16
110500|25.12|25.14|25.12|25.13|95.0|238674.0|25.12
111000|25.13|25.14|25.12|25.12|89.0|223628.0|25.13
111500|25.15|25.15|25.12|25.12|112.0|282907.0|25.12
112000|25.14|25.15|25.12|25.15|55.0|138277.0|25.12
112500|25.1|25.15|25.1|25.14|494.0|1240533.0|25.15
113000|25.15|25.17|25.13|25.13|300.0|754369.0|25.14
130500|25.13|25.18|25.13|25.16|199.0|501307.0|25.13
131000|25.18|25.19|25.17|25.17|169.0|424116.0|25.16
131500|25.17|25.23|25.17|25.23|817.0|2059371.0|25.17
132000|25.24|25.25|25.2|25.2|350.0|883045.0|25.23
132500|25.2|25.21|25.19|25.2|146.0|367934.0|25.2
133000|25.2|25.22|25.14|25.15|210.0|528986.0|25.2
133500|25.17|25.2|25.16|25.2|114.0|287011.0|25.15
134000|25.19|25.2|25.18|25.2|152.0|383913.0|25.2
134500|25.2|25.22|25.2|25.2|203.0|510441.0|25.2
135000|25.2|25.22|25.2|25.21|162.0|408420.0|25.2
135500|25.21|25.21|25.16|25.16|353.0|890349.0|25.21
140000|25.16|25.17|25.16|25.17|175.0|440389.0|25.16
140500|25.17|25.18|25.17|25.18|265.0|667037.0|25.17
141000|25.18|25.18|25.17|25.18|77.0|193880.0|25.18
141500|25.19|25.19|25.18|25.18|105.0|264413.0|25.18
142000|25.18|25.19|25.17|25.18|189.0|475914.0|25.18
142500|25.17|25.2|25.16|25.16|179.0|450684.0|25.18
143000|25.16|25.19|25.15|25.19|382.0|961249.0|25.16
143500|25.18|25.2|25.17|25.18|113.0|284640.0|25.19
144000|25.18|25.2|25.18|25.18|174.0|438212.0|25.18
144500|25.18|25.2|25.17|25.19|168.0|423083.0|25.18
145000|25.19|25.23|25.19|25.2|533.0|1342346.0|25.19
145500|25.21|25.21|25.18|25.19|628.0|1582510.0|25.2
150000|25.19|25.2|25.17|25.17|403.0|1014692.0|25.19
