093500|28.89|29.83|28.79|29.62|37568.0|110766249.0|28.98
094000|29.66|29.98|29.53|29.66|28123.0|83687068.0|29.62
094500|29.68|29.75|29.42|29.47|15021.0|44471980.0|29.66
095000|29.44|29.46|29.31|29.38|7723.0|22678885.0|29.47
095500|29.39|29.6|29.25|29.53|14067.0|41386347.0|29.38
100000|29.55|29.98|29.52|29.89|26090.0|77694803.0|29.53
100500|29.89|29.94|29.7|29.75|14240.0|42481054.0|29.89
101000|29.76|29.79|29.64|29.67|6981.0|20749358.0|29.75
101500|29.66|29.74|29.58|29.6|6015.0|17840880.0|29.67
102000|29.6|29.6|29.43|29.48|5290.0|15604815.0|29.6
102500|29.48|29.56|29.46|29.51|4963.0|14645538.0|29.48
103000|29.5|29.73|29.48|29.53|5433.0|16078160.0|29.51
103500|29.53|29.69|29.39|29.53|8451.0|24955185.0|29.53
104000|29.52|30.1|29.5|29.88|37939.0|113559760.0|29.53
104500|29.89|30.0|29.76|30.0|8168.0|24403274.0|29.88
105000|30.09|30.3|30.03|30.11|25355.0|76401904.0|30.0
105500|30.11|30.13|29.98|29.99|6027.0|18117828.0|30.11
110000|29.99|29.99|29.77|29.78|4396.0|13122876.0|29.99
110500|29.79|29.86|29.78|29.82|3703.0|11037435.0|29.78
111000|29.82|29.94|29.74|29.84|3284.0|9791722.0|29.82
111500|29.84|29.98|29.84|29.9|2366.0|7080471.0|29.84
112000|29.9|29.93|29.84|29.89|1836.0|5486882.0|29.9
112500|29.88|29.93|29.84|29.85|1410.0|4211500.0|29.89
113000|29.85|29.92|29.82|29.84|1671.0|4990297.0|29.85
130500|29.83|29.95|29.74|29.93|4563.0|13595272.0|29.84
131000|29.93|29.93|29.83|29.84|2031.0|6069052.0|29.93
131500|29.83|29.85|29.74|29.77|3379.0|10068309.0|29.84
132000|29.77|29.85|29.74|29.76|2097.0|6248895.0|29.77
132500|29.79|29.86|29.74|29.8|2623.0|7817344.0|29.76
133000|29.8|29.82|29.69|29.7|3428.0|10192316.0|29.8
133500|29.69|29.7|29.63|29.68|3464.0|10272594.0|29.7
134000|29.68|29.69|29.53|29.58|5572.0|16481051.0|29.68
134500|29.58|29.66|29.55|29.55|2103.0|6224063.0|29.58
135000|29.55|29.6|29.46|29.57|3747.0|11069040.0|29.55
135500|29.58|29.66|29.56|29.58|2203.0|6520076.0|29.57
140000|29.58|29.67|29.57|29.65|1880.0|5569180.0|29.58
140500|29.64|29.68|29.53|29.67|3836.0|11354745.0|29.65
141000|29.67|29.79|29.65|29.76|3973.0|11807097.0|29.67
141500|29.75|29.85|29.72|29.79|2439.0|7264214.0|29.76
142000|29.75|29.91|29.74|29.91|6710.0|20011111.0|29.79
142500|29.91|29.97|29.89|29.94|6346.0|18989585.0|29.91
143000|29.93|30.18|29.93|30.12|17782.0|53448625.0|29.94
143500|30.11|30.28|30.1|30.2|15492.0|46818486.0|30.12
144000|30.18|30.24|30.06|30.06|8933.0|26958437.0|30.2
144500|30.06|30.13|30.06|30.09|5534.0|16653285.0|30.06
145000|30.08|30.14|30.08|30.09|7424.0|22352787.0|30.09
145500|30.09|30.1|30.05|30.05|4938.0|14850584.0|30.09
150000|30.05|30.05|30.0|30.0|5923.0|17775849.0|30.05
