093500|4.08|4.21|4.06|4.14|114210.0|47265665.0|4.15
094000|4.14|4.19|4.08|4.18|66881.0|27536844.0|4.14
094500|4.17|4.23|4.15|4.19|111556.0|46759508.0|4.18
095000|4.17|4.25|4.16|4.23|83288.0|35101145.0|4.19
095500|4.23|4.23|4.2|4.2|35650.0|15003063.0|4.23
100000|4.2|4.22|4.19|4.22|28260.0|11900850.0|4.2
100500|4.21|4.27|4.19|4.26|82100.0|34749329.0|4.22
101000|4.26|4.37|4.25|4.28|231530.0|99740769.0|4.26
101500|4.28|4.3|4.26|4.29|51858.0|22217727.0|4.28
102000|4.29|4.3|4.28|4.3|25978.0|11140695.0|4.29
102500|4.3|4.3|4.26|4.26|24657.0|10545949.0|4.3
103000|4.27|4.28|4.26|4.27|17511.0|7476450.0|4.26
103500|4.26|4.28|4.25|4.28|39151.0|16697588.0|4.27
104000|4.27|4.28|4.26|4.26|19665.0|8396652.0|4.28
104500|4.27|4.29|4.26|4.28|32552.0|13929235.0|4.26
105000|4.28|4.3|4.27|4.28|31613.0|13542050.0|4.28
105500|4.28|4.29|4.28|4.28|24915.0|10681022.0|4.28
110000|4.28|4.42|4.28|4.35|255842.0|111673121.0|4.28
110500|4.36|4.37|4.32|4.37|91998.0|39994250.0|4.35
111000|4.36|4.38|4.35|4.36|47529.0|20735450.0|4.37
111500|4.36|4.37|4.33|4.34|31156.0|13538499.0|4.36
112000|4.34|4.37|4.33|4.36|25957.0|11284652.0|4.34
112500|4.36|4.37|4.34|4.34|30285.0|13192255.0|4.36
113000|4.35|4.38|4.35|4.38|53281.0|23272846.0|4.34
130500|4.37|4.43|4.35|4.4|146033.0|64172617.0|4.38
131000|4.4|4.4|4.34|4.35|37839.0|16540271.0|4.4
131500|4.34|4.36|4.32|4.35|22852.0|9919811.0|4.35
132000|4.35|4.35|4.32|4.33|12775.0|5534947.0|4.35
132500|4.33|4.34|4.32|4.32|20227.0|8748991.0|4.33
133000|4.32|4.35|4.32|4.34|25946.0|11243779.0|4.32
133500|4.34|4.35|4.32|4.34|26935.0|11664031.0|4.34
134000|4.34|4.35|4.33|4.33|16859.0|7310137.0|4.34
134500|4.33|4.33|4.32|4.33|17397.0|7519623.0|4.33
135000|4.33|4.33|4.31|4.32|21893.0|9449381.0|4.33
135500|4.31|4.32|4.3|4.32|32333.0|13931242.0|4.32
140000|4.32|4.34|4.31|4.34|20117.0|8697788.0|4.32
140500|4.33|4.34|4.3|4.3|29419.0|12708869.0|4.34
141000|4.3|4.32|4.3|4.31|28954.0|12466681.0|4.3
141500|4.31|4.32|4.3|4.31|15765.0|6796363.0|4.31
142000|4.31|4.32|4.3|4.31|24155.0|10404528.0|4.31
142500|4.31|4.32|4.3|4.31|26160.0|11273444.0|4.31
143000|4.31|4.35|4.31|4.32|45978.0|19925571.0|4.31
143500|4.32|4.33|4.31|4.31|42610.0|18394253.0|4.32
144000|4.32|4.34|4.31|4.32|36267.0|15686792.0|4.31
144500|4.32|4.33|4.31|4.32|62444.0|26962535.0|4.32
145000|4.32|4.32|4.31|4.32|73902.0|31877948.0|4.32
145500|4.3|4.33|4.3|4.33|104565.0|45141028.0|4.32
150000|4.33|4.37|4.33|4.37|98128.0|42748640.0|4.33
