093500|18.84|18.85|18.72|18.76|16465.0|30900394.0|18.91
094000|18.76|18.8|18.69|18.79|20159.0|37744289.0|18.76
094500|18.78|18.87|18.76|18.84|9349.0|17598183.0|18.79
095000|18.84|18.88|18.83|18.84|6395.0|12058386.0|18.84
095500|18.84|18.84|18.81|18.83|3814.0|7180547.0|18.84
100000|18.83|18.87|18.81|18.86|3825.0|7204203.0|18.83
100500|18.87|18.87|18.82|18.82|3278.0|6176278.0|18.86
101000|18.82|18.87|18.8|18.82|7029.0|13235580.0|18.82
101500|18.81|18.85|18.78|18.79|7548.0|14201641.0|18.82
102000|18.79|18.8|18.76|18.76|4067.0|7635499.0|18.79
102500|18.77|18.78|18.74|18.76|3758.0|7049871.0|18.76
103000|18.75|18.75|18.72|18.74|5053.0|9466188.0|18.76
103500|18.73|18.75|18.71|18.72|6401.0|11983659.0|18.74
104000|18.71|18.79|18.71|18.75|3887.0|7285238.0|18.72
104500|18.74|18.82|18.74|18.82|3868.0|7268822.0|18.75
105000|18.82|18.88|18.82|18.85|5424.0|10225552.0|18.82
105500|18.84|18.85|18.82|18.83|1420.0|2674556.0|18.85
110000|18.83|18.88|18.83|18.85|4938.0|9312364.0|18.83
110500|18.85|18.89|18.84|18.88|2282.0|4305847.0|18.85
111000|18.87|18.88|18.86|18.87|810.0|1528351.0|18.88
111500|18.87|18.9|18.86|18.9|1778.0|3357551.0|18.87
112000|18.89|18.91|18.88|18.88|1757.0|3320298.0|18.9
112500|18.89|18.9|18.87|18.9|865.0|1633765.0|18.88
113000|18.89|18.92|18.89|18.92|1843.0|3483347.0|18.9
130500|18.92|18.98|18.9|18.94|6518.0|12342202.0|18.92
131000|18.91|18.95|18.9|18.91|1838.0|3477324.0|18.94
131500|18.9|18.94|18.9|18.93|1699.0|3215383.0|18.91
132000|18.93|18.94|18.92|18.93|1823.0|3450917.0|18.93
132500|18.93|18.93|18.91|18.92|1420.0|2686869.0|18.93
133000|18.92|18.92|18.91|18.92|1041.0|1969817.0|18.92
133500|18.93|18.93|18.92|18.93|1707.0|3230554.0|18.92
134000|18.93|18.93|18.91|18.92|1283.0|2427696.0|18.93
134500|18.92|18.93|18.91|18.91|2002.0|3787253.0|18.92
135000|18.92|18.92|18.86|18.86|3250.0|6136961.0|18.91
135500|18.87|18.9|18.87|18.89|1157.0|2184812.0|18.86
140000|18.88|18.91|18.88|18.9|1887.0|3566438.0|18.89
140500|18.89|18.91|18.89|18.89|1010.0|1909118.0|18.9
141000|18.89|18.91|18.87|18.9|1579.0|2983171.0|18.89
141500|18.91|18.92|18.9|18.92|1402.0|2651436.0|18.9
142000|18.91|18.93|18.91|18.93|2370.0|4484252.0|18.92
142500|18.93|18.93|18.91|18.92|1702.0|3219604.0|18.93
143000|18.92|18.92|18.87|18.89|4839.0|9143979.0|18.92
143500|18.89|18.89|18.83|18.85|6674.0|12585255.0|18.89
144000|18.85|18.85|18.81|18.82|6893.0|12975597.0|18.85
144500|18.83|18.88|18.81|18.87|5732.0|10795925.0|18.82
145000|18.88|18.89|18.86|18.89|2553.0|4818859.0|18.87
145500|18.88|18.9|18.88|18.89|2177.0|4112776.0|18.89
150000|18.9|18.92|18.86|18.86|5475.0|10335283.0|18.89
