093500|5.49|5.57|5.37|5.53|186387.0|102649210.0|5.8
094000|5.53|5.63|5.52|5.62|77206.0|42957499.0|5.53
094500|5.62|5.7|5.62|5.65|91628.0|51906521.0|5.62
095000|5.65|5.66|5.61|5.61|45480.0|25658912.0|5.65
095500|5.61|5.65|5.61|5.63|32060.0|18064693.0|5.61
100000|5.63|5.65|5.6|5.62|36556.0|20536838.0|5.63
100500|5.62|5.66|5.61|5.64|30982.0|17449628.0|5.62
101000|5.64|5.65|5.63|5.64|24358.0|13731706.0|5.64
101500|5.64|5.65|5.6|5.63|26079.0|14669053.0|5.64
102000|5.63|5.64|5.61|5.62|17707.0|9954580.0|5.63
102500|5.61|5.65|5.61|5.63|22296.0|12549978.0|5.62
103000|5.64|5.65|5.61|5.65|16688.0|9387034.0|5.63
103500|5.64|5.66|5.63|5.66|13448.0|7591155.0|5.65
104000|5.65|5.67|5.63|5.67|31516.0|17802077.0|5.66
104500|5.67|5.69|5.66|5.69|22263.0|12636315.0|5.67
105000|5.68|5.7|5.68|5.7|14138.0|8043529.0|5.69
105500|5.69|5.7|5.67|5.68|12486.0|7092589.0|5.7
110000|5.68|5.68|5.67|5.67|7470.0|4237446.0|5.68
110500|5.68|5.72|5.66|5.69|30127.0|17160477.0|5.67
111000|5.68|5.69|5.66|5.66|11274.0|6397955.0|5.69
111500|5.66|5.69|5.66|5.68|7681.0|4360226.0|5.66
112000|5.67|5.68|5.67|5.68|7678.0|4357164.0|5.68
112500|5.68|5.69|5.64|5.64|16087.0|9102513.0|5.68
113000|5.65|5.67|5.63|5.63|29381.0|16584014.0|5.64
130500|5.63|5.65|5.63|5.64|17346.0|9778874.0|5.63
131000|5.64|5.66|5.63|5.64|10284.0|5799622.0|5.64
131500|5.65|5.65|5.63|5.64|18611.0|10491750.0|5.64
132000|5.64|5.65|5.63|5.64|13011.0|7338886.0|5.64
132500|5.64|5.66|5.64|5.65|11733.0|6628884.0|5.64
133000|5.65|5.68|5.65|5.68|8696.0|4926041.0|5.65
133500|5.67|5.68|5.66|5.67|7476.0|4233806.0|5.68
134000|5.66|5.68|5.65|5.68|13150.0|7446779.0|5.67
134500|5.68|5.69|5.67|5.67|7576.0|4299713.0|5.68
135000|5.67|5.67|5.65|5.67|8217.0|4651992.0|5.67
135500|5.66|5.68|5.66|5.67|8077.0|4581786.0|5.67
140000|5.68|5.68|5.66|5.67|12518.0|7098885.0|5.67
140500|5.67|5.68|5.66|5.68|13141.0|7456722.0|5.67
141000|5.67|5.68|5.66|5.66|7407.0|4196385.0|5.68
141500|5.67|5.67|5.65|5.65|12581.0|7125128.0|5.66
142000|5.65|5.66|5.64|5.66|24737.0|13971764.0|5.65
142500|5.66|5.67|5.66|5.67|9445.0|5352306.0|5.66
143000|5.67|5.69|5.67|5.67|16746.0|9508710.0|5.67
143500|5.68|5.7|5.67|5.69|24427.0|13885431.0|5.67
144000|5.7|5.7|5.67|5.68|27148.0|15438167.0|5.69
144500|5.67|5.69|5.67|5.69|22234.0|12636522.0|5.68
145000|5.69|5.69|5.67|5.68|25294.0|14371937.0|5.69
145500|5.67|5.69|5.67|5.69|35062.0|19921434.0|5.68
150000|5.68|5.7|5.68|5.69|35387.0|20135518.0|5.69
