093500|4.94|5.0|4.91|4.99|44917.0|22377203.0|4.91
094000|4.99|5.02|4.98|4.98|24186.0|12115505.0|4.99
094500|4.98|5.0|4.97|5.0|17641.0|8811398.0|4.98
095000|5.0|5.01|4.99|5.0|8218.0|4116865.0|5.0
095500|5.0|5.0|4.97|4.98|13355.0|6674779.0|5.0
100000|4.98|5.0|4.97|5.0|9668.0|4831848.0|4.98
100500|5.0|5.02|4.99|5.01|15640.0|7848419.0|5.0
101000|5.02|5.03|5.0|5.01|20575.0|10343342.0|5.01
101500|5.01|5.02|5.0|5.01|4565.0|2293017.0|5.01
102000|5.02|5.03|5.01|5.01|11465.0|5763438.0|5.01
102500|5.02|5.03|5.01|5.03|8168.0|4108605.0|5.01
103000|5.02|5.03|5.02|5.02|6526.0|3284455.0|5.03
103500|5.01|5.02|5.01|5.02|3261.0|1637978.0|5.02
104000|5.01|5.02|5.01|5.01|6098.0|3061632.0|5.02
104500|5.01|5.01|5.0|5.01|3473.0|1741012.0|5.01
105000|5.01|5.01|5.0|5.0|3534.0|1772210.0|5.01
105500|5.01|5.01|5.0|5.0|3106.0|1557031.0|5.0
110000|5.01|5.01|4.99|5.0|7122.0|3566429.0|5.0
110500|5.0|5.0|4.99|5.0|3581.0|1791540.0|5.0
111000|5.0|5.01|4.99|5.0|5121.0|2565050.0|5.0
111500|5.0|5.01|5.0|5.01|4311.0|2160846.0|5.0
112000|5.0|5.01|5.0|5.0|938.0|470565.0|5.01
112500|5.01|5.01|5.0|5.01|880.0|441280.0|5.0
113000|5.01|5.01|5.0|5.01|2482.0|1245209.0|5.01
130500|5.0|5.03|5.0|5.02|11680.0|5871989.0|5.01
131000|5.02|5.03|5.01|5.02|8168.0|4108622.0|5.02
131500|5.02|5.03|5.01|5.02|3476.0|1748475.0|5.02
132000|5.02|5.02|5.01|5.01|1844.0|926594.0|5.02
132500|5.01|5.02|5.0|5.01|8397.0|4213444.0|5.01
133000|5.01|5.01|4.99|5.0|4345.0|2177429.0|5.01
133500|5.01|5.02|5.0|5.02|9470.0|4748981.0|5.0
134000|5.02|5.02|5.0|5.01|4321.0|2169313.0|5.02
134500|5.01|5.02|5.0|5.0|2481.0|1245128.0|5.01
135000|5.01|5.01|5.0|5.0|5291.0|2651658.0|5.0
135500|5.01|5.01|5.0|5.0|6076.0|3049276.0|5.0
140000|5.01|5.01|5.0|5.01|1639.0|821922.0|5.0
140500|5.01|5.01|5.0|5.01|2590.0|1298688.0|5.01
141000|5.0|5.01|4.99|5.0|13710.0|6865578.0|5.01
141500|4.99|5.0|4.99|5.0|3791.0|1896262.0|5.0
142000|4.99|5.01|4.99|5.01|5055.0|2532805.0|5.0
142500|5.01|5.01|5.0|5.0|1800.0|902841.0|5.01
143000|5.01|5.01|5.0|5.0|1856.0|930619.0|5.0
143500|5.01|5.01|5.0|5.0|16439.0|8239239.0|5.0
144000|5.0|5.01|5.0|5.0|5132.0|2572426.0|5.0
144500|5.0|5.01|5.0|5.0|5924.0|2969041.0|5.0
145000|5.01|5.01|5.0|5.01|8673.0|4347431.0|5.0
145500|5.0|5.01|5.0|5.0|6776.0|3399092.0|5.01
150000|5.01|5.01|5.0|5.01|14146.0|7099447.0|5.0
