093500|11.36|11.36|11.16|11.17|4239.0|4843633.0|11.28
094000|11.16|11.17|11.11|11.11|3339.0|3785744.0|11.17
094500|11.12|11.16|11.11|11.12|2114.0|2394628.0|11.11
095000|11.11|11.12|11.09|11.11|3834.0|4331584.0|11.12
095500|11.11|11.11|11.09|11.1|1385.0|1564202.0|11.11
100000|11.09|11.13|11.09|11.13|1041.0|1175680.0|11.1
100500|11.13|11.15|11.11|11.14|905.0|1025553.0|11.13
101000|11.14|11.15|11.11|11.11|707.0|800822.0|11.14
101500|11.11|11.12|11.1|11.11|899.0|1016130.0|11.11
102000|11.11|11.11|11.11|11.11|460.0|519893.0|11.11
102500|11.11|11.13|11.1|11.12|542.0|612999.0|11.11
103000|11.11|11.12|11.11|11.11|988.0|1117402.0|11.12
103500|11.11|11.11|11.07|11.08|2931.0|3307607.0|11.11
104000|11.08|11.1|11.07|11.09|785.0|884488.0|11.08
104500|11.1|11.1|11.08|11.08|417.0|470168.0|11.09
105000|11.09|11.09|11.06|11.06|902.0|1016082.0|11.08
105500|11.06|11.07|11.04|11.06|1304.0|1466080.0|11.06
110000|11.05|11.05|11.03|11.04|534.0|599711.0|11.06
110500|11.03|11.06|11.03|11.05|777.0|872327.0|11.04
111000|11.05|11.07|11.04|11.04|991.0|1114090.0|11.05
111500|11.05|11.09|11.04|11.06|798.0|897891.0|11.04
112000|11.08|11.08|11.06|11.06|393.0|442552.0|11.06
112500|11.06|11.08|11.06|11.08|313.0|352416.0|11.06
113000|11.07|11.08|11.06|11.06|197.0|221765.0|11.08
130500|11.07|11.09|11.06|11.06|646.0|727555.0|11.06
131000|11.06|11.09|11.05|11.08|318.0|357973.0|11.06
131500|11.09|11.1|11.08|11.1|253.0|285383.0|11.08
132000|11.09|11.1|11.06|11.09|579.0|652990.0|11.1
132500|11.09|11.11|11.08|11.1|705.0|795808.0|11.09
133000|11.09|11.11|11.09|11.09|396.0|447127.0|11.1
133500|11.11|11.12|11.09|11.11|243.0|274678.0|11.09
134000|11.11|11.11|11.1|11.11|271.0|306258.0|11.11
134500|11.1|11.11|11.1|11.11|409.0|462112.0|11.11
135000|11.11|11.11|11.09|11.1|778.0|878628.0|11.11
135500|11.1|11.11|11.07|11.11|913.0|1030506.0|11.1
140000|11.11|11.12|11.11|11.12|277.0|313223.0|11.11
140500|11.11|11.12|11.11|11.11|672.0|759665.0|11.12
141000|11.11|11.11|11.08|11.09|590.0|666206.0|11.11
141500|11.09|11.09|11.08|11.09|384.0|433089.0|11.09
142000|11.09|11.11|11.09|11.1|253.0|285630.0|11.09
142500|11.1|11.1|11.09|11.09|336.0|379159.0|11.1
143000|11.09|11.1|11.09|11.1|158.0|178348.0|11.09
143500|11.1|11.1|11.08|11.09|322.0|363216.0|11.1
144000|11.09|11.11|11.08|11.1|1725.0|1946939.0|11.09
144500|11.09|11.11|11.09|11.09|1355.0|1530738.0|11.1
145000|11.1|11.1|11.08|11.08|854.0|963503.0|11.09
145500|11.08|11.09|11.08|11.09|1295.0|1460404.0|11.08
150000|11.09|11.1|11.08|11.08|1109.0|1250402.0|11.09
