093500|9.0000|9.0500|8.9100|8.9300|1182500|10598562.0000|8.9300
094000|8.9300|8.9500|8.8500|8.8700|808700|7187917.0000|8.8700
094500|8.8700|8.9200|8.8600|8.8700|524000|4658182.0000|8.8700
095000|8.8700|8.9800|8.8700|8.9800|570800|5087434.0000|8.9800
095500|8.9800|9.0100|8.9400|8.9500|583200|5231198.0000|8.9500
100000|8.9500|9.0400|8.9500|9.0300|262100|2359844.0000|9.0300
100500|9.0300|9.0500|9.0000|9.0200|241200|2175976.0000|9.0200
101000|9.0200|9.0200|8.9900|9.0000|209100|1883316.0000|9.0000
101500|9.0000|9.0300|9.0000|9.0000|146100|1316420.0000|9.0000
102000|9.0000|9.0200|9.0000|9.0200|153800|1386344.0000|9.0200
102500|9.0200|9.0400|9.0200|9.0300|190800|1723024.0000|9.0300
103000|9.0300|9.0400|9.0100|9.0400|229700|2073092.0000|9.0400
103500|9.0400|9.0700|9.0300|9.0400|286800|2595904.0000|9.0400
104000|9.0400|9.0500|9.0300|9.0300|129400|1169784.0000|9.0300
104500|9.0300|9.0500|9.0200|9.0200|183800|1660128.0000|9.0200
105000|9.0200|9.0500|9.0100|9.0400|295900|2672100.0000|9.0400
105500|9.0500|9.0500|9.0300|9.0400|122100|1103760.0000|9.0400
110000|9.0500|9.0500|9.0300|9.0400|152600|1379264.0000|9.0400
110500|9.0400|9.0700|9.0400|9.0500|237000|2145180.0000|9.0500
111000|9.0500|9.0700|9.0400|9.0500|215200|1948344.0000|9.0500
111500|9.0500|9.0500|9.0100|9.0200|169800|1533756.0000|9.0200
112000|9.0200|9.0500|9.0200|9.0500|130400|1177744.0000|9.0500
112500|9.0500|9.0700|9.0400|9.0700|183400|1660700.0000|9.0700
113000|9.0700|9.0700|9.0500|9.0500|125200|1134248.0000|9.0500
130500|9.0500|9.0800|9.0400|9.0700|209800|1901104.0000|9.0700
131000|9.0800|9.0900|9.0600|9.0700|143900|1306192.0000|9.0700
131500|9.0700|9.0700|9.0500|9.0600|99800|903912.0000|9.0600
132000|9.0600|9.0700|9.0400|9.0500|151400|1369808.0000|9.0500
132500|9.0500|9.0600|9.0500|9.0600|44700|404760.0000|9.0600
133000|9.0600|9.0600|9.0300|9.0400|108500|981016.0000|9.0400
133500|9.0300|9.0600|9.0300|9.0600|117000|1059328.0000|9.0600
134000|9.0600|9.0600|9.0400|9.0400|168700|1525880.0000|9.0400
134500|9.0400|9.0600|9.0300|9.0500|103700|937320.0000|9.0500
135000|9.0500|9.0700|9.0400|9.0600|124600|1128224.0000|9.0600
135500|9.0600|9.0800|9.0600|9.0800|81500|739456.0000|9.0800
140000|9.0800|9.0800|9.0600|9.0700|187100|1696912.0000|9.0700
140500|9.0700|9.0900|9.0600|9.0900|153800|1396088.0000|9.0900
141000|9.0800|9.0800|9.0600|9.0600|149900|1360056.0000|9.0600
141500|9.0600|9.0700|9.0600|9.0600|111900|1014112.0000|9.0600
142000|9.0700|9.1000|9.0500|9.1000|464200|4213480.0000|9.1000
142500|9.1000|9.1000|9.0700|9.0800|161200|1464736.0000|9.0800
143000|9.0800|9.0900|9.0600|9.0600|128100|1161944.0000|9.0600
143500|9.0700|9.0900|9.0600|9.0800|145600|1321768.0000|9.0800
144000|9.0800|9.0900|9.0500|9.0700|452100|4097504.0000|9.0700
144500|9.0700|9.0800|9.0300|9.0600|192900|1746456.0000|9.0600
145000|9.0600|9.0700|9.0500|9.0600|233200|2113416.0000|9.0600
145500|9.0600|9.0700|9.0400|9.0600|218000|1973224.0000|9.0600
150000|9.0600|9.0700|9.0500|9.0500|136100|1233216.0000|9.0500
