093500|8.4|8.45|8.36|8.43|5736.0|4857879.0|8.42
094000|8.43|8.44|8.41|8.43|1398.0|1186533.0|8.43
094500|8.43|8.46|8.42|8.46|3310.0|2814021.0|8.43
095000|8.47|8.52|8.46|8.51|10698.0|9154598.0|8.46
095500|8.51|8.57|8.5|8.56|14700.0|12630776.0|8.51
100000|8.57|8.62|8.56|8.61|17035.0|14744764.0|8.56
100500|8.6|8.61|8.58|8.61|9662.0|8367496.0|8.61
101000|8.61|8.62|8.59|8.6|5413.0|4688921.0|8.61
101500|8.6|8.6|8.58|8.58|4951.0|4279388.0|8.6
102000|8.58|8.64|8.58|8.64|13371.0|11601075.0|8.58
102500|8.64|8.64|8.6|8.61|7910.0|6873673.0|8.64
103000|8.61|8.61|8.59|8.59|1255.0|1086797.0|8.61
103500|8.6|8.6|8.57|8.58|3541.0|3060836.0|8.59
104000|8.58|8.58|8.57|8.57|1455.0|1256202.0|8.58
104500|8.57|8.57|8.55|8.55|1494.0|1287981.0|8.57
105000|8.55|8.58|8.55|8.58|1088.0|938651.0|8.55
105500|8.57|8.59|8.57|8.59|3878.0|3351352.0|8.58
110000|8.59|8.59|8.56|8.58|2079.0|1794185.0|8.59
110500|8.57|8.59|8.56|8.59|1092.0|943259.0|8.58
111000|8.58|8.59|8.56|8.56|1572.0|1357459.0|8.59
111500|8.57|8.57|8.55|8.55|441.0|379301.0|8.56
112000|8.56|8.58|8.55|8.57|1458.0|1257644.0|8.55
112500|8.58|8.58|8.57|8.58|1755.0|1515213.0|8.57
113000|8.57|8.58|8.56|8.56|736.0|635024.0|8.58
130500|8.56|8.56|8.54|8.54|2548.0|2194075.0|8.56
131000|8.54|8.55|8.53|8.55|1144.0|983942.0|8.54
131500|8.54|8.55|8.53|8.54|1382.0|1188335.0|8.55
132000|8.54|8.55|8.53|8.54|1494.0|1284852.0|8.54
132500|8.54|8.54|8.53|8.54|715.0|614323.0|8.54
133000|8.54|8.54|8.53|8.54|604.0|519127.0|8.54
133500|8.54|8.55|8.53|8.54|1360.0|1169337.0|8.54
134000|8.55|8.55|8.54|8.55|874.0|751681.0|8.54
134500|8.55|8.57|8.55|8.57|1942.0|1673932.0|8.55
135000|8.58|8.58|8.57|8.58|1685.0|1455035.0|8.57
135500|8.58|8.6|8.58|8.6|2232.0|1931039.0|8.58
140000|8.6|8.61|8.59|8.6|2944.0|2549418.0|8.6
140500|8.6|8.6|8.59|8.59|1961.0|1696329.0|8.6
141000|8.58|8.6|8.58|8.59|1352.0|1169439.0|8.59
141500|8.58|8.59|8.58|8.59|1249.0|1079291.0|8.59
142000|8.58|8.59|8.58|8.58|1814.0|1568216.0|8.59
142500|8.59|8.61|8.58|8.6|3668.0|3175483.0|8.58
143000|8.6|8.61|8.59|8.6|890.0|770409.0|8.6
143500|8.6|8.6|8.59|8.6|1386.0|1200115.0|8.6
144000|8.59|8.6|8.59|8.6|1181.0|1022520.0|8.6
144500|8.59|8.6|8.59|8.6|1964.0|1699783.0|8.6
145000|8.6|8.6|8.59|8.6|3131.0|2710198.0|8.6
145500|8.59|8.6|8.59|8.6|3492.0|3023331.0|8.6
150000|8.59|8.61|8.59|8.61|3287.0|2847759.0|8.6
