09350000|11.4435835000|11.6968032200|11.4143658400|11.6675855600|3624200|43193267.0000|11.6675855600
09400000|11.6773247800|11.6773247800|11.6188894600|11.6578463400|1568611|18764358.0000|11.6578463400
09450000|11.6481071200|11.7260208800|11.6481071200|11.6968032200|1851608|22223735.0000|11.6968032200
09500000|11.6968032200|11.7941954200|11.6773247800|11.7357601000|1746000|21048927.0000|11.7357601000
09550000|11.7162816600|11.8136738600|11.6968032200|11.7357601000|1327400|16040169.0000|11.7357601000
10000000|11.7357601000|11.7649777600|11.7260208800|11.7357601000|561600|6769530.0000|11.7357601000
10050000|11.7357601000|11.7552385400|11.6968032200|11.7260208800|498300|6001308.0000|11.7260208800
10100000|11.7357601000|11.7357601000|11.6481071200|11.6968032200|640400|7686942.0000|11.6968032200
10150000|11.7065424400|11.7162816600|11.6578463400|11.6870640000|338400|4059002.0000|11.6870640000
10200000|11.6773247800|11.7065424400|11.6773247800|11.6870640000|420700|5052534.0000|11.6870640000
10250000|11.6773247800|11.7065424400|11.6675855600|11.6870640000|388100|4655925.0000|11.6870640000
10300000|11.6870640000|11.6968032200|11.6481071200|11.6578463400|580700|6963610.0000|11.6578463400
10350000|11.6578463400|11.7065424400|11.6578463400|11.6870640000|476200|5712044.0000|11.6870640000
10400000|11.6870640000|11.7065424400|11.6773247800|11.6968032200|289100|3472208.0000|11.6968032200
10450000|11.6968032200|11.7260208800|11.6870640000|11.7065424400|408700|4914949.0000|11.7065424400
10500000|11.7065424400|11.7357601000|11.6968032200|11.7260208800|212900|2561976.0000|11.7260208800
10550000|11.7260208800|11.7357601000|11.7065424400|11.7162816600|201900|2428958.0000|11.7162816600
11000000|11.7065424400|11.7260208800|11.7065424400|11.7260208800|170100|2047440.0000|11.7260208800
11050000|11.7260208800|11.7747169800|11.7162816600|11.7552385400|485400|5856671.0000|11.7552385400
11100000|11.7552385400|11.8234130800|11.7552385400|11.8039346400|1141400|13822990.0000|11.8039346400
11150000|11.8136738600|11.8721091800|11.7941954200|11.8526307400|1401500|17033652.0000|11.8526307400
11200000|11.8526307400|11.8623699600|11.8039346400|11.8234130800|269600|3276040.0000|11.8234130800
11250000|11.8136738600|11.8234130800|11.7552385400|11.7747169800|255088|3088956.0000|11.7747169800
11300000|11.7747169800|11.7941954200|11.7649777600|11.7747169800|176400|2134726.0000|11.7747169800
13050000|11.7747169800|11.7844562000|11.7552385400|11.7747169800|274500|3318916.0000|11.7747169800
13100000|11.7747169800|11.7747169800|11.7454993200|11.7552385400|455300|5496048.0000|11.7552385400
13150000|11.7454993200|11.7649777600|11.7357601000|11.7552385400|251700|3035411.0000|11.7552385400
13200000|11.7552385400|11.7552385400|11.6968032200|11.7260208800|848400|10214309.0000|11.7260208800
13250000|11.7260208800|11.7552385400|11.7260208800|11.7454993200|144400|1740595.0000|11.7454993200
13300000|11.7454993200|11.7552385400|11.7357601000|11.7357601000|111500|1344485.0000|11.7357601000
13350000|11.7454993200|11.7552385400|11.7357601000|11.7552385400|152700|1842069.0000|11.7552385400
13400000|11.7552385400|11.7747169800|11.7357601000|11.7552385400|241600|2916205.0000|11.7552385400
13450000|11.7552385400|11.7747169800|11.7552385400|11.7552385400|163500|1975142.0000|11.7552385400
13500000|11.7552385400|11.7649777600|11.7162816600|11.7260208800|301300|3628712.0000|11.7260208800
13550000|11.7260208800|11.7260208800|11.6968032200|11.6968032200|255400|3070176.0000|11.6968032200
14000000|11.6968032200|11.7162816600|11.6968032200|11.7065424400|181900|2185807.0000|11.7065424400
14050000|11.6968032200|11.7065424400|11.6870640000|11.6870640000|222300|2669776.0000|11.6870640000
14100000|11.6870640000|11.6968032200|11.6773247800|11.6870640000|315400|3785056.0000|11.6870640000
14150000|11.6870640000|11.6870640000|11.6481071200|11.6578463400|273000|3270032.0000|11.6578463400
14200000|11.6481071200|11.6773247800|11.6481071200|11.6675855600|235000|2814064.0000|11.6675855600
14250000|11.6675855600|11.6773247800|11.6481071200|11.6578463400|285000|3411936.0000|11.6578463400
14300000|11.6481071200|11.6773247800|11.6481071200|11.6675855600|224400|2688112.0000|11.6675855600
14350000|11.6675855600|11.6870640000|11.6578463400|11.6870640000|290500|3483696.0000|11.6870640000
14400000|11.6968032200|11.6968032200|11.6578463400|11.6870640000|223300|2677552.0000|11.6870640000
14450000|11.6773247800|11.6968032200|11.6578463400|11.6675855600|726600|8701424.0000|11.6675855600
14500000|11.6675855600|11.6773247800|11.6675855600|11.6773247800|272700|3267584.0000|11.6773247800
14550000|11.6773247800|11.6773247800|11.6675855600|11.6675855600|449780|5390416.0000|11.6675855600
15000000|11.6675855600|11.6870640000|11.6675855600|11.6870640000|359005|4305984.0000|11.6870640000
