09350000|26.6700000000|27.0900000000|26.6700000000|27.0400000000|6385124|171448900.2000|27.0400000000
09400000|27.0400000000|27.1100000000|26.9200000000|26.9200000000|2618961|70757630.2000|26.9200000000
09450000|26.9000000000|26.9100000000|26.6400000000|26.7200000000|5229376|139954701.9800|26.7200000000
09500000|26.7000000000|26.8300000000|26.5600000000|26.5600000000|3306124|88098743.5600|26.5600000000
09550000|26.5600000000|26.6000000000|26.3300000000|26.3400000000|4326200|114592446.0300|26.3400000000
10000000|26.3600000000|26.5200000000|26.3600000000|26.4600000000|2168054|57347033.2000|26.4600000000
10050000|26.4300000000|26.5700000000|26.4100000000|26.4900000000|1824000|48320494.7600|26.4900000000
10100000|26.5000000000|26.6000000000|26.5000000000|26.5600000000|1047800|27823236.0000|26.5600000000
10150000|26.5800000000|26.6400000000|26.4600000000|26.4600000000|1300500|34530083.0000|26.4600000000
10200000|26.4600000000|26.6200000000|26.4400000000|26.5200000000|1153300|30554967.0000|26.5200000000
10250000|26.5400000000|26.5500000000|26.3900000000|26.4700000000|1425331|37670041.0900|26.4700000000
10300000|26.4800000000|26.5800000000|26.4400000000|26.5800000000|1106200|29310390.0000|26.5800000000
10350000|26.5800000000|26.6700000000|26.5300000000|26.6000000000|971256|25841118.2400|26.6000000000
10400000|26.6100000000|26.6900000000|26.5200000000|26.5300000000|821500|21865618.0000|26.5300000000
10450000|26.5300000000|26.6100000000|26.5200000000|26.5900000000|744800|19785797.0000|26.5900000000
10500000|26.5800000000|26.6900000000|26.5700000000|26.6700000000|672800|17922211.0000|26.6700000000
10550000|26.6700000000|26.7600000000|26.6500000000|26.7400000000|969100|25874654.0000|26.7400000000
11000000|26.7400000000|26.7400000000|26.6600000000|26.7300000000|610300|16295068.0000|26.7300000000
11050000|26.7300000000|26.7700000000|26.6700000000|26.7700000000|660300|17653166.0000|26.7700000000
11100000|26.7700000000|26.9300000000|26.7600000000|26.8700000000|1349200|36251549.0000|26.8700000000
11150000|26.8900000000|26.9500000000|26.8700000000|26.8700000000|1023600|27556650.2000|26.8700000000
11200000|26.8900000000|27.0100000000|26.8400000000|26.9600000000|1131642|30477438.1000|26.9600000000
11250000|26.9700000000|27.0400000000|26.9700000000|27.0300000000|700400|18909109.0000|27.0300000000
11300000|27.0500000000|27.1100000000|27.0300000000|27.1000000000|1179000|31921044.0000|27.1000000000
13050000|27.1000000000|27.1200000000|26.9500000000|27.0000000000|1521300|41132507.0000|27.0000000000
13100000|26.9800000000|27.0400000000|26.8700000000|26.9300000000|854000|23017756.0000|26.9300000000
13150000|26.9500000000|27.1000000000|26.9500000000|27.0100000000|827734|22384104.0000|27.0100000000
13200000|27.0200000000|27.2000000000|27.0200000000|27.1800000000|1401400|37991065.0000|27.1800000000
13250000|27.1800000000|27.1800000000|27.0000000000|27.0200000000|741200|20073267.0000|27.0200000000
13300000|27.0300000000|27.0800000000|26.9700000000|26.9900000000|671900|18157609.0000|26.9900000000
13350000|26.9900000000|27.1000000000|26.9700000000|27.0600000000|583000|15769762.0000|27.0600000000
13400000|27.0700000000|27.1000000000|26.9500000000|26.9500000000|727300|19654220.0000|26.9500000000
13450000|26.9500000000|27.0000000000|26.9000000000|26.9000000000|756707|20391212.3700|26.9000000000
13500000|26.9000000000|26.9400000000|26.8900000000|26.9400000000|715600|19249591.0000|26.9400000000
13550000|26.9500000000|27.1000000000|26.9400000000|27.0500000000|845100|22850770.0000|27.0500000000
14000000|27.0600000000|27.1100000000|27.0200000000|27.0800000000|530994|14371490.0000|27.0800000000
14050000|27.0800000000|27.1300000000|27.0700000000|27.1000000000|762300|20657125.0000|27.1000000000
14100000|27.1100000000|27.1100000000|27.0500000000|27.0700000000|522400|14147991.0000|27.0700000000
14150000|27.0700000000|27.0800000000|27.0200000000|27.0500000000|740200|20015649.0000|27.0500000000
14200000|27.0500000000|27.1000000000|27.0400000000|27.0400000000|485100|13131806.0000|27.0400000000
14250000|27.0500000000|27.1000000000|27.0200000000|27.0200000000|721000|19519004.0000|27.0200000000
14300000|27.0200000000|27.0600000000|27.0000000000|27.0500000000|674845|18247999.5000|27.0500000000
14350000|27.0700000000|27.0900000000|27.0300000000|27.0600000000|770640|20857181.0000|27.0600000000
14400000|27.0600000000|27.0800000000|27.0200000000|27.0500000000|791000|21395790.0000|27.0500000000
14450000|27.0500000000|27.0700000000|27.0400000000|27.0600000000|878600|23774380.0000|27.0600000000
14500000|27.0600000000|27.0800000000|27.0500000000|27.0700000000|987000|26718274.0000|27.0700000000
14550000|27.0700000000|27.0800000000|27.0600000000|27.0700000000|1553200|42042827.0000|27.0700000000
15000000|27.0700000000|27.0900000000|27.0600000000|27.0900000000|1404500|38034172.0000|27.0900000000
