093500|4.65|4.67|4.63|4.65|18360.0|8544762.0|4.63
094000|4.66|4.67|4.64|4.66|8242.0|3836529.0|4.65
094500|4.65|4.67|4.65|4.67|8653.0|4032099.0|4.66
095000|4.67|4.67|4.64|4.64|8660.0|4034394.0|4.67
095500|4.65|4.65|4.63|4.64|6911.0|3206593.0|4.64
100000|4.64|4.65|4.63|4.63|4081.0|1891983.0|4.64
100500|4.64|4.64|4.63|4.64|3706.0|1717829.0|4.63
101000|4.64|4.64|4.62|4.63|5941.0|2751128.0|4.64
101500|4.63|4.63|4.62|4.63|7084.0|3278466.0|4.63
102000|4.62|4.63|4.62|4.62|3952.0|1828825.0|4.63
102500|4.62|4.63|4.62|4.62|4426.0|2045495.0|4.62
103000|4.63|4.64|4.62|4.63|7593.0|3517840.0|4.62
103500|4.63|4.65|4.63|4.65|7458.0|3461516.0|4.63
104000|4.65|4.65|4.63|4.63|2374.0|1100902.0|4.65
104500|4.64|4.64|4.63|4.63|1788.0|828767.0|4.63
105000|4.63|4.64|4.63|4.64|1234.0|571855.0|4.63
105500|4.64|4.64|4.63|4.63|1976.0|916579.0|4.64
110000|4.63|4.64|4.63|4.63|2209.0|1024110.0|4.63
110500|4.64|4.64|4.63|4.64|2137.0|990888.0|4.63
111000|4.63|4.65|4.63|4.65|5049.0|2342793.0|4.64
111500|4.65|4.65|4.63|4.63|4437.0|2058935.0|4.65
112000|4.64|4.65|4.64|4.64|2138.0|992120.0|4.63
112500|4.64|4.65|4.63|4.64|2149.0|996826.0|4.64
113000|4.64|4.64|4.63|4.64|849.0|393444.0|4.64
130500|4.64|4.65|4.63|4.64|3588.0|1665165.0|4.64
131000|4.65|4.66|4.64|4.65|3230.0|1501503.0|4.64
131500|4.64|4.65|4.64|4.64|1202.0|558266.0|4.65
132000|4.64|4.65|4.64|4.65|1130.0|524545.0|4.64
132500|4.64|4.65|4.63|4.63|3514.0|1630061.0|4.65
133000|4.64|4.64|4.63|4.64|1446.0|670317.0|4.63
133500|4.63|4.64|4.63|4.64|1809.0|838136.0|4.64
134000|4.64|4.64|4.63|4.64|1850.0|856950.0|4.64
134500|4.63|4.64|4.63|4.64|3279.0|1518739.0|4.64
135000|4.63|4.64|4.63|4.64|1538.0|713339.0|4.64
135500|4.64|4.64|4.63|4.63|1160.0|537655.0|4.64
140000|4.64|4.64|4.63|4.64|3875.0|1794861.0|4.63
140500|4.64|4.64|4.63|4.64|4924.0|2281214.0|4.64
141000|4.63|4.64|4.63|4.64|1210.0|560443.0|4.64
141500|4.63|4.64|4.63|4.64|1045.0|484140.0|4.64
142000|4.63|4.64|4.63|4.64|1789.0|829509.0|4.64
142500|4.64|4.64|4.63|4.63|941.0|435926.0|4.64
143000|4.63|4.64|4.63|4.63|1967.0|911270.0|4.63
143500|4.63|4.64|4.63|4.63|2393.0|1108877.0|4.63
144000|4.63|4.64|4.62|4.62|8838.0|4089919.0|4.63
144500|4.62|4.63|4.62|4.63|2318.0|1072329.0|4.62
145000|4.62|4.63|4.62|4.63|4810.0|2224868.0|4.63
145500|4.63|4.63|4.62|4.63|6992.0|3232855.0|4.63
150000|4.62|4.63|4.62|4.62|7349.0|3396042.0|4.63
