09350000|22.4059620400|22.4351999200|22.1818049600|22.2012968800|3231800|73831808.0000|22.2012968800
09400000|22.1915509200|22.2207888000|22.1623130400|22.1818049600|1200400|27327672.0000|22.1818049600
09450000|22.1818049600|22.2792645600|22.1818049600|22.2792645600|830300|18938384.0000|22.2792645600
09500000|22.2695186000|22.2890105200|22.2500266800|22.2695186000|543600|12422296.0000|22.2695186000
09550000|22.2792645600|22.2890105200|22.2695186000|22.2792645600|388500|8883680.0000|22.2792645600
10000000|22.2792645600|22.3279943600|22.2792645600|22.3085024400|570800|13064048.0000|22.3085024400
10050000|22.3085024400|22.3085024400|22.2207888000|22.2305347600|416700|9518560.0000|22.2305347600
10100000|22.2305347600|22.2500266800|22.2207888000|22.2207888000|393400|8974192.0000|22.2207888000
10150000|22.2305347600|22.2305347600|22.1818049600|22.1915509200|757800|17262224.0000|22.1915509200
10200000|22.1915509200|22.2305347600|22.1818049600|22.2305347600|374100|8523392.0000|22.2305347600
10250000|22.2207888000|22.2500266800|22.2207888000|22.2402807200|258700|5902000.0000|22.2402807200
10300000|22.2402807200|22.2402807200|22.2207888000|22.2207888000|190000|4331472.0000|22.2207888000
10350000|22.2207888000|22.2305347600|22.1915509200|22.1915509200|340500|7759104.0000|22.1915509200
10400000|22.1915509200|22.2012968800|22.1818049600|22.1818049600|322900|7351664.0000|22.1818049600
10450000|22.1818049600|22.1915509200|22.1623130400|22.1623130400|789000|17951920.0000|22.1623130400
10500000|22.1720590000|22.1818049600|22.1525670800|22.1525670800|633200|14399856.0000|22.1525670800
10550000|22.1428211200|22.1818049600|22.1428211200|22.1818049600|600800|13657024.0000|22.1818049600
11000000|22.1818049600|22.2012968800|22.1720590000|22.2012968800|126000|2867936.0000|22.2012968800
11050000|22.2012968800|22.2012968800|22.1720590000|22.1720590000|188600|4293728.0000|22.1720590000
11100000|22.1720590000|22.2110428400|22.1720590000|22.2012968800|156200|3559424.0000|22.2012968800
11150000|22.2012968800|22.2207888000|22.2012968800|22.2207888000|106200|2420480.0000|22.2207888000
11200000|22.2207888000|22.2597726400|22.2207888000|22.2402807200|274400|6261248.0000|22.2402807200
11250000|22.2402807200|22.2402807200|22.2012968800|22.2110428400|184200|4200480.0000|22.2110428400
11300000|22.2012968800|22.2110428400|22.1915509200|22.1915509200|245800|5595328.0000|22.1915509200
13050000|22.1915509200|22.2890105200|22.1915509200|22.2890105200|349300|7977440.0000|22.2890105200
13100000|22.3085024400|22.3572322400|22.2890105200|22.3572322400|849400|19445536.0000|22.3572322400
13150000|22.3474862800|22.3474862800|22.3085024400|22.3474862800|339800|7787200.0000|22.3474862800
13200000|22.3474862800|22.3572322400|22.3182484000|22.3377403200|354500|8124096.0000|22.3377403200
13250000|22.3474862800|22.3474862800|22.2987564800|22.2987564800|175600|4022464.0000|22.2987564800
13300000|22.2987564800|22.3377403200|22.2890105200|22.3377403200|290500|6652960.0000|22.3377403200
13350000|22.3474862800|22.3572322400|22.3182484000|22.3279943600|210100|4815296.0000|22.3279943600
13400000|22.3377403200|22.3474862800|22.3085024400|22.3279943600|232100|5317504.0000|22.3279943600
13450000|22.3279943600|22.3279943600|22.3085024400|22.3182484000|185300|4245056.0000|22.3182484000
13500000|22.3182484000|22.3279943600|22.2987564800|22.3182484000|234300|5362752.0000|22.3182484000
13550000|22.3085024400|22.3182484000|22.2890105200|22.3085024400|233800|5351232.0000|22.3085024400
14000000|22.2987564800|22.3279943600|22.2987564800|22.3182484000|101200|2317216.0000|22.3182484000
14050000|22.3182484000|22.3377403200|22.3085024400|22.3377403200|206300|4725248.0000|22.3377403200
14100000|22.3279943600|22.3377403200|22.3182484000|22.3182484000|163200|3738496.0000|22.3182484000
14150000|22.3182484000|22.3377403200|22.3182484000|22.3377403200|185500|4249824.0000|22.3377403200
14200000|22.3377403200|22.3572322400|22.3279943600|22.3572322400|242300|5554016.0000|22.3572322400
14250000|22.3474862800|22.3669782000|22.3474862800|22.3669782000|278000|6376384.0000|22.3669782000
14300000|22.3572322400|22.3864701200|22.3572322400|22.3767241600|493000|11316544.0000|22.3767241600
14350000|22.3864701200|22.3962160800|22.3767241600|22.3962160800|360300|8277024.0000|22.3962160800
14400000|22.3962160800|22.4059620400|22.3767241600|22.3767241600|417100|9584288.0000|22.3767241600
14450000|22.3962160800|22.3962160800|22.3864701200|22.3962160800|362300|8324032.0000|22.3962160800
14500000|22.3962160800|22.3962160800|22.3864701200|22.3864701200|284700|6540640.0000|22.3864701200
14550000|22.3864701200|22.3962160800|22.3767241600|22.3864701200|575600|13222464.0000|22.3864701200
15000000|22.3962160800|22.4059620400|22.3864701200|22.4059620400|814500|18719552.0000|22.4059620400
