093500|29.3|29.66|29.04|29.23|26186.0|76769058.0|29.09
094000|29.26|29.68|29.26|29.65|22916.0|67622973.0|29.23
094500|29.65|29.98|29.46|29.97|27462.0|81622590.0|29.65
095000|29.97|30.14|29.74|29.74|27475.0|82305059.0|29.97
095500|29.74|29.79|29.61|29.79|8914.0|26464140.0|29.74
100000|29.78|29.82|29.38|29.38|10761.0|31827953.0|29.79
100500|29.4|29.57|29.38|29.46|8298.0|24431327.0|29.38
101000|29.46|29.73|29.42|29.66|6578.0|19428455.0|29.46
101500|29.66|29.74|29.55|29.58|4525.0|13419136.0|29.66
102000|29.58|29.58|29.44|29.54|3794.0|11193064.0|29.58
102500|29.55|29.63|29.5|29.62|4088.0|12083306.0|29.54
103000|29.62|29.83|29.62|29.71|10442.0|31064316.0|29.62
103500|29.73|29.83|29.72|29.76|5682.0|16926306.0|29.71
104000|29.78|29.78|29.6|29.61|3401.0|10091235.0|29.76
104500|29.6|29.62|29.56|29.57|3367.0|9962457.0|29.61
105000|29.56|29.61|29.52|29.53|3222.0|9526320.0|29.57
105500|29.54|29.68|29.5|29.68|3463.0|10236514.0|29.53
110000|29.7|29.7|29.56|29.59|3396.0|10061745.0|29.68
110500|29.58|29.61|29.52|29.52|3891.0|11507953.0|29.59
111000|29.53|29.63|29.51|29.62|3763.0|11124514.0|29.52
111500|29.62|29.67|29.6|29.62|4052.0|12006824.0|29.62
112000|29.65|29.76|29.63|29.7|4932.0|14639462.0|29.62
112500|29.7|29.77|29.67|29.72|2823.0|8387504.0|29.7
113000|29.72|29.75|29.65|29.7|2438.0|7238288.0|29.72
130500|29.71|29.72|29.6|29.61|4026.0|11937911.0|29.7
131000|29.62|29.7|29.6|29.63|1998.0|5920305.0|29.61
131500|29.62|29.63|29.52|29.54|3072.0|9083520.0|29.63
132000|29.52|29.64|29.52|29.59|2968.0|8779969.0|29.54
132500|29.59|29.73|29.57|29.7|2969.0|8804858.0|29.59
133000|29.7|29.79|29.64|29.74|3820.0|11352237.0|29.7
133500|29.73|30.06|29.73|30.01|17385.0|51967856.0|29.74
134000|30.06|30.06|29.86|30.01|19021.0|57049194.0|30.01
134500|29.98|30.14|29.93|29.94|17903.0|53811134.0|30.01
135000|29.94|29.99|29.9|29.9|4646.0|13911114.0|29.94
135500|29.89|30.08|29.89|30.06|9766.0|29299466.0|29.9
140000|30.06|30.06|29.94|29.96|5951.0|17847584.0|30.06
140500|29.96|29.97|29.89|29.89|4041.0|12089872.0|29.96
141000|29.89|29.91|29.84|29.84|4776.0|14275129.0|29.89
141500|29.84|29.86|29.79|29.79|4311.0|12861156.0|29.84
142000|29.8|29.9|29.8|29.87|4607.0|13748768.0|29.79
142500|29.88|29.88|29.75|29.75|3727.0|11111969.0|29.87
143000|29.76|29.76|29.65|29.66|6166.0|18313181.0|29.75
143500|29.67|29.78|29.61|29.75|6100.0|18113503.0|29.66
144000|29.76|29.79|29.73|29.76|3606.0|10732910.0|29.75
144500|29.77|29.81|29.75|29.8|4725.0|14075950.0|29.76
145000|29.8|29.81|29.78|29.8|4980.0|14839570.0|29.8
145500|29.8|29.84|29.79|29.84|9222.0|27499755.0|29.8
150000|29.83|29.85|29.82|29.85|10860.0|32407293.0|29.84
