09350000|14.9116362000|15.0104542000|14.9116362000|14.9808088000|1125200|17033560.0000|14.9808088000
09400000|14.9808088000|14.9906906000|14.9511634000|14.9511634000|197900|2998186.0000|14.9511634000
09450000|14.9610452000|15.0697450000|14.9511634000|15.0302178000|640100|9730422.0000|15.0302178000
09500000|15.0499814000|15.0697450000|15.0203360000|15.0499814000|333500|5077760.0000|15.0499814000
09550000|15.0598632000|15.0598632000|15.0104542000|15.0104542000|368200|5602344.0000|15.0104542000
10000000|15.0104542000|15.0895086000|14.9906906000|15.0005724000|769800|11719948.0000|15.0005724000
10050000|15.0005724000|15.0005724000|14.9610452000|14.9709270000|457500|6937756.0000|14.9709270000
10100000|14.9709270000|15.0400996000|14.9610452000|15.0302178000|318700|4836884.0000|15.0302178000
10150000|15.0302178000|15.0499814000|15.0005724000|15.0203360000|258400|3930540.0000|15.0203360000
10200000|15.0203360000|15.0993904000|15.0104542000|15.0895086000|431300|6571648.0000|15.0895086000
10250000|15.0895086000|15.0895086000|15.0400996000|15.0400996000|331300|5053368.0000|15.0400996000
10300000|15.0400996000|15.0499814000|15.0104542000|15.0203360000|212900|3240072.0000|15.0203360000
10350000|15.0203360000|15.0203360000|14.9906906000|15.0005724000|195700|2970376.0000|15.0005724000
10400000|14.9808088000|14.9906906000|14.9610452000|14.9709270000|392400|5946696.0000|14.9709270000
10450000|14.9709270000|15.0005724000|14.9610452000|15.0005724000|189900|2879688.0000|15.0005724000
10500000|15.0005724000|15.0005724000|14.9610452000|14.9709270000|229100|3471168.0000|14.9709270000
10550000|14.9709270000|14.9808088000|14.9412816000|14.9511634000|403100|6104328.0000|14.9511634000
11000000|14.9511634000|14.9511634000|14.9017544000|14.9313998000|534100|8066208.0000|14.9313998000
11050000|14.9116362000|14.9215180000|14.8918726000|14.9116362000|404800|6108632.0000|14.9116362000
11100000|14.9215180000|14.9215180000|14.9017544000|14.9116362000|195900|2956544.0000|14.9116362000
11150000|14.9017544000|14.9511634000|14.9017544000|14.9412816000|126200|1906648.0000|14.9412816000
11200000|14.9313998000|14.9412816000|14.9215180000|14.9313998000|150100|2267640.0000|14.9313998000
11250000|14.9215180000|14.9412816000|14.9116362000|14.9412816000|122600|1851496.0000|14.9412816000
11300000|14.9313998000|14.9412816000|14.9215180000|14.9215180000|125900|1901792.0000|14.9215180000
13050000|14.9412816000|14.9709270000|14.9215180000|14.9610452000|221500|3347352.0000|14.9610452000
13100000|14.9610452000|14.9610452000|14.9215180000|14.9313998000|126900|1918064.0000|14.9313998000
13150000|14.9313998000|14.9313998000|14.9116362000|14.9313998000|307900|4648480.0000|14.9313998000
13200000|14.9313998000|14.9313998000|14.9017544000|14.9116362000|262400|3960720.0000|14.9116362000
13250000|14.9017544000|14.9116362000|14.8819908000|14.8918726000|473000|7131424.0000|14.8918726000
13300000|14.8918726000|14.9017544000|14.8918726000|14.9017544000|274500|4137248.0000|14.9017544000
13350000|14.9017544000|14.9017544000|14.8819908000|14.8819908000|280000|4218336.0000|14.8819908000
13400000|14.8819908000|14.8819908000|14.8622272000|14.8721090000|278500|4192416.0000|14.8721090000
13450000|14.8721090000|14.8819908000|14.8721090000|14.8721090000|201600|3034624.0000|14.8721090000
13500000|14.8721090000|14.8819908000|14.8622272000|14.8622272000|397800|5988512.0000|14.8622272000
13550000|14.8622272000|14.9215180000|14.8622272000|14.9017544000|217900|3283200.0000|14.9017544000
14000000|14.9017544000|14.9116362000|14.8819908000|14.8819908000|165800|2499728.0000|14.8819908000
14050000|14.8819908000|14.8918726000|14.8622272000|14.8721090000|263500|3967104.0000|14.8721090000
14100000|14.8622272000|14.8819908000|14.8424636000|14.8424636000|470600|7073728.0000|14.8424636000
14150000|14.8424636000|14.8523454000|14.8227000000|14.8325818000|554800|8331968.0000|14.8325818000
14200000|14.8325818000|14.8424636000|14.8227000000|14.8325818000|287200|4310192.0000|14.8325818000
14250000|14.8325818000|14.8424636000|14.8128182000|14.8325818000|638500|9577792.0000|14.8325818000
14300000|14.8325818000|14.8523454000|14.8227000000|14.8325818000|217800|3270256.0000|14.8325818000
14350000|14.8325818000|14.8424636000|14.8029364000|14.8128182000|502800|7540720.0000|14.8128182000
14400000|14.8029364000|14.8128182000|14.7930546000|14.8029364000|392300|5875840.0000|14.8029364000
14450000|14.7930546000|14.8227000000|14.7831728000|14.8029364000|341200|5110576.0000|14.8029364000
14500000|14.8128182000|14.8128182000|14.7831728000|14.7831728000|542100|8115408.0000|14.7831728000
14550000|14.7831728000|14.8029364000|14.7732910000|14.8029364000|980100|14663232.0000|14.8029364000
15000000|14.7930546000|14.8128182000|14.7436456000|14.7436456000|7958000|118749472.0000|14.7436456000
