09350000|13.8444018000|13.8444018000|13.4985388000|13.4985388000|3496900|48148076.0000|13.4985388000
09400000|13.5084206000|13.5084206000|13.3404300000|13.4688934000|2690600|36539732.0000|13.4688934000
09450000|13.4491298000|13.5380660000|13.3404300000|13.4688934000|2043000|27755312.0000|13.4688934000
09500000|13.4491298000|13.5084206000|13.4293662000|13.5084206000|1168500|15913104.0000|13.5084206000
09550000|13.4886570000|13.5183024000|13.3997208000|13.4293662000|1286600|17541360.0000|13.4293662000
10000000|13.4293662000|13.6270022000|13.4194844000|13.5874750000|881200|12075952.0000|13.5874750000
10050000|13.5874750000|13.6665294000|13.5775932000|13.6270022000|1322400|18240368.0000|13.6270022000
10100000|13.6467658000|13.6862930000|13.6171204000|13.6566476000|744900|10289776.0000|13.6566476000
10150000|13.6467658000|13.7752292000|13.6467658000|13.7060566000|904000|12555872.0000|13.7060566000
10200000|13.7258202000|13.7357020000|13.6467658000|13.6566476000|778900|10800320.0000|13.6566476000
10250000|13.6566476000|13.7554656000|13.6171204000|13.7554656000|576500|7970208.0000|13.7554656000
10300000|13.7554656000|13.7653474000|13.6467658000|13.6467658000|707600|9826752.0000|13.6467658000
10350000|13.6467658000|13.6566476000|13.6171204000|13.6467658000|464000|6403648.0000|13.6467658000
10400000|13.6467658000|13.6764112000|13.6072386000|13.6072386000|425200|5867200.0000|13.6072386000
10450000|13.5973568000|13.6270022000|13.5380660000|13.5479478000|718100|9868768.0000|13.5479478000
10500000|13.5578296000|13.5874750000|13.5380660000|13.5677114000|605400|8306784.0000|13.5677114000
10550000|13.5677114000|13.5775932000|13.5281842000|13.5380660000|532600|7305824.0000|13.5380660000
11000000|13.5281842000|13.6072386000|13.5084206000|13.5973568000|697800|9564352.0000|13.5973568000
11050000|13.5973568000|13.6270022000|13.5281842000|13.5281842000|380500|5234400.0000|13.5281842000
11100000|13.5380660000|13.5380660000|13.4787752000|13.4886570000|483700|6604320.0000|13.4886570000
11150000|13.4886570000|13.4886570000|13.4590116000|13.4688934000|542700|7398784.0000|13.4688934000
11200000|13.4688934000|13.5281842000|13.4590116000|13.4985388000|203000|2770432.0000|13.4985388000
11250000|13.4985388000|13.5479478000|13.4886570000|13.5380660000|202200|2766144.0000|13.5380660000
11300000|13.5479478000|13.6368840000|13.5479478000|13.6072386000|238600|3286592.0000|13.6072386000
13050000|13.6171204000|13.6270022000|13.4787752000|13.5281842000|502600|6888544.0000|13.5281842000
13100000|13.5183024000|13.5775932000|13.5183024000|13.5479478000|238800|3275936.0000|13.5479478000
13150000|13.5380660000|13.5479478000|13.4985388000|13.5281842000|410000|5612064.0000|13.5281842000
13200000|13.5281842000|13.5874750000|13.5281842000|13.5479478000|292200|4009600.0000|13.5479478000
13250000|13.5578296000|13.5775932000|13.5380660000|13.5479478000|434300|5958656.0000|13.5479478000
13300000|13.5380660000|13.5578296000|13.5183024000|13.5380660000|552700|7569632.0000|13.5380660000
13350000|13.5380660000|13.5775932000|13.5183024000|13.5775932000|332600|4558816.0000|13.5775932000
13400000|13.5775932000|13.6566476000|13.5775932000|13.6270022000|987000|13591328.0000|13.6270022000
13450000|13.6270022000|13.6764112000|13.6072386000|13.6368840000|721900|9965280.0000|13.6368840000
13500000|13.6467658000|13.7060566000|13.6368840000|13.7060566000|572800|7923136.0000|13.7060566000
13550000|13.7060566000|13.7159384000|13.6665294000|13.6764112000|682500|9460128.0000|13.6764112000
14000000|13.6665294000|13.7258202000|13.6467658000|13.6862930000|453000|6276032.0000|13.6862930000
14050000|13.6862930000|13.6961748000|13.6467658000|13.6467658000|315500|4361504.0000|13.6467658000
14100000|13.6368840000|13.6862930000|13.6368840000|13.6862930000|438000|6048928.0000|13.6862930000
14150000|13.6764112000|13.7357020000|13.6665294000|13.7357020000|350800|4864992.0000|13.7357020000
14200000|13.7357020000|13.7752292000|13.7258202000|13.7653474000|754300|10500512.0000|13.7653474000
14250000|13.7653474000|13.7653474000|13.6764112000|13.6764112000|851800|11839232.0000|13.6764112000
14300000|13.6764112000|13.7060566000|13.6665294000|13.6961748000|431900|5981056.0000|13.6961748000
14350000|13.7060566000|13.7455838000|13.7060566000|13.7258202000|625400|8685312.0000|13.7258202000
14400000|13.7258202000|13.7258202000|13.6566476000|13.6566476000|1128000|15629568.0000|13.6566476000
14450000|13.6566476000|13.6665294000|13.6171204000|13.6467658000|998200|13785280.0000|13.6467658000
14500000|13.6467658000|13.6764112000|13.6368840000|13.6665294000|939200|12972960.0000|13.6665294000
14550000|13.6665294000|13.6764112000|13.6467658000|13.6764112000|934100|12917056.0000|13.6764112000
15000000|13.6665294000|13.6862930000|13.6665294000|13.6862930000|816600|11302080.0000|13.6862930000
