093500|6.5600|6.5600|6.4500|6.4600|548400|3550769.0000|6.4600
094000|6.4600|6.5000|6.4400|6.4900|347700|2250437.0000|6.4900
094500|6.4900|6.5000|6.4600|6.4900|326700|2116084.0000|6.4900
095000|6.4900|6.5200|6.4900|6.5000|177300|1153461.0000|6.5000
095500|6.5000|6.5200|6.5000|6.5200|87715|571233.0000|6.5200
100000|6.5200|6.5300|6.5000|6.5200|191485|1246710.0000|6.5200
100500|6.5200|6.5200|6.5000|6.5100|150550|980525.0000|6.5100
101000|6.5100|6.5200|6.4800|6.4800|137800|895001.0000|6.4800
101500|6.4800|6.4900|6.4700|6.4800|88700|574666.0000|6.4800
102000|6.4900|6.5100|6.4800|6.5100|127100|825591.0000|6.5100
102500|6.5000|6.5200|6.5000|6.5100|114200|743575.0000|6.5100
103000|6.5200|6.5200|6.5000|6.5100|93200|606397.0000|6.5100
103500|6.5000|6.5100|6.4900|6.4900|100700|654456.0000|6.4900
104000|6.4900|6.5000|6.4700|6.4800|63300|410424.0000|6.4800
104500|6.4800|6.4800|6.4700|6.4700|66700|432040.0000|6.4700
105000|6.4700|6.4900|6.4700|6.4800|133800|866816.0000|6.4800
105500|6.4900|6.5000|6.4700|6.4800|115100|746419.0000|6.4800
110000|6.4900|6.4900|6.4800|6.4900|64100|415511.0000|6.4900
110500|6.4800|6.4900|6.4700|6.4800|113910|738158.0000|6.4800
111000|6.4900|6.4900|6.4700|6.4800|71400|462744.0000|6.4800
111500|6.4800|6.5000|6.4700|6.5000|109000|706827.0000|6.5000
112000|6.5000|6.5000|6.4700|6.4700|78500|508825.0000|6.4700
112500|6.4700|6.4800|6.4700|6.4800|30200|195615.0000|6.4800
113000|6.4700|6.4900|6.4700|6.4800|101430|657091.0000|6.4800
130500|6.4800|6.5500|6.4800|6.5300|362822|2363342.0000|6.5300
131000|6.5300|6.5300|6.5000|6.5100|77600|505889.0000|6.5100
131500|6.5100|6.5300|6.5100|6.5100|60000|391501.0000|6.5100
132000|6.5100|6.5400|6.5100|6.5400|103500|676272.0000|6.5400
132500|6.5400|6.5500|6.5300|6.5400|79030|517147.0000|6.5400
133000|6.5300|6.5400|6.5200|6.5300|35700|233144.0000|6.5300
133500|6.5300|6.5500|6.5300|6.5500|146703|959977.0000|6.5500
134000|6.5400|6.5500|6.5400|6.5500|73600|481642.0000|6.5500
134500|6.5400|6.5600|6.5300|6.5300|122700|803575.0000|6.5300
135000|6.5300|6.5400|6.5100|6.5200|194000|1266417.0000|6.5200
135500|6.5200|6.5300|6.5200|6.5200|90200|588665.0000|6.5200
140000|6.5300|6.5500|6.5200|6.5500|84260|551022.0000|6.5500
140500|6.5400|6.5500|6.5300|6.5400|85124|557183.0000|6.5400
141000|6.5400|6.5600|6.5400|6.5500|170700|1118539.0000|6.5500
141500|6.5500|6.5700|6.5500|6.5600|138100|905647.0000|6.5600
142000|6.5600|6.5600|6.5400|6.5600|108300|709935.0000|6.5600
142500|6.5600|6.5800|6.5600|6.5600|251500|1651434.0000|6.5600
143000|6.5600|6.5700|6.5600|6.5600|87660|575807.0000|6.5600
143500|6.5700|6.5700|6.5500|6.5700|264740|1738149.0000|6.5700
144000|6.5700|6.5700|6.5600|6.5700|100900|662625.0000|6.5700
144500|6.5700|6.5800|6.5600|6.5700|327700|2152964.0000|6.5700
145000|6.5700|6.5800|6.5600|6.5700|1330700|8749074.0000|6.5700
145500|6.5700|6.5800|6.5600|6.5700|521300|3423672.0000|6.5700
150000|6.5600|6.5700|6.5500|6.5700|338500|2222546.0000|6.5700
