093500|7.6300|7.6300|7.5800|7.5800|907800|6911128.0000|7.5800
094000|7.5800|7.5900|7.5600|7.5700|493500|3735674.0000|7.5700
094500|7.5600|7.5700|7.5500|7.5600|396000|2993012.0000|7.5600
095000|7.5600|7.5600|7.5500|7.5600|400500|3025610.0000|7.5600
095500|7.5600|7.5800|7.5400|7.5500|348600|2635622.0000|7.5500
100000|7.5500|7.5500|7.5300|7.5400|399800|3015312.0000|7.5400
100500|7.5400|7.5600|7.5300|7.5500|288500|2178004.0000|7.5500
101000|7.5500|7.5800|7.5500|7.5800|235300|1782164.0000|7.5800
101500|7.5800|7.6300|7.5800|7.6200|790800|6017412.0000|7.6200
102000|7.6200|7.6200|7.5900|7.6000|262100|1992090.0000|7.6000
102500|7.5900|7.6000|7.5800|7.5800|201600|1529616.0000|7.5800
103000|7.5800|7.5900|7.5700|7.5900|114100|865220.0000|7.5900
103500|7.5800|7.5900|7.5700|7.5700|209500|1587312.0000|7.5700
104000|7.5700|7.5800|7.5500|7.5500|282900|2138340.0000|7.5500
104500|7.5500|7.5700|7.5500|7.5700|167500|1266740.0000|7.5700
105000|7.5700|7.5700|7.5600|7.5700|80300|607452.0000|7.5700
105500|7.5700|7.5800|7.5600|7.5600|58800|445180.0000|7.5600
110000|7.5600|7.5800|7.5600|7.5700|132700|1004592.0000|7.5700
110500|7.5700|7.5800|7.5600|7.5700|214400|1623836.0000|7.5700
111000|7.5700|7.5700|7.5500|7.5500|184400|1394880.0000|7.5500
111500|7.5500|7.5700|7.5500|7.5500|165000|1247600.0000|7.5500
112000|7.5500|7.5600|7.5400|7.5500|247700|1869844.0000|7.5500
112500|7.5500|7.5600|7.5400|7.5400|349800|2639164.0000|7.5400
113000|7.5500|7.5500|7.5400|7.5400|221200|1668176.0000|7.5400
130500|7.5300|7.5400|7.5300|7.5300|252500|1902236.0000|7.5300
131000|7.5300|7.5400|7.5300|7.5300|123700|931868.0000|7.5300
131500|7.5300|7.5500|7.5300|7.5400|276000|2079144.0000|7.5400
132000|7.5400|7.5500|7.5300|7.5400|166800|1257996.0000|7.5400
132500|7.5400|7.5500|7.5300|7.5500|126000|950148.0000|7.5500
133000|7.5500|7.5600|7.5300|7.5500|399600|3014104.0000|7.5500
133500|7.5600|7.5600|7.5300|7.5300|90000|678548.0000|7.5300
134000|7.5300|7.5400|7.5300|7.5300|481400|3626996.0000|7.5300
134500|7.5300|7.5500|7.5200|7.5500|222100|1673016.0000|7.5500
135000|7.5400|7.5500|7.5300|7.5400|494600|3725696.0000|7.5400
135500|7.5400|7.5600|7.5400|7.5400|214000|1615312.0000|7.5400
140000|7.5400|7.5400|7.5300|7.5300|138900|1046568.0000|7.5300
140500|7.5300|7.5400|7.5300|7.5300|93400|703528.0000|7.5300
141000|7.5300|7.5500|7.5300|7.5400|253700|1911240.0000|7.5400
141500|7.5400|7.5500|7.5400|7.5500|278900|2103432.0000|7.5500
142000|7.5500|7.5700|7.5400|7.5500|318300|2404624.0000|7.5500
142500|7.5600|7.5700|7.5500|7.5500|124900|944256.0000|7.5500
143000|7.5600|7.5700|7.5500|7.5700|141600|1071496.0000|7.5700
143500|7.5700|7.5900|7.5700|7.5900|157200|1191504.0000|7.5900
144000|7.5800|7.5900|7.5700|7.5800|155800|1181360.0000|7.5800
144500|7.5800|7.5900|7.5700|7.5900|126100|956008.0000|7.5900
145000|7.5800|7.6000|7.5800|7.5900|336000|2550480.0000|7.5900
145500|7.5900|7.6000|7.5800|7.6000|410400|3115680.0000|7.6000
150000|7.6000|7.6100|7.5900|7.6000|202000|1534928.0000|7.6000
