09350000|33.5618421200|33.5618421200|33.0778720600|33.1272567600|6887854|232799599.0000|33.1272567600
09400000|33.1371337000|33.2062722800|32.9395949000|33.1371337000|5458125|182611377.0000|33.1371337000
09450000|33.1371337000|33.3544263800|33.1075028800|33.2062722800|2873774|96623184.0000|33.2062722800
09500000|33.2062722800|33.3840572000|33.1371337000|33.2852878000|2447044|82362416.0000|33.2852878000
09550000|33.2655339200|33.5124574200|33.2359031000|33.4630727200|1716091|58112144.0000|33.4630727200
10000000|33.4729496600|33.4729496600|33.3445494400|33.3643033200|1261900|42661120.0000|33.3643033200
10050000|33.3445494400|33.4433188400|33.2951647400|33.3445494400|1244024|42013600.0000|33.3445494400
10100000|33.3445494400|33.3445494400|33.1865184000|33.1963953400|1397800|47081168.0000|33.1963953400
10150000|33.1963953400|33.2852878000|33.1568875800|33.1766414600|1280438|43043328.0000|33.1766414600
10200000|33.1766414600|33.3050416800|33.1667645200|33.2556569800|927525|31211184.0000|33.2556569800
10250000|33.2556569800|33.4235649600|33.2161492200|33.2161492200|1150000|38800544.0000|33.2161492200
10300000|33.2161492200|33.2359031000|33.0679951200|33.1075028800|2256835|75696736.0000|33.1075028800
10350000|33.1075028800|33.1865184000|33.0679951200|33.0877490000|1238212|41518848.0000|33.0877490000
10400000|33.0877490000|33.2655339200|33.0877490000|33.1667645200|756847|25437952.0000|33.1667645200
10450000|33.1667645200|33.1667645200|33.0383643000|33.0581181800|1289845|43203312.0000|33.0581181800
10500000|33.0482412400|33.1568875800|32.9889796000|33.0087334800|1647681|55108848.0000|33.0087334800
10550000|32.9988565400|33.0087334800|32.9593487800|32.9791026600|1788974|59729456.0000|32.9791026600
11000000|32.9692257200|33.0186104200|32.9593487800|33.0186104200|1095400|36569952.0000|33.0186104200
11050000|33.0284873600|33.0482412400|32.9395949000|32.9889796000|1699000|56722704.0000|32.9889796000
11100000|33.0087334800|33.0877490000|32.9889796000|32.9889796000|786400|26307408.0000|32.9889796000
11150000|32.9889796000|33.0087334800|32.9494718400|32.9791026600|603196|20138192.0000|32.9791026600
11200000|32.9889796000|33.0284873600|32.9593487800|32.9988565400|923900|30853328.0000|32.9988565400
11250000|32.9889796000|32.9988565400|32.9692257200|32.9692257200|460200|15365104.0000|32.9692257200
11300000|32.9593487800|32.9791026600|32.9198410200|32.9395949000|1985900|66219456.0000|32.9395949000
13050000|32.9395949000|32.9593487800|32.8013177400|32.8111946800|2320200|77275632.0000|32.8111946800
13100000|32.8013177400|32.8309485600|32.6729175200|32.7914408000|3303933|109518048.0000|32.7914408000
13150000|32.7815638600|32.9889796000|32.7815638600|32.9000871400|872753|29072896.0000|32.9000871400
13200000|32.9000871400|32.9889796000|32.8605793800|32.9099640800|1310949|43709632.0000|32.9099640800
13250000|32.9099640800|32.9099640800|32.8111946800|32.8704563200|670200|22301760.0000|32.8704563200
13300000|32.8704563200|32.8704563200|32.7914408000|32.8013177400|702300|23348000.0000|32.8013177400
13350000|32.8013177400|32.8111946800|32.7420561000|32.7618099800|999500|33161552.0000|32.7618099800
13400000|32.7519330400|32.7914408000|32.7420561000|32.7815638600|1107400|36741280.0000|32.7815638600
13450000|32.7815638600|32.8210716200|32.7716869200|32.8111946800|978162|32474704.0000|32.8111946800
13500000|32.8013177400|32.8408255000|32.7618099800|32.7618099800|1132738|37604816.0000|32.7618099800
13550000|32.7716869200|32.7716869200|32.6926714000|32.7025483400|1312000|43457216.0000|32.7025483400
14000000|32.7025483400|32.7124252800|32.5346403600|32.6037789400|5063497|167202368.0000|32.6037789400
14050000|32.6037789400|32.6235328200|32.4951326000|32.5148864800|1869203|61593728.0000|32.5148864800
14100000|32.5148864800|32.6037789400|32.5050095400|32.5148864800|1398350|46085680.0000|32.5148864800
14150000|32.5050095400|32.5050095400|32.3074707400|32.3272246200|3450400|113257776.0000|32.3272246200
14200000|32.3568554400|32.4655017800|32.3272246200|32.3963632000|2116280|69362336.0000|32.3963632000
14250000|32.3963632000|32.3963632000|32.3371015600|32.3469785000|1308800|42884848.0000|32.3469785000
14300000|32.3371015600|32.3667323800|32.1593166400|32.3667323800|3367067|109939744.0000|32.3667323800
14350000|32.3568554400|32.4457479000|32.2679629800|32.4062401400|1570200|51412368.0000|32.4062401400
14400000|32.4062401400|32.6531636400|32.3963632000|32.6136558800|1521200|50085152.0000|32.6136558800
14450000|32.6136558800|32.6630405800|32.5939020000|32.6630405800|1263201|41733376.0000|32.6630405800
14500000|32.6630405800|32.7223022200|32.6334097600|32.6432867000|2100788|69493920.0000|32.6432867000
14550000|32.6432867000|32.6432867000|32.5840250600|32.6136558800|2434800|80385952.0000|32.6136558800
15000000|32.6037789400|32.6926714000|32.6037789400|32.6827944600|2180057|72098944.0000|32.6827944600
