09350000|4.0681264800|4.0681264800|4.0345056000|4.0597212600|24448600|117888344.0000|4.0597212600
09400000|4.0597212600|4.0681264800|4.0429108200|4.0513160400|15191100|73271770.0000|4.0513160400
09450000|4.0513160400|4.0765317000|4.0513160400|4.0681264800|8123238|39251968.0000|4.0681264800
09500000|4.0681264800|4.0765317000|4.0597212600|4.0765317000|3998700|19372696.0000|4.0765317000
09550000|4.0681264800|4.1017473600|4.0681264800|4.0849369200|12093190|58761590.0000|4.0849369200
10000000|4.0849369200|4.1017473600|4.0765317000|4.0849369200|8559990|41674592.0000|4.0849369200
10050000|4.0849369200|4.1017473600|4.0849369200|4.0933421400|7807200|38018384.0000|4.0933421400
10100000|4.0933421400|4.1017473600|4.0849369200|4.1017473600|7860800|38318224.0000|4.1017473600
10150000|4.1017473600|4.1017473600|4.0849369200|4.0849369200|6117700|29775552.0000|4.0849369200
10200000|4.0933421400|4.0933421400|4.0681264800|4.0681264800|6323145|30688816.0000|4.0681264800
10250000|4.0681264800|4.0849369200|4.0681264800|4.0765317000|3372866|16355504.0000|4.0765317000
10300000|4.0765317000|4.0849369200|4.0681264800|4.0765317000|2460834|11934000.0000|4.0765317000
10350000|4.0765317000|4.0765317000|4.0597212600|4.0597212600|7328955|35503328.0000|4.0597212600
10400000|4.0597212600|4.0681264800|4.0597212600|4.0597212600|3644300|17631776.0000|4.0597212600
10450000|4.0597212600|4.0765317000|4.0513160400|4.0765317000|7470100|36112224.0000|4.0765317000
10500000|4.0681264800|4.0849369200|4.0681264800|4.0765317000|6601833|32014400.0000|4.0765317000
10550000|4.0849369200|4.0849369200|4.0681264800|4.0681264800|4353300|21098368.0000|4.0681264800
11000000|4.0681264800|4.0765317000|4.0597212600|4.0681264800|2072000|10026208.0000|4.0681264800
11050000|4.0681264800|4.0765317000|4.0597212600|4.0681264800|1390200|6725376.0000|4.0681264800
11100000|4.0681264800|4.0681264800|4.0597212600|4.0597212600|793240|3834016.0000|4.0597212600
11150000|4.0681264800|4.0681264800|4.0597212600|4.0597212600|1099700|5318688.0000|4.0597212600
11200000|4.0597212600|4.0681264800|4.0513160400|4.0597212600|5050160|24384832.0000|4.0597212600
11250000|4.0513160400|4.0597212600|4.0513160400|4.0597212600|1541600|7433120.0000|4.0597212600
11300000|4.0513160400|4.0597212600|4.0513160400|4.0597212600|1366200|6587712.0000|4.0597212600
13050000|4.0597212600|4.0597212600|4.0345056000|4.0429108200|16632400|80042176.0000|4.0429108200
13100000|4.0429108200|4.0513160400|4.0429108200|4.0513160400|1989000|9575168.0000|4.0513160400
13150000|4.0513160400|4.0597212600|4.0429108200|4.0513160400|2976200|14336096.0000|4.0513160400
13200000|4.0513160400|4.0513160400|4.0429108200|4.0429108200|936400|4507792.0000|4.0429108200
13250000|4.0513160400|4.0513160400|4.0345056000|4.0429108200|4077000|19604576.0000|4.0429108200
13300000|4.0429108200|4.0513160400|4.0345056000|4.0429108200|2209900|10623952.0000|4.0429108200
13350000|4.0429108200|4.0429108200|4.0345056000|4.0429108200|2892400|13889584.0000|4.0429108200
13400000|4.0345056000|4.0513160400|4.0345056000|4.0429108200|4231193|20337264.0000|4.0429108200
13450000|4.0345056000|4.0513160400|4.0345056000|4.0429108200|5944500|28585200.0000|4.0429108200
13500000|4.0429108200|4.0513160400|4.0345056000|4.0429108200|3987300|19183600.0000|4.0429108200
13550000|4.0345056000|4.0429108200|4.0345056000|4.0345056000|1196600|5751552.0000|4.0345056000
14000000|4.0429108200|4.0429108200|4.0261003800|4.0261003800|7602807|36493712.0000|4.0261003800
14050000|4.0261003800|4.0429108200|4.0261003800|4.0429108200|3508500|16833248.0000|4.0429108200
14100000|4.0429108200|4.0429108200|4.0345056000|4.0345056000|5605300|26949312.0000|4.0345056000
14150000|4.0345056000|4.0513160400|4.0345056000|4.0429108200|8474200|40753600.0000|4.0429108200
14200000|4.0429108200|4.0429108200|4.0345056000|4.0429108200|3890700|18698272.0000|4.0429108200
14250000|4.0429108200|4.0513160400|4.0345056000|4.0429108200|4694500|22580208.0000|4.0429108200
14300000|4.0513160400|4.0597212600|4.0429108200|4.0597212600|6651700|32091216.0000|4.0597212600
14350000|4.0597212600|4.0597212600|4.0429108200|4.0513160400|4745871|22873104.0000|4.0513160400
14400000|4.0513160400|4.0597212600|4.0429108200|4.0429108200|2261700|10900656.0000|4.0429108200
14450000|4.0513160400|4.0597212600|4.0429108200|4.0597212600|4732500|22813872.0000|4.0597212600
14500000|4.0597212600|4.0597212600|4.0513160400|4.0513160400|1890500|9114992.0000|4.0513160400
14550000|4.0513160400|4.0597212600|4.0429108200|4.0429108200|3280400|15809504.0000|4.0429108200
15000000|4.0513160400|4.0513160400|4.0429108200|4.0513160400|15437030|74387552.0000|4.0513160400
