09350000|6.6048766000|6.6048766000|6.5759923000|6.6048766000|24272900|166011440.0000|6.6048766000
09400000|6.5952485000|6.5952485000|6.5759923000|6.5856204000|12111600|82867776.0000|6.5856204000
09450000|6.5759923000|6.5952485000|6.5759923000|6.5759923000|12361100|84518544.0000|6.5759923000
09500000|6.5856204000|6.5952485000|6.5663642000|6.5952485000|14663600|100247136.0000|6.5952485000
09550000|6.5952485000|6.6145047000|6.5952485000|6.6145047000|10000900|68569920.0000|6.6145047000
10000000|6.6145047000|6.6241328000|6.6048766000|6.6145047000|12853900|88344412.0000|6.6145047000
10050000|6.6145047000|6.6145047000|6.5952485000|6.5952485000|6618500|45419145.0000|6.5952485000
10100000|6.6048766000|6.6048766000|6.5856204000|6.5952485000|5370300|36784255.0000|6.5952485000
10150000|6.5856204000|6.6048766000|6.5856204000|6.5952485000|4262800|29197945.0000|6.5952485000
10200000|6.5856204000|6.6048766000|6.5856204000|6.6048766000|2571300|17613063.0000|6.6048766000
10250000|6.6048766000|6.6048766000|6.5856204000|6.5952485000|2354200|16121091.0000|6.5952485000
10300000|6.5856204000|6.5952485000|6.5856204000|6.5856204000|1875200|12838139.0000|6.5856204000
10350000|6.5856204000|6.5952485000|6.5856204000|6.5856204000|4091300|27989751.0000|6.5856204000
10400000|6.5952485000|6.5952485000|6.5856204000|6.5952485000|3550400|24287427.0000|6.5952485000
10450000|6.5952485000|6.5952485000|6.5856204000|6.5856204000|1471100|10064513.0000|6.5856204000
10500000|6.5952485000|6.5952485000|6.5856204000|6.5856204000|1506200|10309883.0000|6.5856204000
10550000|6.5952485000|6.5952485000|6.5759923000|6.5856204000|2179000|14903561.0000|6.5856204000
11000000|6.5759923000|6.5952485000|6.5759923000|6.5856204000|2488000|17018679.0000|6.5856204000
11050000|6.5856204000|6.5952485000|6.5759923000|6.5856204000|1387400|9493128.0000|6.5856204000
11100000|6.5856204000|6.5952485000|6.5759923000|6.5952485000|1737100|11884356.0000|6.5952485000
11150000|6.5856204000|6.5952485000|6.5759923000|6.5759923000|2060100|14090871.0000|6.5759923000
11200000|6.5856204000|6.5856204000|6.5759923000|6.5856204000|889700|6082689.0000|6.5856204000
11250000|6.5856204000|6.5856204000|6.5663642000|6.5759923000|12097900|82625029.0000|6.5759923000
11300000|6.5663642000|6.5759923000|6.5663642000|6.5663642000|1809000|12342596.0000|6.5663642000
13050000|6.5759923000|6.5759923000|6.5567361000|6.5759923000|14925600|101787767.0000|6.5759923000
13100000|6.5759923000|6.5856204000|6.5663642000|6.5856204000|5981900|40856971.0000|6.5856204000
13150000|6.5856204000|6.5856204000|6.5663642000|6.5759923000|3183300|21741809.0000|6.5759923000
13200000|6.5759923000|6.5759923000|6.5663642000|6.5759923000|767800|5240705.0000|6.5759923000
13250000|6.5759923000|6.5759923000|6.5663642000|6.5759923000|3472500|23696777.0000|6.5759923000
13300000|6.5759923000|6.5759923000|6.5663642000|6.5663642000|1104500|7539062.0000|6.5663642000
13350000|6.5759923000|6.5856204000|6.5663642000|6.5759923000|4977700|33993102.0000|6.5759923000
13400000|6.5856204000|6.5856204000|6.5759923000|6.5759923000|1390900|9505522.0000|6.5759923000
13450000|6.5856204000|6.5856204000|6.5759923000|6.5759923000|3711500|25358478.0000|6.5759923000
13500000|6.5856204000|6.5856204000|6.5663642000|6.5759923000|2141200|14626550.0000|6.5759923000
13550000|6.5856204000|6.5856204000|6.5759923000|6.5856204000|1923000|13146245.0000|6.5856204000
14000000|6.5759923000|6.5856204000|6.5759923000|6.5856204000|1539400|10526715.0000|6.5856204000
14050000|6.5856204000|6.5856204000|6.5759923000|6.5856204000|2620200|17919484.0000|6.5856204000
14100000|6.5856204000|6.5952485000|6.5759923000|6.5856204000|4295200|29393412.0000|6.5856204000
14150000|6.5952485000|6.5952485000|6.5856204000|6.5952485000|2399200|16425603.0000|6.5952485000
14200000|6.5952485000|6.5952485000|6.5856204000|6.5952485000|1041000|7125637.0000|6.5952485000
14250000|6.5856204000|6.5952485000|6.5856204000|6.5856204000|3315400|22683648.0000|6.5856204000
14300000|6.5856204000|6.5952485000|6.5759923000|6.5856204000|1658000|11345270.0000|6.5856204000
14350000|6.5856204000|6.5856204000|6.5759923000|6.5856204000|2487300|16998654.0000|6.5856204000
14400000|6.5759923000|6.5856204000|6.5759923000|6.5856204000|2271200|15528712.0000|6.5856204000
14450000|6.5856204000|6.5856204000|6.5759923000|6.5856204000|1989900|13603203.0000|6.5856204000
14500000|6.5856204000|6.5856204000|6.5759923000|6.5759923000|3948300|26976762.0000|6.5759923000
14550000|6.5856204000|6.5856204000|6.5663642000|6.5759923000|10930400|74648327.0000|6.5759923000
15000000|6.5663642000|6.5759923000|6.5663642000|6.5759923000|7121200|48618499.0000|6.5759923000
