09350000|6.8359510000|6.8455791000|6.8263229000|6.8263229000|15896300|112876696.0000|6.8263229000
09400000|6.8263229000|6.8455791000|6.8263229000|6.8359510000|8870600|62984072.0000|6.8359510000
09450000|6.8359510000|6.8455791000|6.8359510000|6.8359510000|6109900|43418704.0000|6.8359510000
09500000|6.8359510000|6.8552072000|6.8359510000|6.8455791000|11336000|80576400.0000|6.8455791000
09550000|6.8359510000|6.8455791000|6.8263229000|6.8263229000|7304500|51859744.0000|6.8263229000
10000000|6.8263229000|6.8359510000|6.8166948000|6.8166948000|11292100|80055328.0000|6.8166948000
10050000|6.8166948000|6.8263229000|6.8166948000|6.8166948000|3395100|24045504.0000|6.8166948000
10100000|6.8166948000|6.8263229000|6.8166948000|6.8166948000|3486800|24696768.0000|6.8166948000
10150000|6.8166948000|6.8263229000|6.8070667000|6.8070667000|9068500|64185728.0000|6.8070667000
10200000|6.8166948000|6.8166948000|6.8070667000|6.8070667000|2549700|18034424.0000|6.8070667000
10250000|6.8070667000|6.8263229000|6.8070667000|6.8166948000|3884500|27504908.0000|6.8166948000
10300000|6.8166948000|6.8263229000|6.8166948000|6.8166948000|2102300|14886588.0000|6.8166948000
10350000|6.8166948000|6.8263229000|6.8166948000|6.8166948000|1784700|12638912.0000|6.8166948000
10400000|6.8166948000|6.8263229000|6.8166948000|6.8263229000|2581400|18280639.0000|6.8263229000
10450000|6.8263229000|6.8263229000|6.8166948000|6.8263229000|1058300|7495937.0000|6.8263229000
10500000|6.8166948000|6.8263229000|6.8166948000|6.8166948000|1302100|9222276.0000|6.8166948000
10550000|6.8166948000|6.8263229000|6.8166948000|6.8263229000|1574400|11154428.0000|6.8263229000
11000000|6.8166948000|6.8263229000|6.8166948000|6.8263229000|1334000|9449853.0000|6.8263229000
11050000|6.8263229000|6.8263229000|6.8166948000|6.8166948000|1626700|11523783.0000|6.8166948000
11100000|6.8263229000|6.8263229000|6.8166948000|6.8166948000|1654500|11724729.0000|6.8166948000
11150000|6.8263229000|6.8263229000|6.8166948000|6.8263229000|1008100|7139971.0000|6.8263229000
11200000|6.8166948000|6.8263229000|6.8166948000|6.8166948000|1212000|8584444.0000|6.8166948000
11250000|6.8166948000|6.8263229000|6.8070667000|6.8070667000|7070900|50058376.0000|6.8070667000
11300000|6.8070667000|6.8166948000|6.8070667000|6.8166948000|2667700|18878972.0000|6.8166948000
13050000|6.8166948000|6.8263229000|6.8166948000|6.8166948000|3439200|24349505.0000|6.8166948000
13100000|6.8166948000|6.8263229000|6.8166948000|6.8166948000|1103900|7818173.0000|6.8166948000
13150000|6.8166948000|6.8263229000|6.8166948000|6.8166948000|1793600|12703226.0000|6.8166948000
13200000|6.8166948000|6.8263229000|6.8166948000|6.8166948000|2328800|16495496.0000|6.8166948000
13250000|6.8166948000|6.8263229000|6.8166948000|6.8166948000|1837000|13008440.0000|6.8166948000
13300000|6.8166948000|6.8263229000|6.8166948000|6.8263229000|2153800|15251008.0000|6.8263229000
13350000|6.8166948000|6.8263229000|6.8166948000|6.8263229000|1653300|11708552.0000|6.8263229000
13400000|6.8263229000|6.8263229000|6.8166948000|6.8263229000|1241400|8790780.0000|6.8263229000
13450000|6.8166948000|6.8263229000|6.8166948000|6.8166948000|8872600|62894855.0000|6.8166948000
13500000|6.8263229000|6.8359510000|6.8166948000|6.8359510000|5406400|38344067.0000|6.8359510000
13550000|6.8359510000|6.8359510000|6.8263229000|6.8359510000|1246300|8845812.0000|6.8359510000
14000000|6.8359510000|6.8455791000|6.8263229000|6.8359510000|13110700|93113350.0000|6.8359510000
14050000|6.8359510000|6.8455791000|6.8263229000|6.8359510000|4088100|29029374.0000|6.8359510000
14100000|6.8359510000|6.8359510000|6.8263229000|6.8359510000|626700|4447491.0000|6.8359510000
14150000|6.8263229000|6.8359510000|6.8263229000|6.8263229000|822200|5834881.0000|6.8263229000
14200000|6.8263229000|6.8359510000|6.8263229000|6.8263229000|1280400|9085942.0000|6.8263229000
14250000|6.8359510000|6.8359510000|6.8263229000|6.8359510000|1568400|11129487.0000|6.8359510000
14300000|6.8263229000|6.8359510000|6.8263229000|6.8263229000|2273700|16130289.0000|6.8263229000
14350000|6.8359510000|6.8359510000|6.8263229000|6.8359510000|1399100|9928576.0000|6.8359510000
14400000|6.8359510000|6.8359510000|6.8263229000|6.8359510000|1377000|9770884.0000|6.8359510000
14450000|6.8263229000|6.8359510000|6.8263229000|6.8359510000|2366700|16791810.0000|6.8359510000
14500000|6.8263229000|6.8359510000|6.8263229000|6.8263229000|2868600|20355331.0000|6.8263229000
14550000|6.8359510000|6.8359510000|6.8263229000|6.8263229000|4561600|32369021.0000|6.8263229000
15000000|6.8359510000|6.8359510000|6.8263229000|6.8359510000|9439400|67008646.0000|6.8359510000
