09350000|3.3800000000|3.4000000000|3.3100000000|3.3200000000|23293075|78185981.0000|3.3200000000
09400000|3.3200000000|3.3700000000|3.3000000000|3.3600000000|12163430|40524260.0000|3.3600000000
09450000|3.3700000000|3.3900000000|3.3400000000|3.3400000000|8213900|27694024.0000|3.3400000000
09500000|3.3400000000|3.3600000000|3.3400000000|3.3500000000|3483900|11680864.0000|3.3500000000
09550000|3.3400000000|3.3600000000|3.3300000000|3.3400000000|2925150|9778585.0000|3.3400000000
10000000|3.3500000000|3.3800000000|3.3500000000|3.3700000000|5419823|18258381.0000|3.3700000000
10050000|3.3700000000|3.4000000000|3.3700000000|3.3800000000|7874300|26651904.0000|3.3800000000
10100000|3.3800000000|3.3900000000|3.3600000000|3.3900000000|2754000|9301097.0000|3.3900000000
10150000|3.3800000000|3.4000000000|3.3800000000|3.3900000000|5322700|18062437.0000|3.3900000000
10200000|3.3900000000|3.4000000000|3.3800000000|3.3900000000|2931900|9939511.0000|3.3900000000
10250000|3.3900000000|3.4000000000|3.3800000000|3.3900000000|2626600|8910176.0000|3.3900000000
10300000|3.3900000000|3.4000000000|3.3800000000|3.3900000000|2011900|6820969.0000|3.3900000000
10350000|3.3900000000|3.4000000000|3.3800000000|3.4000000000|1892200|6411605.0000|3.4000000000
10400000|3.4000000000|3.4100000000|3.3800000000|3.3900000000|5322200|18069283.0000|3.3900000000
10450000|3.3800000000|3.4000000000|3.3800000000|3.4000000000|1843400|6244547.0000|3.4000000000
10500000|3.4000000000|3.4000000000|3.3800000000|3.3800000000|1239100|4197379.0000|3.3800000000
10550000|3.3800000000|3.3900000000|3.3700000000|3.3800000000|1805600|6103408.0000|3.3800000000
11000000|3.3700000000|3.3800000000|3.3600000000|3.3700000000|1865100|6283771.0000|3.3700000000
11050000|3.3800000000|3.3800000000|3.3600000000|3.3700000000|1522744|5138285.0000|3.3700000000
11100000|3.3800000000|3.3900000000|3.3700000000|3.3700000000|1533400|5183060.0000|3.3700000000
11150000|3.3800000000|3.3800000000|3.3600000000|3.3700000000|1326600|4471636.0000|3.3700000000
11200000|3.3600000000|3.3700000000|3.3600000000|3.3600000000|1496825|5030472.0000|3.3600000000
11250000|3.3700000000|3.3700000000|3.3500000000|3.3500000000|1032500|3470000.0000|3.3500000000
11300000|3.3500000000|3.3600000000|3.3500000000|3.3600000000|709200|2378658.0000|3.3600000000
13050000|3.3600000000|3.3800000000|3.3600000000|3.3600000000|2667500|8992765.0000|3.3600000000
13100000|3.3600000000|3.3700000000|3.3500000000|3.3500000000|1365200|4586222.0000|3.3500000000
13150000|3.3600000000|3.3600000000|3.3400000000|3.3400000000|1547600|5184138.0000|3.3400000000
13200000|3.3500000000|3.3500000000|3.3400000000|3.3400000000|1175900|3935505.0000|3.3400000000
13250000|3.3500000000|3.3500000000|3.3400000000|3.3500000000|792400|2648670.0000|3.3500000000
13300000|3.3400000000|3.3500000000|3.3300000000|3.3400000000|1897500|6340118.0000|3.3400000000
13350000|3.3500000000|3.3500000000|3.3400000000|3.3400000000|1762300|5888266.0000|3.3400000000
13400000|3.3400000000|3.3500000000|3.3400000000|3.3400000000|712000|2379183.0000|3.3400000000
13450000|3.3400000000|3.3500000000|3.3400000000|3.3500000000|720100|2407834.0000|3.3500000000
13500000|3.3500000000|3.3600000000|3.3400000000|3.3500000000|1623700|5439985.0000|3.3500000000
13550000|3.3500000000|3.3600000000|3.3500000000|3.3600000000|360900|1211210.0000|3.3600000000
14000000|3.3600000000|3.3600000000|3.3400000000|3.3500000000|1108600|3714162.0000|3.3500000000
14050000|3.3400000000|3.3600000000|3.3400000000|3.3500000000|830100|2779994.0000|3.3500000000
14100000|3.3500000000|3.3600000000|3.3500000000|3.3500000000|521800|1748837.0000|3.3500000000
14150000|3.3400000000|3.3500000000|3.3400000000|3.3400000000|876900|2932110.0000|3.3400000000
14200000|3.3400000000|3.3500000000|3.3400000000|3.3400000000|501700|1678034.0000|3.3400000000
14250000|3.3500000000|3.3500000000|3.3400000000|3.3500000000|404600|1353334.0000|3.3500000000
14300000|3.3500000000|3.3500000000|3.3400000000|3.3500000000|766700|2563904.0000|3.3500000000
14350000|3.3500000000|3.3500000000|3.3400000000|3.3500000000|841890|2815180.0000|3.3500000000
14400000|3.3500000000|3.3500000000|3.3400000000|3.3400000000|1052850|3521095.0000|3.3400000000
14450000|3.3400000000|3.3500000000|3.3300000000|3.3400000000|3024300|10102547.0000|3.3400000000
14500000|3.3400000000|3.3500000000|3.3300000000|3.3400000000|1266600|4231420.0000|3.3400000000
14550000|3.3400000000|3.3400000000|3.3300000000|3.3300000000|2385400|7958284.0000|3.3300000000
15000000|3.3300000000|3.3400000000|3.3300000000|3.3400000000|1764200|5885592.0000|3.3400000000
