093500|123.8400|124.6300|122.0100|123.4600|283402|35043058.0000|123.4600
094000|123.3300|123.5600|123.0700|123.3700|98048|12100861.0000|123.3700
094500|123.3000|123.5400|122.8800|123.5100|112000|13797737.0000|123.5100
095000|123.5100|123.9700|123.0000|123.5000|89300|11035074.0000|123.5000
095500|123.4600|123.8900|123.2500|123.3300|101100|12501344.0000|123.3300
100000|123.3000|123.8000|122.8900|122.9700|129737|15977112.0000|122.9700
100500|123.0000|123.0300|122.6600|122.7200|69763|8567768.0000|122.7200
101000|122.6700|122.6700|122.1700|122.2800|78100|9555809.0000|122.2800
101500|122.2800|122.3100|121.6900|121.7400|129800|15829900.0000|121.7400
102000|121.7300|122.1000|121.3100|121.4000|182700|22230284.0000|121.4000
102500|121.3300|121.5500|121.0400|121.0900|273974|33228254.0000|121.0900
103000|121.0900|121.6800|121.0500|121.4100|46756|5671082.0000|121.4100
103500|121.4800|121.4800|121.0900|121.2800|84286|10223497.0000|121.2800
104000|121.1800|121.6300|121.1800|121.6200|30700|3726389.0000|121.6200
104500|121.5700|121.7000|121.2500|121.6700|35200|4277126.0000|121.6700
105000|121.6600|121.8200|121.3000|121.3500|34200|4158522.0000|121.3500
105500|121.2600|121.4000|121.1200|121.3700|60306|7311753.0000|121.3700
110000|121.2500|121.4200|121.1800|121.3600|24853|3013850.0000|121.3600
110500|121.3600|121.5400|121.2000|121.2000|22247|2700314.0000|121.2000
111000|121.2600|121.2900|120.8400|120.9100|161200|19505692.0000|120.9100
111500|120.9100|121.0000|120.6800|120.8900|73700|8903814.0000|120.8900
112000|120.8800|121.0600|120.8000|121.0000|44900|5427064.0000|121.0000
112500|120.9600|121.0200|120.6800|120.8100|74853|9046832.0000|120.8100
113000|120.7700|120.7700|120.4000|120.4100|100900|12164544.0000|120.4100
130500|120.4900|120.8700|120.4100|120.8700|78000|9409872.0000|120.8700
131000|120.8600|121.0000|120.5300|120.8300|50900|6147952.0000|120.8300
131500|120.9400|120.9400|120.4600|120.5000|73700|8889184.0000|120.5000
132000|120.5000|120.5600|119.6000|120.1100|340016|40818000.0000|120.1100
132500|120.1300|120.1300|119.7000|119.8000|195900|23483312.0000|119.8000
133000|119.7400|119.8500|119.5800|119.5800|107653|12882976.0000|119.5800
133500|119.5800|120.1600|119.5000|120.0300|103700|12432560.0000|120.0300
134000|119.9300|120.1400|119.8100|120.0700|61700|7404160.0000|120.0700
134500|120.1600|120.3600|120.0000|120.2900|76900|9243184.0000|120.2900
135000|120.2200|120.4500|120.0900|120.2000|84800|10189744.0000|120.2000
135500|120.3000|120.3000|119.8200|119.8900|64800|7776336.0000|119.8900
140000|119.8900|120.2800|119.8000|120.1000|63819|7653168.0000|120.1000
140500|120.1000|120.5600|120.0500|120.1100|50496|6075424.0000|120.1100
141000|120.4500|120.7200|120.2300|120.5100|32900|3963296.0000|120.5100
141500|120.5000|120.5000|120.2000|120.2000|55900|6723968.0000|120.2000
142000|120.2000|120.4200|120.1000|120.2100|73100|8790336.0000|120.2100
142500|120.2200|120.5700|120.1100|120.4200|48500|5836352.0000|120.4200
143000|120.4300|120.5200|120.2200|120.4300|28400|3418208.0000|120.4300
143500|120.4800|120.9800|120.4300|120.7500|86300|10419264.0000|120.7500
144000|120.7000|120.7900|120.6000|120.7300|35700|4308896.0000|120.7300
144500|120.6400|120.7000|120.5800|120.5800|39300|4741280.0000|120.5800
145000|120.5800|120.6900|120.3500|120.3600|45682|5503488.0000|120.3600
145500|120.3300|120.6400|120.3200|120.4000|84456|10173856.0000|120.4000
150000|120.5300|120.7300|120.4000|120.7300|67700|8167568.0000|120.7300
