09350000|8.6755355600|8.6755355600|8.5866063800|8.6557735200|1126600|9827816.0000|8.6557735200
09400000|8.6557735200|8.6854165800|8.6360114800|8.6656545400|527300|4623021.0000|8.6656545400
09450000|8.6755355600|8.6755355600|8.6261304600|8.6360114800|442300|3869713.0000|8.6360114800
09500000|8.6360114800|8.6360114800|8.6063684200|8.6063684200|495000|4316904.0000|8.6063684200
09550000|8.6162494400|8.6162494400|8.5964874000|8.6063684200|623000|5423807.0000|8.6063684200
10000000|8.6063684200|8.6063684200|8.5866063800|8.5964874000|579900|5042866.0000|8.5964874000
10050000|8.5866063800|8.6063684200|8.5767253600|8.5964874000|302900|2633974.0000|8.5964874000
10100000|8.5964874000|8.6063684200|8.5866063800|8.5866063800|432729|3765172.0000|8.5866063800
10150000|8.5866063800|8.5964874000|8.5668443400|8.5767253600|682600|5926393.0000|8.5767253600
10200000|8.5668443400|8.5866063800|8.5470823000|8.5569633200|542700|4705196.0000|8.5569633200
10250000|8.5470823000|8.5767253600|8.5372012800|8.5668443400|554800|4803601.0000|8.5668443400
10300000|8.5668443400|8.5866063800|8.5569633200|8.5668443400|314700|2730130.0000|8.5668443400
10350000|8.5668443400|8.5668443400|8.5569633200|8.5569633200|240900|2087322.0000|8.5569633200
10400000|8.5668443400|8.5668443400|8.5470823000|8.5470823000|301000|2604939.0000|8.5470823000
10450000|8.5569633200|8.5668443400|8.5470823000|8.5569633200|190100|1646168.0000|8.5569633200
10500000|8.5569633200|8.5668443400|8.5372012800|8.5372012800|268964|2326740.0000|8.5372012800
10550000|8.5372012800|8.5470823000|8.5372012800|8.5372012800|147700|1276845.0000|8.5372012800
11000000|8.5470823000|8.5569633200|8.5372012800|8.5470823000|307500|2658646.0000|8.5470823000
11050000|8.5470823000|8.5470823000|8.5372012800|8.5372012800|360100|3111964.0000|8.5372012800
11100000|8.5372012800|8.5470823000|8.5174392400|8.5273202600|497500|4295600.0000|8.5273202600
11150000|8.5273202600|8.5273202600|8.5075582200|8.5174392400|274336|2364569.0000|8.5174392400
11200000|8.5174392400|8.5174392400|8.4976772000|8.5075582200|452000|3891550.0000|8.5075582200
11250000|8.5075582200|8.5174392400|8.4976772000|8.5075582200|265100|2281270.0000|8.5075582200
11300000|8.5075582200|8.5174392400|8.4779151600|8.4877961800|696900|5993317.0000|8.4877961800
13050000|8.4976772000|8.4976772000|8.4779151600|8.4877961800|557200|4786165.0000|8.4877961800
13100000|8.4976772000|8.5075582200|8.4877961800|8.4976772000|240540|2068002.0000|8.4976772000
13150000|8.4976772000|8.5075582200|8.4877961800|8.4976772000|260441|2239878.0000|8.4976772000
13200000|8.4976772000|8.5075582200|8.4581531200|8.4680341400|607319|5212109.0000|8.4680341400
13250000|8.4680341400|8.4779151600|8.4482721000|8.4482721000|546822|4682414.0000|8.4482721000
13300000|8.4482721000|8.4779151600|8.4482721000|8.4779151600|286899|2457495.0000|8.4779151600
13350000|8.4779151600|8.4779151600|8.4581531200|8.4779151600|286800|2457148.0000|8.4779151600
13400000|8.4779151600|8.4976772000|8.4680341400|8.4976772000|257500|2211512.0000|8.4976772000
13450000|8.4976772000|8.4976772000|8.4877961800|8.4976772000|128400|1103752.0000|8.4976772000
13500000|8.4877961800|8.4976772000|8.4680341400|8.4680341400|292300|2508960.0000|8.4680341400
13550000|8.4680341400|8.4779151600|8.4680341400|8.4779151600|140369|1203588.0000|8.4779151600
14000000|8.4779151600|8.4779151600|8.4680341400|8.4680341400|256831|2201373.0000|8.4680341400
14050000|8.4680341400|8.4877961800|8.4581531200|8.4877961800|276200|2368874.0000|8.4877961800
14100000|8.4877961800|8.5075582200|8.4779151600|8.4976772000|204300|1756747.0000|8.4976772000
14150000|8.4976772000|8.5174392400|8.4976772000|8.5174392400|256300|2207097.0000|8.5174392400
14200000|8.5174392400|8.5174392400|8.4976772000|8.5075582200|96600|831547.0000|8.5075582200
14250000|8.5075582200|8.5075582200|8.4877961800|8.4976772000|338200|2908823.0000|8.4976772000
14300000|8.4976772000|8.4976772000|8.4877961800|8.4976772000|183300|1575499.0000|8.4976772000
14350000|8.4976772000|8.4976772000|8.4680341400|8.4976772000|409700|3517252.0000|8.4976772000
14400000|8.4976772000|8.4976772000|8.4877961800|8.4877961800|191500|1645744.0000|8.4877961800
14450000|8.4976772000|8.5075582200|8.4877961800|8.4976772000|499500|4295685.0000|8.4976772000
14500000|8.4976772000|8.4976772000|8.4877961800|8.4976772000|257700|2215726.0000|8.4976772000
14550000|8.4976772000|8.4976772000|8.4877961800|8.4877961800|292207|2511228.0000|8.4877961800
15000000|8.4877961800|8.4976772000|8.4877961800|8.4877961800|414593|3561871.0000|8.4877961800
