093500|10.75|10.81|10.74|10.75|22462.0|24205185.0|10.69
094000|10.75|10.8|10.75|10.77|15093.0|16268339.0|10.75
094500|10.76|10.78|10.74|10.74|11144.0|11992353.0|10.77
095000|10.74|10.77|10.73|10.77|8317.0|8937783.0|10.74
095500|10.77|10.78|10.75|10.77|5187.0|5584450.0|10.77
100000|10.77|10.78|10.75|10.76|10280.0|11063378.0|10.77
100500|10.77|10.77|10.72|10.73|10948.0|11762511.0|10.76
101000|10.72|10.74|10.69|10.74|16884.0|18079483.0|10.73
101500|10.73|10.8|10.73|10.78|13581.0|14638118.0|10.74
102000|10.77|10.78|10.76|10.77|9292.0|10010619.0|10.78
102500|10.78|10.79|10.77|10.77|9473.0|10211885.0|10.77
103000|10.77|10.78|10.76|10.78|7174.0|7727363.0|10.77
103500|10.77|10.78|10.77|10.77|5457.0|5878832.0|10.78
104000|10.78|10.78|10.75|10.75|8307.0|8942110.0|10.77
104500|10.76|10.76|10.74|10.75|5669.0|6095002.0|10.75
105000|10.76|10.76|10.73|10.74|5154.0|5538248.0|10.75
105500|10.74|10.74|10.73|10.74|3759.0|4035086.0|10.74
110000|10.74|10.76|10.73|10.75|4825.0|5185631.0|10.74
110500|10.75|10.75|10.72|10.74|5684.0|6101096.0|10.75
111000|10.73|10.75|10.73|10.74|3945.0|4236497.0|10.74
111500|10.75|10.75|10.73|10.75|2998.0|3220158.0|10.74
112000|10.74|10.75|10.73|10.74|5414.0|5813827.0|10.75
112500|10.74|10.75|10.73|10.74|5015.0|5388480.0|10.74
113000|10.75|10.78|10.74|10.75|9746.0|10487885.0|10.74
130500|10.76|10.78|10.74|10.76|8536.0|9183576.0|10.75
131000|10.76|10.77|10.76|10.76|3128.0|3366308.0|10.76
131500|10.76|10.76|10.74|10.74|4097.0|4403804.0|10.76
132000|10.74|10.75|10.74|10.74|3585.0|3850927.0|10.74
132500|10.75|10.75|10.73|10.74|7083.0|7606736.0|10.74
133000|10.74|10.75|10.73|10.74|4496.0|4829751.0|10.74
133500|10.74|10.74|10.72|10.73|8693.0|9329140.0|10.74
134000|10.72|10.74|10.72|10.73|4523.0|4853103.0|10.73
134500|10.73|10.74|10.72|10.74|6790.0|7283689.0|10.73
135000|10.73|10.74|10.72|10.72|4366.0|4683782.0|10.74
135500|10.72|10.73|10.71|10.72|5469.0|5863532.0|10.72
140000|10.72|10.73|10.7|10.71|8296.0|8889249.0|10.72
140500|10.7|10.71|10.69|10.69|12983.0|13890177.0|10.71
141000|10.69|10.71|10.69|10.71|7037.0|7528417.0|10.69
141500|10.71|10.73|10.7|10.71|9961.0|10673922.0|10.71
142000|10.71|10.72|10.71|10.71|4256.0|4560157.0|10.71
142500|10.71|10.72|10.7|10.71|5070.0|5430430.0|10.71
143000|10.71|10.72|10.71|10.72|5117.0|5482202.0|10.71
143500|10.71|10.72|10.71|10.71|8999.0|9640285.0|10.72
144000|10.71|10.71|10.7|10.71|6602.0|7067497.0|10.71
144500|10.71|10.72|10.7|10.7|14502.0|15524895.0|10.71
145000|10.7|10.71|10.7|10.7|6427.0|6878533.0|10.7
145500|10.7|10.71|10.7|10.7|12544.0|13426690.0|10.7
150000|10.7|10.71|10.7|10.7|15074.0|16130783.0|10.7
