093500|27.61|27.92|27.6|27.66|7653.0|21195674.0|27.35
094000|27.67|27.67|27.38|27.64|8105.0|22304310.0|27.66
094500|27.61|27.87|27.61|27.86|5948.0|16524540.0|27.64
095000|27.86|27.98|27.77|27.79|6563.0|18299471.0|27.86
095500|27.8|28.07|27.77|27.89|7999.0|22352930.0|27.79
100000|27.89|27.98|27.76|27.76|5258.0|14645645.0|27.89
100500|27.73|27.73|27.52|27.53|9411.0|25990658.0|27.76
101000|27.51|27.67|27.51|27.63|4351.0|12010633.0|27.53
101500|27.61|27.63|27.51|27.54|3179.0|8764829.0|27.63
102000|27.54|27.56|27.36|27.37|6396.0|17574033.0|27.54
102500|27.37|27.37|27.25|27.35|3088.0|8435037.0|27.37
103000|27.34|27.41|27.3|27.31|3399.0|9297742.0|27.35
103500|27.31|27.32|27.12|27.22|5125.0|13956749.0|27.31
104000|27.23|27.27|27.12|27.15|3736.0|10159066.0|27.22
104500|27.15|27.22|27.07|27.18|3942.0|10694979.0|27.15
105000|27.14|27.15|27.02|27.05|1968.0|5327448.0|27.18
105500|27.06|27.1|27.05|27.05|2661.0|7202945.0|27.05
110000|27.06|27.25|27.04|27.19|1331.0|3606898.0|27.05
110500|27.2|27.24|27.16|27.22|1598.0|4348072.0|27.19
111000|27.2|27.38|27.2|27.36|1627.0|4442048.0|27.22
111500|27.34|27.39|27.22|27.22|2296.0|6275295.0|27.36
112000|27.23|27.31|27.2|27.31|1500.0|4088309.0|27.22
112500|27.32|27.45|27.32|27.44|1347.0|3689365.0|27.31
113000|27.43|27.55|27.43|27.52|1730.0|4753113.0|27.44
130500|27.51|27.53|27.32|27.36|2778.0|7612816.0|27.52
131000|27.37|27.41|27.35|27.38|1024.0|2803436.0|27.36
131500|27.36|27.46|27.36|27.38|1428.0|3913549.0|27.38
132000|27.38|27.48|27.36|27.45|2106.0|5771405.0|27.38
132500|27.45|27.5|27.42|27.46|1184.0|3251524.0|27.45
133000|27.46|27.5|27.4|27.5|856.0|2349469.0|27.46
133500|27.49|27.55|27.47|27.52|1590.0|4374574.0|27.5
134000|27.53|27.59|27.51|27.55|1149.0|3165794.0|27.52
134500|27.54|27.78|27.53|27.78|2553.0|7054540.0|27.55
135000|27.78|27.9|27.76|27.83|6028.0|16781506.0|27.78
135500|27.83|27.83|27.64|27.67|2413.0|6692195.0|27.83
140000|27.69|27.78|27.62|27.65|2164.0|5989043.0|27.67
140500|27.65|27.8|27.65|27.8|1982.0|5496839.0|27.65
141000|27.8|27.83|27.77|27.81|1832.0|5093159.0|27.8
141500|27.81|27.87|27.81|27.85|1909.0|5316241.0|27.81
142000|27.83|27.85|27.79|27.84|1404.0|3907122.0|27.85
142500|27.85|27.89|27.81|27.88|2412.0|6718814.0|27.84
143000|27.89|27.89|27.73|27.81|2006.0|5581669.0|27.88
143500|27.79|27.88|27.79|27.88|2459.0|6848886.0|27.81
144000|27.89|27.89|27.82|27.89|1948.0|5427984.0|27.88
144500|27.89|28.0|27.88|28.0|5420.0|15154890.0|27.89
145000|27.99|28.05|27.94|27.99|5447.0|15254861.0|28.0
145500|27.97|28.02|27.96|28.02|5318.0|14887668.0|27.99
150000|28.02|28.16|28.01|28.16|8398.0|23597634.0|28.02
