093500|29.87|30.06|29.6|29.67|22733.0|67783199.0|29.59
094000|29.68|29.78|29.34|29.77|15446.0|45645779.0|29.67
094500|29.69|30.09|29.69|29.97|16228.0|48599354.0|29.77
095000|29.94|30.45|29.94|30.19|20855.0|63090095.0|29.97
095500|30.14|30.16|29.94|30.12|8734.0|26258606.0|30.19
100000|30.12|30.12|29.97|30.02|6404.0|19234156.0|30.12
100500|30.0|30.25|29.95|30.2|5432.0|16358498.0|30.02
101000|30.2|30.25|30.16|30.16|3213.0|9707463.0|30.2
101500|30.16|30.19|30.06|30.07|2998.0|9036542.0|30.16
102000|30.07|30.1|29.98|29.98|5806.0|17426000.0|30.07
102500|29.98|30.03|29.95|30.0|3623.0|10860270.0|29.98
103000|29.99|30.1|29.99|30.02|3086.0|9272725.0|30.0
103500|29.99|30.0|29.77|29.8|7561.0|22583538.0|30.02
104000|29.83|29.9|29.79|29.82|4262.0|12716124.0|29.8
104500|29.82|29.94|29.79|29.86|2891.0|8626360.0|29.82
105000|29.86|29.95|29.85|29.95|1906.0|5692991.0|29.86
105500|29.95|29.95|29.8|29.8|1851.0|5526663.0|29.95
110000|29.8|29.9|29.78|29.83|2250.0|6712625.0|29.8
110500|29.85|29.91|29.83|29.91|1811.0|5411180.0|29.83
111000|29.91|30.03|29.89|29.99|2630.0|7878703.0|29.91
111500|30.01|30.03|29.98|29.99|1046.0|3140493.0|29.99
112000|29.98|30.06|29.97|30.0|2031.0|6095885.0|29.99
112500|29.97|30.0|29.87|29.87|1805.0|5400747.0|30.0
113000|29.86|29.95|29.85|29.87|1540.0|4603609.0|29.87
130500|29.84|29.96|29.84|29.9|2422.0|7239554.0|29.87
131000|29.9|29.9|29.75|29.78|1845.0|5501918.0|29.9
131500|29.76|29.8|29.61|29.66|4607.0|13679779.0|29.78
132000|29.67|29.69|29.6|29.66|2536.0|7519110.0|29.66
132500|29.65|29.75|29.6|29.71|2848.0|8447690.0|29.66
133000|29.71|29.72|29.65|29.7|3663.0|10869385.0|29.71
133500|29.72|29.75|29.59|29.62|2091.0|6196356.0|29.7
134000|29.61|29.73|29.61|29.72|2826.0|8384626.0|29.62
134500|29.72|29.79|29.72|29.74|1793.0|5333354.0|29.72
135000|29.74|29.76|29.71|29.73|1485.0|4415243.0|29.74
135500|29.73|29.75|29.71|29.72|1716.0|5101128.0|29.73
140000|29.72|29.74|29.69|29.69|1468.0|4360151.0|29.72
140500|29.69|29.7|29.62|29.63|1498.0|4444524.0|29.69
141000|29.63|29.64|29.55|29.56|3291.0|9738011.0|29.63
141500|29.56|29.6|29.53|29.59|2990.0|8841802.0|29.56
142000|29.59|29.59|29.49|29.57|2982.0|8804536.0|29.59
142500|29.59|29.68|29.59|29.64|1928.0|5710266.0|29.57
143000|29.62|29.64|29.55|29.56|1744.0|5160409.0|29.64
143500|29.57|29.63|29.54|29.56|2185.0|6465018.0|29.56
144000|29.56|29.6|29.52|29.53|2519.0|7444191.0|29.56
144500|29.54|29.55|29.41|29.41|4606.0|13578167.0|29.53
145000|29.44|29.45|29.37|29.41|6009.0|17666730.0|29.41
145500|29.41|29.48|29.38|29.39|3731.0|10984304.0|29.41
150000|29.39|29.49|29.39|29.45|4075.0|11997997.0|29.39
