093500|4.7700|4.7800|4.7700|4.7800|265900|1268916.0000|4.7800
094000|4.7800|4.7800|4.7700|4.7800|237800|1135116.0000|4.7800
094500|4.7700|4.7900|4.7700|4.7900|812800|3884805.0000|4.7900
095000|4.7900|4.7900|4.7800|4.7900|281500|1347783.0000|4.7900
095500|4.7900|4.7900|4.7800|4.7800|167300|801276.0000|4.7800
100000|4.7900|4.7900|4.7800|4.7800|137100|655899.0000|4.7800
100500|4.7800|4.7900|4.7700|4.7900|646100|3089185.0000|4.7900
101000|4.7800|4.7900|4.7700|4.7900|140900|673455.0000|4.7900
101500|4.7800|4.7900|4.7800|4.7900|78700|376544.0000|4.7900
102000|4.7900|4.7900|4.7800|4.7900|643800|3082136.0000|4.7900
102500|4.7900|4.7900|4.7800|4.7800|79900|382132.0000|4.7800
103000|4.7900|4.7900|4.7800|4.7900|314900|1507288.0000|4.7900
103500|4.7900|4.7900|4.7800|4.7800|69100|330687.0000|4.7800
104000|4.7900|4.7900|4.7800|4.7900|86900|415676.0000|4.7900
104500|4.7800|4.7900|4.7800|4.7900|128900|616605.0000|4.7900
105000|4.7900|4.7900|4.7700|4.7800|203800|974607.0000|4.7800
105500|4.7700|4.7800|4.7700|4.7800|90000|429874.0000|4.7800
110000|4.7800|4.7800|4.7700|4.7800|115800|552948.0000|4.7800
110500|4.7800|4.7800|4.7700|4.7800|44700|213359.0000|4.7800
111000|4.7700|4.7800|4.7700|4.7800|37100|177072.0000|4.7800
111500|4.7800|4.7800|4.7700|4.7800|111000|529639.0000|4.7800
112000|4.7800|4.7800|4.7700|4.7800|57800|275895.0000|4.7800
112500|4.7700|4.7800|4.7700|4.7800|80100|382196.0000|4.7800
113000|4.7700|4.7800|4.7700|4.7700|60400|288519.0000|4.7700
130500|4.7700|4.7800|4.7700|4.7700|37100|177210.0000|4.7700
131000|4.7700|4.7800|4.7700|4.7700|594900|2837900.0000|4.7700
131500|4.7800|4.7800|4.7700|4.7800|125300|597740.0000|4.7800
132000|4.7700|4.7700|4.7600|4.7600|119300|568740.0000|4.7600
132500|4.7700|4.7700|4.7600|4.7600|136900|651979.0000|4.7600
133000|4.7700|4.7700|4.7600|4.7700|87200|415119.0000|4.7700
133500|4.7600|4.7700|4.7600|4.7600|340600|1623633.0000|4.7600
134000|4.7600|4.7700|4.7600|4.7600|189500|902078.0000|4.7600
134500|4.7700|4.7700|4.7600|4.7600|227300|1082082.0000|4.7600
135000|4.7600|4.7600|4.7500|4.7600|232200|1104248.0000|4.7600
135500|4.7600|4.7600|4.7500|4.7500|126500|601972.0000|4.7500
140000|4.7600|4.7600|4.7500|4.7600|86700|412464.0000|4.7600
140500|4.7500|4.7600|4.7500|4.7600|44900|213516.0000|4.7600
141000|4.7600|4.7600|4.7500|4.7600|56000|266254.0000|4.7600
141500|4.7600|4.7600|4.7500|4.7500|109000|517885.0000|4.7500
142000|4.7500|4.7600|4.7500|4.7600|393900|1871349.0000|4.7600
142500|4.7500|4.7600|4.7500|4.7600|193600|919802.0000|4.7600
143000|4.7500|4.7600|4.7500|4.7600|45600|216639.0000|4.7600
143500|4.7600|4.7600|4.7500|4.7500|631949|3002014.7500|4.7500
144000|4.7500|4.7600|4.7400|4.7500|274200|1302330.5100|4.7500
144500|4.7600|4.7600|4.7500|4.7500|465100|2209319.0000|4.7500
145000|4.7500|4.7600|4.7400|4.7500|283000|1344407.0000|4.7500
145500|4.7500|4.7500|4.7400|4.7500|338300|1605492.0000|4.7500
150000|4.7500|4.7500|4.7400|4.7400|196000|929733.0000|4.7400
