093500|3.73|3.74|3.68|3.68|164640.0|60967204.0|3.78
094000|3.68|3.7|3.68|3.68|84806.0|31282025.0|3.68
094500|3.68|3.68|3.66|3.66|91202.0|33447091.0|3.68
095000|3.67|3.68|3.66|3.67|43399.0|15933745.0|3.66
095500|3.68|3.7|3.68|3.69|34800.0|12830668.0|3.67
100000|3.7|3.7|3.68|3.69|25631.0|9449534.0|3.69
100500|3.7|3.72|3.69|3.7|30672.0|11368385.0|3.69
101000|3.7|3.72|3.7|3.72|12616.0|4681858.0|3.7
101500|3.72|3.73|3.71|3.72|13761.0|5117193.0|3.72
102000|3.72|3.73|3.71|3.71|17080.0|6351947.0|3.72
102500|3.71|3.73|3.71|3.72|19177.0|7130668.0|3.71
103000|3.73|3.73|3.71|3.71|9515.0|3536982.0|3.72
103500|3.71|3.72|3.7|3.7|23313.0|8638736.0|3.71
104000|3.7|3.71|3.69|3.69|16689.0|6169735.0|3.7
104500|3.69|3.71|3.69|3.71|11793.0|4366304.0|3.69
105000|3.71|3.71|3.7|3.71|3885.0|1438905.0|3.71
105500|3.7|3.72|3.7|3.71|10168.0|3772071.0|3.71
110000|3.71|3.72|3.71|3.72|6373.0|2366576.0|3.71
110500|3.71|3.72|3.71|3.71|4947.0|1836533.0|3.72
111000|3.72|3.72|3.71|3.72|13001.0|4830209.0|3.71
111500|3.71|3.72|3.7|3.7|15867.0|5879185.0|3.72
112000|3.7|3.71|3.69|3.69|11400.0|4216559.0|3.7
112500|3.69|3.71|3.69|3.71|4756.0|1760020.0|3.69
113000|3.7|3.72|3.7|3.72|9918.0|3679734.0|3.71
130500|3.72|3.72|3.69|3.69|29581.0|10960937.0|3.72
131000|3.69|3.7|3.68|3.7|16068.0|5928437.0|3.69
131500|3.69|3.7|3.69|3.69|11502.0|4245097.0|3.7
132000|3.69|3.7|3.68|3.68|10847.0|3997868.0|3.69
132500|3.68|3.71|3.68|3.7|16731.0|6177590.0|3.68
133000|3.7|3.71|3.69|3.69|9929.0|3673572.0|3.7
133500|3.69|3.7|3.69|3.69|13281.0|4907417.0|3.69
134000|3.69|3.7|3.67|3.68|41556.0|15300414.0|3.69
134500|3.68|3.69|3.68|3.68|15595.0|5741001.0|3.68
135000|3.68|3.69|3.68|3.68|9682.0|3566716.0|3.68
135500|3.68|3.69|3.68|3.68|4145.0|1527452.0|3.68
140000|3.68|3.69|3.67|3.67|19332.0|7111909.0|3.68
140500|3.67|3.68|3.67|3.68|11436.0|4200374.0|3.67
141000|3.67|3.68|3.67|3.68|12069.0|4435620.0|3.68
141500|3.67|3.68|3.67|3.68|17373.0|6390655.0|3.68
142000|3.68|3.68|3.67|3.67|9089.0|3341351.0|3.68
142500|3.67|3.68|3.67|3.67|6989.0|2569645.0|3.67
143000|3.68|3.68|3.67|3.68|15316.0|5625604.0|3.67
143500|3.68|3.68|3.67|3.68|18766.0|6898959.0|3.68
144000|3.67|3.68|3.67|3.67|42031.0|15428972.0|3.68
144500|3.67|3.68|3.67|3.67|20346.0|7469898.0|3.67
145000|3.67|3.68|3.66|3.67|37323.0|13689785.0|3.67
145500|3.67|3.68|3.66|3.66|32636.0|11976602.0|3.67
150000|3.66|3.68|3.66|3.68|21618.0|7937700.0|3.66
