093500|91.97|92.64|90.31|90.66|9739.0|89078957.0|91.85
094000|90.63|90.89|90.3|90.45|5869.0|53110357.0|90.66
094500|90.46|90.46|89.77|90.39|7480.0|67359711.0|90.45
095000|90.35|90.9|90.06|90.11|3464.0|31316604.0|90.39
095500|90.03|90.07|89.3|89.98|7700.0|69070761.0|90.11
100000|89.99|90.09|89.8|89.83|2250.0|20235014.0|89.98
100500|89.73|89.85|89.5|89.52|3254.0|29169259.0|89.83
101000|89.51|89.85|89.4|89.7|3272.0|29301517.0|89.52
101500|89.7|89.7|89.34|89.34|2594.0|23208384.0|89.7
102000|89.34|89.41|89.0|89.38|5140.0|45834360.0|89.34
102500|89.4|90.29|89.37|90.19|2668.0|23962719.0|89.38
103000|90.19|90.19|89.27|89.32|1924.0|17247226.0|90.19
103500|89.32|89.4|89.0|89.0|3795.0|33822584.0|89.32
104000|89.0|89.03|88.63|88.7|4503.0|40021407.0|89.0
104500|88.7|88.7|88.3|88.5|2888.0|25568040.0|88.7
105000|88.51|88.85|88.4|88.61|2221.0|19678851.0|88.5
105500|88.61|89.0|88.54|88.63|2012.0|17847935.0|88.61
110000|88.63|88.7|88.02|88.08|3347.0|29536467.0|88.63
110500|88.08|88.2|88.0|88.02|3144.0|27695305.0|88.08
111000|88.01|88.19|88.0|88.06|2933.0|25816792.0|88.02
111500|88.06|88.21|88.0|88.08|1925.0|16959899.0|88.06
112000|88.1|88.12|87.78|87.91|2898.0|25489677.0|88.08
112500|87.92|88.65|87.86|88.63|1914.0|16884728.0|87.91
113000|88.57|88.63|88.01|88.01|863.0|7620685.0|88.63
130500|88.02|89.88|87.85|89.88|3913.0|34743666.0|88.01
131000|90.3|92.97|90.03|92.93|18282.0|167708306.0|89.88
131500|92.94|94.87|92.94|94.85|36671.0|344356466.0|92.93
132000|94.88|95.0|94.26|94.81|24605.0|233230825.0|94.85
132500|94.81|94.81|93.39|93.88|9756.0|91982569.0|94.81
133000|93.93|97.49|93.93|97.49|23969.0|229063104.0|93.88
133500|97.43|97.88|96.0|97.2|23149.0|224591477.0|97.49
134000|97.2|100.0|97.2|98.85|27827.0|274272025.0|97.2
134500|98.83|99.18|97.96|98.9|11102.0|109491435.0|98.85
135000|98.9|98.9|98.42|98.58|7329.0|72310047.0|98.9
135500|98.57|98.57|97.36|97.94|5698.0|55748784.0|98.58
140000|97.93|97.99|97.48|97.48|5259.0|51396515.0|97.94
140500|97.46|97.46|96.12|96.12|3845.0|37258120.0|97.48
141000|96.08|97.96|96.0|97.96|5565.0|53981455.0|96.12
141500|97.97|97.98|97.0|97.73|3636.0|35479648.0|97.96
142000|97.7|97.7|96.89|97.14|2699.0|26239374.0|97.73
142500|97.15|97.64|97.15|97.35|3258.0|31767360.0|97.14
143000|97.35|97.35|97.05|97.27|1921.0|18667719.0|97.35
143500|97.29|97.29|97.14|97.17|3414.0|33186374.0|97.27
144000|97.17|97.18|96.86|96.86|2677.0|25968004.0|97.17
144500|96.86|96.86|96.41|96.41|4544.0|43889169.0|96.86
145000|96.42|96.61|96.05|96.61|4367.0|42023140.0|96.41
145500|96.65|97.89|96.65|97.89|9202.0|89809874.0|96.61
150000|97.9|97.96|97.89|97.95|10027.0|98206173.0|97.89
