09350000|2.9592617600|2.9886584000|2.9592617600|2.9690606400|886400|2685049.0000|2.9690606400
09400000|2.9788595200|2.9788595200|2.9494628800|2.9788595200|475000|1437174.0000|2.9788595200
09450000|2.9690606400|2.9984572800|2.9690606400|2.9984572800|578000|1761563.0000|2.9984572800
09500000|2.9886584000|2.9886584000|2.9788595200|2.9886584000|405800|1237182.0000|2.9886584000
09550000|2.9886584000|2.9984572800|2.9886584000|2.9886584000|337700|1030977.0000|2.9886584000
10000000|2.9984572800|3.0180550400|2.9984572800|3.0082561600|681100|2087582.0000|3.0082561600
10050000|3.0082561600|3.0278539200|2.9984572800|3.0278539200|642600|1980644.0000|3.0278539200
10100000|3.0278539200|3.0376528000|3.0180550400|3.0278539200|382100|1180755.0000|3.0278539200
10150000|3.0278539200|3.0376528000|3.0278539200|3.0278539200|363100|1123111.0000|3.0278539200
10200000|3.0278539200|3.0376528000|3.0278539200|3.0278539200|320400|990757.0000|3.0278539200
10250000|3.0180550400|3.0376528000|3.0180550400|3.0278539200|175100|541277.0000|3.0278539200
10300000|3.0278539200|3.0376528000|3.0082561600|3.0082561600|295700|911620.0000|3.0082561600
10350000|3.0082561600|3.0278539200|3.0082561600|3.0180550400|146600|452006.0000|3.0180550400
10400000|3.0180550400|3.0278539200|3.0180550400|3.0278539200|402700|1243274.0000|3.0278539200
10450000|3.0278539200|3.0376528000|3.0278539200|3.0376528000|199900|619008.0000|3.0376528000
10500000|3.0278539200|3.0376528000|3.0278539200|3.0278539200|91500|283314.0000|3.0278539200
10550000|3.0376528000|3.0376528000|3.0180550400|3.0180550400|228200|704794.0000|3.0180550400
11000000|3.0180550400|3.0278539200|3.0180550400|3.0278539200|164700|508298.0000|3.0278539200
11050000|3.0180550400|3.0278539200|3.0180550400|3.0180550400|219100|674996.0000|3.0180550400
11100000|3.0180550400|3.0278539200|3.0180550400|3.0180550400|68000|209568.0000|3.0180550400
11150000|3.0180550400|3.0278539200|3.0180550400|3.0278539200|161800|498614.0000|3.0278539200
11200000|3.0180550400|3.0376528000|3.0180550400|3.0376528000|416900|1288108.0000|3.0376528000
11250000|3.0376528000|3.0474516800|3.0278539200|3.0474516800|862400|2673904.0000|3.0474516800
11300000|3.0474516800|3.0474516800|3.0376528000|3.0474516800|43100|133940.0000|3.0474516800
13050000|3.0376528000|3.0474516800|3.0376528000|3.0376528000|243200|756246.0000|3.0376528000
13100000|3.0376528000|3.0474516800|3.0376528000|3.0474516800|93200|289660.0000|3.0474516800
13150000|3.0376528000|3.0474516800|3.0376528000|3.0376528000|46100|143228.0000|3.0376528000
13200000|3.0376528000|3.0474516800|3.0376528000|3.0474516800|201300|625836.0000|3.0474516800
13250000|3.0376528000|3.0474516800|3.0278539200|3.0278539200|247100|765532.0000|3.0278539200
13300000|3.0278539200|3.0376528000|3.0278539200|3.0376528000|75300|232796.0000|3.0376528000
13350000|3.0376528000|3.0376528000|3.0278539200|3.0376528000|81000|250656.0000|3.0376528000
13400000|3.0376528000|3.0376528000|3.0278539200|3.0278539200|73400|227454.0000|3.0278539200
13450000|3.0278539200|3.0376528000|3.0278539200|3.0278539200|65500|202552.0000|3.0278539200
13500000|3.0278539200|3.0376528000|3.0278539200|3.0376528000|54100|167298.0000|3.0376528000
13550000|3.0376528000|3.0474516800|3.0376528000|3.0474516800|287400|891358.0000|3.0474516800
14000000|3.0376528000|3.0474516800|3.0376528000|3.0376528000|59200|184004.0000|3.0376528000
14050000|3.0376528000|3.0572505600|3.0376528000|3.0474516800|429500|1335596.0000|3.0474516800
14100000|3.0474516800|3.0474516800|3.0376528000|3.0376528000|93900|292036.0000|3.0376528000
14150000|3.0376528000|3.0474516800|3.0376528000|3.0376528000|26100|81108.0000|3.0376528000
14200000|3.0474516800|3.0474516800|3.0376528000|3.0474516800|29100|90380.0000|3.0474516800
14250000|3.0376528000|3.0474516800|3.0376528000|3.0376528000|46100|143288.0000|3.0376528000
14300000|3.0376528000|3.0474516800|3.0376528000|3.0376528000|85700|266380.0000|3.0376528000
14350000|3.0376528000|3.0474516800|3.0376528000|3.0474516800|111600|346554.0000|3.0474516800
14400000|3.0474516800|3.0474516800|3.0376528000|3.0474516800|1196600|3711106.0000|3.0474516800
14450000|3.0474516800|3.0474516800|3.0376528000|3.0376528000|507300|1572896.0000|3.0376528000
14500000|3.0474516800|3.0474516800|3.0376528000|3.0376528000|169200|525316.0000|3.0376528000
14550000|3.0376528000|3.0474516800|3.0376528000|3.0474516800|332000|1031332.0000|3.0474516800
15000000|3.0474516800|3.0474516800|3.0376528000|3.0474516800|369500|1147016.0000|3.0474516800
