09350000|3.2630270400|3.2826248000|3.2630270400|3.2630270400|630900|2108256.0000|3.2630270400
09400000|3.2630270400|3.2826248000|3.2630270400|3.2630270400|269500|899385.0000|3.2630270400
09450000|3.2728259200|3.2826248000|3.2630270400|3.2728259200|262000|874908.0000|3.2728259200
09500000|3.2728259200|3.2728259200|3.2532281600|3.2630270400|259700|865338.0000|3.2630270400
09550000|3.2630270400|3.2630270400|3.2532281600|3.2630270400|81000|269485.0000|3.2630270400
10000000|3.2630270400|3.2728259200|3.2532281600|3.2728259200|657000|2188082.0000|3.2728259200
10050000|3.2630270400|3.2728259200|3.2532281600|3.2630270400|429500|1430016.0000|3.2630270400
10100000|3.2630270400|3.2630270400|3.2434292800|3.2434292800|332100|1101525.0000|3.2434292800
10150000|3.2434292800|3.2532281600|3.2434292800|3.2434292800|59300|196407.0000|3.2434292800
10200000|3.2434292800|3.2532281600|3.2434292800|3.2434292800|66500|220497.0000|3.2434292800
10250000|3.2434292800|3.2630270400|3.2434292800|3.2630270400|186500|618798.0000|3.2630270400
10300000|3.2630270400|3.2630270400|3.2434292800|3.2630270400|134100|445371.0000|3.2630270400
10350000|3.2630270400|3.2630270400|3.2532281600|3.2630270400|217000|722416.0000|3.2630270400
10400000|3.2630270400|3.2728259200|3.2630270400|3.2630270400|80700|268740.0000|3.2630270400
10450000|3.2728259200|3.2728259200|3.2630270400|3.2630270400|182900|609107.0000|3.2630270400
10500000|3.2630270400|3.2728259200|3.2532281600|3.2630270400|116100|386939.0000|3.2630270400
10550000|3.2630270400|3.2630270400|3.2532281600|3.2630270400|20200|67246.0000|3.2630270400
11000000|3.2532281600|3.2630270400|3.2532281600|3.2532281600|26800|89035.0000|3.2532281600
11050000|3.2532281600|3.2630270400|3.2532281600|3.2532281600|59000|196366.0000|3.2532281600
11100000|3.2532281600|3.2630270400|3.2532281600|3.2630270400|30900|102751.0000|3.2630270400
11150000|3.2532281600|3.2630270400|3.2532281600|3.2630270400|35500|117923.0000|3.2630270400
11200000|3.2630270400|3.2630270400|3.2532281600|3.2630270400|24500|81427.0000|3.2630270400
11250000|3.2630270400|3.2630270400|3.2434292800|3.2434292800|292300|970172.0000|3.2434292800
11300000|3.2434292800|3.2532281600|3.2434292800|3.2434292800|62800|208049.0000|3.2434292800
13050000|3.2532281600|3.2630270400|3.2434292800|3.2630270400|159000|527959.0000|3.2630270400
13100000|3.2532281600|3.2630270400|3.2532281600|3.2630270400|12200|40577.0000|3.2630270400
13150000|3.2630270400|3.2630270400|3.2532281600|3.2532281600|125500|417876.0000|3.2532281600
13200000|3.2630270400|3.2630270400|3.2532281600|3.2630270400|37300|124163.0000|3.2630270400
13250000|3.2630270400|3.2630270400|3.2532281600|3.2630270400|131700|437428.0000|3.2630270400
13300000|3.2532281600|3.2630270400|3.2532281600|3.2630270400|165900|551792.0000|3.2630270400
13350000|3.2630270400|3.2630270400|3.2532281600|3.2630270400|232800|775112.0000|3.2630270400
13400000|3.2532281600|3.2532281600|3.2434292800|3.2434292800|190900|633452.0000|3.2434292800
13450000|3.2434292800|3.2532281600|3.2336304000|3.2434292800|308700|1021776.0000|3.2434292800
13500000|3.2434292800|3.2532281600|3.2434292800|3.2532281600|33900|112280.0000|3.2532281600
13550000|3.2434292800|3.2532281600|3.2434292800|3.2434292800|19300|63956.0000|3.2434292800
14000000|3.2434292800|3.2532281600|3.2434292800|3.2434292800|222200|735658.0000|3.2434292800
14050000|3.2434292800|3.2630270400|3.2434292800|3.2434292800|179400|594914.0000|3.2434292800
14100000|3.2434292800|3.2532281600|3.2434292800|3.2434292800|115000|381036.0000|3.2434292800
14150000|3.2532281600|3.2532281600|3.2434292800|3.2434292800|11800|39106.0000|3.2434292800
14200000|3.2434292800|3.2532281600|3.2336304000|3.2532281600|122100|404160.0000|3.2532281600
14250000|3.2532281600|3.2532281600|3.2336304000|3.2434292800|68400|226360.0000|3.2434292800
14300000|3.2434292800|3.2434292800|3.2336304000|3.2434292800|37000|122192.0000|3.2434292800
14350000|3.2434292800|3.2434292800|3.2336304000|3.2336304000|73100|241292.0000|3.2336304000
14400000|3.2336304000|3.2434292800|3.2336304000|3.2336304000|186700|616170.0000|3.2336304000
14450000|3.2336304000|3.2434292800|3.2238315200|3.2434292800|306900|1012688.0000|3.2434292800
14500000|3.2434292800|3.2434292800|3.2238315200|3.2336304000|250700|827612.0000|3.2336304000
14550000|3.2336304000|3.2336304000|3.2238315200|3.2238315200|195000|642224.0000|3.2238315200
15000000|3.2238315200|3.2336304000|3.2238315200|3.2238315200|197300|649410.0000|3.2238315200
