09350000|6.9300000000|6.9300000000|6.7900000000|6.8500000000|4633500|31666404.0000|6.8500000000
09400000|6.8400000000|6.9000000000|6.8400000000|6.8700000000|2109400|14483444.0000|6.8700000000
09450000|6.8700000000|6.9300000000|6.8700000000|6.9100000000|1597200|11010576.0000|6.9100000000
09500000|6.9100000000|6.9200000000|6.8700000000|6.9200000000|605900|4176880.0000|6.9200000000
09550000|6.9000000000|6.9300000000|6.8900000000|6.9100000000|666100|4601688.0000|6.9100000000
10000000|6.9000000000|6.9100000000|6.8300000000|6.8600000000|1031300|7083352.0000|6.8600000000
10050000|6.8600000000|6.8700000000|6.8300000000|6.8600000000|1028800|7047472.0000|6.8600000000
10100000|6.8500000000|6.9000000000|6.8500000000|6.8800000000|249900|1718632.0000|6.8800000000
10150000|6.8900000000|6.9400000000|6.8600000000|6.9400000000|1299400|8949144.0000|6.9400000000
10200000|6.9500000000|6.9500000000|6.9000000000|6.9500000000|1307400|9074576.0000|6.9500000000
10250000|6.9600000000|7.0000000000|6.9000000000|6.9100000000|2679900|18679272.0000|6.9100000000
10300000|6.8900000000|6.9000000000|6.8400000000|6.8600000000|2038300|13991536.0000|6.8600000000
10350000|6.8600000000|6.9000000000|6.8500000000|6.8900000000|1088700|7489328.0000|6.8900000000
10400000|6.8800000000|6.9100000000|6.8700000000|6.9100000000|1068300|7353104.0000|6.9100000000
10450000|6.9100000000|6.9200000000|6.8900000000|6.9000000000|443700|3064736.0000|6.9000000000
10500000|6.9100000000|6.9200000000|6.8900000000|6.9100000000|221900|1532128.0000|6.9100000000
10550000|6.9200000000|6.9400000000|6.9000000000|6.9000000000|408200|2824320.0000|6.9000000000
11000000|6.9300000000|6.9300000000|6.9000000000|6.9000000000|297600|2056288.0000|6.9000000000
11050000|6.9200000000|6.9200000000|6.8800000000|6.8800000000|228400|1575168.0000|6.8800000000
11100000|6.8800000000|6.9000000000|6.8700000000|6.8800000000|323600|2227024.0000|6.8800000000
11150000|6.8800000000|6.9000000000|6.8800000000|6.8900000000|249800|1719856.0000|6.8900000000
11200000|6.8800000000|6.8900000000|6.8700000000|6.8900000000|232200|1598192.0000|6.8900000000
11250000|6.8800000000|6.9100000000|6.8700000000|6.8900000000|1033900|7118944.0000|6.8900000000
11300000|6.8800000000|6.9000000000|6.8700000000|6.8800000000|343300|2363712.0000|6.8800000000
13050000|6.8800000000|6.9000000000|6.8400000000|6.8700000000|1464800|10054384.0000|6.8700000000
13100000|6.8800000000|6.8900000000|6.8600000000|6.8700000000|357900|2458672.0000|6.8700000000
13150000|6.8600000000|6.8600000000|6.8500000000|6.8600000000|314300|2154800.0000|6.8600000000
13200000|6.8500000000|6.8500000000|6.8400000000|6.8400000000|507300|3472848.0000|6.8400000000
13250000|6.8400000000|6.8400000000|6.8200000000|6.8400000000|982100|6707728.0000|6.8400000000
13300000|6.8300000000|6.8400000000|6.8000000000|6.8000000000|1833400|12496432.0000|6.8000000000
13350000|6.8000000000|6.8000000000|6.7400000000|6.7600000000|3519700|23828496.0000|6.7600000000
13400000|6.7500000000|6.7500000000|6.7200000000|6.7300000000|1671900|11264448.0000|6.7300000000
13450000|6.7200000000|6.7500000000|6.7200000000|6.7400000000|1199400|8077520.0000|6.7400000000
13500000|6.7400000000|6.7700000000|6.7400000000|6.7600000000|928600|6271728.0000|6.7600000000
13550000|6.7500000000|6.7600000000|6.7300000000|6.7400000000|732600|4941360.0000|6.7400000000
14000000|6.7300000000|6.7400000000|6.6700000000|6.6800000000|2351800|15782160.0000|6.6800000000
14050000|6.6700000000|6.6900000000|6.6500000000|6.6600000000|3670400|24440864.0000|6.6600000000
14100000|6.6600000000|6.6600000000|6.6100000000|6.6300000000|1927100|12782656.0000|6.6300000000
14150000|6.6300000000|6.6400000000|6.6200000000|6.6400000000|1525800|10113248.0000|6.6400000000
14200000|6.6400000000|6.6400000000|6.5600000000|6.5800000000|3003900|19781888.0000|6.5800000000
14250000|6.5900000000|6.5900000000|6.4600000000|6.4800000000|5503100|35772672.0000|6.4800000000
14300000|6.4800000000|6.4800000000|6.2400000000|6.3300000000|14954700|94054720.0000|6.3300000000
14350000|6.3300000000|6.4700000000|6.3300000000|6.4400000000|5292200|33956480.0000|6.4400000000
14400000|6.4200000000|6.4300000000|6.3300000000|6.4300000000|3600500|23025408.0000|6.4300000000
14450000|6.4300000000|6.5700000000|6.4100000000|6.5300000000|5724600|37081088.0000|6.5300000000
14500000|6.5200000000|6.5500000000|6.4700000000|6.5200000000|2562700|16660352.0000|6.5200000000
14550000|6.5200000000|6.5200000000|6.4100000000|6.4500000000|2382700|15407808.0000|6.4500000000
15000000|6.4500000000|6.4700000000|6.4100000000|6.4100000000|2567400|16505152.0000|6.4100000000
