093500|17.47|17.9|17.46|17.84|30063.0|53325669.0|17.01
094000|17.84|17.98|17.77|17.86|19101.0|34098916.0|17.84
094500|17.87|17.91|17.83|17.84|7228.0|12918954.0|17.86
095000|17.84|17.87|17.79|17.79|5234.0|9336982.0|17.84
095500|17.78|17.85|17.78|17.8|3836.0|6830179.0|17.79
100000|17.8|17.8|17.7|17.72|4660.0|8264890.0|17.8
100500|17.74|17.79|17.73|17.78|2858.0|5075890.0|17.72
101000|17.78|17.78|17.75|17.76|1168.0|2075578.0|17.78
101500|17.76|17.77|17.74|17.76|1334.0|2368411.0|17.76
102000|17.76|17.78|17.75|17.76|1227.0|2180654.0|17.76
102500|17.77|17.77|17.74|17.75|1327.0|2355838.0|17.76
103000|17.76|17.8|17.75|17.8|2299.0|4086064.0|17.75
103500|17.8|17.82|17.78|17.81|1311.0|2333623.0|17.8
104000|17.81|17.81|17.77|17.78|1319.0|2347136.0|17.81
104500|17.79|17.85|17.77|17.83|2338.0|4166892.0|17.78
105000|17.83|17.86|17.83|17.85|1342.0|2394074.0|17.83
105500|17.85|17.86|17.82|17.82|1744.0|3112114.0|17.85
110000|17.83|17.83|17.77|17.79|1985.0|3532246.0|17.82
110500|17.79|17.82|17.78|17.8|982.0|1748069.0|17.79
111000|17.8|17.8|17.75|17.79|701.0|1246394.0|17.8
111500|17.8|17.84|17.79|17.84|900.0|1602907.0|17.79
112000|17.83|17.86|17.83|17.84|970.0|1731140.0|17.84
112500|17.85|17.85|17.83|17.84|930.0|1659338.0|17.84
113000|17.83|17.84|17.8|17.82|1467.0|2613926.0|17.84
130500|17.83|17.97|17.83|17.86|17114.0|30647827.0|17.82
131000|17.86|17.87|17.83|17.85|1092.0|1949464.0|17.86
131500|17.85|17.86|17.84|17.85|1542.0|2752104.0|17.85
132000|17.85|17.9|17.85|17.86|4738.0|8470037.0|17.85
132500|17.86|17.88|17.86|17.88|1777.0|3176270.0|17.86
133000|17.87|17.93|17.84|17.84|4707.0|8416670.0|17.88
133500|17.84|17.86|17.81|17.86|1706.0|3041481.0|17.84
134000|17.85|17.88|17.85|17.87|864.0|1543783.0|17.86
134500|17.87|17.89|17.86|17.87|1347.0|2407396.0|17.87
135000|17.86|17.87|17.84|17.87|1063.0|1898410.0|17.87
135500|17.87|17.88|17.84|17.84|1479.0|2641197.0|17.87
140000|17.84|17.87|17.83|17.85|1520.0|2713138.0|17.84
140500|17.85|17.87|17.84|17.86|1228.0|2192324.0|17.85
141000|17.86|17.86|17.84|17.84|764.0|1363636.0|17.86
141500|17.85|17.85|17.83|17.84|1635.0|2915673.0|17.84
142000|17.83|17.85|17.81|17.82|1001.0|1784298.0|17.84
142500|17.82|17.85|17.81|17.84|1232.0|2195819.0|17.82
143000|17.85|17.85|17.82|17.82|1821.0|3248728.0|17.84
143500|17.82|17.83|17.81|17.81|1340.0|2388200.0|17.82
144000|17.81|17.83|17.81|17.82|1417.0|2525674.0|17.81
144500|17.83|17.84|17.81|17.82|2485.0|4430739.0|17.82
145000|17.82|17.84|17.8|17.81|4176.0|7440644.0|17.82
145500|17.82|17.83|17.81|17.82|3563.0|6348747.0|17.81
150000|17.82|17.82|17.8|17.81|4164.0|7417098.0|17.82
