093500|11.0700|11.1500|11.0600|11.1500|3982600|44223660.0000|11.1500
094000|11.1500|11.2200|11.1400|11.2000|3310700|37025884.0000|11.2000
094500|11.2000|11.2500|11.1700|11.1700|3750200|42060288.0000|11.1700
095000|11.1700|11.1900|11.1600|11.1700|1113800|12442072.0000|11.1700
095500|11.1700|11.1800|11.1600|11.1700|970700|10844976.0000|11.1700
100000|11.1700|11.2000|11.1600|11.1800|1138500|12734096.0000|11.1800
100500|11.1900|11.2200|11.1700|11.2100|1545900|17315744.0000|11.2100
101000|11.2000|11.2300|11.1900|11.2000|1239500|13896432.0000|11.2000
101500|11.2000|11.2100|11.1800|11.2100|699000|7826720.0000|11.2100
102000|11.2100|11.2500|11.2000|11.2400|1439900|16168704.0000|11.2400
102500|11.2400|11.2400|11.2200|11.2400|997900|11207424.0000|11.2400
103000|11.2300|11.2900|11.2300|11.2700|2944900|33166176.0000|11.2700
103500|11.2700|11.2800|11.2500|11.2600|1029400|11591920.0000|11.2600
104000|11.2600|11.2700|11.2300|11.2600|782700|8808320.0000|11.2600
104500|11.2500|11.2700|11.2200|11.2300|612600|6887680.0000|11.2300
105000|11.2300|11.2400|11.2200|11.2200|838700|9414016.0000|11.2200
105500|11.2100|11.2200|11.1800|11.1900|956300|10711968.0000|11.1900
110000|11.1900|11.2000|11.1800|11.1800|539600|6038144.0000|11.1800
110500|11.1800|11.1900|11.1600|11.1600|1420500|15853056.0000|11.1600
111000|11.1600|11.1800|11.1600|11.1600|458300|5118688.0000|11.1600
111500|11.1700|11.1700|11.1500|11.1700|525700|5867680.0000|11.1700
112000|11.1700|11.1700|11.1400|11.1600|411200|4587552.0000|11.1600
112500|11.1500|11.1600|11.1400|11.1500|428800|4781440.0000|11.1500
113000|11.1400|11.1700|11.1400|11.1500|359200|4007392.0000|11.1500
130500|11.1500|11.1900|11.1400|11.1400|672100|7503904.0000|11.1400
131000|11.1400|11.1500|11.1300|11.1500|403200|4491584.0000|11.1500
131500|11.1400|11.1700|11.1300|11.1600|429200|4784416.0000|11.1600
132000|11.1700|11.2000|11.1500|11.1900|824000|9214880.0000|11.1900
132500|11.1800|11.2000|11.1600|11.1700|517200|5782784.0000|11.1700
133000|11.1700|11.1900|11.1600|11.1700|533400|5964800.0000|11.1700
133500|11.1700|11.1900|11.1700|11.1800|504700|5640704.0000|11.1800
134000|11.1700|11.1900|11.1700|11.1700|547700|6122272.0000|11.1700
134500|11.1700|11.1800|11.1700|11.1700|329400|3680896.0000|11.1700
135000|11.1700|11.2000|11.1700|11.2000|457200|5115904.0000|11.2000
135500|11.2000|11.2100|11.1700|11.1800|1014500|11355264.0000|11.1800
140000|11.1800|11.2000|11.1600|11.1800|476600|5329728.0000|11.1800
140500|11.1700|11.1900|11.1500|11.1700|442700|4944704.0000|11.1700
141000|11.1600|11.1800|11.1500|11.1500|524800|5855904.0000|11.1500
141500|11.1500|11.1600|11.1200|11.1300|739700|8238752.0000|11.1300
142000|11.1300|11.1500|11.1200|11.1200|839700|9350496.0000|11.1200
142500|11.1200|11.1400|11.1000|11.1100|929700|10336064.0000|11.1100
143000|11.1000|11.1200|11.1000|11.1200|793000|8806144.0000|11.1200
143500|11.1200|11.1200|11.1000|11.1100|1002800|11141472.0000|11.1100
144000|11.1100|11.1200|11.0900|11.0900|1171500|13012640.0000|11.0900
144500|11.1000|11.1100|11.0900|11.1000|793400|8806432.0000|11.1000
145000|11.1000|11.1100|11.0900|11.1000|975000|10827744.0000|11.1000
145500|11.1000|11.1200|11.1000|11.1100|864100|9597632.0000|11.1100
150000|11.1100|11.1200|11.0900|11.1200|1421900|15803424.0000|11.1200
