093500|7.39|7.46|7.37|7.4|33364.0|24985660.0|7.4
094000|7.4|7.45|7.39|7.45|18405.0|13763626.0|7.4
094500|7.44|7.45|7.4|7.42|14040.0|10524784.0|7.45
095000|7.42|7.43|7.39|7.4|7078.0|5290199.0|7.42
095500|7.4|7.4|7.38|7.39|10922.0|8146559.0|7.4
100000|7.4|7.42|7.38|7.42|9284.0|6925351.0|7.39
100500|7.41|7.41|7.38|7.38|6498.0|4852058.0|7.42
101000|7.39|7.4|7.38|7.39|6948.0|5183929.0|7.38
101500|7.39|7.39|7.37|7.38|6854.0|5106949.0|7.39
102000|7.39|7.39|7.38|7.38|1912.0|1424942.0|7.38
102500|7.39|7.4|7.38|7.39|2625.0|1958414.0|7.38
103000|7.4|7.41|7.39|7.4|2625.0|1960841.0|7.39
103500|7.4|7.4|7.38|7.39|7583.0|5655563.0|7.4
104000|7.39|7.4|7.36|7.37|7739.0|5762930.0|7.39
104500|7.38|7.38|7.37|7.37|2557.0|1904629.0|7.37
105000|7.37|7.38|7.37|7.37|2057.0|1532114.0|7.37
105500|7.37|7.39|7.37|7.38|3817.0|2844350.0|7.37
110000|7.38|7.39|7.38|7.38|3166.0|2359775.0|7.38
110500|7.38|7.39|7.37|7.38|3827.0|2851114.0|7.38
111000|7.37|7.38|7.37|7.37|4651.0|3461782.0|7.38
111500|7.37|7.38|7.37|7.37|4225.0|3144267.0|7.37
112000|7.38|7.39|7.37|7.38|4159.0|3098294.0|7.37
112500|7.38|7.39|7.37|7.39|5218.0|3885495.0|7.38
113000|7.39|7.39|7.38|7.38|1986.0|1480278.0|7.39
130500|7.38|7.38|7.36|7.38|12102.0|9005088.0|7.38
131000|7.38|7.4|7.37|7.4|3533.0|2633675.0|7.38
131500|7.4|7.4|7.39|7.4|1285.0|959196.0|7.4
132000|7.39|7.4|7.38|7.39|2567.0|1914778.0|7.4
132500|7.38|7.4|7.38|7.38|4341.0|3237362.0|7.39
133000|7.38|7.39|7.38|7.39|3562.0|2656899.0|7.38
133500|7.38|7.39|7.37|7.37|4330.0|3226008.0|7.39
134000|7.38|7.38|7.37|7.38|1303.0|970214.0|7.37
134500|7.38|7.39|7.37|7.38|3280.0|2443424.0|7.38
135000|7.38|7.39|7.37|7.39|2833.0|2109325.0|7.38
135500|7.38|7.39|7.37|7.38|3288.0|2449481.0|7.39
140000|7.38|7.4|7.38|7.4|3021.0|2253560.0|7.38
140500|7.4|7.41|7.39|7.41|6074.0|4541697.0|7.4
141000|7.41|7.42|7.4|7.41|4088.0|3058258.0|7.41
141500|7.41|7.42|7.4|7.42|1859.0|1390615.0|7.41
142000|7.41|7.42|7.4|7.4|4136.0|3093882.0|7.42
142500|7.41|7.42|7.41|7.42|3287.0|2460570.0|7.4
143000|7.42|7.43|7.4|7.41|5018.0|3753416.0|7.42
143500|7.41|7.43|7.41|7.42|5994.0|4489933.0|7.41
144000|7.43|7.44|7.42|7.44|5345.0|4011072.0|7.42
144500|7.43|7.44|7.43|7.44|6796.0|5098832.0|7.44
145000|7.44|7.44|7.42|7.43|5784.0|4338363.0|7.44
145500|7.43|7.44|7.42|7.43|5515.0|4136816.0|7.43
150000|7.43|7.44|7.42|7.43|6500.0|4876245.0|7.43
