093500|18.8500|18.9300|18.7800|18.8800|665100|12543506.0000|18.8800
094000|18.8700|18.9800|18.8000|18.9700|513900|9696469.0000|18.9700
094500|18.9800|19.0500|18.9300|18.9400|819316|15572955.0000|18.9400
095000|18.9300|19.0200|18.9300|18.9600|417400|7921545.0000|18.9600
095500|18.9500|18.9500|18.8500|18.8800|457300|8645401.0000|18.8800
100000|18.8800|18.8800|18.8200|18.8700|441500|8319256.0000|18.8700
100500|18.8700|18.8700|18.7800|18.8300|274100|5155855.0000|18.8300
101000|18.8400|18.8600|18.7500|18.7800|333000|6260839.0000|18.7800
101500|18.7800|18.8600|18.7700|18.8600|336398|6328184.0000|18.8600
102000|18.8600|18.8800|18.8400|18.8700|238200|4492145.0000|18.8700
102500|18.8800|18.9500|18.8600|18.9000|375300|7094220.0000|18.9000
103000|18.9000|18.9100|18.8500|18.8700|116400|2197461.0000|18.8700
103500|18.8700|18.9200|18.8600|18.8900|161900|3058959.0000|18.8900
104000|18.8800|18.9000|18.8600|18.8800|192100|3628393.0000|18.8800
104500|18.8700|18.9100|18.8600|18.9100|109700|2071611.0000|18.9100
105000|18.9100|18.9300|18.8800|18.8800|162700|3076413.0000|18.8800
105500|18.8900|18.9700|18.8800|18.9200|199945|3784986.0000|18.9200
110000|18.9200|19.0200|18.8900|19.0100|331400|6285399.0000|19.0100
110500|19.0100|19.0200|18.9600|19.0000|343000|6517538.0000|19.0000
111000|19.0000|19.0200|18.9800|18.9900|202100|3841067.0000|18.9900
111500|18.9900|19.0000|18.9000|18.9100|223800|4240816.0000|18.9100
112000|18.9100|19.0100|18.9100|19.0000|168800|3201931.0000|19.0000
112500|19.0000|19.0100|18.9800|18.9800|128900|2447743.0000|18.9800
113000|18.9800|19.0000|18.9700|18.9900|147300|2796094.0000|18.9900
130500|19.0000|19.0600|18.9900|19.0000|608700|11583741.0000|19.0000
131000|19.0100|19.0100|18.9500|18.9600|254000|4818447.0000|18.9600
131500|18.9800|19.0100|18.9700|18.9800|237400|4508542.0000|18.9800
132000|18.9800|18.9900|18.9700|18.9900|133912|2541716.0000|18.9900
132500|18.9800|18.9900|18.9500|18.9700|230900|4380176.0000|18.9700
133000|18.9700|18.9900|18.9500|18.9500|209420|3972295.0000|18.9500
133500|18.9600|19.0200|18.9600|19.0100|325332|6178351.0000|19.0100
134000|19.0200|19.0200|18.9800|18.9900|255000|4843949.0000|18.9900
134500|18.9800|19.0000|18.9200|18.9200|258400|4899361.0000|18.9200
135000|18.9200|18.9300|18.8900|18.9100|285720|5402694.0000|18.9100
135500|18.9100|18.9400|18.8900|18.9200|307010|5807123.0000|18.9200
140000|18.9200|18.9300|18.8900|18.9100|234988|4443553.0000|18.9100
140500|18.9100|18.9400|18.9100|18.9200|209100|3955732.0000|18.9200
141000|18.9200|18.9300|18.9000|18.9300|240620|4551595.0000|18.9300
141500|18.9300|18.9500|18.9100|18.9500|276100|5223833.0000|18.9500
142000|18.9500|18.9500|18.9200|18.9300|284800|5391161.0000|18.9300
142500|18.9300|18.9600|18.9200|18.9600|196750|3727500.0000|18.9600
143000|18.9600|18.9600|18.9400|18.9500|356800|6761471.0000|18.9500
143500|18.9500|18.9600|18.9400|18.9600|311000|5893890.0000|18.9600
144000|18.9600|18.9800|18.9500|18.9600|243100|4610482.0000|18.9600
144500|18.9600|19.0100|18.9600|19.0000|404304|7678891.0000|19.0000
145000|19.0000|19.0200|18.9700|19.0200|369244|7014004.0000|19.0200
145500|18.9900|19.0100|18.9800|18.9900|496700|9434728.0000|18.9900
150000|18.9800|19.0000|18.9700|18.9900|1088115|20659915.0000|18.9900
