09350000|2.6600000000|2.6600000000|2.6500000000|2.6500000000|6745300|17907376.0000|2.6500000000
09400000|2.6500000000|2.6600000000|2.6400000000|2.6400000000|7640100|20256072.0000|2.6400000000
09450000|2.6500000000|2.6600000000|2.6400000000|2.6600000000|8390100|22242412.0000|2.6600000000
09500000|2.6600000000|2.6700000000|2.6500000000|2.6600000000|10930600|29083076.0000|2.6600000000
09550000|2.6700000000|2.6800000000|2.6700000000|2.6700000000|8159500|21806632.0000|2.6700000000
10000000|2.6700000000|2.6800000000|2.6700000000|2.6800000000|2437600|6521448.0000|2.6800000000
10050000|2.6800000000|2.6800000000|2.6600000000|2.6700000000|4393400|11731992.0000|2.6700000000
10100000|2.6800000000|2.6800000000|2.6700000000|2.6700000000|1480100|3958320.0000|2.6700000000
10150000|2.6800000000|2.6800000000|2.6700000000|2.6700000000|1772100|4733712.0000|2.6700000000
10200000|2.6700000000|2.6800000000|2.6700000000|2.6700000000|2202700|5885392.0000|2.6700000000
10250000|2.6700000000|2.6800000000|2.6600000000|2.6700000000|2992700|7992528.0000|2.6700000000
10300000|2.6700000000|2.6800000000|2.6600000000|2.6700000000|2121100|5668464.0000|2.6700000000
10350000|2.6800000000|2.6800000000|2.6700000000|2.6700000000|566900|1515760.0000|2.6700000000
10400000|2.6700000000|2.6800000000|2.6700000000|2.6800000000|530800|1420144.0000|2.6800000000
10450000|2.6800000000|2.6800000000|2.6700000000|2.6800000000|2624900|7016784.0000|2.6800000000
10500000|2.6800000000|2.6800000000|2.6700000000|2.6800000000|2428500|6490000.0000|2.6800000000
10550000|2.6800000000|2.6800000000|2.6700000000|2.6700000000|773800|2068768.0000|2.6700000000
11000000|2.6800000000|2.6800000000|2.6700000000|2.6800000000|771200|2064000.0000|2.6800000000
11050000|2.6700000000|2.6800000000|2.6600000000|2.6600000000|8181100|21847056.0000|2.6600000000
11100000|2.6700000000|2.6800000000|2.6600000000|2.6700000000|2069400|5525008.0000|2.6700000000
11150000|2.6700000000|2.6700000000|2.6600000000|2.6700000000|577300|1538992.0000|2.6700000000
11200000|2.6600000000|2.6700000000|2.6600000000|2.6600000000|631900|1684368.0000|2.6600000000
11250000|2.6700000000|2.6700000000|2.6600000000|2.6700000000|865600|2306848.0000|2.6700000000
11300000|2.6600000000|2.6700000000|2.6600000000|2.6700000000|450900|1201376.0000|2.6700000000
13050000|2.6700000000|2.6700000000|2.6600000000|2.6600000000|724200|1930416.0000|2.6600000000
13100000|2.6700000000|2.6700000000|2.6600000000|2.6700000000|405400|1080400.0000|2.6700000000
13150000|2.6600000000|2.6700000000|2.6600000000|2.6700000000|685600|1825664.0000|2.6700000000
13200000|2.6600000000|2.6700000000|2.6600000000|2.6700000000|1085500|2888640.0000|2.6700000000
13250000|2.6600000000|2.6700000000|2.6600000000|2.6700000000|1299800|3458720.0000|2.6700000000
13300000|2.6600000000|2.6700000000|2.6600000000|2.6700000000|5457200|14518016.0000|2.6700000000
13350000|2.6700000000|2.6700000000|2.6600000000|2.6600000000|1099500|2925952.0000|2.6600000000
13400000|2.6600000000|2.6700000000|2.6500000000|2.6500000000|1538100|4091760.0000|2.6500000000
13450000|2.6600000000|2.6600000000|2.6500000000|2.6600000000|1306500|3473392.0000|2.6600000000
13500000|2.6600000000|2.6700000000|2.6500000000|2.6700000000|1659200|4414208.0000|2.6700000000
13550000|2.6600000000|2.6700000000|2.6600000000|2.6700000000|553900|1474704.0000|2.6700000000
14000000|2.6700000000|2.6700000000|2.6600000000|2.6600000000|500100|1331856.0000|2.6600000000
14050000|2.6700000000|2.6700000000|2.6600000000|2.6600000000|484700|1291856.0000|2.6600000000
14100000|2.6600000000|2.6700000000|2.6600000000|2.6600000000|735500|1958512.0000|2.6600000000
14150000|2.6600000000|2.6700000000|2.6600000000|2.6600000000|903700|2405776.0000|2.6600000000
14200000|2.6700000000|2.6700000000|2.6600000000|2.6600000000|2449700|6518016.0000|2.6600000000
14250000|2.6700000000|2.6700000000|2.6600000000|2.6600000000|840700|2238000.0000|2.6600000000
14300000|2.6700000000|2.6700000000|2.6600000000|2.6700000000|1463500|3895232.0000|2.6700000000
14350000|2.6600000000|2.6700000000|2.6500000000|2.6500000000|1675500|4455200.0000|2.6500000000
14400000|2.6600000000|2.6600000000|2.6500000000|2.6500000000|1570100|4168800.0000|2.6500000000
14450000|2.6500000000|2.6600000000|2.6500000000|2.6600000000|1455100|3860512.0000|2.6600000000
14500000|2.6500000000|2.6600000000|2.6500000000|2.6500000000|1905400|5056896.0000|2.6500000000
14550000|2.6500000000|2.6600000000|2.6500000000|2.6500000000|2406500|6384992.0000|2.6500000000
15000000|2.6600000000|2.6600000000|2.6500000000|2.6600000000|1314400|3487904.0000|2.6600000000
