093500|36.53|36.53|36.31|36.43|2157.0|7857472.0|36.47
094000|36.45|36.49|36.33|36.37|2218.0|8071135.0|36.43
094500|36.35|36.44|36.35|36.36|1830.0|6657098.0|36.37
095000|36.38|36.39|36.31|36.31|2246.0|8161142.0|36.36
095500|36.32|36.32|36.22|36.24|2856.0|10356483.0|36.31
100000|36.24|36.29|36.22|36.23|1833.0|6644456.0|36.24
100500|36.24|36.37|36.23|36.29|1638.0|5944164.0|36.23
101000|36.3|36.32|36.28|36.3|1135.0|4120133.0|36.29
101500|36.3|36.33|36.29|36.32|1370.0|4974370.0|36.3
102000|36.34|36.45|36.34|36.44|1082.0|3938515.0|36.32
102500|36.44|36.44|36.36|36.4|1124.0|4092077.0|36.44
103000|36.41|36.42|36.38|36.38|1157.0|4210074.0|36.4
103500|36.43|36.46|36.38|36.4|1225.0|4460744.0|36.38
104000|36.4|36.47|36.4|36.43|745.0|2714744.0|36.4
104500|36.43|36.44|36.38|36.41|545.0|1984310.0|36.43
105000|36.41|36.44|36.33|36.37|1361.0|4950525.0|36.41
105500|36.36|36.37|36.28|36.29|1136.0|4125325.0|36.37
110000|36.28|36.29|36.27|36.27|750.0|2720935.0|36.29
110500|36.28|36.34|36.26|36.28|1180.0|4280831.0|36.27
111000|36.33|36.33|36.29|36.3|219.0|795154.0|36.28
111500|36.3|36.31|36.27|36.27|1063.0|3857555.0|36.3
112000|36.27|36.34|36.27|36.34|947.0|3437521.0|36.27
112500|36.35|36.35|36.27|36.27|413.0|1498999.0|36.34
113000|36.27|36.29|36.25|36.25|835.0|3028145.0|36.27
130500|36.26|36.31|36.26|36.3|1194.0|4331751.0|36.25
131000|36.29|36.31|36.25|36.25|1114.0|4039139.0|36.3
131500|36.25|36.26|36.2|36.22|2722.0|9858447.0|36.25
132000|36.23|36.23|36.2|36.2|1385.0|5014714.0|36.22
132500|36.2|36.22|36.2|36.22|537.0|1944256.0|36.2
133000|36.21|36.22|36.18|36.18|1612.0|5835450.0|36.22
133500|36.19|36.21|36.18|36.19|936.0|3387500.0|36.18
134000|36.19|36.23|36.19|36.21|749.0|2711578.0|36.19
134500|36.21|36.22|36.2|36.22|755.0|2733577.0|36.21
135000|36.21|36.23|36.21|36.23|698.0|2528041.0|36.22
135500|36.23|36.29|36.23|36.29|878.0|3183309.0|36.23
140000|36.29|36.29|36.25|36.27|364.0|1320229.0|36.29
140500|36.27|36.3|36.26|36.28|603.0|2187844.0|36.27
141000|36.29|36.36|36.28|36.32|1207.0|4383880.0|36.28
141500|36.31|36.32|36.29|36.3|906.0|3289085.0|36.32
142000|36.31|36.31|36.24|36.27|1543.0|5595677.0|36.3
142500|36.27|36.28|36.26|36.27|625.0|2266920.0|36.27
143000|36.29|36.29|36.26|36.27|899.0|3259324.0|36.27
143500|36.28|36.29|36.26|36.29|1358.0|4925414.0|36.27
144000|36.29|36.31|36.29|36.31|986.0|3579090.0|36.29
144500|36.31|36.31|36.28|36.3|1136.0|4126368.0|36.31
145000|36.3|36.31|36.29|36.3|1371.0|4976310.0|36.3
145500|36.29|36.3|36.28|36.28|1953.0|7087611.0|36.3
150000|36.28|36.29|36.26|36.27|2396.0|8690013.0|36.28
