093500|10.9500|11.0000|10.9100|10.9200|2223900|24351679.0000|10.9200
094000|10.9300|10.9800|10.9200|10.9400|1256700|13753896.0000|10.9400
094500|10.9400|10.9600|10.9400|10.9500|1131200|12384631.0000|10.9500
095000|10.9500|10.9800|10.9300|10.9600|1088111|11913965.0000|10.9600
095500|10.9600|10.9700|10.9400|10.9600|968677|10606698.0000|10.9600
100000|10.9500|10.9600|10.9400|10.9500|698100|7644369.0000|10.9500
100500|10.9500|11.0000|10.9500|10.9800|1169000|12828544.0000|10.9800
101000|10.9700|10.9800|10.9600|10.9600|377800|4142539.0000|10.9600
101500|10.9600|10.9700|10.9400|10.9400|421500|4615957.0000|10.9400
102000|10.9500|10.9800|10.9400|10.9800|588900|6454429.0000|10.9800
102500|10.9700|10.9800|10.9500|10.9800|554118|6076904.0000|10.9800
103000|10.9800|11.0600|10.9800|11.0100|3388429|37350665.0000|11.0100
103500|11.0200|11.0200|10.9900|11.0100|1031200|11347713.0000|11.0100
104000|11.0200|11.0200|10.9800|10.9900|844200|9284012.0000|10.9900
104500|11.0000|11.0200|10.9900|11.0100|981100|10800862.0000|11.0100
105000|11.0100|11.0200|10.9900|11.0000|1099600|12097145.0000|11.0000
105500|11.0000|11.0100|10.9800|10.9900|425100|4673870.0000|10.9900
110000|10.9900|10.9900|10.9600|10.9800|654100|7179139.0000|10.9800
110500|10.9700|10.9800|10.9600|10.9700|440500|4831903.0000|10.9700
111000|10.9700|10.9800|10.9600|10.9800|293279|3217695.0000|10.9800
111500|10.9800|10.9900|10.9700|10.9800|358600|3935857.0000|10.9800
112000|10.9800|11.0000|10.9700|11.0000|375547|4126835.0000|11.0000
112500|10.9900|11.0000|10.9900|10.9900|339256|3730591.0000|10.9900
113000|10.9900|11.0000|10.9800|10.9900|133300|1464821.0000|10.9900
130500|10.9900|10.9900|10.9600|10.9700|444797|4882179.0000|10.9700
131000|10.9600|10.9900|10.9600|10.9800|329600|3618251.0000|10.9800
131500|10.9800|11.0200|10.9800|11.0000|494500|5440755.0000|11.0000
132000|11.0000|11.0200|11.0000|11.0100|709200|7806756.0000|11.0100
132500|11.0100|11.0200|11.0000|11.0100|451500|4971880.0000|11.0100
133000|11.0200|11.0400|11.0000|11.0300|571577|6299487.0000|11.0300
133500|11.0300|11.0300|10.9900|11.0000|569200|6267736.0000|11.0000
134000|10.9900|11.0000|10.9900|11.0000|416500|4578973.0000|11.0000
134500|10.9900|11.0000|10.9800|10.9800|400400|4400224.0000|10.9800
135000|10.9800|11.0000|10.9800|10.9900|448300|4928144.0000|10.9900
135500|11.0000|11.0200|10.9900|11.0000|448000|4931696.0000|11.0000
140000|11.0100|11.0300|11.0000|11.0300|487400|5368272.0000|11.0300
140500|11.0300|11.0400|11.0200|11.0300|937800|10344240.0000|11.0300
141000|11.0400|11.2300|11.0400|11.1700|8729400|97334560.0000|11.1700
141500|11.1700|11.1800|11.1300|11.1300|3308700|36957232.0000|11.1300
142000|11.1400|11.1500|11.1200|11.1300|1450900|16159440.0000|11.1300
142500|11.1300|11.1600|11.1200|11.1300|1189262|13244048.0000|11.1300
143000|11.1400|11.1500|11.1000|11.1200|1365837|15188160.0000|11.1200
143500|11.1100|11.1300|11.0800|11.0900|1122692|12473088.0000|11.0900
144000|11.1000|11.1100|11.0700|11.0800|810400|8988048.0000|11.0800
144500|11.0800|11.1000|11.0700|11.0700|880800|9760176.0000|11.0700
145000|11.0700|11.0900|11.0600|11.0700|1321400|14636000.0000|11.0700
145500|11.0700|11.0900|11.0700|11.0700|1207370|13375424.0000|11.0700
150000|11.0700|11.0900|11.0700|11.0700|1853100|20520928.0000|11.0700
