093500|8.3500|8.4000|8.3100|8.3700|190800|1594894.0000|8.3700
094000|8.3700|8.4400|8.3700|8.3900|126400|1062761.0000|8.3900
094500|8.3900|8.4000|8.3500|8.3600|40700|340855.0000|8.3600
095000|8.3600|8.3800|8.3400|8.3700|109800|918272.0000|8.3700
095500|8.3700|8.4100|8.3600|8.4000|84100|705286.0000|8.4000
100000|8.4000|8.4100|8.3500|8.3700|39600|331773.0000|8.3700
100500|8.3700|8.3900|8.3600|8.3700|45000|377180.0000|8.3700
101000|8.3700|8.4100|8.3700|8.4000|40800|342660.0000|8.4000
101500|8.4000|8.4100|8.3800|8.4000|42300|355177.0000|8.4000
102000|8.4000|8.4000|8.3900|8.3900|30600|256882.0000|8.3900
102500|8.3900|8.3900|8.3700|8.3700|20200|169195.0000|8.3700
103000|8.3700|8.3800|8.3600|8.3600|21000|175703.0000|8.3600
103500|8.3600|8.3700|8.3400|8.3500|56100|468507.0000|8.3500
104000|8.3500|8.3700|8.3500|8.3500|44100|368524.0000|8.3500
104500|8.3500|8.3700|8.3400|8.3600|26300|219860.0000|8.3600
105000|8.3600|8.3700|8.3500|8.3500|14900|124471.0000|8.3500
105500|8.3500|8.3600|8.3500|8.3600|16500|137841.0000|8.3600
110000|8.3600|8.3600|8.3500|8.3600|18000|150455.0000|8.3600
110500|8.3600|8.3600|8.3300|8.3300|37900|316061.0000|8.3300
111000|8.3300|8.3300|8.3200|8.3200|43900|365420.0000|8.3200
111500|8.3200|8.3300|8.3100|8.3100|5800|48234.0000|8.3100
112000|8.3100|8.3500|8.3100|8.3300|36200|301402.0000|8.3300
112500|8.3300|8.3300|8.3100|8.3200|26900|223810.0000|8.3200
113000|8.3200|8.3200|8.3100|8.3100|6500|54021.0000|8.3100
130500|8.3000|8.3100|8.2800|8.2800|47800|396682.0000|8.2800
131000|8.2800|8.3100|8.2800|8.3000|13500|111952.0000|8.3000
131500|8.3000|8.3000|8.2900|8.2900|31100|258034.0000|8.2900
132000|8.2900|8.2900|8.2700|8.2900|46700|386677.0000|8.2900
132500|8.2900|8.2900|8.2800|8.2800|14200|117626.0000|8.2800
133000|8.2800|8.2800|8.2700|8.2700|43900|363351.0000|8.2700
133500|8.2700|8.2900|8.2700|8.2800|33900|280526.0000|8.2800
134000|8.2800|8.2800|8.2700|8.2800|10100|83621.0000|8.2800
134500|8.2900|8.3000|8.2800|8.3000|45400|376158.0000|8.3000
135000|8.3000|8.3000|8.2800|8.2900|21800|180570.0000|8.2900
135500|8.2900|8.2900|8.2700|8.2800|20100|166440.0000|8.2800
140000|8.2800|8.2800|8.2500|8.2600|86800|717423.0000|8.2600
140500|8.2500|8.2600|8.2100|8.2200|78008|642845.0000|8.2200
141000|8.2200|8.2200|8.2000|8.2100|68392|561352.0000|8.2100
141500|8.2100|8.2100|8.2000|8.2100|36008|295545.0000|8.2100
142000|8.2000|8.2300|8.2000|8.2200|33300|273500.0000|8.2200
142500|8.2200|8.2400|8.2200|8.2400|15600|128420.0000|8.2400
143000|8.2400|8.2400|8.2200|8.2300|28500|234421.0000|8.2300
143500|8.2300|8.2400|8.2200|8.2300|13800|113542.0000|8.2300
144000|8.2200|8.2500|8.2200|8.2400|48600|400542.0000|8.2400
144500|8.2400|8.2500|8.2400|8.2500|16100|132751.0000|8.2500
145000|8.2400|8.2600|8.2300|8.2400|39000|321501.0000|8.2400
145500|8.2400|8.2600|8.2400|8.2500|55400|456830.0000|8.2500
150000|8.2400|8.2500|8.2400|8.2400|45200|372461.0000|8.2400
