093500|7.6200|7.7600|7.5900|7.7400|427200|3286027.0000|7.7400
094000|7.7400|7.7600|7.7300|7.7400|261400|2023534.0000|7.7400
094500|7.7500|7.7600|7.7200|7.7500|174700|1351836.0000|7.7500
095000|7.7500|7.7900|7.7400|7.7900|152300|1183295.0000|7.7900
095500|7.7900|7.8400|7.7900|7.8400|123300|964158.0000|7.8400
100000|7.8400|7.8400|7.8100|7.8100|87800|686461.0000|7.8100
100500|7.8100|7.8100|7.7800|7.7900|93200|726515.0000|7.7900
101000|7.7800|7.7900|7.7600|7.7700|61600|478925.0000|7.7700
101500|7.7700|7.7800|7.7600|7.7700|55500|431155.0000|7.7700
102000|7.7600|7.7600|7.7400|7.7400|110000|851754.0000|7.7400
102500|7.7500|7.7700|7.7500|7.7600|88800|689506.0000|7.7600
103000|7.7700|7.7700|7.7400|7.7400|41700|323363.0000|7.7400
103500|7.7300|7.7400|7.7300|7.7300|43900|339422.0000|7.7300
104000|7.7300|7.7300|7.7300|7.7300|24700|190934.0000|7.7300
104500|7.7300|7.7600|7.7300|7.7500|106600|825852.0000|7.7500
105000|7.7400|7.7500|7.7300|7.7400|25600|198156.0000|7.7400
105500|7.7400|7.7500|7.7000|7.7200|90800|701342.0000|7.7200
110000|7.7100|7.7200|7.7000|7.7100|48200|371265.0000|7.7100
110500|7.7000|7.7200|7.7000|7.7100|8200|63214.0000|7.7100
111000|7.7200|7.7300|7.7200|7.7200|29600|228514.0000|7.7200
111500|7.7300|7.7400|7.7200|7.7300|35100|271307.0000|7.7300
112000|7.7300|7.7500|7.7300|7.7300|42500|328993.0000|7.7300
112500|7.7300|7.7400|7.7200|7.7200|31300|241787.0000|7.7200
113000|7.7300|7.7500|7.7200|7.7500|31800|246093.0000|7.7500
130500|7.7500|7.8000|7.7400|7.8000|150400|1168876.0000|7.8000
131000|7.8000|7.8200|7.7900|7.8000|96400|752232.0000|7.8000
131500|7.8000|7.8100|7.8000|7.8000|55500|433224.0000|7.8000
132000|7.8100|7.8100|7.7900|7.7900|44400|346492.0000|7.7900
132500|7.7900|7.8000|7.7800|7.7900|35200|274080.0000|7.7900
133000|7.8000|7.8100|7.7900|7.8000|48600|378866.0000|7.8000
133500|7.7800|7.8100|7.7800|7.8000|42600|331886.0000|7.8000
134000|7.8000|7.8200|7.8000|7.8100|57800|451636.0000|7.8100
134500|7.8100|7.8300|7.8100|7.8200|58400|456760.0000|7.8200
135000|7.8300|7.8400|7.8100|7.8300|268700|2105216.0000|7.8300
135500|7.8200|7.8300|7.8000|7.8100|34100|266368.0000|7.8100
140000|7.8100|7.8200|7.8000|7.8100|26800|209176.0000|7.8100
140500|7.8200|7.8200|7.8000|7.8000|54300|424094.0000|7.8000
141000|7.8100|7.8200|7.8000|7.8000|13500|105458.0000|7.8000
141500|7.8100|7.8100|7.8000|7.8000|38700|302218.0000|7.8000
142000|7.8100|7.8100|7.8000|7.8000|35900|280054.0000|7.8000
142500|7.8000|7.8000|7.7800|7.7900|15200|118476.0000|7.7900
143000|7.7900|7.8000|7.7700|7.7800|39700|308828.0000|7.7800
143500|7.7800|7.7900|7.7700|7.7800|43300|336774.0000|7.7800
144000|7.7800|7.7900|7.7800|7.7800|57200|445154.0000|7.7800
144500|7.7700|7.7900|7.7700|7.7800|53000|412248.0000|7.7800
145000|7.7900|7.7900|7.7800|7.7800|129900|1011438.0000|7.7800
145500|7.7800|7.7800|7.7700|7.7800|146900|1142210.0000|7.7800
150000|7.7700|7.7800|7.7700|7.7800|99700|775432.0000|7.7800
