093500|95.0|98.23|94.0|97.82|110898.0|1069237322.0|89.3
094000|97.98|98.23|97.4|98.23|58320.0|572375234.0|97.82
094500|98.23|98.23|97.9|98.23|16435.0|161385938.0|98.23
095000|98.23|98.23|98.23|98.23|1525.0|14980075.0|98.23
095500|98.23|98.23|98.23|98.23|8664.0|85106472.0|98.23
100000|98.23|98.23|98.05|98.23|21632.0|212432858.0|98.23
100500|98.22|98.23|97.64|97.69|15178.0|148767954.0|98.23
101000|97.73|98.23|97.69|98.17|12447.0|121888114.0|97.69
101500|98.18|98.23|98.17|98.23|8422.0|82722995.0|98.17
102000|98.23|98.23|98.23|98.23|841.0|8266055.0|98.23
102500|98.23|98.23|98.2|98.23|5026.0|49369696.0|98.23
103000|98.23|98.23|98.21|98.23|2412.0|23692638.0|98.23
103500|98.23|98.23|98.23|98.23|257.0|2524511.0|98.23
104000|98.23|98.23|98.23|98.23|426.0|4184598.0|98.23
104500|98.23|98.23|98.23|98.23|153.0|1502919.0|98.23
105000|98.23|98.23|98.23|98.23|279.0|2740617.0|98.23
105500|98.23|98.23|98.23|98.23|200.0|1964600.0|98.23
110000|98.23|98.23|98.23|98.23|137.0|1345751.0|98.23
110500|98.23|98.23|98.23|98.23|208.0|2043184.0|98.23
111000|98.23|98.23|98.23|98.23|109.0|1070707.0|98.23
111500|98.23|98.23|98.23|98.23|74.0|726902.0|98.23
112000|98.23|98.23|98.23|98.23|107.0|1051061.0|98.23
112500|98.23|98.23|98.23|98.23|206.0|2023538.0|98.23
113000|98.23|98.23|98.23|98.23|119.0|1168937.0|98.23
130500|98.23|98.23|98.23|98.23|630.0|6188490.0|98.23
131000|98.23|98.23|98.23|98.23|537.0|5274951.0|98.23
131500|98.23|98.23|98.1|98.1|18148.0|178254494.0|98.23
132000|98.1|98.23|98.09|98.23|11382.0|111785822.0|98.1
132500|98.23|98.23|98.18|98.2|5934.0|58287539.0|98.23
133000|98.2|98.23|98.0|98.22|11554.0|113446240.0|98.2
133500|98.22|98.23|98.21|98.21|7249.0|71201965.0|98.22
134000|98.21|98.23|98.18|98.23|5787.0|56838311.0|98.21
134500|98.23|98.23|98.22|98.23|2256.0|22160246.0|98.23
135000|98.23|98.23|98.2|98.22|2722.0|26736851.0|98.23
135500|98.23|98.23|98.22|98.23|2510.0|24655245.0|98.22
140000|98.23|98.23|98.23|98.23|1601.0|15726503.0|98.23
140500|98.23|98.23|98.23|98.23|358.0|3516634.0|98.23
141000|98.23|98.23|98.23|98.23|274.0|2691502.0|98.23
141500|98.23|98.23|98.23|98.23|272.0|2671856.0|98.23
142000|98.23|98.23|98.23|98.23|434.0|4263182.0|98.23
142500|98.23|98.23|98.23|98.23|378.0|3713094.0|98.23
143000|98.23|98.23|98.23|98.23|443.0|4351589.0|98.23
143500|98.23|98.23|98.23|98.23|468.0|4597164.0|98.23
144000|98.23|98.23|98.23|98.23|329.0|3231767.0|98.23
144500|98.23|98.23|98.23|98.23|511.0|5019553.0|98.23
145000|98.23|98.23|98.23|98.23|2111.0|20736353.0|98.23
145500|98.23|98.23|98.23|98.23|7957.0|78160956.0|98.23
150000|98.22|98.23|98.0|98.0|4886.0|47957234.0|98.23
