093500|60.23|60.96|59.99|60.71|144056.0|877588965.0|60.29
094000|60.67|61.61|60.52|61.44|162135.0|996923613.0|60.71
094500|61.32|62.02|61.26|62.01|141685.0|877686652.0|61.44
095000|61.99|62.32|61.9|62.31|154628.0|965805037.0|62.01
095500|62.36|63.03|62.36|62.68|177150.0|1116674052.0|62.31
100000|62.68|62.96|62.61|62.74|89085.0|561769283.0|62.68
100500|62.74|62.75|62.26|62.28|77295.0|485415894.0|62.74
101000|62.27|62.4|62.0|62.28|67863.0|424738700.0|62.28
101500|62.28|62.49|62.11|62.44|42873.0|268434993.0|62.28
102000|62.45|62.46|62.25|62.25|29298.0|183620945.0|62.44
102500|62.25|62.25|62.11|62.16|27439.0|171490659.0|62.25
103000|62.16|62.36|62.15|62.27|18472.0|115619530.0|62.16
103500|62.28|62.68|62.27|62.68|45698.0|287413555.0|62.27
104000|62.68|62.89|62.44|62.45|52481.0|331075992.0|62.68
104500|62.47|62.69|62.46|62.52|23577.0|148347740.0|62.45
105000|62.52|62.59|62.41|62.45|15811.0|99337934.0|62.52
105500|62.45|62.55|62.34|62.48|14751.0|92590394.0|62.45
110000|62.48|62.75|62.47|62.68|25301.0|159417040.0|62.48
110500|62.68|62.9|62.59|62.59|43992.0|277791006.0|62.68
111000|62.59|62.66|62.56|62.61|14354.0|90399341.0|62.59
111500|62.6|62.79|62.53|62.76|18360.0|115673420.0|62.61
112000|62.76|62.78|62.6|62.62|15909.0|100342284.0|62.76
112500|62.6|62.89|62.58|62.66|33216.0|209634364.0|62.62
113000|62.66|62.77|62.64|62.76|17023.0|107353783.0|62.66
130500|62.75|62.79|62.55|62.61|25364.0|159896481.0|62.76
131000|62.63|62.73|62.5|62.5|22649.0|142589452.0|62.61
131500|62.49|62.56|62.36|62.36|20499.0|128739680.0|62.5
132000|62.36|62.37|62.28|62.31|25307.0|158593615.0|62.36
132500|62.32|62.48|62.26|62.48|17102.0|107164447.0|62.31
133000|62.48|62.57|62.46|62.47|16595.0|104317141.0|62.48
133500|62.48|62.71|62.48|62.63|24809.0|156296657.0|62.47
134000|62.65|62.89|62.65|62.83|46697.0|294903127.0|62.63
134500|62.82|62.95|62.81|62.88|48075.0|304141271.0|62.83
135000|62.89|62.95|62.86|62.86|26895.0|170175860.0|62.88
135500|62.85|62.9|62.72|62.74|27520.0|173852108.0|62.86
140000|62.74|62.8|62.5|62.52|26531.0|167126236.0|62.74
140500|62.53|62.68|62.53|62.66|16238.0|102278181.0|62.52
141000|62.66|62.74|62.63|62.71|14183.0|89387797.0|62.66
141500|62.76|62.78|62.62|62.62|20439.0|128888751.0|62.71
142000|62.62|62.62|62.52|62.55|14557.0|91584109.0|62.62
142500|62.54|62.56|62.38|62.38|20859.0|131070117.0|62.55
143000|62.41|62.42|62.22|62.42|41032.0|257083279.0|62.38
143500|62.46|62.48|62.18|62.18|32906.0|206194626.0|62.42
144000|62.19|62.24|62.07|62.17|55137.0|344592934.0|62.18
144500|62.17|62.49|62.12|62.45|42219.0|264620871.0|62.17
145000|62.46|62.46|62.37|62.4|26390.0|165559187.0|62.45
145500|62.4|62.6|62.4|62.54|52432.0|329568676.0|62.4
150000|62.54|62.54|62.5|62.51|48051.0|302061571.0|62.54
