09350000|60.5494824800|62.3397102800|60.5096996400|62.3397102800|14511500|894245566.0000|62.3397102800
09400000|62.4292216700|62.5286787700|61.8324790700|62.2601446000|13641700|854239170.0000|62.2601446000
09450000|62.2501988900|62.2501988900|61.1462250800|61.2257907600|10028100|620447616.0000|61.2257907600
09500000|61.2158450500|61.2158450500|60.6787767100|60.9174737500|8223100|503318016.0000|60.9174737500
09550000|60.8279623600|60.9473108800|60.0223598500|60.0223598500|13688600|831216128.0000|60.0223598500
10000000|59.9726313000|59.9925227200|59.3858344100|59.6543685800|14400000|863663104.0000|59.6543685800
10050000|59.6543685800|60.3207311500|59.5847486100|60.3207311500|5489500|330480640.0000|60.3207311500
10100000|60.3704597000|60.7384509700|60.2212740500|60.6489395800|4163600|253428224.0000|60.6489395800
10150000|60.6489395800|61.3053564400|60.5295910600|61.1959536300|4283000|262898176.0000|61.1959536300
10200000|61.2058993400|61.4445963800|60.7682881000|60.7881795200|3531700|217074684.0000|60.7881795200
10250000|60.7881795200|61.4048135400|60.7881795200|61.3650307000|2804600|172398084.0000|61.3650307000
10300000|61.3650307000|61.7926962300|61.2058993400|61.3650307000|5575300|345092608.0000|61.3650307000
10350000|61.3153021500|61.3351935700|60.9970394300|61.2456821800|1880500|115546112.0000|61.2456821800
10400000|61.2556278900|61.2556278900|60.9970394300|61.2058993400|1203600|73941504.0000|61.2058993400
10450000|61.2158450500|61.3053564400|61.0368222700|61.2058993400|1011400|62196736.0000|61.2058993400
10500000|61.2158450500|61.5241620600|61.1362793700|61.3351935700|1795300|110755840.0000|61.3351935700
10550000|61.2456821800|61.6335648700|61.1860079200|61.5639449000|2476000|153040384.0000|61.5639449000
11000000|61.5639449000|61.6435105800|61.2655736000|61.3153021500|1663300|102764544.0000|61.3153021500
11050000|61.2854650200|61.2854650200|60.9870937200|61.0169308500|1517800|93255679.0000|61.0169308500
11100000|61.0169308500|61.0268765600|60.8180166500|60.8677452000|1745700|106868737.0000|60.8677452000
11150000|60.8279623600|60.9174737500|60.6787767100|60.8180166500|1323500|80924672.0000|60.8180166500
11200000|60.8080709400|60.8776909100|60.7483966800|60.7981252300|1060600|64846336.0000|60.7981252300
11250000|60.8279623600|60.9672023000|60.7782338100|60.8975823300|1051300|64319488.0000|60.8975823300
11300000|60.8876366200|60.9174737500|60.6688310000|60.7185595500|2029400|123909632.0000|60.7185595500
13050000|60.7285052600|60.8577994900|60.5793196100|60.8080709400|1573300|96061952.0000|60.8080709400
13100000|60.8180166500|60.8379080700|60.6290481600|60.6787767100|1416800|86495744.0000|60.6787767100
13150000|60.6787767100|60.8080709400|60.6787767100|60.6787767100|1247500|76172800.0000|60.6787767100
13200000|60.6887224200|60.6986681300|60.5494824800|60.5693739000|1506300|91808256.0000|60.5693739000
13250000|60.5693739000|60.6887224200|60.5693739000|60.6887224200|1102700|67220992.0000|60.6887224200
13300000|60.6887224200|60.9771480100|60.6887224200|60.8180166500|1241800|75958272.0000|60.8180166500
13350000|60.7782338100|60.7881795200|60.6091567400|60.6091567400|1045700|63799296.0000|60.6091567400
13400000|60.5992110300|60.6887224200|60.5892653200|60.5992110300|908900|55400960.0000|60.5992110300
13450000|60.6091567400|60.8180166500|60.5793196100|60.8180166500|1013800|61851136.0000|60.8180166500
13500000|60.8279623600|60.9274194600|60.7583423900|60.8080709400|833900|51027968.0000|60.8080709400
13550000|60.7981252300|60.7981252300|60.6787767100|60.6887224200|920300|56205312.0000|60.6887224200
14000000|60.7086138400|60.7682881000|60.6489395800|60.7483966800|1013600|61871616.0000|60.7483966800
14050000|60.7185595500|60.8876366200|60.6787767100|60.7285052600|1238300|75673600.0000|60.7285052600
14100000|60.7285052600|60.8876366200|60.6887224200|60.8876366200|1026300|62717945.0000|60.8876366200
14150000|60.8876366200|61.1959536300|60.8876366200|61.0666594000|2065500|126839815.0000|61.0666594000
14200000|61.0865508200|61.1561707900|60.7682881000|60.9174737500|1328300|81431040.0000|60.9174737500
14250000|60.9174737500|60.9373651700|60.8279623600|60.8577994900|721900|44185088.0000|60.8577994900
14300000|60.8577994900|60.9274194600|60.7682881000|60.9274194600|1207400|73877106.0000|60.9274194600
14350000|60.9672023000|61.0766051100|60.9373651700|61.0467679800|1851100|113566606.0000|61.0467679800
14400000|61.0666594000|61.0766051100|60.9473108800|61.0069851400|1575200|96615420.0000|61.0069851400
14450000|61.0169308500|61.1561707900|61.0069851400|61.0467679800|3077700|189075460.0000|61.0467679800
14500000|61.0467679800|61.0766051100|60.9870937200|60.9970394300|2693500|165245952.0000|60.9970394300
14550000|60.9870937200|60.9970394300|60.8776909100|60.9075280400|3539800|216820736.0000|60.9075280400
15000000|60.9075280400|61.0666594000|60.9075280400|61.0666594000|3828800|234973184.0000|61.0666594000
