09350000|28.6438155300|28.7714861500|28.4340709400|28.4523096000|217200|6806058.0000|28.4523096000
09400000|28.4340709400|28.4979062500|28.3884742900|28.4705482600|128200|3997708.0000|28.4705482600
09450000|28.4887869200|28.5617415600|28.4614289300|28.5161449100|72500|2265602.0000|28.5161449100
09500000|28.5252642400|28.5252642400|28.4431902700|28.4796675900|204800|6381106.0000|28.4796675900
09550000|28.4614289300|28.7076508400|28.4340709400|28.7076508400|177100|5541642.0000|28.7076508400
10000000|28.7167701700|28.7167701700|28.5252642400|28.5708608900|60500|1898694.0000|28.5708608900
10050000|28.5708608900|28.5982188800|28.5617415600|28.5982188800|40600|1272736.0000|28.5982188800
10100000|28.5982188800|28.5982188800|28.5343835700|28.5343835700|38000|1190002.0000|28.5343835700
10150000|28.5343835700|28.5708608900|28.5252642400|28.5435029000|32100|1004502.0000|28.5435029000
10200000|28.5435029000|28.5435029000|28.4796675900|28.4796675900|20100|628596.0000|28.4796675900
10250000|28.4796675900|28.5252642400|28.4523096000|28.4979062500|42900|1342576.0000|28.4979062500
10300000|28.4887869200|28.4979062500|28.4614289300|28.4887869200|15400|480968.0000|28.4887869200
10350000|28.4705482600|28.4796675900|28.4158322800|28.4614289300|72700|2268020.0000|28.4614289300
10400000|28.4158322800|28.4705482600|28.4067129500|28.4340709400|26700|832636.0000|28.4340709400
10450000|28.4249516100|28.4431902700|28.4067129500|28.4431902700|35400|1103324.0000|28.4431902700
10500000|28.4340709400|28.4796675900|28.3793549600|28.3975936200|75600|2355872.0000|28.3975936200
10550000|28.3884742900|28.4067129500|28.3611163000|28.3702356300|39500|1229140.0000|28.3702356300
11000000|28.3702356300|28.4067129500|28.3519969700|28.3884742900|44700|1390864.0000|28.3884742900
11050000|28.3702356300|28.3702356300|28.2790423300|28.2972809900|62700|1947432.0000|28.2972809900
11100000|28.2972809900|28.3246389800|28.2699230000|28.2699230000|64400|1998240.0000|28.2699230000
11150000|28.2699230000|28.2972809900|28.2152070200|28.2334456800|163800|5074268.0000|28.2334456800
11200000|28.2334456800|28.2881616600|28.2243263500|28.2243263500|62300|1930024.0000|28.2243263500
11250000|28.2243263500|28.3155196500|28.2152070200|28.2881616600|47800|1480460.0000|28.2881616600
11300000|28.2881616600|28.3611163000|28.2790423300|28.3064003200|33800|1049956.0000|28.3064003200
13050000|28.3246389800|28.4340709400|28.2972809900|28.3884742900|64200|1996860.0000|28.3884742900
13100000|28.3702356300|28.4249516100|28.3246389800|28.3246389800|22600|703112.0000|28.3246389800
13150000|28.3246389800|28.3246389800|28.2334456800|28.2425650100|29100|902216.0000|28.2425650100
13200000|28.2425650100|28.2790423300|28.2334456800|28.2516843400|29600|917280.0000|28.2516843400
13250000|28.2516843400|28.2790423300|28.2516843400|28.2790423300|32500|1007188.0000|28.2790423300
13300000|28.2972809900|28.3064003200|28.2608036700|28.2608036700|38800|1202932.0000|28.2608036700
13350000|28.2608036700|28.2699230000|28.2060876900|28.2243263500|98200|3040596.0000|28.2243263500
13400000|28.2334456800|28.2608036700|28.1969683600|28.2608036700|46400|1435740.0000|28.2608036700
13450000|28.2334456800|28.2516843400|28.2060876900|28.2060876900|43900|1359236.0000|28.2060876900
13500000|28.2060876900|28.2516843400|28.2060876900|28.2425650100|29400|909880.0000|28.2425650100
13550000|28.2425650100|28.2516843400|28.2243263500|28.2334456800|23800|736872.0000|28.2334456800
14000000|28.2334456800|28.2425650100|28.2060876900|28.2152070200|38800|1200808.0000|28.2152070200
14050000|28.2060876900|28.2516843400|28.1969683600|28.2152070200|38100|1179008.0000|28.2152070200
14100000|28.1969683600|28.2060876900|28.1240137200|28.1422523800|181800|5614912.0000|28.1422523800
14150000|28.1422523800|28.1513717100|28.0692977400|28.0966557300|102200|3149432.0000|28.0966557300
14200000|28.0692977400|28.1148943900|28.0692977400|28.0875364000|83000|2556424.0000|28.0875364000
14250000|28.0875364000|28.1148943900|28.0692977400|28.0966557300|62300|1919848.0000|28.0966557300
14300000|28.0966557300|28.1148943900|28.0419397500|28.0601784100|76100|2342192.0000|28.0601784100
14350000|28.0601784100|28.1240137200|28.0419397500|28.0875364000|58600|1804448.0000|28.0875364000
14400000|28.1057750600|28.2060876900|28.1057750600|28.1696103700|65000|2007080.0000|28.1696103700
14450000|28.1696103700|28.2243263500|28.1240137200|28.2152070200|63100|1949584.0000|28.2152070200
14500000|28.2060876900|28.2334456800|28.1787297000|28.1787297000|56700|1754096.0000|28.1787297000
14550000|28.2060876900|28.2060876900|28.0875364000|28.0966557300|109800|3385888.0000|28.0966557300
15000000|28.0875364000|28.1148943900|28.0692977400|28.0875364000|53800|1657328.0000|28.0875364000
