093500|27.6000|27.6300|27.2900|27.3300|468300|12853203.0000|27.3300
094000|27.3300|27.4500|27.1100|27.1800|376400|10270596.0000|27.1800
094500|27.1800|27.1900|27.0000|27.0000|530300|14379354.0000|27.0000
095000|26.9900|27.1500|26.9800|27.0500|373900|10110552.8000|27.0500
095500|27.0500|27.0600|26.8000|26.8800|595100|15997252.0000|26.8800
100000|26.8900|27.0200|26.8300|26.9500|428400|11531313.0000|26.9500
100500|26.9600|27.0000|26.8000|26.9700|321300|8642460.0000|26.9700
101000|26.9700|27.1000|26.9200|27.0800|363700|9823776.0000|27.0800
101500|27.0900|27.1000|27.0100|27.0100|136700|3699751.0000|27.0100
102000|27.0100|27.1500|26.9900|27.0500|226100|6119601.0000|27.0500
102500|27.0700|27.0800|26.9000|26.9300|323500|8724579.0000|26.9300
103000|26.9500|26.9700|26.8400|26.8400|298900|8042858.0000|26.8400
103500|26.8600|26.9100|26.7400|26.7600|289500|7762500.0000|26.7600
104000|26.7500|26.9000|26.7400|26.8500|320200|8592411.0000|26.8500
104500|26.8600|26.8800|26.6900|26.7500|226900|6078838.0000|26.7500
105000|26.7700|26.8100|26.6800|26.7000|306463|8192778.6200|26.7000
105500|26.6900|26.7800|26.6200|26.6200|335648|8955516.2000|26.6200
110000|26.6500|26.7200|26.6000|26.6600|332700|8869613.0000|26.6600
110500|26.6600|26.8500|26.6200|26.8200|197700|5292097.0000|26.8200
111000|26.8200|27.0000|26.8100|26.8100|220491|5925751.6200|26.8100
111500|26.8100|26.8100|26.6200|26.6600|175700|4690019.0000|26.6600
112000|26.6700|26.7400|26.6100|26.7100|133200|3554872.0000|26.7100
112500|26.7100|26.7700|26.7000|26.7000|131000|3501950.0000|26.7000
113000|26.7200|26.7600|26.6000|26.7300|264100|7044083.0000|26.7300
130500|26.7500|27.0100|26.7100|27.0000|445300|11990696.0000|27.0000
131000|26.9600|27.0000|26.7800|26.8800|272897|7336863.3300|26.8800
131500|26.8800|26.9700|26.7600|26.9400|308100|8271448.0000|26.9400
132000|26.9500|27.1200|26.9000|26.9000|288500|7785455.0000|26.9000
132500|26.9100|26.9600|26.7700|26.8400|158855|4261982.6000|26.8400
133000|26.8100|26.8500|26.7300|26.8100|156800|4200363.0000|26.8100
133500|26.8100|26.9000|26.7700|26.7700|132500|3554976.0000|26.7700
134000|26.7800|26.7900|26.7100|26.7500|204300|5464366.0000|26.7500
134500|26.7600|26.7900|26.6500|26.7000|242700|6483808.0000|26.7000
135000|26.6800|26.7600|26.6600|26.7500|209400|5592755.0000|26.7500
135500|26.7500|26.7900|26.7000|26.7300|174300|4662950.0000|26.7300
140000|26.7300|26.8400|26.7300|26.8100|182400|4887051.0000|26.8100
140500|26.8100|26.9200|26.7500|26.8900|210400|5647701.0000|26.8900
141000|26.9200|26.9900|26.8600|26.9900|172569|4649004.7900|26.9900
141500|26.9700|26.9800|26.8500|26.9300|266700|7180540.9300|26.9300
142000|26.8600|26.9600|26.8500|26.9100|187500|5043052.0000|26.9100
142500|26.8600|26.9100|26.8300|26.8900|166000|4461730.0000|26.8900
143000|26.9100|26.9300|26.8500|26.8600|140400|3774248.0000|26.8600
143500|26.8600|26.9000|26.8000|26.8200|180338|4841220.1600|26.8200
144000|26.8400|26.8800|26.7800|26.8100|201540|5404999.2400|26.8100
144500|26.8100|26.8400|26.7500|26.8000|220600|5910170.0000|26.8000
145000|26.7900|26.8200|26.7500|26.7900|256700|6873631.0000|26.7900
145500|26.7900|26.8600|26.7800|26.8400|171400|4595943.0000|26.8400
150000|26.8500|26.8800|26.8000|26.8800|182200|4893349.0000|26.8800
