093500|54.0|54.36|53.75|54.34|7294.0|39665024.0|54.3
094000|54.32|54.63|54.15|54.52|5893.0|32269553.0|54.34
094500|54.48|54.55|54.09|54.24|4196.0|22910121.0|54.52
095000|54.28|54.28|54.01|54.04|2769.0|15081438.0|54.24
095500|54.04|54.06|53.6|53.63|3196.0|17303815.0|54.04
100000|53.65|53.79|53.39|53.39|5518.0|29727793.0|53.63
100500|53.38|53.51|53.19|53.19|4987.0|26744751.0|53.39
101000|53.19|53.35|53.04|53.34|4832.0|25840397.0|53.19
101500|53.33|53.4|53.2|53.21|4137.0|22171932.0|53.34
102000|53.21|53.22|52.84|52.85|4756.0|25385833.0|53.21
102500|52.84|53.0|52.72|52.73|6128.0|32607176.0|52.85
103000|52.75|52.98|52.75|52.98|2823.0|15016068.0|52.73
103500|53.02|53.28|52.97|53.19|1688.0|9025971.0|52.98
104000|53.19|53.19|52.97|53.03|1428.0|7619772.0|53.19
104500|53.07|53.1|52.98|53.1|807.0|4305475.0|53.03
105000|53.09|53.3|52.99|53.04|2082.0|11118723.0|53.1
105500|53.01|53.09|52.8|52.83|1364.0|7270428.0|53.04
110000|52.82|52.88|52.74|52.77|1582.0|8403836.0|52.83
110500|52.77|52.87|52.71|52.83|2346.0|12452457.0|52.77
111000|52.84|52.92|52.7|52.74|1997.0|10607313.0|52.83
111500|52.76|53.14|52.76|52.95|2255.0|12017717.0|52.74
112000|52.95|53.01|52.83|52.99|1702.0|9057169.0|52.95
112500|52.99|53.0|52.87|52.98|2229.0|11869434.0|52.99
113000|53.0|53.1|52.79|52.85|1616.0|8603033.0|52.98
130500|52.86|53.23|52.82|53.23|2054.0|10940956.0|52.85
131000|53.19|53.48|53.1|53.44|2919.0|15633650.0|53.23
131500|53.47|53.67|53.36|53.47|2353.0|12663356.0|53.44
132000|53.44|53.51|53.22|53.22|1726.0|9264522.0|53.47
132500|53.26|53.29|53.19|53.23|1212.0|6490467.0|53.22
133000|53.19|53.24|53.06|53.14|2207.0|11795019.0|53.23
133500|53.15|53.71|53.09|53.33|4342.0|23320272.0|53.14
134000|53.33|53.39|53.26|53.29|1663.0|8920770.0|53.33
134500|53.29|53.34|53.24|53.26|1089.0|5835076.0|53.29
135000|53.25|53.32|53.21|53.23|1035.0|5544795.0|53.26
135500|53.2|53.28|53.18|53.28|877.0|4694303.0|53.23
140000|53.27|53.35|53.18|53.23|1075.0|5757085.0|53.28
140500|53.24|53.48|53.17|53.45|1286.0|6895362.0|53.23
141000|53.46|53.51|53.32|53.32|1596.0|8575691.0|53.45
141500|53.31|53.38|53.28|53.3|585.0|3136800.0|53.32
142000|53.29|53.29|53.15|53.15|675.0|3613231.0|53.3
142500|53.16|53.22|53.14|53.14|745.0|3984045.0|53.15
143000|53.14|53.2|53.09|53.2|1087.0|5810646.0|53.14
143500|53.21|53.37|53.19|53.35|852.0|4566506.0|53.2
144000|53.37|53.55|53.35|53.46|1792.0|9634024.0|53.35
144500|53.46|53.7|53.45|53.64|2338.0|12605521.0|53.46
145000|53.69|53.8|53.63|53.73|3215.0|17374286.0|53.64
145500|53.74|53.79|53.66|53.69|1181.0|6381105.0|53.73
150000|53.68|53.77|53.6|53.6|1623.0|8758394.0|53.69
