093500|62.75|62.75|62.28|62.4|4640.0|29013266.0|62.83
094000|62.4|62.4|61.75|62.05|7980.0|49503560.0|62.4
094500|62.04|62.16|61.86|61.86|3461.0|21459759.0|62.05
095000|61.84|62.04|61.2|61.34|7881.0|48579685.0|61.86
095500|61.31|61.55|61.15|61.43|6301.0|38632201.0|61.34
100000|61.43|61.63|61.31|61.61|2624.0|16113129.0|61.43
100500|61.62|61.69|61.4|61.49|1828.0|11253532.0|61.61
101000|61.48|61.48|61.3|61.38|2397.0|14706215.0|61.49
101500|61.37|61.43|61.31|61.32|1475.0|9048521.0|61.38
102000|61.33|61.54|61.33|61.41|1063.0|6530705.0|61.32
102500|61.43|61.58|61.37|61.58|1473.0|9047490.0|61.41
103000|61.59|61.92|61.58|61.85|1182.0|7304078.0|61.58
103500|61.84|61.9|61.53|61.55|825.0|5095741.0|61.85
104000|61.55|61.58|61.45|61.45|1338.0|8231284.0|61.55
104500|61.43|61.47|61.37|61.39|1850.0|11363589.0|61.45
105000|61.4|61.45|61.39|61.41|882.0|5417639.0|61.39
105500|61.43|61.49|61.39|61.39|908.0|5578184.0|61.41
110000|61.39|61.62|61.39|61.52|722.0|4441144.0|61.39
110500|61.56|61.69|61.46|61.69|841.0|5177629.0|61.52
111000|61.71|61.85|61.5|61.5|1193.0|7350167.0|61.69
111500|61.51|61.51|61.45|61.49|1020.0|6269665.0|61.5
112000|61.5|61.52|61.44|61.45|584.0|3590148.0|61.49
112500|61.46|61.67|61.46|61.66|490.0|3014642.0|61.45
113000|61.69|61.76|61.68|61.71|459.0|2831638.0|61.66
130500|61.71|61.77|61.62|61.65|1795.0|11073857.0|61.71
131000|61.69|61.69|61.46|61.46|3225.0|19839024.0|61.65
131500|61.51|61.55|61.46|61.54|627.0|3855380.0|61.46
132000|61.55|61.6|61.52|61.53|517.0|3179220.0|61.54
132500|61.53|61.56|61.52|61.53|392.0|2412390.0|61.53
133000|61.54|61.57|61.52|61.55|495.0|3046101.0|61.53
133500|61.57|61.71|61.57|61.71|608.0|3747272.0|61.55
134000|61.7|61.7|61.61|61.61|724.0|4463370.0|61.71
134500|61.61|61.69|61.6|61.63|573.0|3532198.0|61.61
135000|61.63|61.68|61.6|61.66|1241.0|7647963.0|61.63
135500|61.66|61.78|61.65|61.78|1518.0|9369246.0|61.66
140000|61.76|61.76|61.66|61.72|673.0|4153650.0|61.78
140500|61.7|61.74|61.68|61.69|626.0|3862772.0|61.72
141000|61.69|61.7|61.6|61.61|649.0|4001084.0|61.69
141500|61.6|61.61|61.56|61.57|579.0|3565857.0|61.61
142000|61.56|61.63|61.56|61.61|488.0|3006101.0|61.57
142500|61.61|61.67|61.6|61.66|558.0|3438412.0|61.61
143000|61.68|61.76|61.68|61.73|933.0|5759359.0|61.66
143500|61.72|61.8|61.7|61.73|1417.0|8748890.0|61.73
144000|61.72|61.97|61.72|61.8|1993.0|12329257.0|61.73
144500|61.8|61.95|61.79|61.92|1291.0|7989363.0|61.8
145000|61.92|61.92|61.85|61.89|957.0|5921470.0|61.92
145500|61.89|62.0|61.87|61.98|1709.0|10587548.0|61.89
150000|61.93|61.99|61.9|61.9|1292.0|8005000.0|61.98
