09350000|3.1700000000|3.1900000000|3.1400000000|3.1500000000|3080500|9735104.0000|3.1500000000
09400000|3.1500000000|3.1800000000|3.1500000000|3.1800000000|1351700|4280736.0000|3.1800000000
09450000|3.1800000000|3.1800000000|3.1600000000|3.1700000000|727000|2303742.0000|3.1700000000
09500000|3.1700000000|3.1800000000|3.1700000000|3.1800000000|698700|2217975.0000|3.1800000000
09550000|3.1800000000|3.1800000000|3.1600000000|3.1700000000|520700|1651155.0000|3.1700000000
10000000|3.1700000000|3.1700000000|3.1400000000|3.1400000000|803900|2536824.0000|3.1400000000
10050000|3.1400000000|3.1500000000|3.1300000000|3.1500000000|1329000|4170651.0000|3.1500000000
10100000|3.1500000000|3.1600000000|3.1400000000|3.1500000000|843300|2652611.0000|3.1500000000
10150000|3.1500000000|3.1600000000|3.1400000000|3.1500000000|427100|1343564.0000|3.1500000000
10200000|3.1400000000|3.1500000000|3.1300000000|3.1400000000|309400|971710.0000|3.1400000000
10250000|3.1400000000|3.1500000000|3.1300000000|3.1400000000|690700|2168811.0000|3.1400000000
10300000|3.1400000000|3.1600000000|3.1400000000|3.1600000000|575100|1811773.0000|3.1600000000
10350000|3.1600000000|3.1600000000|3.1500000000|3.1500000000|477100|1504807.0000|3.1500000000
10400000|3.1500000000|3.1600000000|3.1500000000|3.1600000000|154200|486157.0000|3.1600000000
10450000|3.1600000000|3.1600000000|3.1500000000|3.1600000000|264200|833207.0000|3.1600000000
10500000|3.1600000000|3.1600000000|3.1500000000|3.1600000000|434700|1372130.0000|3.1600000000
10550000|3.1600000000|3.1600000000|3.1500000000|3.1600000000|178900|564097.0000|3.1600000000
11000000|3.1600000000|3.1600000000|3.1500000000|3.1600000000|273300|861060.0000|3.1600000000
11050000|3.1600000000|3.1600000000|3.1400000000|3.1500000000|226900|713937.0000|3.1500000000
11100000|3.1500000000|3.1500000000|3.1400000000|3.1500000000|401000|1259752.0000|3.1500000000
11150000|3.1500000000|3.1500000000|3.1300000000|3.1300000000|480800|1509690.0000|3.1300000000
11200000|3.1300000000|3.1400000000|3.1300000000|3.1400000000|557000|1743799.0000|3.1400000000
11250000|3.1400000000|3.1400000000|3.1300000000|3.1300000000|257700|807177.0000|3.1300000000
11300000|3.1400000000|3.1400000000|3.1300000000|3.1300000000|350900|1099001.0000|3.1300000000
13050000|3.1400000000|3.1400000000|3.1200000000|3.1300000000|772710|2419983.0000|3.1300000000
13100000|3.1300000000|3.1400000000|3.1300000000|3.1400000000|168800|529246.0000|3.1400000000
13150000|3.1400000000|3.1400000000|3.1200000000|3.1300000000|543900|1701990.0000|3.1300000000
13200000|3.1300000000|3.1400000000|3.1300000000|3.1300000000|283500|887722.0000|3.1300000000
13250000|3.1300000000|3.1400000000|3.1300000000|3.1400000000|168700|528157.0000|3.1400000000
13300000|3.1400000000|3.1400000000|3.1200000000|3.1300000000|358000|1119591.0000|3.1300000000
13350000|3.1300000000|3.1300000000|3.1200000000|3.1300000000|296800|927138.0000|3.1300000000
13400000|3.1300000000|3.1300000000|3.1200000000|3.1200000000|661100|2063346.0000|3.1200000000
13450000|3.1200000000|3.1200000000|3.1100000000|3.1100000000|498400|1551075.0000|3.1100000000
13500000|3.1100000000|3.1200000000|3.1000000000|3.1200000000|844400|2625853.0000|3.1200000000
13550000|3.1100000000|3.1200000000|3.1100000000|3.1200000000|305500|951363.0000|3.1200000000
14000000|3.1200000000|3.1200000000|3.1000000000|3.1100000000|482900|1502538.0000|3.1100000000
14050000|3.1100000000|3.1200000000|3.1000000000|3.1200000000|786500|2442938.0000|3.1200000000
14100000|3.1100000000|3.1200000000|3.1100000000|3.1200000000|455100|1418593.0000|3.1200000000
14150000|3.1200000000|3.1200000000|3.1000000000|3.1000000000|402300|1251481.0000|3.1000000000
14200000|3.1000000000|3.1200000000|3.1000000000|3.1000000000|356200|1107319.0000|3.1000000000
14250000|3.1000000000|3.1100000000|3.0800000000|3.0900000000|1450900|4486247.0000|3.0900000000
14300000|3.0900000000|3.0900000000|3.0800000000|3.0800000000|869600|2680678.0000|3.0800000000
14350000|3.0800000000|3.1000000000|3.0700000000|3.1000000000|1411880|4357162.0000|3.1000000000
14400000|3.1000000000|3.1000000000|3.0800000000|3.0800000000|472620|1456645.0000|3.0800000000
14450000|3.0800000000|3.0900000000|3.0800000000|3.0800000000|607700|1873750.0000|3.0800000000
14500000|3.0800000000|3.0900000000|3.0800000000|3.0900000000|1084600|3348124.0000|3.0900000000
14550000|3.0900000000|3.0900000000|3.0800000000|3.0900000000|783000|2414764.0000|3.0900000000
15000000|3.0900000000|3.0900000000|3.0600000000|3.0600000000|4694880|14388873.0000|3.0600000000
