09350000|3.3000000000|3.3100000000|3.2900000000|3.3000000000|3897500|12868206.0000|3.3000000000
09400000|3.3000000000|3.3000000000|3.2700000000|3.2800000000|4076400|13396418.0000|3.2800000000
09450000|3.2900000000|3.3100000000|3.2800000000|3.3000000000|1859000|6116749.0000|3.3000000000
09500000|3.3000000000|3.3100000000|3.2900000000|3.2900000000|787400|2597733.0000|3.2900000000
09550000|3.3000000000|3.3000000000|3.2900000000|3.3000000000|1732600|5703608.0000|3.3000000000
10000000|3.3000000000|3.3400000000|3.2900000000|3.3300000000|4113400|13610009.0000|3.3300000000
10050000|3.3300000000|3.3400000000|3.3200000000|3.3300000000|2877000|9591166.0000|3.3300000000
10100000|3.3300000000|3.3400000000|3.3200000000|3.3200000000|937817|3122623.0000|3.3200000000
10150000|3.3200000000|3.3300000000|3.3200000000|3.3200000000|1458100|4850457.0000|3.3200000000
10200000|3.3300000000|3.3300000000|3.3100000000|3.3200000000|632300|2099377.0000|3.3200000000
10250000|3.3100000000|3.3300000000|3.3100000000|3.3200000000|887180|2945646.0000|3.3200000000
10300000|3.3300000000|3.3300000000|3.3200000000|3.3300000000|487540|1620297.0000|3.3300000000
10350000|3.3200000000|3.3200000000|3.3100000000|3.3200000000|619800|2055523.0000|3.3200000000
10400000|3.3200000000|3.3200000000|3.3100000000|3.3200000000|576600|1912503.0000|3.3200000000
10450000|3.3100000000|3.3200000000|3.3100000000|3.3200000000|246960|818419.0000|3.3200000000
10500000|3.3200000000|3.3200000000|3.3100000000|3.3200000000|159500|529162.0000|3.3200000000
10550000|3.3100000000|3.3300000000|3.3100000000|3.3200000000|1124409|3733964.0000|3.3200000000
11000000|3.3200000000|3.3300000000|3.3200000000|3.3200000000|372400|1236891.0000|3.3200000000
11050000|3.3200000000|3.3200000000|3.3100000000|3.3100000000|417300|1382793.0000|3.3100000000
11100000|3.3100000000|3.3300000000|3.3100000000|3.3200000000|646000|2145437.0000|3.3200000000
11150000|3.3300000000|3.3300000000|3.3200000000|3.3200000000|347500|1155309.0000|3.3200000000
11200000|3.3300000000|3.3300000000|3.3200000000|3.3200000000|397000|1321224.0000|3.3200000000
11250000|3.3300000000|3.3300000000|3.3200000000|3.3200000000|616784|2048026.0000|3.3200000000
11300000|3.3100000000|3.3200000000|3.3100000000|3.3200000000|97000|321295.0000|3.3200000000
13050000|3.3100000000|3.3300000000|3.3100000000|3.3300000000|624840|2074425.0000|3.3300000000
13100000|3.3300000000|3.3300000000|3.3200000000|3.3200000000|113500|377387.0000|3.3200000000
13150000|3.3200000000|3.3200000000|3.3100000000|3.3200000000|639100|2119114.0000|3.3200000000
13200000|3.3200000000|3.3200000000|3.3100000000|3.3100000000|118300|391840.0000|3.3100000000
13250000|3.3200000000|3.3300000000|3.3100000000|3.3300000000|473700|1574099.0000|3.3300000000
13300000|3.3300000000|3.3300000000|3.3100000000|3.3200000000|658200|2185706.0000|3.3200000000
13350000|3.3100000000|3.3200000000|3.3100000000|3.3200000000|327600|1084710.0000|3.3200000000
13400000|3.3200000000|3.3200000000|3.3100000000|3.3100000000|175300|581302.0000|3.3100000000
13450000|3.3100000000|3.3300000000|3.3100000000|3.3300000000|735900|2443017.0000|3.3300000000
13500000|3.3300000000|3.3300000000|3.3100000000|3.3200000000|410100|1361175.0000|3.3200000000
13550000|3.3100000000|3.3200000000|3.3100000000|3.3200000000|336600|1117469.0000|3.3200000000
14000000|3.3100000000|3.3200000000|3.3100000000|3.3100000000|729500|2414935.0000|3.3100000000
14050000|3.3100000000|3.3200000000|3.3100000000|3.3200000000|132700|439537.0000|3.3200000000
14100000|3.3200000000|3.3200000000|3.3100000000|3.3100000000|112500|372535.0000|3.3100000000
14150000|3.3200000000|3.3200000000|3.3100000000|3.3100000000|171800|569405.0000|3.3100000000
14200000|3.3200000000|3.3200000000|3.3100000000|3.3100000000|272600|902945.0000|3.3100000000
14250000|3.3100000000|3.3200000000|3.3100000000|3.3100000000|202100|669464.0000|3.3100000000
14300000|3.3200000000|3.3200000000|3.3100000000|3.3100000000|235200|779349.0000|3.3100000000
14350000|3.3100000000|3.3300000000|3.3100000000|3.3300000000|1324200|4395781.0000|3.3300000000
14400000|3.3300000000|3.3300000000|3.3200000000|3.3200000000|529000|1759693.0000|3.3200000000
14450000|3.3200000000|3.3300000000|3.3200000000|3.3200000000|1859600|6177914.0000|3.3200000000
14500000|3.3200000000|3.3300000000|3.3200000000|3.3200000000|1523800|5060933.0000|3.3200000000
14550000|3.3200000000|3.3300000000|3.3100000000|3.3300000000|2364400|7851783.0000|3.3300000000
15000000|3.3200000000|3.3300000000|3.3200000000|3.3300000000|1638900|5451942.0000|3.3300000000
