093500|8.8200|8.8400|8.7100|8.7300|1184400|10371681.0000|8.7300
094000|8.7300|8.8400|8.7200|8.8200|429100|3769877.0000|8.8200
094500|8.8200|8.8300|8.7900|8.7900|186500|1643165.0000|8.7900
095000|8.7800|8.8500|8.7800|8.8300|419175|3695240.0000|8.8300
095500|8.8200|8.8500|8.8200|8.8300|278000|2456708.0000|8.8300
100000|8.8300|8.8400|8.8100|8.8100|129100|1138950.0000|8.8100
100500|8.8100|8.8600|8.8100|8.8500|582300|5142359.0000|8.8500
101000|8.8500|8.8500|8.8300|8.8400|211100|1865739.0000|8.8400
101500|8.8500|8.8800|8.8300|8.8700|549600|4871316.0000|8.8700
102000|8.8700|8.9100|8.8600|8.8700|620000|5507187.0000|8.8700
102500|8.8600|8.8900|8.8600|8.8700|323200|2866186.0000|8.8700
103000|8.8600|8.8700|8.7900|8.8100|1962500|17290889.0000|8.8100
103500|8.8100|8.8400|8.8100|8.8300|139400|1229429.0000|8.8300
104000|8.8300|8.8500|8.8200|8.8400|141200|1248158.0000|8.8400
104500|8.8400|8.8800|8.8300|8.8700|481700|4270386.0000|8.8700
105000|8.8700|8.9000|8.8700|8.8800|332800|2957544.0000|8.8800
105500|8.8900|8.9200|8.8900|8.8900|788100|7018498.0000|8.8900
110000|8.8900|8.9000|8.8900|8.9000|135800|1208050.0000|8.9000
110500|8.9000|8.9000|8.8800|8.9000|326631|2904657.0000|8.9000
111000|8.9000|8.9000|8.8700|8.8900|482769|4288689.0000|8.8900
111500|8.8900|8.9100|8.8900|8.9000|233500|2077808.0000|8.9000
112000|8.9100|8.9200|8.9000|8.9000|315100|2807231.0000|8.9000
112500|8.9000|8.9100|8.8800|8.8800|139800|1243345.0000|8.8800
113000|8.8800|8.8900|8.8800|8.8800|114500|1017021.0000|8.8800
130500|8.8900|8.8900|8.8600|8.8700|817700|7256922.0000|8.8700
131000|8.8700|8.8700|8.8500|8.8600|417600|3699097.0000|8.8600
131500|8.8600|8.8800|8.8500|8.8700|132400|1173342.0000|8.8700
132000|8.8700|8.8700|8.8500|8.8500|250800|2222817.0000|8.8500
132500|8.8500|8.8600|8.8400|8.8500|319300|2825374.0000|8.8500
133000|8.8400|8.8500|8.8300|8.8500|334300|2955339.0000|8.8500
133500|8.8400|8.8600|8.8400|8.8500|53800|476041.0000|8.8500
134000|8.8400|8.8700|8.8400|8.8700|371000|3284831.0000|8.8700
134500|8.8700|8.9000|8.8700|8.9000|450200|3999057.0000|8.9000
135000|8.9000|8.9100|8.8900|8.8900|595900|5303913.0000|8.8900
135500|8.8900|8.8900|8.8700|8.8800|164800|1463645.0000|8.8800
140000|8.8800|8.8800|8.8600|8.8700|170243|1509978.0000|8.8700
140500|8.8700|8.8800|8.8700|8.8800|128000|1136182.0000|8.8800
141000|8.8800|8.8900|8.8600|8.8600|140800|1249989.0000|8.8600
141500|8.8700|8.8800|8.8600|8.8800|105800|938563.0000|8.8800
142000|8.8700|8.8900|8.8600|8.8800|287000|2548439.0000|8.8800
142500|8.8700|8.9000|8.8700|8.8900|189500|1684436.0000|8.8900
143000|8.8900|8.9100|8.8900|8.9000|333500|2968107.0000|8.9000
143500|8.9100|8.9200|8.9000|8.9000|424000|3776137.0000|8.9000
144000|8.9100|8.9100|8.8900|8.9100|228800|2036361.0000|8.9100
144500|8.9100|8.9100|8.9000|8.9100|366000|3259258.0000|8.9100
145000|8.9000|8.9100|8.9000|8.9100|623500|5552111.0000|8.9100
145500|8.9100|8.9200|8.9000|8.9200|438500|3908694.0000|8.9200
150000|8.9200|8.9400|8.9100|8.9400|630889|5633789.0000|8.9400
