093500|9.4100|9.4600|9.3000|9.4300|1095619|10282791.0000|9.4300
094000|9.4200|9.5900|9.4200|9.5100|1358200|12912630.0000|9.5100
094500|9.5100|9.5300|9.4900|9.4900|555700|5285706.0000|9.4900
095000|9.4900|9.5000|9.4000|9.4400|576600|5440423.0000|9.4400
095500|9.4400|9.4500|9.4200|9.4400|382900|3609773.0000|9.4400
100000|9.4500|9.5100|9.4500|9.5000|780700|7405228.0000|9.5000
100500|9.5100|9.5100|9.4400|9.4400|629000|5963515.0000|9.4400
101000|9.4400|9.4600|9.4300|9.4600|85900|811857.0000|9.4600
101500|9.4600|9.4600|9.4300|9.4300|222000|2096417.0000|9.4300
102000|9.4300|9.4500|9.4100|9.4200|160100|1509437.0000|9.4200
102500|9.4100|9.4500|9.4000|9.4300|291300|2745102.0000|9.4300
103000|9.4400|9.4400|9.4200|9.4300|84700|799062.0000|9.4300
103500|9.4300|9.4300|9.3900|9.3900|252800|2378140.0000|9.3900
104000|9.4000|9.4300|9.4000|9.4100|142600|1342366.0000|9.4100
104500|9.4200|9.4200|9.3900|9.3900|152500|1433078.0000|9.3900
105000|9.3900|9.4000|9.3800|9.3900|149600|1404345.0000|9.3900
105500|9.3900|9.4100|9.3800|9.4000|130500|1226615.0000|9.4000
110000|9.3900|9.4000|9.3800|9.3800|206700|1940335.0000|9.3800
110500|9.3800|9.3900|9.3600|9.3600|339700|3184400.0000|9.3600
111000|9.3700|9.3900|9.3500|9.3800|360900|3381204.0000|9.3800
111500|9.3900|9.4000|9.3800|9.4000|190300|1787604.0000|9.4000
112000|9.4000|9.4000|9.3700|9.3900|240800|2259173.0000|9.3900
112500|9.3900|9.3900|9.3500|9.3700|507800|4753923.0000|9.3700
113000|9.3700|9.3700|9.3500|9.3700|164200|1536479.0000|9.3700
130500|9.3500|9.3700|9.3500|9.3500|254900|2385154.0000|9.3500
131000|9.3500|9.4100|9.3500|9.3900|563500|5282467.0000|9.3900
131500|9.4000|9.4100|9.3900|9.4100|59600|560460.0000|9.4100
132000|9.4000|9.4100|9.4000|9.4000|37300|350905.0000|9.4000
132500|9.4000|9.4100|9.3900|9.4000|108600|1020916.0000|9.4000
133000|9.4000|9.4000|9.3700|9.3700|128185|1202630.0000|9.3700
133500|9.3700|9.3900|9.3700|9.3900|77600|727615.0000|9.3900
134000|9.3800|9.4000|9.3800|9.3900|96900|909409.0000|9.3900
134500|9.3800|9.3900|9.3700|9.3800|477200|4469799.0000|9.3800
135000|9.3800|9.4000|9.3800|9.3900|193300|1814989.0000|9.3900
135500|9.3900|9.4000|9.3800|9.3900|110100|1034156.0000|9.3900
140000|9.3800|9.3900|9.3600|9.3600|189200|1773026.0000|9.3600
140500|9.3700|9.3700|9.3400|9.3500|304900|2851728.0000|9.3500
141000|9.3500|9.3700|9.3400|9.3600|367400|3437399.0000|9.3600
141500|9.3500|9.3700|9.3500|9.3500|176800|1654541.0000|9.3500
142000|9.3500|9.3700|9.3400|9.3600|237100|2216957.0000|9.3600
142500|9.3600|9.3800|9.3500|9.3800|296000|2772251.0000|9.3800
143000|9.3800|9.3800|9.3700|9.3700|116900|1096022.0000|9.3700
143500|9.3800|9.3900|9.3500|9.3500|250700|2347590.0000|9.3500
144000|9.3600|9.3900|9.3400|9.3800|783400|7342505.0000|9.3800
144500|9.3800|9.4100|9.3700|9.3900|509700|4786385.0000|9.3900
145000|9.3900|9.4000|9.3600|9.3600|262400|2460658.0000|9.3600
145500|9.3600|9.3800|9.3600|9.3700|389300|3646791.0000|9.3700
150000|9.3700|9.3800|9.3600|9.3700|359000|3363085.0000|9.3700
