093500|12.8300|12.8300|12.6500|12.7300|3024900|38477148.0000|12.7300
094000|12.7300|12.8100|12.7200|12.7900|1373900|17525824.0000|12.7900
094500|12.7900|12.7900|12.7300|12.7400|974200|12426160.0000|12.7400
095000|12.7400|12.7700|12.7200|12.7500|906900|11553888.0000|12.7500
095500|12.7500|12.8200|12.7500|12.7900|522000|6671744.0000|12.7900
100000|12.7900|12.8100|12.7300|12.7800|793400|10129264.0000|12.7800
100500|12.7800|12.8100|12.7700|12.7900|471900|6035400.0000|12.7900
101000|12.7900|12.8000|12.7700|12.7700|315000|4026648.0000|12.7700
101500|12.7700|12.8000|12.7600|12.8000|770300|9844368.0000|12.8000
102000|12.8000|12.8400|12.7800|12.8400|373900|4788176.0000|12.8400
102500|12.8300|12.8500|12.8000|12.8000|242700|3114648.0000|12.8000
103000|12.8000|12.8600|12.7900|12.8600|399700|5122264.0000|12.8600
103500|12.8600|12.8700|12.8100|12.8200|246800|3168624.0000|12.8200
104000|12.8200|12.8200|12.7700|12.7700|330200|4223920.0000|12.7700
104500|12.7700|12.7900|12.7700|12.7800|215700|2757280.0000|12.7800
105000|12.7800|12.7800|12.7400|12.7400|549300|7008608.0000|12.7400
105500|12.7400|12.7700|12.7400|12.7600|179500|2288128.0000|12.7600
110000|12.7600|12.7800|12.7400|12.7600|193300|2465776.0000|12.7600
110500|12.7600|12.7900|12.7600|12.7800|133200|1702096.0000|12.7800
111000|12.7900|12.8000|12.7600|12.7700|180000|2299984.0000|12.7700
111500|12.7700|12.8300|12.7700|12.8300|242000|3094240.0000|12.8300
112000|12.8300|12.8500|12.8200|12.8300|263100|3378032.0000|12.8300
112500|12.8300|12.8400|12.8000|12.8100|368100|4720144.0000|12.8100
113000|12.8100|12.8400|12.8000|12.8100|103800|1330352.0000|12.8100
130500|12.8100|12.8200|12.7800|12.7800|198800|2544608.0000|12.7800
131000|12.7800|12.7800|12.7500|12.7700|316400|4037552.0000|12.7700
131500|12.7700|12.7900|12.7500|12.7800|196400|2506896.0000|12.7800
132000|12.7800|12.8000|12.7700|12.7700|145600|1861936.0000|12.7700
132500|12.7700|12.8000|12.7600|12.8000|157500|2012448.0000|12.8000
133000|12.8000|12.8200|12.7900|12.8000|103000|1318864.0000|12.8000
133500|12.8000|12.8000|12.7700|12.7700|85300|1090160.0000|12.7700
134000|12.7800|12.7800|12.7500|12.7500|223200|2849376.0000|12.7500
134500|12.7500|12.7800|12.7500|12.7700|144900|1849168.0000|12.7700
135000|12.7700|12.8200|12.7700|12.7800|734600|9415360.0000|12.7800
135500|12.7900|12.7900|12.7700|12.7800|139500|1782592.0000|12.7800
140000|12.7800|12.7800|12.7500|12.7500|204200|2606064.0000|12.7500
140500|12.7400|12.7500|12.7100|12.7200|633600|8067952.0000|12.7200
141000|12.7200|12.7300|12.7100|12.7300|311600|3963088.0000|12.7300
141500|12.7300|12.7500|12.7200|12.7500|135400|1723424.0000|12.7500
142000|12.7500|12.7500|12.7400|12.7500|42800|545568.0000|12.7500
142500|12.7500|12.7700|12.7500|12.7500|106100|1353376.0000|12.7500
143000|12.7600|12.7700|12.7500|12.7600|104700|1335456.0000|12.7600
143500|12.7600|12.7800|12.7500|12.7700|117900|1505696.0000|12.7700
144000|12.7700|12.7800|12.7400|12.7700|355200|4529712.0000|12.7700
144500|12.7600|12.7800|12.7500|12.7500|136400|1741072.0000|12.7500
145000|12.7500|12.7600|12.7300|12.7500|348700|4443712.0000|12.7500
145500|12.7500|12.7700|12.7200|12.7200|643900|8201776.0000|12.7200
150000|12.7200|12.7700|12.7200|12.7700|255600|3261504.0000|12.7700
