093500|11.9800|12.1100|11.7900|11.8900|3156900|37650866.0000|11.8900
094000|11.8700|11.8700|11.7700|11.7900|1287800|15224947.0000|11.7900
094500|11.8000|11.8700|11.7900|11.8500|730700|8650879.0000|11.8500
095000|11.8500|11.8500|11.8000|11.8100|346900|4102590.0000|11.8100
095500|11.8100|11.8400|11.8000|11.8400|296300|3501976.0000|11.8400
100000|11.8300|11.8600|11.8200|11.8200|300900|3563357.0000|11.8200
100500|11.8300|11.8400|11.8100|11.8200|211497|2501298.0000|11.8200
101000|11.8200|11.8300|11.8100|11.8300|142103|1679216.0000|11.8300
101500|11.8300|11.8500|11.8200|11.8400|360900|4273386.0000|11.8400
102000|11.8400|11.9200|11.8300|11.8900|472700|5612651.0000|11.8900
102500|11.8900|11.9000|11.8600|11.8700|227300|2700439.0000|11.8700
103000|11.8600|11.8700|11.8400|11.8500|239500|2839494.0000|11.8500
103500|11.8500|11.8500|11.8200|11.8200|265400|3141343.0000|11.8200
104000|11.8300|11.8400|11.8200|11.8400|134300|1589066.0000|11.8400
104500|11.8300|11.8400|11.8000|11.8000|213172|2518312.0000|11.8000
105000|11.8000|11.8100|11.7800|11.7900|396731|4678799.0000|11.7900
105500|11.7900|11.7900|11.7300|11.7400|431100|5071695.0000|11.7400
110000|11.7500|11.7500|11.7300|11.7400|204400|2399455.0000|11.7400
110500|11.7400|11.7500|11.7300|11.7500|254400|2986507.0000|11.7500
111000|11.7400|11.7500|11.7300|11.7400|227100|2666416.0000|11.7400
111500|11.7500|11.7500|11.7300|11.7400|219100|2571167.0000|11.7400
112000|11.7400|11.7400|11.7200|11.7200|92800|1088589.0000|11.7200
112500|11.7400|11.7700|11.7400|11.7600|89900|1056721.0000|11.7600
113000|11.7700|11.7900|11.7600|11.7600|112300|1322468.0000|11.7600
130500|11.7800|11.7800|11.7200|11.7600|186200|2186619.0000|11.7600
131000|11.7600|11.7900|11.7500|11.7800|78100|919280.0000|11.7800
131500|11.7800|11.7900|11.7500|11.7700|121873|1434781.0000|11.7700
132000|11.7600|11.7800|11.7600|11.7700|99200|1167530.0000|11.7700
132500|11.7700|11.7800|11.7200|11.7500|158000|1856586.0000|11.7500
133000|11.7500|11.7500|11.7000|11.7100|234000|2743649.0000|11.7100
133500|11.7100|11.7300|11.7100|11.7200|125600|1471294.0000|11.7200
134000|11.7200|11.7400|11.7200|11.7400|241600|2832670.0000|11.7400
134500|11.7400|11.7400|11.7300|11.7400|125500|1472417.0000|11.7400
135000|11.7400|11.7600|11.7300|11.7300|102500|1203604.0000|11.7300
135500|11.7400|11.7600|11.7400|11.7500|120100|1411208.0000|11.7500
140000|11.7400|11.8100|11.7400|11.7800|250220|2947346.0000|11.7800
140500|11.7800|11.8200|11.7800|11.8100|208800|2465109.0000|11.8100
141000|11.8000|11.8100|11.7800|11.7900|155800|1837132.0000|11.7900
141500|11.7900|11.8400|11.7900|11.8400|430121|5085790.0000|11.8400
142000|11.8300|11.8400|11.8200|11.8300|76600|906205.0000|11.8300
142500|11.8300|11.8300|11.7900|11.8000|233179|2753263.0000|11.8000
143000|11.8000|11.8400|11.8000|11.8400|337400|3988688.0000|11.8400
143500|11.8300|11.9000|11.8300|11.8500|590200|7001761.0000|11.8500
144000|11.8600|11.9500|11.8400|11.9500|816300|9707780.0000|11.9500
144500|11.9300|11.9500|11.8900|11.9200|460800|5490002.0000|11.9200
145000|11.9200|11.9300|11.9000|11.9100|461201|5495557.0000|11.9100
145500|11.9100|11.9300|11.8700|11.8700|496659|5916602.0000|11.8700
150000|11.8700|11.8800|11.8600|11.8600|345189|4095287.0000|11.8600
