093500|8.4000|8.4100|8.3700|8.3800|704000|5904485.0000|8.3800
094000|8.3800|8.4100|8.3800|8.4100|538400|4518036.0000|8.4100
094500|8.4100|8.4100|8.4000|8.4100|423900|3563173.0000|8.4100
095000|8.4000|8.4100|8.4000|8.4100|134300|1128816.0000|8.4100
095500|8.4000|8.4100|8.4000|8.4000|257800|2166214.0000|8.4000
100000|8.4000|8.4100|8.3900|8.3900|201600|1693816.0000|8.3900
100500|8.3900|8.4100|8.3900|8.4000|191400|1607336.0000|8.4000
101000|8.3900|8.4000|8.3900|8.3900|154500|1296652.0000|8.3900
101500|8.3900|8.4000|8.3900|8.3900|119500|1002916.0000|8.3900
102000|8.3900|8.4100|8.3900|8.4100|396000|3326768.0000|8.4100
102500|8.4000|8.4100|8.4000|8.4100|96000|807238.0000|8.4100
103000|8.4000|8.4200|8.4000|8.4200|386500|3250630.0000|8.4200
103500|8.4200|8.4200|8.4100|8.4100|127500|1072730.0000|8.4100
104000|8.4100|8.4200|8.4100|8.4200|187500|1578554.0000|8.4200
104500|8.4100|8.4200|8.4100|8.4100|95700|805068.0000|8.4100
105000|8.4100|8.4200|8.4100|8.4200|66500|559660.0000|8.4200
105500|8.4100|8.4200|8.4100|8.4200|223200|1878940.0000|8.4200
110000|8.4200|8.4300|8.4100|8.4200|225300|1897028.0000|8.4200
110500|8.4100|8.4200|8.4100|8.4200|161100|1356256.0000|8.4200
111000|8.4100|8.4200|8.4100|8.4200|76300|642412.0000|8.4200
111500|8.4200|8.4300|8.4100|8.4200|66200|557448.0000|8.4200
112000|8.4100|8.4200|8.4100|8.4200|69700|586340.0000|8.4200
112500|8.4200|8.4200|8.4100|8.4100|17800|149776.0000|8.4100
113000|8.4100|8.4200|8.4100|8.4200|95200|800464.0000|8.4200
130500|8.4100|8.4100|8.3900|8.3900|531100|4461968.0000|8.3900
131000|8.3900|8.4000|8.3900|8.3900|174100|1460800.0000|8.3900
131500|8.3900|8.4000|8.3800|8.3800|207400|1740144.0000|8.3800
132000|8.3900|8.4000|8.3800|8.3900|103400|867312.0000|8.3900
132500|8.3900|8.4000|8.3800|8.3900|74500|625048.0000|8.3900
133000|8.3900|8.3900|8.3800|8.3900|75400|632132.0000|8.3900
133500|8.3800|8.3900|8.3800|8.3800|148100|1241304.0000|8.3800
134000|8.3800|8.3900|8.3800|8.3900|107200|899352.0000|8.3900
134500|8.3900|8.4000|8.3700|8.3800|485900|4073184.0000|8.3800
135000|8.3800|8.3800|8.3700|8.3800|523100|4379736.0000|8.3800
135500|8.3700|8.3800|8.3600|8.3700|395900|3313992.0000|8.3700
140000|8.3600|8.3800|8.3600|8.3700|115400|965916.0000|8.3700
140500|8.3800|8.3900|8.3700|8.3800|127000|1064060.0000|8.3800
141000|8.3800|8.4000|8.3800|8.4000|624600|5240624.0000|8.4000
141500|8.3900|8.4000|8.3900|8.3900|46500|390312.0000|8.3900
142000|8.3900|8.4000|8.3800|8.3800|247000|2072176.0000|8.3800
142500|8.3800|8.3800|8.3700|8.3800|234800|1965840.0000|8.3800
143000|8.3700|8.3800|8.3700|8.3800|254500|2130256.0000|8.3800
143500|8.3700|8.3800|8.3700|8.3700|192700|1613552.0000|8.3700
144000|8.3700|8.3800|8.3700|8.3700|56600|473968.0000|8.3700
144500|8.3700|8.3800|8.3700|8.3700|117900|987408.0000|8.3700
145000|8.3700|8.3800|8.3600|8.3600|277400|2321824.0000|8.3600
145500|8.3600|8.3800|8.3600|8.3700|188100|1573632.0000|8.3700
150000|8.3700|8.3900|8.3700|8.3700|411400|3446464.0000|8.3700
