093500|8.31|8.31|8.26|8.29|8747.0|7250372.0|8.3
094000|8.3|8.3|8.28|8.29|1869.0|1550127.0|8.29
094500|8.3|8.3|8.28|8.3|2188.0|1813463.0|8.29
095000|8.28|8.3|8.28|8.29|1555.0|1288819.0|8.3
095500|8.29|8.33|8.29|8.32|2480.0|2061524.0|8.29
100000|8.32|8.32|8.3|8.31|994.0|826261.0|8.32
100500|8.3|8.31|8.3|8.31|511.0|424413.0|8.31
101000|8.3|8.32|8.29|8.29|3934.0|3266393.0|8.31
101500|8.29|8.31|8.29|8.31|1397.0|1160058.0|8.29
102000|8.31|8.31|8.29|8.29|630.0|522540.0|8.31
102500|8.3|8.3|8.28|8.29|3173.0|2630408.0|8.29
103000|8.29|8.3|8.29|8.3|1397.0|1159382.0|8.29
103500|8.3|8.31|8.29|8.3|1132.0|939313.0|8.3
104000|8.3|8.3|8.29|8.3|198.0|164338.0|8.3
104500|8.29|8.3|8.29|8.29|1220.0|1011852.0|8.3
105000|8.29|8.29|8.28|8.28|850.0|704150.0|8.29
105500|8.29|8.29|8.28|8.28|165.0|136691.0|8.28
110000|8.29|8.29|8.26|8.27|2277.0|1883833.0|8.28
110500|8.27|8.28|8.26|8.27|297.0|245645.0|8.27
111000|8.27|8.28|8.25|8.25|3392.0|2801916.0|8.27
111500|8.25|8.27|8.25|8.27|831.0|685723.0|8.25
112000|8.27|8.27|8.26|8.27|309.0|255426.0|8.27
112500|8.27|8.27|8.26|8.27|1140.0|942151.0|8.27
113000|8.27|8.28|8.26|8.27|1125.0|930790.0|8.27
130500|8.28|8.29|8.27|8.28|1601.0|1325118.0|8.27
131000|8.28|8.3|8.28|8.3|1179.0|977886.0|8.28
131500|8.3|8.3|8.28|8.29|1011.0|838754.0|8.3
132000|8.29|8.3|8.29|8.29|315.0|261239.0|8.29
132500|8.29|8.3|8.28|8.29|493.0|408645.0|8.29
133000|8.3|8.3|8.28|8.28|944.0|782492.0|8.29
133500|8.3|8.3|8.28|8.29|1147.0|950988.0|8.28
134000|8.29|8.3|8.28|8.28|741.0|614957.0|8.29
134500|8.29|8.3|8.29|8.29|979.0|811856.0|8.28
135000|8.29|8.29|8.28|8.28|317.0|262582.0|8.29
135500|8.29|8.29|8.28|8.29|227.0|188023.0|8.28
140000|8.29|8.29|8.28|8.28|530.0|438641.0|8.29
140500|8.29|8.3|8.28|8.28|531.0|440859.0|8.28
141000|8.29|8.29|8.28|8.28|401.0|332093.0|8.28
141500|8.28|8.29|8.27|8.27|618.0|511722.0|8.28
142000|8.27|8.28|8.27|8.28|252.0|208241.0|8.27
142500|8.28|8.28|8.25|8.25|1859.0|1535625.0|8.28
143000|8.25|8.27|8.25|8.27|1323.0|1093261.0|8.25
143500|8.27|8.28|8.26|8.26|577.0|477658.0|8.27
144000|8.26|8.28|8.26|8.26|776.0|641583.0|8.26
144500|8.27|8.27|8.25|8.25|1978.0|1634086.0|8.26
145000|8.26|8.27|8.25|8.26|1976.0|1631670.0|8.25
145500|8.26|8.26|8.25|8.26|1781.0|1469702.0|8.26
150000|8.26|8.26|8.25|8.26|3132.0|2586459.0|8.26
