093500|14.9800|15.0500|14.9100|15.0000|539800|8082200.0000|15.0000
094000|15.0000|15.0300|14.9500|14.9800|273400|4097330.0000|14.9800
094500|14.9700|14.9800|14.9300|14.9700|201800|3016730.0000|14.9700
095000|14.9500|14.9800|14.9300|14.9300|216800|3240313.0000|14.9300
095500|14.9300|14.9500|14.9100|14.9300|260000|3881840.0000|14.9300
100000|14.9400|14.9500|14.9300|14.9300|93400|1395364.0000|14.9300
100500|14.9300|14.9300|14.8600|14.8900|721800|10750594.0000|14.8900
101000|14.8900|14.9400|14.8800|14.9400|159300|2375364.0000|14.9400
101500|14.9400|14.9800|14.9400|14.9500|280400|4192776.0000|14.9500
102000|14.9500|14.9600|14.9100|14.9200|136800|2042660.0000|14.9200
102500|14.9200|14.9200|14.8800|14.9000|324000|4824300.0000|14.9000
103000|14.9000|14.9000|14.8600|14.8600|206000|3066480.0000|14.8600
103500|14.8600|14.8700|14.8300|14.8300|227000|3371528.0000|14.8300
104000|14.8300|14.8400|14.8200|14.8400|254800|3778308.0000|14.8400
104500|14.8400|14.8400|14.8300|14.8300|82200|1219376.0000|14.8300
105000|14.8300|14.8400|14.8200|14.8300|143500|2127944.0000|14.8300
105500|14.8200|14.8300|14.8100|14.8200|199700|2959268.0000|14.8200
110000|14.8200|14.8200|14.8000|14.8000|214000|3170004.0000|14.8000
110500|14.8000|14.8100|14.7900|14.8000|252500|3736632.0000|14.8000
111000|14.8000|14.8000|14.7900|14.8000|269600|3988312.0000|14.8000
111500|14.7900|14.8000|14.7500|14.7500|259400|3833936.0000|14.7500
112000|14.7700|14.8000|14.7400|14.7900|443700|6550224.0000|14.7900
112500|14.7900|14.8000|14.7800|14.7800|56500|835568.0000|14.7800
113000|14.7800|14.7900|14.7700|14.7800|93000|1374248.0000|14.7800
130500|14.7900|14.7900|14.7400|14.7600|195700|2888840.0000|14.7600
131000|14.7600|14.7600|14.7200|14.7300|271200|3995328.0000|14.7300
131500|14.7300|14.7700|14.7300|14.7700|276900|4082928.0000|14.7700
132000|14.7800|14.8100|14.7800|14.8100|187200|2770488.0000|14.8100
132500|14.8100|14.8400|14.7900|14.8000|181000|2680408.0000|14.8000
133000|14.8000|14.8000|14.7800|14.7900|111800|1654064.0000|14.7900
133500|14.7900|14.7900|14.7600|14.7700|85500|1263184.0000|14.7700
134000|14.7700|14.7700|14.7200|14.7200|128500|1894496.0000|14.7200
134500|14.7200|14.7400|14.7200|14.7300|183200|2698464.0000|14.7300
135000|14.7300|14.7600|14.7200|14.7300|182500|2690432.0000|14.7300
135500|14.7300|14.7500|14.7300|14.7300|115000|1694856.0000|14.7300
140000|14.7300|14.7500|14.7200|14.7400|159900|2355432.0000|14.7400
140500|14.7400|14.8100|14.7300|14.8000|298400|4409984.0000|14.8000
141000|14.8000|14.8300|14.7700|14.7800|261100|3863528.0000|14.7800
141500|14.7700|14.8000|14.7600|14.7800|103600|1531560.0000|14.7800
142000|14.7900|14.8400|14.7800|14.8200|147600|2186320.0000|14.8200
142500|14.8100|14.8400|14.8000|14.8100|98800|1463904.0000|14.8100
143000|14.8100|14.8200|14.7700|14.7900|167700|2482272.0000|14.7900
143500|14.8000|14.8000|14.7400|14.7400|164500|2429072.0000|14.7400
144000|14.7300|14.7700|14.7300|14.7700|225200|3319984.0000|14.7700
144500|14.7700|14.7800|14.7600|14.7700|117700|1738848.0000|14.7700
145000|14.7700|14.7700|14.7100|14.7300|353800|5213648.0000|14.7300
145500|14.7300|14.7500|14.7200|14.7400|267200|3936608.0000|14.7400
150000|14.7500|14.7600|14.7400|14.7500|521200|7687616.0000|14.7500
