093500|13.8100|13.8800|13.7100|13.8400|1034000|14263666.0000|13.8400
094000|13.8300|13.8400|13.7400|13.7700|1038200|14306690.0000|13.7700
094500|13.7600|13.8300|13.7100|13.7600|519800|7158332.0000|13.7600
095000|13.7600|13.7700|13.6100|13.6400|963800|13168380.0000|13.6400
095500|13.6200|13.6800|13.5400|13.6100|857000|11650636.0000|13.6100
100000|13.6100|13.7200|13.6000|13.6700|354800|4851948.0000|13.6700
100500|13.6700|13.7100|13.5200|13.5300|416300|5669976.0000|13.5300
101000|13.5300|13.5400|13.4600|13.4700|687600|9280968.0000|13.4700
101500|13.4700|13.5500|13.4600|13.5100|528500|7137544.0000|13.5100
102000|13.5100|13.5200|13.3500|13.4100|970800|13027576.0000|13.4100
102500|13.4100|13.5400|13.4000|13.4600|584300|7865056.0000|13.4600
103000|13.4600|13.5300|13.4200|13.4200|313600|4223528.0000|13.4200
103500|13.4200|13.4900|13.4000|13.4500|493900|6633280.0000|13.4500
104000|13.4500|13.4500|13.3100|13.3300|405000|5417240.0000|13.3300
104500|13.3300|13.3500|13.2500|13.2600|884200|11754288.0000|13.2600
105000|13.2600|13.3600|13.2600|13.2600|439100|5842704.0000|13.2600
105500|13.2600|13.2700|13.1600|13.2500|1201500|15875184.0000|13.2500
110000|13.2500|13.3700|13.2500|13.3200|363400|4842784.0000|13.3200
110500|13.3200|13.5000|13.3000|13.4900|413300|5531888.0000|13.4900
111000|13.4900|13.5600|13.4400|13.5400|374600|5062032.0000|13.5400
111500|13.5400|13.5500|13.4000|13.4100|215900|2914640.0000|13.4100
112000|13.4100|13.5300|13.3700|13.5100|285000|3827152.0000|13.5100
112500|13.5100|13.5300|13.4400|13.4800|155900|2103408.0000|13.4800
113000|13.4800|13.5200|13.4500|13.5200|232000|3125536.0000|13.5200
130500|13.5200|13.5500|13.4000|13.4000|277800|3743104.0000|13.4000
131000|13.4000|13.4200|13.3300|13.3400|182300|2437232.0000|13.3400
131500|13.3400|13.4900|13.3300|13.4900|264500|3537776.0000|13.4900
132000|13.4900|13.6000|13.4900|13.5800|382700|5184928.0000|13.5800
132500|13.5800|13.6400|13.5500|13.5500|353200|4801216.0000|13.5500
133000|13.5500|13.6400|13.5500|13.6200|233600|3176432.0000|13.6200
133500|13.6200|13.7200|13.6200|13.6400|407800|5571072.0000|13.6400
134000|13.6400|13.7000|13.6000|13.6500|213000|2907584.0000|13.6500
134500|13.6500|13.6800|13.6000|13.6500|175100|2388608.0000|13.6500
135000|13.6500|13.7600|13.6300|13.7500|264300|3621136.0000|13.7500
135500|13.7500|13.7700|13.7300|13.7400|188100|2586256.0000|13.7400
140000|13.7500|13.8700|13.7400|13.8700|405100|5596304.0000|13.8700
140500|13.8700|13.8700|13.7100|13.7200|322300|4439840.0000|13.7200
141000|13.7200|13.8000|13.6700|13.7800|199900|2748752.0000|13.7800
141500|13.7800|13.8200|13.7500|13.8100|200800|2768768.0000|13.8100
142000|13.8100|13.8200|13.7200|13.7300|165000|2270848.0000|13.7300
142500|13.7300|13.7500|13.6300|13.6600|274600|3756400.0000|13.6600
143000|13.6600|13.6800|13.6300|13.6800|265700|3625936.0000|13.6800
143500|13.6800|13.6900|13.6300|13.6600|253700|3466224.0000|13.6600
144000|13.6600|13.6800|13.6100|13.6100|231700|3161280.0000|13.6100
144500|13.6100|13.6200|13.5200|13.5300|309500|4198512.0000|13.5300
145000|13.5300|13.5400|13.4900|13.5400|341800|4619680.0000|13.5400
145500|13.5400|13.6400|13.5400|13.6000|384200|5223264.0000|13.6000
150000|13.6000|13.6100|13.5300|13.5400|322100|4371744.0000|13.5400
