093500|14.9500|14.9800|14.9100|14.9400|1032400|15437597.0000|14.9400
094000|14.9400|14.9400|14.8800|14.9000|824900|12304831.0000|14.9000
094500|14.8800|14.9000|14.8700|14.8800|433300|6449508.0000|14.8800
095000|14.8900|14.9400|14.8800|14.9300|494900|7382020.0000|14.9300
095500|14.9200|14.9400|14.9000|14.9300|293600|4380680.0000|14.9300
100000|14.9300|14.9600|14.9300|14.9600|384500|5747168.0000|14.9600
100500|14.9600|14.9700|14.9100|14.9300|312700|4672180.0000|14.9300
101000|14.9200|14.9800|14.9200|14.9800|338500|5063872.0000|14.9800
101500|14.9900|15.0100|14.9700|14.9800|551900|8276256.0000|14.9800
102000|14.9800|15.0000|14.9500|14.9700|542500|8121384.0000|14.9700
102500|14.9700|14.9800|14.9500|14.9800|363900|5446592.0000|14.9800
103000|14.9800|14.9800|14.9400|14.9600|273900|4096392.0000|14.9600
103500|14.9700|14.9700|14.9300|14.9300|262600|3925376.0000|14.9300
104000|14.9300|14.9400|14.9200|14.9300|314100|4689688.0000|14.9300
104500|14.9300|14.9400|14.9200|14.9400|195000|2911664.0000|14.9400
105000|14.9300|14.9400|14.9300|14.9400|137000|2045672.0000|14.9400
105500|14.9400|14.9400|14.9200|14.9300|162100|2419784.0000|14.9300
110000|14.9300|14.9400|14.9100|14.9200|186900|2788736.0000|14.9200
110500|14.9200|14.9200|14.8900|14.9000|222200|3311352.0000|14.9000
111000|14.9000|14.9100|14.8900|14.9100|76800|1144568.0000|14.9100
111500|14.9100|14.9100|14.8900|14.9000|161200|2401656.0000|14.9000
112000|14.9000|14.9100|14.8900|14.9100|210400|3133568.0000|14.9100
112500|14.9000|14.9100|14.8900|14.8900|68900|1026568.0000|14.8900
113000|14.9000|14.9100|14.8900|14.9000|78700|1172496.0000|14.9000
130500|14.9000|14.9100|14.8800|14.9000|265200|3949704.0000|14.9000
131000|14.8900|14.9200|14.8900|14.9100|84600|1260848.0000|14.9100
131500|14.9100|14.9900|14.9100|14.9800|612800|9171320.0000|14.9800
132000|14.9900|15.0000|14.9800|14.9800|429600|6441560.0000|14.9800
132500|14.9900|15.0000|14.9700|14.9800|149300|2237280.0000|14.9800
133000|14.9800|15.0000|14.9700|15.0000|189300|2836960.0000|15.0000
133500|14.9900|15.0600|14.9900|15.0600|742300|11151728.0000|15.0600
134000|15.0500|15.0600|15.0300|15.0300|359300|5406256.0000|15.0300
134500|15.0300|15.0900|15.0200|15.0600|808300|12168304.0000|15.0600
135000|15.0600|15.0600|15.0200|15.0400|372900|5610656.0000|15.0400
135500|15.0200|15.0700|15.0200|15.0500|565200|8498592.0000|15.0500
140000|15.0500|15.0500|15.0300|15.0400|289300|4351488.0000|15.0400
140500|15.0400|15.0600|15.0300|15.0600|408800|6151584.0000|15.0600
141000|15.0600|15.0600|15.0400|15.0500|110200|1658592.0000|15.0500
141500|15.0500|15.0500|15.0300|15.0400|189000|2842624.0000|15.0400
142000|15.0400|15.0400|15.0300|15.0400|134600|2023904.0000|15.0400
142500|15.0400|15.0500|15.0300|15.0400|430400|6475392.0000|15.0400
143000|15.0400|15.0600|15.0400|15.0400|209600|3154000.0000|15.0400
143500|15.0500|15.0500|15.0200|15.0300|313800|4718240.0000|15.0300
144000|15.0300|15.0500|15.0200|15.0200|422200|6345232.0000|15.0200
144500|15.0200|15.0400|15.0200|15.0200|369000|5544912.0000|15.0200
145000|15.0300|15.0500|15.0200|15.0300|386700|5813088.0000|15.0300
145500|15.0300|15.0300|15.0000|15.0000|425500|6390416.0000|15.0000
150000|15.0100|15.0200|15.0000|15.0100|185500|2784064.0000|15.0100
