093500|24.3000|24.4800|24.3000|24.3700|2107600|51367468.0000|24.3700
094000|24.3700|24.3800|24.2900|24.3600|1548000|37666092.0000|24.3600
094500|24.3300|24.4400|24.2600|24.4400|1558300|37963200.0000|24.4400
095000|24.4400|24.5000|24.3800|24.4100|1523000|37207336.0000|24.4100
095500|24.4100|24.4200|24.2600|24.2700|1368900|33345936.0000|24.2700
100000|24.2700|24.2800|24.1800|24.1900|1836700|44477104.0000|24.1900
100500|24.1900|24.4300|24.1900|24.3900|1693900|41270176.0000|24.3900
101000|24.4000|24.4000|24.3500|24.3900|636500|15513984.0000|24.3900
101500|24.4000|24.4200|24.3000|24.3200|664400|16203520.0000|24.3200
102000|24.3100|24.4100|24.3000|24.3900|437900|10663200.0000|24.3900
102500|24.3900|24.4700|24.3600|24.4500|845100|20644032.0000|24.4500
103000|24.4500|24.4600|24.3700|24.3700|526500|12853088.0000|24.3700
103500|24.3800|24.3800|24.3000|24.3200|533000|12969984.0000|24.3200
104000|24.3200|24.3500|24.2300|24.3500|1014200|24632384.0000|24.3500
104500|24.3400|24.3900|24.3300|24.3700|825200|20098624.0000|24.3700
105000|24.3700|24.3700|24.3000|24.3500|533800|12991296.0000|24.3500
105500|24.3400|24.3500|24.3000|24.3300|398500|9690144.0000|24.3300
110000|24.3200|24.3300|24.2500|24.2600|591800|14375712.0000|24.2600
110500|24.2600|24.2700|24.2300|24.2500|694700|16845856.0000|24.2500
111000|24.2600|24.2800|24.2000|24.2100|789600|19134752.0000|24.2100
111500|24.2000|24.2500|24.2000|24.2400|500300|12113920.0000|24.2400
112000|24.2400|24.2400|24.2000|24.2000|399500|9675264.0000|24.2000
112500|24.2000|24.2200|24.1900|24.2000|442900|10719264.0000|24.2000
113000|24.1900|24.2000|24.1400|24.1600|978800|23652036.0000|24.1600
130500|24.1600|24.1700|24.1100|24.1300|1164300|28103234.0000|24.1300
131000|24.1400|24.2000|24.1000|24.2000|867000|20916348.0000|24.2000
131500|24.1900|24.2500|24.1700|24.2300|477900|11573568.0000|24.2300
132000|24.2200|24.3100|24.2200|24.2900|588600|14290048.0000|24.2900
132500|24.3100|24.4100|24.2700|24.4100|1055100|25696506.0000|24.4100
133000|24.4100|24.4200|24.3700|24.3700|959600|23416708.0000|24.3700
133500|24.3700|24.3800|24.3300|24.3500|644100|15686402.0000|24.3500
134000|24.3300|24.3900|24.3000|24.3900|646200|15727424.0000|24.3900
134500|24.4000|24.4300|24.3800|24.4300|813400|19858998.0000|24.4300
135000|24.4200|24.4200|24.3800|24.3900|339700|8288768.0000|24.3900
135500|24.3900|24.4100|24.3400|24.3600|530300|12928192.0000|24.3600
140000|24.3500|24.3500|24.2700|24.2900|847200|20581132.0000|24.2900
140500|24.2900|24.3200|24.2900|24.2900|385700|9371901.0000|24.2900
141000|24.3000|24.3100|24.2500|24.2500|574000|13940417.0000|24.2500
141500|24.2500|24.2900|24.2500|24.2800|471200|11437187.0000|24.2800
142000|24.2700|24.2900|24.2600|24.2800|320000|7769341.0000|24.2800
142500|24.2800|24.2900|24.2500|24.2500|386300|9373316.0000|24.2500
143000|24.2600|24.3000|24.2500|24.2800|294300|7141888.0000|24.2800
143500|24.2800|24.2900|24.2200|24.2400|1202000|29154561.0000|24.2400
144000|24.2300|24.2600|24.2300|24.2500|537200|13025402.0000|24.2500
144500|24.2400|24.2500|24.2100|24.2200|944100|22874233.0000|24.2200
145000|24.2200|24.2800|24.2200|24.2700|579800|14064652.0000|24.2700
145500|24.2600|24.2900|24.2400|24.2700|996700|24181182.0000|24.2700
150000|24.2600|24.2800|24.2500|24.2800|962000|23351553.0000|24.2800
