09350000|12.0678807800|12.2789248000|12.0678807800|12.2789248000|755300|9600645.0000|12.2789248000
09400000|12.2693318900|12.2981106200|12.2309602500|12.2309602500|520700|6655164.0000|12.2309602500
09450000|12.2309602500|12.2309602500|12.1446240600|12.1734027900|461500|5855726.0000|12.1734027900
09500000|12.1734027900|12.2213673400|12.1350311500|12.1734027900|238900|3034457.0000|12.1734027900
09550000|12.1925886100|12.1925886100|12.1542169700|12.1542169700|213500|2708047.0000|12.1542169700
10000000|12.1542169700|12.1542169700|12.0774736900|12.1062524200|267612|3379005.0000|12.1062524200
10050000|12.1062524200|12.1925886100|12.0966595100|12.1925886100|165500|2097169.0000|12.1925886100
10100000|12.1925886100|12.2117744300|12.1638098800|12.1925886100|126900|1613358.0000|12.1925886100
10150000|12.1925886100|12.2021815200|12.1350311500|12.1446240600|115500|1463365.0000|12.1446240600
10200000|12.1254382400|12.1350311500|12.1062524200|12.1062524200|166200|2100409.0000|12.1062524200
10250000|12.1062524200|12.1158453300|12.0966595100|12.1062524200|90900|1146877.0000|12.1062524200
10300000|12.1158453300|12.1254382400|12.1062524200|12.1158453300|74900|946124.0000|12.1158453300
10350000|12.1158453300|12.1350311500|12.1158453300|12.1158453300|48600|614005.0000|12.1158453300
10400000|12.1158453300|12.1446240600|12.1158453300|12.1446240600|42900|542544.0000|12.1446240600
10450000|12.1446240600|12.1638098800|12.1350311500|12.1446240600|28200|357192.0000|12.1446240600
10500000|12.1446240600|12.1542169700|12.1158453300|12.1158453300|168900|2136265.0000|12.1158453300
10550000|12.1158453300|12.1350311500|12.0966595100|12.0966595100|109900|1387764.0000|12.0966595100
11000000|12.1062524200|12.1350311500|12.0966595100|12.0966595100|85700|1081631.0000|12.0966595100
11050000|12.0966595100|12.1734027900|12.0966595100|12.1446240600|108500|1373901.0000|12.1446240600
11100000|12.1446240600|12.1446240600|12.1062524200|12.1350311500|39800|502985.0000|12.1350311500
11150000|12.1350311500|12.1638098800|12.1062524200|12.1638098800|106000|1340783.0000|12.1638098800
11200000|12.1542169700|12.1638098800|12.1350311500|12.1350311500|30200|382448.0000|12.1350311500
11250000|12.1350311500|12.1446240600|12.1254382400|12.1254382400|50493|638733.0000|12.1254382400
11300000|12.1350311500|12.1350311500|12.0966595100|12.1062524200|73507|928231.0000|12.1062524200
13050000|12.1062524200|12.1158453300|12.0870666000|12.0870666000|191600|2416270.0000|12.0870666000
13100000|12.0870666000|12.1158453300|12.0774736900|12.0870666000|81200|1023616.0000|12.0870666000
13150000|12.0870666000|12.0870666000|12.0391020500|12.0582878700|249700|3139443.0000|12.0582878700
13200000|12.0582878700|12.0582878700|12.0103233200|12.0295091400|261900|3282307.0000|12.0295091400
13250000|12.0295091400|12.0870666000|12.0295091400|12.0774736900|118100|1483506.0000|12.0774736900
13300000|12.0774736900|12.0870666000|12.0486949600|12.0678807800|83100|1045449.0000|12.0678807800
13350000|12.0678807800|12.0678807800|12.0295091400|12.0486949600|61700|774489.0000|12.0486949600
13400000|12.0486949600|12.0486949600|12.0199162300|12.0295091400|90200|1131047.0000|12.0295091400
13450000|12.0295091400|12.0391020500|12.0007304100|12.0103233200|150200|1881930.0000|12.0103233200
13500000|12.0199162300|12.0870666000|12.0199162300|12.0870666000|108480|1363995.0000|12.0870666000
13550000|12.0870666000|12.0966595100|12.0582878700|12.0678807800|28000|352313.0000|12.0678807800
14000000|12.0678807800|12.0870666000|12.0486949600|12.0582878700|111000|1396175.0000|12.0582878700
14050000|12.0582878700|12.0678807800|12.0391020500|12.0582878700|62200|781302.0000|12.0582878700
14100000|12.0582878700|12.0678807800|12.0391020500|12.0486949600|71600|899692.0000|12.0486949600
14150000|12.0486949600|12.0486949600|12.0103233200|12.0199162300|179126|2244262.0000|12.0199162300
14200000|12.0199162300|12.0966595100|12.0199162300|12.0966595100|111900|1407536.0000|12.0966595100
14250000|12.0966595100|12.0966595100|12.0678807800|12.0678807800|93400|1176666.0000|12.0678807800
14300000|12.0678807800|12.0870666000|12.0486949600|12.0678807800|36984|465200.0000|12.0678807800
14350000|12.0678807800|12.0774736900|12.0295091400|12.0295091400|68816|864171.0000|12.0295091400
14400000|12.0295091400|12.0391020500|11.9911375000|12.0103233200|164201|2056863.0000|12.0103233200
14450000|12.0103233200|12.0103233200|11.9815445900|12.0007304100|181900|2274510.0000|12.0007304100
14500000|12.0007304100|12.0007304100|11.9719516800|11.9815445900|177500|2218189.0000|11.9815445900
14550000|11.9815445900|11.9815445900|11.9431729500|11.9527658600|231000|2880553.0000|11.9527658600
15000000|11.9623587700|11.9815445900|11.9431729500|11.9815445900|259600|3238747.0000|11.9815445900
