09350000|14.2482815100|14.3454068100|14.2482815100|14.3065566900|1909974|28093454.0000|14.3065566900
09400000|14.3065566900|14.3939694600|14.3065566900|14.3259817500|959100|14166067.0000|14.3259817500
09450000|14.3259817500|14.3939694600|14.2677065700|14.3939694600|895500|13200426.0000|14.3939694600
09500000|14.3939694600|14.5105198200|14.3259817500|14.3356942800|1832900|27239688.0000|14.3356942800
09550000|14.3454068100|14.3745444000|14.2871316300|14.3065566900|1004100|14820426.0000|14.3065566900
10000000|14.2968441600|14.3065566900|14.2385689800|14.2385689800|1009600|14839968.0000|14.2385689800
10050000|14.2482815100|14.2968441600|14.2385689800|14.2871316300|636157|9339356.0000|14.2871316300
10100000|14.2871316300|14.3065566900|14.2579940400|14.2774191000|444300|6533348.0000|14.2774191000
10150000|14.2677065700|14.2774191000|14.1997188600|14.2482815100|895158|13119330.0000|14.2482815100
10200000|14.2579940400|14.3162692200|14.2579940400|14.2871316300|557782|8204344.0000|14.2871316300
10250000|14.2871316300|14.2968441600|14.2385689800|14.2482815100|262600|3858116.0000|14.2482815100
10300000|14.2482815100|14.2482815100|14.1997188600|14.2191439200|562000|8229236.0000|14.2191439200
10350000|14.2191439200|14.2191439200|14.1511562100|14.1705812700|919300|13418820.0000|14.1705812700
10400000|14.1705812700|14.1997188600|14.1511562100|14.1900063300|525369|7666144.0000|14.1900063300
10450000|14.1900063300|14.2094313900|14.1705812700|14.1900063300|329500|4812507.0000|14.1900063300
10500000|14.1802938000|14.1997188600|14.1705812700|14.1802938000|320400|4677959.0000|14.1802938000
10550000|14.1802938000|14.2191439200|14.1705812700|14.1997188600|234500|3425743.0000|14.1997188600
11000000|14.1997188600|14.2094313900|14.1900063300|14.1900063300|368632|5389105.0000|14.1900063300
11050000|14.1900063300|14.1997188600|14.1608687400|14.1608687400|325368|4751264.0000|14.1608687400
11100000|14.1608687400|14.1608687400|14.1123060900|14.1414436800|949200|13818154.0000|14.1414436800
11150000|14.1414436800|14.1414436800|14.1220186200|14.1220186200|444125|6459683.0000|14.1220186200
11200000|14.1220186200|14.1317311500|14.0831685000|14.1317311500|734700|10667787.0000|14.1317311500
11250000|14.1317311500|14.1511562100|14.1025935600|14.1220186200|261600|3804543.0000|14.1220186200
11300000|14.1123060900|14.1220186200|14.0928810300|14.1123060900|330432|4798075.0000|14.1123060900
13050000|14.1123060900|14.1123060900|14.0346058500|14.0346058500|1081043|15661227.0000|14.0346058500
13100000|14.0443183800|14.0540309100|14.0054682600|14.0443183800|633500|9149182.0000|14.0443183800
13150000|14.0248933200|14.0443183800|14.0151807900|14.0443183800|348462|5031872.0000|14.0443183800
13200000|14.0443183800|14.0443183800|14.0151807900|14.0248933200|326539|4716496.0000|14.0248933200
13250000|14.0248933200|14.0928810300|14.0248933200|14.0734559700|409700|5924640.0000|14.0734559700
13300000|14.0637434400|14.1123060900|14.0540309100|14.0928810300|345400|5006928.0000|14.0928810300
13350000|14.0831685000|14.0831685000|14.0346058500|14.0443183800|506600|7332704.0000|14.0443183800
13400000|14.0443183800|14.0734559700|14.0346058500|14.0540309100|304300|4402816.0000|14.0540309100
13450000|14.0540309100|14.0928810300|14.0443183800|14.0831685000|282000|4087504.0000|14.0831685000
13500000|14.0928810300|14.1123060900|14.0734559700|14.0831685000|497200|7214384.0000|14.0831685000
13550000|14.0734559700|14.0734559700|14.0346058500|14.0540309100|267000|3863472.0000|14.0540309100
14000000|14.0540309100|14.0637434400|14.0346058500|14.0540309100|285800|4133488.0000|14.0540309100
14050000|14.0540309100|14.0637434400|14.0151807900|14.0151807900|719600|10395904.0000|14.0151807900
14100000|14.0151807900|14.0346058500|14.0151807900|14.0248933200|218000|3148096.0000|14.0248933200
14150000|14.0248933200|14.0540309100|14.0248933200|14.0540309100|204300|2953024.0000|14.0540309100
14200000|14.0540309100|14.0734559700|14.0443183800|14.0637434400|182100|2636176.0000|14.0637434400
14250000|14.0443183800|14.0637434400|14.0443183800|14.0540309100|232300|3361968.0000|14.0540309100
14300000|14.0540309100|14.0928810300|14.0540309100|14.0831685000|254700|3691808.0000|14.0831685000
14350000|14.0734559700|14.0831685000|14.0637434400|14.0734559700|293700|4254912.0000|14.0734559700
14400000|14.0637434400|14.0831685000|14.0540309100|14.0637434400|514210|7447344.0000|14.0637434400
14450000|14.0734559700|14.0734559700|14.0540309100|14.0637434400|357300|5172320.0000|14.0637434400
14500000|14.0637434400|14.0637434400|14.0443183800|14.0540309100|564632|8169552.0000|14.0540309100
14550000|14.0540309100|14.0637434400|14.0443183800|14.0540309100|584000|8447920.0000|14.0540309100
15000000|14.0540309100|14.0540309100|14.0151807900|14.0151807900|1306500|18871584.0000|14.0151807900
