093500|26.55|26.83|26.46|26.61|20709.0|55412814.0|26.73
094000|26.61|26.61|26.39|26.39|14271.0|37979450.0|26.61
094500|26.39|26.45|26.35|26.39|9201.0|24427918.0|26.39
095000|26.38|26.54|26.37|26.42|6837.0|18192642.0|26.39
095500|26.38|26.38|26.23|26.31|13361.0|35343969.0|26.42
100000|26.31|26.34|26.23|26.29|8324.0|22002320.0|26.31
100500|26.28|26.32|26.22|26.22|6917.0|18271550.0|26.29
101000|26.22|26.32|26.2|26.32|7744.0|20428133.0|26.22
101500|26.32|26.38|26.26|26.37|6031.0|15970335.0|26.32
102000|26.36|26.38|26.32|26.35|2658.0|7045647.0|26.37
102500|26.35|26.36|26.27|26.32|3625.0|9593540.0|26.35
103000|26.32|26.37|26.31|26.32|3258.0|8631871.0|26.32
103500|26.31|26.36|26.28|26.3|4845.0|12822281.0|26.32
104000|26.29|26.34|26.29|26.34|1570.0|4154140.0|26.3
104500|26.33|26.39|26.32|26.36|2180.0|5781930.0|26.34
105000|26.36|26.38|26.25|26.27|4864.0|12860700.0|26.36
105500|26.31|26.32|26.25|26.26|2801.0|7403369.0|26.27
110000|26.26|26.26|26.21|26.23|3632.0|9584777.0|26.26
110500|26.23|26.23|26.17|26.18|5159.0|13592326.0|26.23
111000|26.19|26.21|26.16|26.17|4519.0|11897993.0|26.18
111500|26.16|26.28|26.16|26.28|3624.0|9549231.0|26.17
112000|26.28|26.28|26.2|26.21|1493.0|3938342.0|26.28
112500|26.22|26.24|26.16|26.24|2244.0|5909241.0|26.21
113000|26.23|26.26|26.16|26.17|1619.0|4267286.0|26.24
130500|26.19|26.22|26.13|26.14|10243.0|26943079.0|26.17
131000|26.15|26.15|26.07|26.07|5154.0|13533730.0|26.14
131500|26.07|26.11|26.04|26.04|4637.0|12155256.0|26.07
132000|26.04|26.1|26.01|26.01|4253.0|11141378.0|26.04
132500|26.01|26.01|25.9|25.96|8187.0|21368554.0|26.01
133000|25.96|26.02|25.94|26.02|3220.0|8412121.0|25.96
133500|26.01|26.02|25.95|25.96|3489.0|9114543.0|26.02
134000|25.96|25.98|25.91|25.98|3809.0|9938211.0|25.96
134500|25.97|26.0|25.95|25.95|3521.0|9200325.0|25.98
135000|25.95|25.99|25.94|25.95|2368.0|6183104.0|25.95
135500|25.95|26.14|25.94|26.13|4127.0|10819447.0|25.95
140000|26.12|26.2|26.09|26.09|7358.0|19346828.0|26.13
140500|26.08|26.08|25.95|25.95|4312.0|11275340.0|26.09
141000|25.94|25.96|25.91|25.96|5532.0|14428327.0|25.95
141500|25.94|25.95|25.85|25.9|8963.0|23330922.0|25.96
142000|25.87|25.88|25.81|25.81|7479.0|19446956.0|25.9
142500|25.81|25.92|25.76|25.86|7305.0|18968027.0|25.81
143000|25.86|25.92|25.85|25.87|5586.0|14536896.0|25.86
143500|25.88|25.9|25.77|25.77|7594.0|19729229.0|25.87
144000|25.76|25.81|25.75|25.78|6465.0|16761782.0|25.77
144500|25.77|25.82|25.76|25.8|6004.0|15574772.0|25.78
145000|25.8|25.81|25.73|25.73|8509.0|22046385.0|25.8
145500|25.73|25.76|25.68|25.75|12652.0|32716833.0|25.73
150000|25.75|25.78|25.72|25.72|10571.0|27364193.0|25.75
