093500|7.63|7.64|7.55|7.6|17579.0|13315732.0|7.65
094000|7.6|7.63|7.58|7.58|9108.0|6924727.0|7.6
094500|7.58|7.61|7.58|7.6|7261.0|5514872.0|7.58
095000|7.61|7.61|7.58|7.59|6729.0|5108381.0|7.6
095500|7.59|7.6|7.58|7.59|3423.0|2597560.0|7.59
100000|7.6|7.65|7.59|7.64|5597.0|4263039.0|7.59
100500|7.64|7.65|7.63|7.64|5371.0|4101592.0|7.64
101000|7.65|7.65|7.61|7.61|5059.0|3855720.0|7.64
101500|7.61|7.61|7.58|7.6|12017.0|9122625.0|7.61
102000|7.6|7.61|7.58|7.59|1832.0|1391112.0|7.6
102500|7.58|7.59|7.57|7.57|2484.0|1881863.0|7.59
103000|7.57|7.58|7.57|7.57|2968.0|2247200.0|7.57
103500|7.58|7.58|7.57|7.58|2183.0|1653912.0|7.57
104000|7.58|7.59|7.57|7.57|2162.0|1638326.0|7.58
104500|7.57|7.58|7.56|7.57|6431.0|4864061.0|7.57
105000|7.58|7.58|7.56|7.57|2863.0|2167837.0|7.57
105500|7.57|7.57|7.56|7.56|3986.0|3015687.0|7.57
110000|7.56|7.57|7.55|7.56|2091.0|1581152.0|7.56
110500|7.56|7.57|7.56|7.57|940.0|710857.0|7.56
111000|7.57|7.58|7.56|7.58|1615.0|1222944.0|7.57
111500|7.58|7.58|7.57|7.57|1254.0|949985.0|7.58
112000|7.57|7.57|7.55|7.57|2746.0|2076968.0|7.57
112500|7.57|7.58|7.56|7.57|1338.0|1012819.0|7.57
113000|7.57|7.59|7.57|7.58|1992.0|1509835.0|7.57
130500|7.57|7.58|7.55|7.56|3858.0|2917146.0|7.58
131000|7.56|7.56|7.54|7.54|6576.0|4964437.0|7.56
131500|7.54|7.55|7.53|7.54|1718.0|1295352.0|7.54
132000|7.54|7.55|7.53|7.54|3637.0|2742754.0|7.54
132500|7.55|7.55|7.54|7.55|2355.0|1776105.0|7.54
133000|7.55|7.55|7.54|7.54|1329.0|1002700.0|7.55
133500|7.54|7.55|7.54|7.55|895.0|674969.0|7.54
134000|7.55|7.56|7.55|7.56|1283.0|969175.0|7.55
134500|7.55|7.57|7.55|7.57|1328.0|1003638.0|7.56
135000|7.57|7.57|7.55|7.55|1194.0|902759.0|7.57
135500|7.55|7.56|7.52|7.52|10935.0|8238583.0|7.55
140000|7.53|7.53|7.52|7.53|2191.0|1648997.0|7.52
140500|7.53|7.53|7.51|7.52|5800.0|4362731.0|7.53
141000|7.52|7.53|7.51|7.52|3430.0|2577944.0|7.52
141500|7.52|7.52|7.5|7.51|9148.0|6864123.0|7.52
142000|7.52|7.52|7.5|7.51|3425.0|2569824.0|7.51
142500|7.51|7.52|7.5|7.52|3627.0|2722374.0|7.51
143000|7.51|7.54|7.51|7.54|2764.0|2079015.0|7.52
143500|7.54|7.54|7.51|7.53|3055.0|2299641.0|7.54
144000|7.52|7.53|7.51|7.52|2056.0|1545310.0|7.53
144500|7.51|7.52|7.51|7.52|2830.0|2126732.0|7.52
145000|7.52|7.53|7.51|7.52|4023.0|3024223.0|7.52
145500|7.52|7.54|7.51|7.53|5268.0|3964868.0|7.52
150000|7.53|7.54|7.53|7.53|3309.0|2492198.0|7.53
