093500|25.86|25.96|25.66|25.91|8137.0|21011091.0|25.6
094000|25.9|25.95|25.63|25.67|2912.0|7525073.0|25.91
094500|25.63|25.67|25.59|25.66|1708.0|4375779.0|25.67
095000|25.66|25.66|25.56|25.59|2049.0|5245098.0|25.66
095500|25.58|25.7|25.58|25.66|909.0|2331530.0|25.59
100000|25.68|25.91|25.68|25.91|1720.0|4436899.0|25.66
100500|25.91|25.92|25.84|25.84|1741.0|4507038.0|25.91
101000|25.86|25.88|25.8|25.82|832.0|2149618.0|25.84
101500|25.81|25.81|25.66|25.68|1394.0|3587416.0|25.82
102000|25.68|25.68|25.6|25.6|1452.0|3722593.0|25.68
102500|25.61|25.68|25.61|25.68|710.0|1819809.0|25.6
103000|25.67|25.73|25.67|25.71|632.0|1623968.0|25.68
103500|25.69|25.79|25.65|25.79|363.0|932872.0|25.71
104000|25.78|25.81|25.77|25.77|763.0|1968002.0|25.79
104500|25.79|25.79|25.69|25.69|378.0|973009.0|25.77
105000|25.7|25.76|25.68|25.76|1270.0|3265502.0|25.69
105500|25.76|25.77|25.71|25.72|285.0|733686.0|25.76
110000|25.72|25.72|25.67|25.68|972.0|2496157.0|25.72
110500|25.68|25.69|25.66|25.68|381.0|978263.0|25.68
111000|25.68|25.69|25.62|25.66|958.0|2456660.0|25.68
111500|25.63|25.72|25.63|25.7|357.0|917070.0|25.66
112000|25.69|25.72|25.68|25.72|220.0|565632.0|25.7
112500|25.72|25.72|25.68|25.71|429.0|1103031.0|25.72
113000|25.69|25.72|25.67|25.71|295.0|758151.0|25.71
130500|25.67|25.69|25.63|25.66|608.0|1562461.0|25.71
131000|25.66|25.68|25.64|25.68|565.0|1449692.0|25.66
131500|25.64|25.67|25.61|25.66|810.0|2076922.0|25.68
132000|25.66|25.66|25.59|25.62|1286.0|3293914.0|25.66
132500|25.62|25.64|25.6|25.6|780.0|1997801.0|25.62
133000|25.59|25.59|25.53|25.54|1330.0|3400094.0|25.6
133500|25.54|25.55|25.46|25.47|1907.0|4864234.0|25.54
134000|25.47|25.51|25.44|25.48|1030.0|2625588.0|25.47
134500|25.48|25.63|25.46|25.61|1451.0|3705693.0|25.48
135000|25.6|25.66|25.55|25.63|1367.0|3501028.0|25.61
135500|25.64|25.72|25.63|25.7|984.0|2526367.0|25.63
140000|25.7|25.71|25.65|25.68|880.0|2260575.0|25.7
140500|25.69|25.7|25.61|25.66|851.0|2184465.0|25.68
141000|25.66|25.66|25.55|25.58|1072.0|2744713.0|25.66
141500|25.56|25.57|25.51|25.55|1782.0|4550514.0|25.58
142000|25.51|25.55|25.47|25.49|1653.0|4215639.0|25.55
142500|25.49|25.56|25.48|25.54|2831.0|7225161.0|25.49
143000|25.53|25.55|25.51|25.52|1307.0|3338003.0|25.54
143500|25.52|25.54|25.49|25.51|1184.0|3021599.0|25.52
144000|25.51|25.54|25.48|25.51|1406.0|3585629.0|25.51
144500|25.51|25.6|25.51|25.59|1536.0|3923322.0|25.51
145000|25.6|25.66|25.58|25.64|1015.0|2599009.0|25.59
145500|25.63|25.65|25.62|25.65|1634.0|4189736.0|25.64
150000|25.64|25.67|25.62|25.65|844.0|2165015.0|25.65
