09350000|69.4326061100|69.9868645000|67.8731672500|68.7562229900|4097693|300246128.0000|68.7562229900
09400000|68.6153098400|68.7844056200|67.9765035600|68.0892340800|1464100|106546800.0000|68.0892340800
09450000|68.0892340800|68.3146951200|67.3658799100|68.2959067000|1441032|103903600.0000|68.2959067000
09500000|68.2865124900|68.4650024800|67.6477062100|67.9201383000|977162|70764240.0000|67.9201383000
09550000|67.9389267200|68.0140804000|67.5913409500|67.8919556700|907665|65498096.0000|67.8919556700
10000000|67.9483209300|67.9483209300|67.1310246600|67.5443699000|1084982|77915616.0000|67.5443699000
10050000|67.4880046400|67.7510425200|67.1216304500|67.7510425200|779728|55976752.0000|67.7510425200
10100000|67.7322541000|67.8261962000|67.3658799100|67.4410335900|667364|48053856.0000|67.4410335900
10150000|67.4692162200|67.6852830500|67.3846683300|67.6571004200|559100|40176048.0000|67.6571004200
10200000|67.6664946300|67.6852830500|66.9901115100|66.9901115100|438500|31437088.0000|66.9901115100
10250000|66.9995057200|67.0276883500|66.7082852100|66.7646504700|457000|32516000.0000|66.7646504700
10300000|66.7552562600|66.8304099400|66.5861604800|66.6894967900|604000|42900192.0000|66.6894967900
10350000|66.6237373200|66.6237373200|66.2385747100|66.4734299600|630148|44518128.0000|66.4734299600
10400000|66.4734299600|66.4828241700|65.9755368300|66.4734299600|513052|36198560.0000|66.4734299600
10450000|66.4546415400|66.5955546900|66.2291805000|66.2291805000|265553|18770896.0000|66.2291805000
10500000|66.2479689200|66.3419110200|66.2291805000|66.2855457600|237992|16788016.0000|66.2855457600
10550000|66.2855457600|66.4640357500|66.1634210300|66.3606994400|351000|24779472.0000|66.3606994400
11000000|66.3606994400|66.3982762800|66.2103920800|66.2291805000|263800|18620896.0000|66.2291805000
11050000|66.2291805000|66.4640357500|66.1916036600|66.3513052300|184000|12987584.0000|66.3513052300
11100000|66.3419110200|66.3513052300|65.7406815800|65.7688642100|517900|36367680.0000|65.7688642100
11150000|65.7594700000|66.1070557700|65.6937105300|66.0976615600|442100|31026496.0000|66.0976615600
11200000|66.1070557700|66.1258441900|65.7594700000|65.7782584200|422647|29632672.0000|65.7782584200
11250000|65.7876526300|66.0225078800|65.7594700000|65.7594700000|307900|21584528.0000|65.7594700000
11300000|65.7594700000|65.9473542000|65.7594700000|65.9285657800|338800|23738320.0000|65.9285657800
13050000|65.9285657800|65.9285657800|65.3273363400|65.3367305500|828315|57779664.0000|65.3367305500
13100000|65.3367305500|65.5058263300|65.2897595000|65.4400668600|508920|35406656.0000|65.4400668600
13150000|65.4212784400|65.4306726500|65.1582405600|65.3930958100|491300|34143056.0000|65.3930958100
13200000|65.4024900200|65.4588552800|65.1300579300|65.3367305500|438960|30496912.0000|65.3367305500
13250000|65.3930958100|65.4306726500|65.0079332000|65.1770289800|432795|30045024.0000|65.1770289800
13300000|65.1770289800|65.2897595000|65.1018753000|65.1018753000|416298|28887552.0000|65.1018753000
13350000|65.1018753000|65.2521826600|65.0924810900|65.1676347700|567011|39320528.0000|65.1676347700
13400000|65.1582405600|65.2803652900|65.1018753000|65.1676347700|443120|30733280.0000|65.1676347700
13450000|65.1676347700|65.1958174000|64.9139911000|64.9797505700|517463|35825312.0000|64.9797505700
13500000|64.9797505700|65.1864231900|64.9797505700|65.1018753000|303275|21008880.0000|65.1018753000
13550000|65.0642984600|65.1770289800|65.0455100400|65.0736926700|294300|20394944.0000|65.0736926700
14000000|65.1018753000|65.1018753000|64.8388374200|64.8482316300|493037|34097088.0000|64.8482316300
14050000|64.8388374200|64.9797505700|64.8294432100|64.9233853100|502781|34733120.0000|64.9233853100
14100000|64.9515679400|65.2803652900|64.8858084700|64.8858084700|432256|29926224.0000|64.8858084700
14150000|64.9045968900|65.0455100400|64.8764142600|65.0455100400|308781|21343664.0000|65.0455100400
14200000|65.0455100400|65.1112695100|64.9045968900|64.9421737300|431189|29827888.0000|64.9421737300
14250000|64.9515679400|64.9515679400|64.8200490000|64.8200490000|440690|30431200.0000|64.8200490000
14300000|64.8200490000|64.8858084700|64.8012605800|64.8764142600|577341|39844400.0000|64.8764142600
14350000|64.8670200500|64.9139911000|64.7167126900|64.7918663700|507910|35024080.0000|64.7918663700
14400000|64.7918663700|64.8012605800|64.7167126900|64.7448953200|317415|21874704.0000|64.7448953200
14450000|64.7448953200|64.8294432100|64.7167126900|64.7167126900|489333|33727600.0000|64.7167126900
14500000|64.7167126900|64.7448953200|64.6697416400|64.6979242700|548785|37798992.0000|64.6979242700
14550000|64.7261069000|64.8106547900|64.6979242700|64.8106547900|528794|36443296.0000|64.8106547900
15000000|64.8200490000|64.9609621500|64.8106547900|64.9609621500|340761|23543904.0000|64.9609621500
