093500|8.71|8.79|8.69|8.78|12812.0|11195046.0|8.76
094000|8.78|8.79|8.76|8.77|3907.0|3425702.0|8.78
094500|8.76|8.8|8.76|8.76|3100.0|2722318.0|8.77
095000|8.76|8.77|8.72|8.76|4152.0|3629553.0|8.76
095500|8.75|8.78|8.74|8.76|2418.0|2119600.0|8.76
100000|8.76|8.81|8.74|8.78|4920.0|4324507.0|8.76
100500|8.78|8.83|8.78|8.79|4400.0|3876434.0|8.78
101000|8.79|8.79|8.77|8.77|2253.0|1977354.0|8.79
101500|8.78|8.78|8.74|8.75|2133.0|1868609.0|8.77
102000|8.75|8.76|8.74|8.74|1369.0|1197432.0|8.75
102500|8.74|8.75|8.73|8.73|1306.0|1141450.0|8.74
103000|8.73|8.74|8.71|8.72|3045.0|2655259.0|8.73
103500|8.72|8.73|8.71|8.73|1298.0|1131846.0|8.72
104000|8.72|8.73|8.68|8.69|8397.0|7303371.0|8.73
104500|8.7|8.72|8.69|8.72|1738.0|1513092.0|8.69
105000|8.71|8.73|8.71|8.71|844.0|735637.0|8.72
105500|8.72|8.77|8.72|8.75|1587.0|1387530.0|8.71
110000|8.74|8.75|8.73|8.74|845.0|738484.0|8.75
110500|8.74|8.76|8.74|8.74|1137.0|994753.0|8.74
111000|8.73|8.75|8.71|8.71|1595.0|1391285.0|8.74
111500|8.71|8.72|8.71|8.72|600.0|522861.0|8.71
112000|8.71|8.71|8.7|8.7|1808.0|1573873.0|8.72
112500|8.71|8.72|8.7|8.72|850.0|740210.0|8.7
113000|8.72|8.72|8.7|8.7|1484.0|1292337.0|8.72
130500|8.7|8.71|8.68|8.68|4332.0|3763847.0|8.7
131000|8.67|8.67|8.65|8.67|3729.0|3228957.0|8.68
131500|8.66|8.68|8.66|8.68|1583.0|1373099.0|8.67
132000|8.67|8.68|8.66|8.67|2555.0|2215541.0|8.68
132500|8.66|8.67|8.61|8.63|6385.0|5515772.0|8.67
133000|8.63|8.63|8.58|8.6|7874.0|6771407.0|8.63
133500|8.6|8.65|8.58|8.62|4102.0|3527870.0|8.6
134000|8.61|8.63|8.6|8.62|1778.0|1531286.0|8.62
134500|8.62|8.62|8.6|8.61|1902.0|1637279.0|8.62
135000|8.61|8.68|8.61|8.65|2799.0|2418021.0|8.61
135500|8.65|8.66|8.62|8.63|1367.0|1181226.0|8.65
140000|8.63|8.65|8.62|8.65|1409.0|1215864.0|8.63
140500|8.65|8.66|8.61|8.66|1790.0|1547478.0|8.65
141000|8.66|8.68|8.66|8.68|1200.0|1040862.0|8.66
141500|8.68|8.68|8.67|8.67|1465.0|1270979.0|8.68
142000|8.68|8.69|8.66|8.69|3187.0|2765031.0|8.67
142500|8.69|8.75|8.69|8.75|4641.0|4050279.0|8.69
143000|8.75|8.76|8.75|8.76|3435.0|3007514.0|8.75
143500|8.75|8.8|8.75|8.77|6532.0|5730134.0|8.76
144000|8.76|8.78|8.76|8.77|2455.0|2152237.0|8.77
144500|8.76|8.77|8.76|8.76|3161.0|2769722.0|8.77
145000|8.77|8.8|8.76|8.78|6360.0|5581327.0|8.76
145500|8.78|8.83|8.78|8.82|8442.0|7434966.0|8.78
150000|8.82|8.84|8.82|8.82|6635.0|5854699.0|8.82
