093500|20.4|20.96|19.99|20.5|469523.0|964354542.0|19.72
094000|20.48|20.99|20.39|20.94|171066.0|353860641.0|20.5
094500|20.95|21.69|20.38|21.41|221441.0|467207308.0|20.94
095000|21.4|21.4|21.07|21.39|62273.0|132434046.0|21.41
095500|21.43|21.65|21.18|21.18|78198.0|168154962.0|21.39
100000|21.17|21.29|20.93|21.29|74483.0|157125501.0|21.18
100500|21.27|21.41|21.14|21.35|43234.0|91972583.0|21.29
101000|21.42|21.69|21.42|21.69|100757.0|217950900.0|21.35
101500|21.69|21.69|21.69|21.69|4232.0|9179208.0|21.69
102000|21.69|21.69|21.69|21.69|2550.0|5531470.0|21.69
102500|21.69|21.69|21.69|21.69|2475.0|5368275.0|21.69
103000|21.69|21.69|21.69|21.69|1855.0|4023495.0|21.69
103500|21.69|21.69|21.69|21.69|2962.0|6424578.0|21.69
104000|21.69|21.69|21.69|21.69|3084.0|6689196.0|21.69
104500|21.69|21.69|21.69|21.69|1176.0|2550744.0|21.69
105000|21.69|21.69|21.69|21.69|756.0|1639764.0|21.69
105500|21.69|21.69|21.69|21.69|2949.0|6396381.0|21.69
110000|21.69|21.69|21.53|21.69|88070.0|190719378.0|21.69
110500|21.69|21.69|21.69|21.69|16192.0|35120448.0|21.69
111000|21.69|21.69|21.69|21.69|10471.0|22712596.0|21.69
111500|21.69|21.69|21.64|21.66|39034.0|84611567.0|21.69
112000|21.64|21.69|21.64|21.69|36089.0|78233887.0|21.66
112500|21.69|21.69|21.69|21.69|38194.0|82842786.0|21.69
113000|21.69|21.69|21.5|21.5|38549.0|83332763.0|21.69
130500|21.43|21.62|21.38|21.41|55354.0|118916039.0|21.5
131000|21.42|21.51|21.33|21.5|30084.0|64467010.0|21.41
131500|21.49|21.69|21.47|21.68|42348.0|91581525.0|21.5
132000|21.68|21.69|21.68|21.69|26108.0|56614838.0|21.68
132500|21.69|21.69|21.67|21.69|24096.0|52252657.0|21.69
133000|21.68|21.69|21.67|21.69|24168.0|52407267.0|21.69
133500|21.68|21.69|21.68|21.68|15025.0|32581655.0|21.69
134000|21.68|21.69|21.6|21.66|14757.0|31972709.0|21.68
134500|21.66|21.68|21.6|21.67|21809.0|47214150.0|21.66
135000|21.67|21.69|21.66|21.69|19131.0|41450958.0|21.67
135500|21.68|21.69|21.67|21.69|10082.0|21860849.0|21.69
140000|21.69|21.69|21.68|21.69|9401.0|20386073.0|21.69
140500|21.69|21.69|21.69|21.69|2208.0|4789152.0|21.69
141000|21.69|21.69|21.69|21.69|801.0|1737369.0|21.69
141500|21.69|21.69|21.69|21.69|1035.0|2244915.0|21.69
142000|21.69|21.69|21.69|21.69|804.0|1743984.0|21.69
142500|21.69|21.69|21.69|21.69|1665.0|3611384.0|21.69
143000|21.69|21.69|21.69|21.69|1771.0|3841299.0|21.69
143500|21.69|21.69|21.69|21.69|984.0|2134296.0|21.69
144000|21.69|21.69|21.69|21.69|487.0|1056303.0|21.69
144500|21.69|21.69|21.69|21.69|1377.0|2986691.0|21.69
145000|21.69|21.69|21.69|21.69|981.0|2127789.0|21.69
145500|21.69|21.69|21.69|21.69|1658.0|3596202.0|21.69
150000|21.69|21.69|21.69|21.69|1743.0|3780567.0|21.69
