09350000|20.3008806000|20.3008806000|20.1329785800|20.2703529600|345091|9146491.0000|20.2703529600
09400000|20.2703529600|20.2932486900|20.1864019500|20.1864019500|142900|3789200.0000|20.1864019500
09450000|20.1864019500|20.1864019500|20.0795552100|20.1558743100|236406|6238212.0000|20.1558743100
09500000|20.1635062200|20.2092976800|20.1329785800|20.2016657700|120700|3189350.0000|20.2016657700
09550000|20.2092976800|20.2474572300|20.1864019500|20.2092976800|120300|3185434.0000|20.2092976800
10000000|20.2016657700|20.2474572300|20.1864019500|20.2245615000|105500|2794159.0000|20.2245615000
10050000|20.2245615000|20.3161444200|20.1864019500|20.3008806000|182600|4846041.0000|20.3008806000
10100000|20.3008806000|20.3161444200|20.1711381300|20.2016657700|88364|2342542.0000|20.2016657700
10150000|20.2016657700|20.2550891400|20.1329785800|20.1406104900|156536|4137414.0000|20.1406104900
10200000|20.1329785800|20.1711381300|20.0948190300|20.1558743100|168464|4440938.0000|20.1558743100
10250000|20.1558743100|20.2092976800|20.1253466700|20.2092976800|105100|2774899.0000|20.2092976800
10300000|20.2092976800|20.2245615000|20.1864019500|20.2016657700|68600|1816448.0000|20.2016657700
10350000|20.2016657700|20.2474572300|20.1711381300|20.1864019500|100200|2654028.0000|20.1864019500
10400000|20.1864019500|20.1864019500|20.1406104900|20.1482424000|66000|1743156.0000|20.1482424000
10450000|20.1482424000|20.1864019500|20.1406104900|20.1406104900|55900|1476576.0000|20.1406104900
10500000|20.1406104900|20.1864019500|20.1329785800|20.1864019500|130000|3434256.0000|20.1864019500
10550000|20.1864019500|20.1864019500|20.1406104900|20.1406104900|72800|1922580.0000|20.1406104900
11000000|20.1406104900|20.1787700400|20.1406104900|20.1406104900|35700|942569.0000|20.1406104900
11050000|20.1482424000|20.1558743100|20.1253466700|20.1253466700|49700|1311492.0000|20.1253466700
11100000|20.1329785800|20.1558743100|20.1100828500|20.1558743100|109100|2876442.0000|20.1558743100
11150000|20.1558743100|20.1558743100|20.1100828500|20.1406104900|100100|2638840.0000|20.1406104900
11200000|20.1406104900|20.1406104900|20.0795552100|20.0948190300|169800|4472192.0000|20.0948190300
11250000|20.0871871200|20.1177147600|20.0566594800|20.1177147600|303352|7980318.0000|20.1177147600
11300000|20.1177147600|20.1406104900|20.0871871200|20.1024509400|171600|4521225.0000|20.1024509400
13050000|20.1024509400|20.1177147600|20.0948190300|20.1100828500|89500|2357968.0000|20.1100828500
13100000|20.1100828500|20.1711381300|20.1024509400|20.1406104900|67750|1787994.0000|20.1406104900
13150000|20.1329785800|20.1482424000|20.0948190300|20.1100828500|57800|1523637.0000|20.1100828500
13200000|20.1177147600|20.1329785800|20.0871871200|20.0871871200|50300|1325613.0000|20.0871871200
13250000|20.0871871200|20.1177147600|20.0795552100|20.1024509400|48800|1285251.0000|20.1024509400
13300000|20.1024509400|20.1024509400|20.0719233000|20.0795552100|60000|1578677.0000|20.0795552100
13350000|20.0795552100|20.0948190300|20.0642913900|20.0795552100|106400|2798960.0000|20.0795552100
13400000|20.0795552100|20.1864019500|20.0795552100|20.1787700400|69700|1838791.0000|20.1787700400
13450000|20.1864019500|20.1864019500|20.1024509400|20.1100828500|69700|1838917.0000|20.1100828500
13500000|20.0948190300|20.1558743100|20.0795552100|20.1024509400|105600|2782024.0000|20.1024509400
13550000|20.1024509400|20.1253466700|20.0871871200|20.1253466700|44227|1164930.0000|20.1253466700
14000000|20.1253466700|20.1406104900|20.1024509400|20.1024509400|35573|937342.0000|20.1024509400
14050000|20.1024509400|20.1100828500|20.0719233000|20.0871871200|84300|2218772.0000|20.0871871200
14100000|20.0871871200|20.0871871200|20.0642913900|20.0719233000|94969|2497907.0000|20.0719233000
14150000|20.0719233000|20.0871871200|20.0261318400|20.0795552100|136616|3588684.0000|20.0795552100
14200000|20.0795552100|20.1024509400|20.0642913900|20.0642913900|72700|1913182.0000|20.0642913900
14250000|20.0719233000|20.1100828500|20.0642913900|20.0642913900|70100|1844816.0000|20.0642913900
14300000|20.0642913900|20.1100828500|20.0642913900|20.1100828500|201400|5300473.0000|20.1100828500
14350000|20.1100828500|20.1100828500|20.0566594800|20.0566594800|83900|2206556.0000|20.0566594800
14400000|20.0566594800|20.0642913900|20.0261318400|20.0337637500|128900|3385154.0000|20.0337637500
14450000|20.0337637500|20.0719233000|20.0184999300|20.0566594800|192345|5049841.0000|20.0566594800
14500000|20.0642913900|20.0642913900|20.0261318400|20.0566594800|118400|3109627.0000|20.0566594800
14550000|20.0566594800|20.1329785800|20.0413956600|20.1100828500|170336|4481383.0000|20.1100828500
15000000|20.1100828500|20.1100828500|20.0795552100|20.0795552100|118400|3116218.0000|20.0795552100
