093500|40.4500|40.4500|39.0100|39.2500|956200|38061376.0000|39.2500
094000|39.2900|39.2900|38.7700|39.1500|685800|26736908.0000|39.1500
094500|39.2000|39.2000|38.7400|38.8300|312400|12174772.0000|38.8300
095000|38.8300|38.8300|38.6300|38.6700|291700|11293384.0000|38.6700
095500|38.6600|38.6600|38.3400|38.4000|388100|14936840.0000|38.4000
100000|38.4500|38.4500|38.2300|38.2600|234900|9001040.0000|38.2600
100500|38.2300|38.4800|38.0800|38.3600|328200|12563920.0000|38.3600
101000|38.3700|38.3900|38.1400|38.1900|236400|9043752.0000|38.1900
101500|38.1800|38.2200|38.0900|38.2200|113500|4327992.0000|38.2200
102000|38.2100|38.2500|38.1500|38.1600|105100|4014320.0000|38.1600
102500|38.1700|38.1800|38.0300|38.0800|178600|6803680.0000|38.0800
103000|38.0800|38.2000|38.0400|38.1700|84100|3203440.0000|38.1700
103500|38.1700|38.1900|38.0600|38.0800|102200|3893392.0000|38.0800
104000|38.0800|38.2000|38.0800|38.1300|75100|2865680.0000|38.1300
104500|38.1400|38.1500|38.0300|38.0900|96800|3686624.0000|38.0900
105000|38.1000|38.1800|38.0800|38.0900|49200|1875120.0000|38.0900
105500|38.0900|38.2600|38.0900|38.1800|73600|2810240.0000|38.1800
110000|38.1500|38.3000|38.1300|38.2900|80400|3072304.0000|38.2900
110500|38.2900|38.3100|38.1600|38.1600|74900|2862784.0000|38.1600
111000|38.1700|38.1900|38.1300|38.1400|41000|1564528.0000|38.1400
111500|38.1300|38.2100|38.0800|38.1000|60200|2295072.0000|38.1000
112000|38.1000|38.1000|38.0500|38.0600|90500|3445264.0000|38.0600
112500|38.0600|38.1000|38.0600|38.0600|41600|1583856.0000|38.0600
113000|38.0700|38.0700|37.9100|37.9100|217400|8259936.0000|37.9100
130500|37.9200|37.9300|37.7800|37.7800|213200|8072480.0000|37.7800
131000|37.7700|37.7800|37.6400|37.6800|141000|5315376.0000|37.6800
131500|37.6800|37.7500|37.6500|37.6500|199200|7505840.0000|37.6500
132000|37.6800|37.6800|37.6100|37.6300|88300|3323088.0000|37.6300
132500|37.6300|37.6400|37.4000|37.4000|185700|6964432.0000|37.4000
133000|37.4000|37.4500|37.3700|37.4300|180200|6742272.0000|37.4300
133500|37.4300|37.6800|37.4300|37.6000|130300|4896800.0000|37.6000
134000|37.6100|37.6100|37.4400|37.4500|97400|3654448.0000|37.4500
134500|37.4500|37.5000|37.4100|37.5000|68600|2569056.0000|37.5000
135000|37.5000|37.5900|37.4900|37.5000|65400|2454384.0000|37.5000
135500|37.5000|37.5700|37.5000|37.5600|52400|1966400.0000|37.5600
140000|37.5600|37.5800|37.3800|37.3900|239400|8968736.0000|37.3900
140500|37.3900|37.5700|37.3800|37.5200|146300|5480160.0000|37.5200
141000|37.5100|37.5200|37.4500|37.5200|113000|4236752.0000|37.5200
141500|37.5200|37.5400|37.4400|37.4400|113300|4247920.0000|37.4400
142000|37.4200|37.4400|37.3700|37.3700|85700|3205024.0000|37.3700
142500|37.3600|37.4000|37.3500|37.3800|116700|4361280.0000|37.3800
143000|37.3600|37.3800|37.3100|37.3500|83300|3110656.0000|37.3500
143500|37.3500|37.4100|37.2100|37.2200|157200|5862080.0000|37.2200
144000|37.2200|37.5000|37.1500|37.3700|642000|23922752.0000|37.3700
144500|37.4400|37.5400|37.3000|37.5300|351100|13160032.0000|37.5300
145000|37.5300|37.7600|37.5300|37.7600|246300|9274496.0000|37.7600
145500|37.7700|37.8300|37.7000|37.7500|284900|10764000.0000|37.7500
150000|37.7500|37.7700|37.5000|37.5000|240300|9026208.0000|37.5000
