09350000|101.9750310000|103.1646082500|100.5554250000|101.2389390000|948500|146656371.0000|101.2389390000
09400000|101.0154825000|101.1074940000|99.8324775000|100.5619972500|644118|98365268.0000|100.5619972500
09450000|100.5619972500|101.2257945000|100.2268125000|100.6737255000|297400|45584073.0000|100.6737255000
09500000|100.7657370000|102.3233602500|100.6868700000|102.2970712500|241366|37262800.0000|102.2970712500
09550000|102.3956550000|102.9214350000|101.8698750000|102.0999037500|220700|34402448.0000|102.0999037500
10000000|102.0999037500|102.3956550000|101.7910080000|102.0013200000|223500|34709504.0000|102.0013200000
10050000|101.9947477500|102.1196205000|101.3440950000|101.5478347500|154500|23924048.0000|101.5478347500
10100000|101.5346902500|101.8041525000|101.1469275000|101.3703840000|208900|32210288.0000|101.3703840000
10150000|101.3440950000|101.7450022500|101.2126500000|101.4229620000|154900|23908096.0000|101.4229620000
10200000|101.4229620000|102.4416607500|101.3966730000|102.2707822500|144300|22391760.0000|102.2707822500
10250000|102.1984875000|102.3167880000|101.7778635000|102.3167880000|174600|27107872.0000|102.3167880000
10300000|102.3167880000|102.8557125000|102.3036435000|102.7899900000|232400|36284368.0000|102.7899900000
10350000|102.7768455000|102.9345795000|102.4087995000|102.8557125000|174700|27288208.0000|102.8557125000
10400000|102.9345795000|103.4472150000|102.1984875000|102.9608685000|146300|22898752.0000|102.9608685000
10450000|102.9608685000|103.5786600000|102.8228512500|103.1843250000|135800|21355104.0000|103.1843250000
10500000|103.3289145000|103.8481222500|103.0725967500|103.6115212500|238200|37531680.0000|103.6115212500
10550000|103.5326542500|103.8152610000|103.3157700000|103.7298217500|142500|22463568.0000|103.7298217500
11000000|103.6443825000|104.3804745000|103.6443825000|103.7429662500|180200|28519344.0000|103.7429662500
11050000|103.6772437500|104.5579252500|103.6509547500|104.4987750000|190800|30273200.0000|104.4987750000
11100000|104.4987750000|104.6302200000|104.0781510000|104.4790582500|205936|32650832.0000|104.4790582500
11150000|104.6302200000|105.0574162500|104.4067635000|104.7025147500|202188|32197520.0000|104.7025147500
11200000|104.7616650000|104.7616650000|104.1438735000|104.4987750000|153800|24424128.0000|104.4987750000
11250000|104.4987750000|104.4987750000|103.9598505000|104.2687462500|94700|15015472.0000|104.2687462500
11300000|104.3016075000|104.7616650000|104.2753185000|104.6893702500|94200|14982784.0000|104.6893702500
13050000|104.6959425000|105.4714680000|104.4199080000|105.0114105000|296400|47381472.0000|105.0114105000
13100000|104.8273875000|104.9851215000|104.4199080000|104.8142430000|122900|19578064.0000|104.8142430000
13150000|104.8076707500|104.8208152500|104.0978677500|104.1044400000|97300|15467936.0000|104.1044400000
13200000|104.0781510000|104.1964515000|103.8809835000|104.0584342500|82099|12998576.0000|104.0584342500
13250000|104.0584342500|104.4461970000|103.9861395000|104.0715787500|89757|14229440.0000|104.0715787500
13300000|104.0190007500|104.3541855000|103.3486312500|103.3486312500|136800|21623664.0000|103.3486312500
13350000|103.3354867500|104.0387175000|103.1843250000|103.5852322500|213500|33664080.0000|103.5852322500
13400000|103.5326542500|103.9269892500|103.1383192500|103.3749202500|190900|30059472.0000|103.3749202500
13450000|103.3814925000|103.8415500000|103.2434752500|103.5129375000|172300|27154288.0000|103.5129375000
13500000|103.6049490000|103.6049490000|102.8557125000|103.1186025000|136500|21407440.0000|103.1186025000
13550000|103.1186025000|103.1843250000|102.7702732500|103.1186025000|272700|42705120.0000|103.1186025000
14000000|102.8491402500|103.3223422500|102.8425680000|103.1448915000|104400|16366368.0000|103.1448915000
14050000|103.0528800000|103.4472150000|102.9740130000|103.1843250000|285100|44705104.0000|103.1843250000
14100000|103.1186025000|103.3946370000|102.7637010000|102.9148627500|138900|21766256.0000|102.9148627500
14150000|102.9148627500|103.3814925000|102.8359957500|103.2697642500|223200|35022352.0000|103.2697642500
14200000|103.2697642500|103.2697642500|102.8557125000|103.0397355000|111900|17539504.0000|103.0397355000
14250000|103.0397355000|103.1843250000|102.8557125000|103.0528800000|150200|23533248.0000|103.0528800000
14300000|103.0528800000|103.2631920000|102.8228512500|102.8228512500|154700|24251376.0000|102.8228512500
14350000|102.8228512500|102.9805852500|102.8097067500|102.8951460000|69163|10826880.0000|102.8951460000
14400000|102.8951460000|102.9477240000|102.5665335000|102.6914062500|159537|24920544.0000|102.6914062500
14450000|102.6914062500|102.8557125000|102.5665335000|102.6256837500|90500|14145232.0000|102.6256837500
14500000|102.6256837500|102.7768455000|102.1984875000|102.3562215000|305460|47632176.0000|102.3562215000
14550000|102.3956550000|102.4022272500|102.0013200000|102.1261927500|229305|35629664.0000|102.1261927500
15000000|102.1261927500|102.5139555000|102.1196205000|102.3956550000|122301|19046208.0000|102.3956550000
