09350000|97.9133805000|97.9199527500|96.6120750000|96.8946817500|433703|64088472.0000|96.8946817500
09400000|96.9012540000|96.9012540000|95.6656710000|96.0928672500|271833|39826227.0000|96.0928672500
09450000|96.1520175000|98.0448255000|95.8234050000|97.0064100000|244800|36019438.0000|97.0064100000
09500000|97.0129822500|97.2693000000|96.4806300000|96.5792137500|114400|16877494.0000|96.5792137500
09550000|96.5857860000|97.5124732500|96.2900347500|97.3876005000|108000|15942893.0000|97.3876005000
10000000|97.1641440000|98.4523050000|97.1641440000|98.3734380000|259506|38682564.0000|98.3734380000
10050000|98.3800102500|98.3865825000|97.5913402500|97.7622187500|248594|37068578.0000|97.7622187500
10100000|97.7622187500|97.9133805000|97.4138895000|97.6833517500|161900|24049966.0000|97.6833517500
10150000|97.6964962500|98.2485652500|97.5979125000|97.7030685000|88135|13128128.0000|97.7030685000
10200000|97.7096407500|97.8213690000|97.1444272500|97.7950800000|147000|21813344.0000|97.7950800000
10250000|97.7885077500|97.7950800000|97.4730397500|97.6307737500|50500|7502832.0000|97.6307737500
10300000|97.6307737500|97.6307737500|97.0064100000|97.0064100000|139100|20600016.0000|97.0064100000
10350000|97.0852770000|97.5979125000|96.9472597500|97.3678837500|143500|21257440.0000|97.3678837500
10400000|97.6110570000|97.7687910000|97.1970052500|97.2693000000|117000|17372848.0000|97.2693000000
10450000|97.1904330000|97.5781957500|97.0064100000|97.2693000000|62000|9175344.0000|97.2693000000
10500000|97.5190455000|97.9265250000|97.2758722500|97.7425020000|79400|11803616.0000|97.7425020000
10550000|97.7425020000|97.9528140000|97.2693000000|97.8870915000|88000|13076176.0000|97.8870915000
11000000|97.9462417500|97.9462417500|97.1378550000|97.2693000000|140800|20899280.0000|97.2693000000
11050000|97.2693000000|97.8016522500|97.2364387500|97.4467507500|217000|32220368.0000|97.4467507500
11100000|97.6044847500|97.6570627500|97.3350225000|97.6504905000|154900|22988304.0000|97.6504905000
11150000|97.4073172500|97.6110570000|96.7895257500|96.8749650000|193300|28605888.0000|96.8749650000
11200000|96.8815372500|97.1838607500|96.3557572500|96.5069190000|145400|21410016.0000|96.5069190000
11250000|96.5069190000|96.6317917500|96.2966070000|96.2966070000|116800|17140384.0000|96.2966070000
11300000|96.3163237500|97.1181382500|96.2966070000|96.6909420000|45500|6697216.0000|96.6909420000
13050000|96.6909420000|97.3021612500|96.6909420000|97.2693000000|58300|8612272.0000|97.2693000000
13100000|97.2561555000|97.2561555000|96.4149075000|96.7829535000|82700|12179712.0000|96.7829535000
13150000|96.6777975000|97.0721325000|96.6186472500|96.7632367500|71700|10565920.0000|96.7632367500
13200000|96.6383640000|96.9735487500|96.4346242500|96.7829535000|66600|9802240.0000|96.7829535000
13250000|96.7829535000|97.0064100000|96.4806300000|96.5660692500|75000|11041808.0000|96.5660692500
13300000|96.5266357500|96.7829535000|96.4609132500|96.6712252500|82300|12088448.0000|96.6712252500
13350000|96.4937745000|96.9604042500|96.4937745000|96.7106587500|44500|6556352.0000|96.7106587500
13400000|96.7106587500|96.9078262500|96.6120750000|96.7960980000|110100|16214464.0000|96.7960980000
13450000|96.7960980000|97.1378550000|96.7435200000|96.9209707500|61400|9048672.0000|96.9209707500
13500000|96.9209707500|96.9538320000|96.6843697500|96.8026702500|85200|12545760.0000|96.8026702500
13550000|96.8026702500|97.0064100000|96.7435200000|96.9866932500|46008|6781072.0000|96.9866932500
14000000|96.9866932500|97.1378550000|96.8223870000|96.8946817500|46176|6813712.0000|96.8946817500
14050000|96.9604042500|97.2693000000|96.9406875000|97.1707162500|72400|10695664.0000|97.1707162500
14100000|97.1707162500|97.3941727500|97.0918492500|97.3744560000|66000|9766720.0000|97.3744560000
14150000|97.3678837500|97.5913402500|97.2035775000|97.4401785000|66540|9862048.0000|97.4401785000
14200000|97.4401785000|97.4401785000|97.2101497500|97.3284502500|46000|6811312.0000|97.3284502500
14250000|97.3284502500|97.6504905000|97.3284502500|97.4336062500|63300|9389648.0000|97.4336062500
14300000|97.4336062500|97.9133805000|97.3810282500|97.8476580000|79300|11786576.0000|97.8476580000
14350000|97.8870915000|97.9133805000|97.5124732500|97.6899240000|65309|9711504.0000|97.6899240000
14400000|97.6899240000|98.1105480000|97.6833517500|98.0645422500|108100|16109040.0000|98.0645422500
14450000|98.0579700000|98.1302647500|97.8936637500|97.9922475000|106700|15913440.0000|97.9922475000
14500000|98.0185365000|98.0908312500|97.7162130000|98.0053920000|143200|21348704.0000|98.0053920000
14550000|97.8476580000|97.9856752500|97.4861842500|97.5321900000|93333|13879952.0000|97.5321900000
15000000|97.5519067500|98.3471490000|97.4993287500|97.9396695000|147320|21953024.0000|97.9396695000
