093500|3.48|3.5|3.47|3.48|32596.0|11357455.0|3.47
094000|3.49|3.5|3.47|3.49|34052.0|11870529.0|3.48
094500|3.49|3.51|3.48|3.49|43734.0|15288014.0|3.49
095000|3.49|3.5|3.48|3.48|5862.0|2045077.0|3.49
095500|3.48|3.52|3.48|3.51|40163.0|14074458.0|3.48
100000|3.52|3.52|3.51|3.51|19109.0|6712117.0|3.51
100500|3.52|3.52|3.51|3.52|9341.0|3286958.0|3.51
101000|3.52|3.52|3.51|3.51|7834.0|2753769.0|3.52
101500|3.51|3.52|3.5|3.51|26058.0|9143028.0|3.51
102000|3.51|3.51|3.5|3.51|3875.0|1357463.0|3.51
102500|3.5|3.51|3.5|3.5|6110.0|2141242.0|3.51
103000|3.5|3.51|3.49|3.5|27866.0|9750712.0|3.5
103500|3.5|3.51|3.49|3.5|18358.0|6415981.0|3.5
104000|3.5|3.51|3.49|3.5|4183.0|1464116.0|3.5
104500|3.5|3.51|3.49|3.51|5310.0|1859141.0|3.5
105000|3.51|3.51|3.49|3.5|3842.0|1342316.0|3.51
105500|3.5|3.5|3.49|3.49|3467.0|1211097.0|3.5
110000|3.49|3.51|3.49|3.5|16647.0|5824249.0|3.49
110500|3.5|3.51|3.5|3.5|8682.0|3040081.0|3.5
111000|3.5|3.5|3.49|3.49|7732.0|2702791.0|3.5
111500|3.49|3.5|3.49|3.49|4538.0|1584546.0|3.49
112000|3.49|3.5|3.49|3.5|2390.0|834317.0|3.49
112500|3.49|3.5|3.48|3.48|14308.0|4992816.0|3.5
113000|3.48|3.49|3.48|3.48|3352.0|1167886.0|3.48
130500|3.48|3.49|3.48|3.48|5378.0|1873902.0|3.48
131000|3.48|3.5|3.48|3.49|10202.0|3557382.0|3.48
131500|3.49|3.5|3.48|3.48|7330.0|2554229.0|3.49
132000|3.48|3.49|3.48|3.49|3602.0|1254244.0|3.48
132500|3.48|3.49|3.48|3.49|4142.0|1441989.0|3.49
133000|3.48|3.49|3.47|3.47|22771.0|7914135.0|3.49
133500|3.47|3.48|3.47|3.47|5440.0|1888079.0|3.47
134000|3.48|3.48|3.46|3.47|12150.0|4215654.0|3.47
134500|3.46|3.47|3.46|3.47|5623.0|1946320.0|3.47
135000|3.46|3.47|3.45|3.47|27395.0|9475850.0|3.47
135500|3.46|3.47|3.46|3.47|1487.0|514756.0|3.47
140000|3.47|3.47|3.46|3.46|4509.0|1561930.0|3.47
140500|3.47|3.47|3.46|3.46|9519.0|3293796.0|3.46
141000|3.47|3.47|3.45|3.46|9991.0|3453554.0|3.46
141500|3.45|3.46|3.45|3.45|5299.0|1832010.0|3.46
142000|3.45|3.46|3.45|3.45|4534.0|1566347.0|3.45
142500|3.45|3.46|3.45|3.46|12467.0|4303076.0|3.45
143000|3.45|3.46|3.44|3.46|26954.0|9299281.0|3.46
143500|3.46|3.46|3.44|3.45|15046.0|5192031.0|3.46
144000|3.46|3.46|3.45|3.46|4136.0|1428391.0|3.45
144500|3.45|3.46|3.44|3.45|18094.0|6245069.0|3.46
145000|3.45|3.46|3.44|3.45|15793.0|5445176.0|3.45
145500|3.45|3.46|3.44|3.45|8737.0|3013478.0|3.45
150000|3.45|3.46|3.45|3.45|14925.0|5154799.0|3.45
