093500|3.62|3.65|3.61|3.63|26105.0|9482122.0|3.63
094000|3.63|3.64|3.62|3.62|24988.0|9065298.0|3.63
094500|3.62|3.63|3.61|3.62|34974.0|12652437.0|3.62
095000|3.61|3.63|3.6|3.6|40204.0|14523947.0|3.62
095500|3.6|3.61|3.59|3.59|39812.0|14328393.0|3.6
100000|3.59|3.6|3.58|3.59|30418.0|10925252.0|3.59
100500|3.58|3.59|3.57|3.58|35162.0|12593294.0|3.59
101000|3.57|3.58|3.57|3.57|27230.0|9735910.0|3.58
101500|3.57|3.58|3.56|3.57|43527.0|15540290.0|3.57
102000|3.57|3.57|3.56|3.56|22001.0|7846766.0|3.57
102500|3.58|3.58|3.56|3.58|22694.0|8096685.0|3.56
103000|3.57|3.58|3.56|3.56|13389.0|4774745.0|3.58
103500|3.56|3.58|3.56|3.58|12277.0|4383971.0|3.56
104000|3.57|3.59|3.57|3.57|16536.0|5920065.0|3.58
104500|3.57|3.59|3.57|3.57|8475.0|3033408.0|3.57
105000|3.58|3.59|3.57|3.58|7300.0|2612130.0|3.57
105500|3.58|3.59|3.57|3.58|9634.0|3447711.0|3.58
110000|3.58|3.59|3.57|3.58|3188.0|1141735.0|3.58
110500|3.59|3.6|3.58|3.6|17155.0|6164109.0|3.58
111000|3.6|3.61|3.6|3.6|3009.0|1084297.0|3.6
111500|3.6|3.61|3.59|3.59|6042.0|2174156.0|3.6
112000|3.59|3.6|3.58|3.58|9161.0|3284660.0|3.59
112500|3.59|3.59|3.58|3.58|4228.0|1513987.0|3.58
113000|3.58|3.59|3.58|3.58|1981.0|709753.0|3.58
130500|3.58|3.59|3.56|3.56|35162.0|12552257.0|3.58
131000|3.56|3.57|3.56|3.56|30054.0|10706314.0|3.56
131500|3.56|3.57|3.55|3.57|10057.0|3582274.0|3.56
132000|3.57|3.57|3.55|3.56|7190.0|2557911.0|3.57
132500|3.56|3.56|3.55|3.55|7569.0|2689018.0|3.56
133000|3.55|3.56|3.55|3.56|6163.0|2188592.0|3.55
133500|3.55|3.56|3.55|3.55|15835.0|5623277.0|3.56
134000|3.55|3.56|3.53|3.54|36277.0|12835695.0|3.55
134500|3.53|3.55|3.53|3.55|24499.0|8680017.0|3.54
135000|3.54|3.55|3.54|3.54|7420.0|2628365.0|3.55
135500|3.55|3.55|3.54|3.54|15222.0|5398790.0|3.54
140000|3.54|3.54|3.53|3.54|11302.0|3995131.0|3.54
140500|3.53|3.54|3.52|3.52|31411.0|11071641.0|3.54
141000|3.52|3.53|3.51|3.52|11784.0|4146022.0|3.52
141500|3.52|3.52|3.5|3.5|52702.0|18471792.0|3.52
142000|3.5|3.51|3.5|3.5|9462.0|3314104.0|3.5
142500|3.5|3.51|3.49|3.5|22827.0|7992951.0|3.5
143000|3.5|3.51|3.48|3.51|24131.0|8435070.0|3.5
143500|3.5|3.51|3.5|3.5|15522.0|5435378.0|3.51
144000|3.5|3.5|3.48|3.49|16712.0|5834508.0|3.5
144500|3.49|3.5|3.48|3.48|42403.0|14774628.0|3.49
145000|3.49|3.5|3.48|3.49|14081.0|4910192.0|3.48
145500|3.49|3.49|3.48|3.48|21837.0|7605890.0|3.49
150000|3.47|3.5|3.47|3.49|20119.0|7015384.0|3.48
