093500|4.1000|4.1100|4.0900|4.1000|20958700|85971251.0000|4.1000
094000|4.1000|4.1100|4.1000|4.1000|2324600|9546178.0000|4.1000
094500|4.1100|4.1100|4.1000|4.1100|1824800|7490180.0000|4.1100
095000|4.1000|4.1100|4.1000|4.1000|3123900|12830889.0000|4.1000
095500|4.1100|4.1100|4.1000|4.1100|9490900|39002082.0000|4.1100
100000|4.1000|4.1200|4.1000|4.1100|11007018|45240421.0000|4.1100
100500|4.1000|4.1100|4.1000|4.1100|6324600|25990468.0000|4.1100
101000|4.1100|4.1200|4.1100|4.1100|2170800|8928913.0000|4.1100
101500|4.1100|4.1200|4.1100|4.1200|1189100|4892816.0000|4.1200
102000|4.1200|4.1200|4.1100|4.1200|2269900|9342594.0000|4.1200
102500|4.1200|4.1200|4.1100|4.1100|1837600|7565264.0000|4.1100
103000|4.1100|4.1200|4.1100|4.1100|1189300|4895008.0000|4.1100
103500|4.1200|4.1200|4.1100|4.1200|5171600|21302457.0000|4.1200
104000|4.1200|4.1200|4.1100|4.1100|2734400|11262752.0000|4.1100
104500|4.1100|4.1200|4.1100|4.1100|730600|3007818.0000|4.1100
105000|4.1100|4.1200|4.1100|4.1200|606900|2497055.0000|4.1200
105500|4.1100|4.1200|4.1100|4.1200|1715500|7064867.0000|4.1200
110000|4.1100|4.1200|4.1100|4.1200|873300|3594117.0000|4.1200
110500|4.1200|4.1200|4.1100|4.1200|7124300|29348849.0000|4.1200
111000|4.1200|4.1200|4.1100|4.1200|1696900|6987479.0000|4.1200
111500|4.1200|4.1200|4.1100|4.1200|1514000|6234785.0000|4.1200
112000|4.1200|4.1200|4.1100|4.1200|911600|3751536.0000|4.1200
112500|4.1200|4.1200|4.1100|4.1100|990500|4078287.0000|4.1100
113000|4.1200|4.1200|4.1100|4.1200|2360600|9717946.0000|4.1200
130500|4.1200|4.1200|4.1100|4.1200|2639700|10861250.0000|4.1200
131000|4.1200|4.1200|4.1100|4.1100|1369300|5630397.0000|4.1100
131500|4.1200|4.1200|4.1100|4.1200|1993600|8195154.0000|4.1200
132000|4.1100|4.1200|4.1100|4.1100|1047100|4304794.0000|4.1100
132500|4.1100|4.1200|4.1100|4.1100|1104400|4540252.0000|4.1100
133000|4.1200|4.1200|4.1100|4.1200|1256400|5165597.0000|4.1200
133500|4.1100|4.1200|4.1000|4.1000|20321400|83518905.0000|4.1000
134000|4.1000|4.1100|4.1000|4.1100|1179200|4840960.0000|4.1100
134500|4.1100|4.1100|4.1000|4.1000|1080300|4435812.0000|4.1000
135000|4.1100|4.1100|4.1000|4.1100|790700|3245681.0000|4.1100
135500|4.1100|4.1100|4.1000|4.1000|989000|4059396.0000|4.1000
140000|4.1000|4.1100|4.1000|4.1100|805700|3306773.0000|4.1100
140500|4.1100|4.1100|4.1000|4.1000|763400|3133215.0000|4.1000
141000|4.1000|4.1100|4.1000|4.1000|714000|2929424.0000|4.1000
141500|4.1000|4.1100|4.1000|4.1100|766000|3143405.0000|4.1100
142000|4.1000|4.1100|4.1000|4.1100|756300|3102106.0000|4.1100
142500|4.1000|4.1100|4.1000|4.1000|1178800|4834766.0000|4.1000
143000|4.1000|4.1100|4.1000|4.1000|863900|3543926.0000|4.1000
143500|4.1100|4.1100|4.1000|4.1000|1142300|4688307.0000|4.1000
144000|4.1000|4.1100|4.1000|4.1000|1653000|6785045.0000|4.1000
144500|4.1100|4.1100|4.1000|4.1000|1773600|7276188.0000|4.1000
145000|4.1100|4.1100|4.1000|4.1100|1201400|4931976.0000|4.1100
145500|4.1100|4.1100|4.1000|4.1000|3086920|12673355.0000|4.1000
150000|4.1100|4.1100|4.1000|4.1100|3599600|14783352.0000|4.1100
