093500|2.7400|2.7500|2.7300|2.7500|3700500|10140622.0000|2.7500
094000|2.7500|2.7500|2.7300|2.7400|4275400|11717250.0000|2.7400
094500|2.7400|2.7500|2.7300|2.7400|1920200|5257038.0000|2.7400
095000|2.7300|2.7400|2.7300|2.7400|1761900|4812082.0000|2.7400
095500|2.7400|2.7500|2.7300|2.7500|7767600|21288344.0000|2.7500
100000|2.7400|2.7500|2.7300|2.7400|4140000|11337800.0000|2.7400
100500|2.7400|2.7500|2.7300|2.7400|1406800|3852856.0000|2.7400
101000|2.7400|2.7400|2.7300|2.7400|1367600|3738352.0000|2.7400
101500|2.7300|2.7400|2.7300|2.7400|1108000|3030344.0000|2.7400
102000|2.7400|2.7400|2.7300|2.7400|1220300|3333304.0000|2.7400
102500|2.7400|2.7400|2.7300|2.7400|454100|1240928.0000|2.7400
103000|2.7400|2.7400|2.7300|2.7300|561300|1533864.0000|2.7300
103500|2.7300|2.7400|2.7200|2.7200|9569100|26124592.0000|2.7200
104000|2.7300|2.7300|2.7200|2.7300|771700|2103576.0000|2.7300
104500|2.7200|2.7400|2.7200|2.7300|3463000|9453968.0000|2.7300
105000|2.7400|2.7400|2.7300|2.7400|649400|1774016.0000|2.7400
105500|2.7300|2.7400|2.7300|2.7400|451500|1234768.0000|2.7400
110000|2.7400|2.7400|2.7300|2.7300|615500|1684744.0000|2.7300
110500|2.7300|2.7400|2.7300|2.7400|394800|1079952.0000|2.7400
111000|2.7400|2.7400|2.7300|2.7300|1693900|4639000.0000|2.7300
111500|2.7300|2.7400|2.7300|2.7300|908600|2486816.0000|2.7300
112000|2.7300|2.7500|2.7300|2.7500|5862500|16066912.0000|2.7500
112500|2.7500|2.7500|2.7400|2.7500|834400|2292336.0000|2.7500
113000|2.7500|2.7500|2.7400|2.7500|790000|2168400.0000|2.7500
130500|2.7500|2.7500|2.7400|2.7500|777800|2136784.0000|2.7500
131000|2.7500|2.7500|2.7400|2.7500|872900|2399856.0000|2.7500
131500|2.7400|2.7500|2.7400|2.7500|503200|1382848.0000|2.7500
132000|2.7400|2.7500|2.7400|2.7400|676400|1858832.0000|2.7400
132500|2.7500|2.7500|2.7400|2.7400|230600|632896.0000|2.7400
133000|2.7500|2.7500|2.7400|2.7400|420800|1155936.0000|2.7400
133500|2.7500|2.7500|2.7400|2.7500|283800|779040.0000|2.7500
134000|2.7500|2.7500|2.7400|2.7400|331400|909824.0000|2.7400
134500|2.7500|2.7500|2.7400|2.7400|1251000|3431136.0000|2.7400
135000|2.7500|2.7500|2.7400|2.7500|356800|978896.0000|2.7500
135500|2.7400|2.7500|2.7400|2.7400|892700|2450864.0000|2.7400
140000|2.7400|2.7500|2.7400|2.7500|354300|973056.0000|2.7500
140500|2.7400|2.7500|2.7400|2.7500|386200|1059744.0000|2.7500
141000|2.7400|2.7500|2.7400|2.7400|881900|2420640.0000|2.7400
141500|2.7400|2.7500|2.7400|2.7400|458800|1260016.0000|2.7400
142000|2.7400|2.7500|2.7400|2.7400|286500|786688.0000|2.7400
142500|2.7400|2.7500|2.7400|2.7500|412200|1131200.0000|2.7500
143000|2.7400|2.7500|2.7400|2.7400|802200|2202336.0000|2.7400
143500|2.7400|2.7500|2.7400|2.7400|747200|2053856.0000|2.7400
144000|2.7500|2.7500|2.7400|2.7400|1122600|3086128.0000|2.7400
144500|2.7500|2.7600|2.7400|2.7600|9034800|24849792.0000|2.7600
145000|2.7600|2.7600|2.7500|2.7500|1201500|3313120.0000|2.7500
145500|2.7600|2.7600|2.7500|2.7600|2087500|5754528.0000|2.7600
150000|2.7600|2.7600|2.7500|2.7500|1893700|5213744.0000|2.7500
