093500|2.6200|2.6300|2.6100|2.6300|11042000|28919440.0000|2.6300
094000|2.6300|2.6400|2.6200|2.6400|9250200|24318264.0000|2.6400
094500|2.6400|2.6400|2.6200|2.6300|6435900|16928832.0000|2.6300
095000|2.6200|2.6300|2.6100|2.6300|13299600|34848816.0000|2.6300
095500|2.6200|2.6300|2.6200|2.6300|1852200|4862136.0000|2.6300
100000|2.6200|2.6300|2.6200|2.6200|1220300|3202480.0000|2.6200
100500|2.6200|2.6300|2.6200|2.6200|1490800|3907480.0000|2.6200
101000|2.6200|2.6300|2.6200|2.6200|943700|2472952.0000|2.6200
101500|2.6200|2.6300|2.6200|2.6200|814700|2135248.0000|2.6200
102000|2.6200|2.6300|2.6100|2.6100|5705100|14947120.0000|2.6100
102500|2.6200|2.6300|2.6100|2.6200|2934500|7699488.0000|2.6200
103000|2.6200|2.6300|2.6200|2.6200|1289900|3385120.0000|2.6200
103500|2.6300|2.6300|2.6200|2.6300|942600|2474720.0000|2.6300
104000|2.6300|2.6400|2.6300|2.6400|15193500|39973344.0000|2.6400
104500|2.6400|2.6400|2.6300|2.6400|1271000|3348832.0000|2.6400
105000|2.6400|2.6400|2.6300|2.6300|1935600|5101952.0000|2.6300
105500|2.6300|2.6400|2.6300|2.6400|2069900|5452592.0000|2.6400
110000|2.6400|2.6400|2.6300|2.6400|1421000|3743808.0000|2.6400
110500|2.6300|2.6400|2.6300|2.6400|1864900|4914512.0000|2.6400
111000|2.6300|2.6400|2.6300|2.6300|4783100|12604768.0000|2.6300
111500|2.6300|2.6400|2.6300|2.6300|1478900|3891232.0000|2.6300
112000|2.6400|2.6400|2.6300|2.6300|1537600|4046256.0000|2.6300
112500|2.6300|2.6400|2.6200|2.6200|3689600|9700880.0000|2.6200
113000|2.6200|2.6300|2.6200|2.6200|2001700|5248416.0000|2.6200
130500|2.6200|2.6300|2.6200|2.6200|2574900|6750528.0000|2.6200
131000|2.6200|2.6300|2.6200|2.6300|1060600|2781232.0000|2.6300
131500|2.6200|2.6300|2.6200|2.6300|1203500|3157568.0000|2.6300
132000|2.6300|2.6300|2.6200|2.6300|2049800|5374608.0000|2.6300
132500|2.6300|2.6300|2.6200|2.6200|1761800|4620800.0000|2.6200
133000|2.6200|2.6300|2.6200|2.6200|1250200|3279296.0000|2.6200
133500|2.6200|2.6300|2.6100|2.6100|2646800|6923456.0000|2.6100
134000|2.6100|2.6200|2.6100|2.6200|826400|2157536.0000|2.6200
134500|2.6200|2.6200|2.6100|2.6100|677400|1768928.0000|2.6100
135000|2.6100|2.6200|2.6000|2.6000|5340600|13936704.0000|2.6000
135500|2.6000|2.6100|2.6000|2.6000|1536400|3996800.0000|2.6000
140000|2.6000|2.6100|2.6000|2.6000|1105800|2878368.0000|2.6000
140500|2.6000|2.6100|2.6000|2.6000|1561500|4061664.0000|2.6000
141000|2.6100|2.6100|2.6000|2.6100|816000|2122272.0000|2.6100
141500|2.6100|2.6200|2.6000|2.6200|7910300|20642688.0000|2.6200
142000|2.6200|2.6200|2.6100|2.6200|1971000|5156416.0000|2.6200
142500|2.6200|2.6200|2.6000|2.6100|3541000|9247680.0000|2.6100
143000|2.6100|2.6200|2.6000|2.6100|2437200|6355392.0000|2.6100
143500|2.6100|2.6200|2.6000|2.6200|2836700|7401568.0000|2.6200
144000|2.6200|2.6200|2.6100|2.6100|2547000|6666336.0000|2.6100
144500|2.6200|2.6200|2.6100|2.6100|1695900|4434624.0000|2.6100
145000|2.6200|2.6300|2.6100|2.6300|5662700|14838912.0000|2.6300
145500|2.6200|2.6300|2.6100|2.6200|3566300|9349600.0000|2.6200
150000|2.6200|2.6200|2.6100|2.6100|2572300|6720160.0000|2.6100
