093500|2.8500|2.8600|2.8400|2.8500|9291300|26475360.0000|2.8500
094000|2.8500|2.8600|2.8400|2.8500|3401700|9694028.0000|2.8500
094500|2.8500|2.8600|2.8300|2.8300|7780700|22096200.0000|2.8300
095000|2.8300|2.8400|2.8200|2.8200|9992700|28282224.0000|2.8200
095500|2.8200|2.8400|2.8200|2.8300|5458700|15438416.0000|2.8300
100000|2.8300|2.8400|2.8300|2.8400|693500|1967456.0000|2.8400
100500|2.8300|2.8400|2.8300|2.8300|3348500|9480920.0000|2.8300
101000|2.8300|2.8400|2.8300|2.8400|428100|1211784.0000|2.8400
101500|2.8400|2.8400|2.8300|2.8400|614200|1739816.0000|2.8400
102000|2.8400|2.8400|2.8300|2.8300|537400|1523216.0000|2.8300
102500|2.8300|2.8400|2.8300|2.8300|303200|858272.0000|2.8300
103000|2.8300|2.8400|2.8300|2.8300|387800|1098408.0000|2.8300
103500|2.8300|2.8400|2.8300|2.8300|458700|1300576.0000|2.8300
104000|2.8400|2.8400|2.8300|2.8300|296800|840704.0000|2.8300
104500|2.8300|2.8400|2.8300|2.8300|222500|630488.0000|2.8300
105000|2.8300|2.8400|2.8300|2.8400|421600|1194520.0000|2.8400
105500|2.8300|2.8400|2.8300|2.8400|324800|919856.0000|2.8400
110000|2.8400|2.8400|2.8300|2.8400|243900|690952.0000|2.8400
110500|2.8300|2.8400|2.8300|2.8300|702600|1988760.0000|2.8300
111000|2.8300|2.8400|2.8300|2.8300|466700|1321168.0000|2.8300
111500|2.8400|2.8400|2.8300|2.8400|406900|1153840.0000|2.8400
112000|2.8300|2.8400|2.8300|2.8300|453200|1284520.0000|2.8300
112500|2.8300|2.8400|2.8300|2.8300|969900|2747376.0000|2.8300
113000|2.8300|2.8400|2.8300|2.8400|560800|1587736.0000|2.8400
130500|2.8300|2.8400|2.8300|2.8300|599900|1699760.0000|2.8300
131000|2.8300|2.8400|2.8300|2.8300|7039100|19913888.0000|2.8300
131500|2.8300|2.8400|2.8200|2.8200|4396400|12441296.0000|2.8200
132000|2.8200|2.8300|2.8200|2.8200|1800200|5093184.0000|2.8200
132500|2.8300|2.8300|2.8200|2.8300|783100|2215008.0000|2.8300
133000|2.8300|2.8400|2.8200|2.8300|1033800|2927344.0000|2.8300
133500|2.8300|2.8400|2.8200|2.8300|1978000|5597360.0000|2.8300
134000|2.8400|2.8400|2.8300|2.8400|531700|1505408.0000|2.8400
134500|2.8400|2.8400|2.8300|2.8400|742700|2103264.0000|2.8400
135000|2.8300|2.8400|2.8300|2.8400|193900|549392.0000|2.8400
135500|2.8300|2.8400|2.8300|2.8400|208700|591200.0000|2.8400
140000|2.8300|2.8400|2.8200|2.8300|2312800|6545760.0000|2.8300
140500|2.8300|2.8400|2.8200|2.8300|1005600|2846368.0000|2.8300
141000|2.8400|2.8400|2.8300|2.8300|695900|1972016.0000|2.8300
141500|2.8400|2.8400|2.8200|2.8200|1244200|3519216.0000|2.8200
142000|2.8300|2.8300|2.8200|2.8300|353700|999536.0000|2.8300
142500|2.8300|2.8300|2.8200|2.8200|457600|1291616.0000|2.8200
143000|2.8200|2.8300|2.8200|2.8200|671200|1893808.0000|2.8200
143500|2.8200|2.8300|2.8200|2.8300|1627200|4591184.0000|2.8300
144000|2.8300|2.8300|2.8200|2.8300|1231200|3473616.0000|2.8300
144500|2.8200|2.8300|2.8200|2.8200|1771900|4999344.0000|2.8200
145000|2.8200|2.8300|2.8200|2.8200|2046700|5785760.0000|2.8200
145500|2.8200|2.8300|2.8200|2.8200|3708200|10463792.0000|2.8200
150000|2.8200|2.8300|2.8100|2.8100|10946500|30858320.0000|2.8100
