09350000|9.1918717800|9.2896576500|9.1746154500|9.2608971000|185720|2980320.0000|9.2608971000
09400000|9.2724013200|9.2781534300|9.2378886600|9.2724013200|101100|1627039.0000|9.2724013200
09450000|9.2724013200|9.2781534300|9.2321365500|9.2321365500|62100|998603.0000|9.2321365500
09500000|9.2321365500|9.2436407700|9.2033760000|9.2091281100|85220|1366925.0000|9.2091281100
09550000|9.2091281100|9.2148802200|9.1918717800|9.1976238900|85046|1359964.0000|9.1976238900
10000000|9.1976238900|9.2033760000|9.1803675600|9.2033760000|80380|1283723.0000|9.2033760000
10050000|9.2033760000|9.2033760000|9.1516070100|9.1688633400|130274|2080000.0000|9.1688633400
10100000|9.1688633400|9.1688633400|9.1458549000|9.1573591200|107700|1714367.0000|9.1573591200
10150000|9.1573591200|9.1688633400|9.1516070100|9.1631112300|158180|2519292.0000|9.1631112300
10200000|9.1631112300|9.1631112300|9.1343506800|9.1343506800|109400|1739811.0000|9.1343506800
10250000|9.1401027900|9.1401027900|9.0998380200|9.1170943500|160800|2550663.0000|9.1170943500
10300000|9.1170943500|9.1170943500|9.1055901300|9.1113422400|47920|758979.0000|9.1113422400
10350000|9.1170943500|9.1170943500|9.0653253600|9.0710774700|159880|2526676.0000|9.0710774700
10400000|9.0653253600|9.0883338000|9.0653253600|9.0825816900|67400|1063561.0000|9.0825816900
10450000|9.0825816900|9.0825816900|9.0595732500|9.0595732500|178920|2820344.0000|9.0595732500
10500000|9.0538211400|9.0653253600|9.0308127000|9.0595732500|148600|2336456.0000|9.0595732500
10550000|9.0595732500|9.0653253600|9.0480690300|9.0538211400|69100|1088108.0000|9.0538211400
11000000|9.0595732500|9.0595732500|9.0423169200|9.0480690300|80500|1266749.0000|9.0480690300
11050000|9.0480690300|9.0538211400|9.0250605900|9.0308127000|131100|2059071.0000|9.0308127000
11100000|9.0308127000|9.0365648100|9.0020521500|9.0135563700|83300|1305883.0000|9.0135563700
11150000|9.0193084800|9.0595732500|9.0193084800|9.0423169200|112580|1768094.0000|9.0423169200
11200000|9.0538211400|9.0768295800|9.0538211400|9.0595732500|47780|752823.0000|9.0595732500
11250000|9.0595732500|9.0883338000|9.0595732500|9.0825816900|51900|818264.0000|9.0825816900
11300000|9.0825816900|9.0883338000|9.0653253600|9.0653253600|39400|621384.0000|9.0653253600
13050000|9.0768295800|9.0768295800|9.0365648100|9.0538211400|90568|1425795.0000|9.0538211400
13100000|9.0538211400|9.0538211400|9.0365648100|9.0423169200|18240|286852.0000|9.0423169200
13150000|9.0480690300|9.0710774700|9.0423169200|9.0653253600|41900|660294.0000|9.0653253600
13200000|9.0653253600|9.0710774700|9.0538211400|9.0595732500|26100|411105.0000|9.0595732500
13250000|9.0595732500|9.1055901300|9.0595732500|9.0595732500|152840|2411887.0000|9.0595732500
13300000|9.0595732500|9.0825816900|9.0595732500|9.0768295800|19900|313879.0000|9.0768295800
13350000|9.0768295800|9.0768295800|9.0538211400|9.0653253600|65600|1033863.0000|9.0653253600
13400000|9.0653253600|9.0710774700|9.0595732500|9.0595732500|23000|362557.0000|9.0595732500
13450000|9.0595732500|9.0653253600|9.0538211400|9.0595732500|30400|478818.0000|9.0595732500
13500000|9.0595732500|9.0710774700|9.0480690300|9.0653253600|72660|1144322.0000|9.0653253600
13550000|9.0710774700|9.0768295800|9.0653253600|9.0710774700|25600|403857.0000|9.0710774700
14000000|9.0710774700|9.0825816900|9.0653253600|9.0653253600|61600|971648.0000|9.0653253600
14050000|9.0768295800|9.0825816900|9.0710774700|9.0710774700|35600|561926.0000|9.0710774700
14100000|9.0768295800|9.0998380200|9.0710774700|9.0883338000|81900|1293033.0000|9.0883338000
14150000|9.0940859100|9.1055901300|9.0825816900|9.0825816900|54900|867759.0000|9.0825816900
14200000|9.0825816900|9.0883338000|9.0710774700|9.0825816900|99300|1567227.0000|9.0825816900
14250000|9.0768295800|9.0825816900|9.0710774700|9.0768295800|32300|509724.0000|9.0768295800
14300000|9.0825816900|9.0825816900|9.0768295800|9.0768295800|51600|814520.0000|9.0768295800
14350000|9.0825816900|9.0883338000|9.0653253600|9.0653253600|52600|829557.0000|9.0653253600
14400000|9.0710774700|9.0710774700|9.0538211400|9.0653253600|112720|1775295.0000|9.0653253600
14450000|9.0595732500|9.0710774700|9.0480690300|9.0595732500|41900|659884.0000|9.0595732500
14500000|9.0595732500|9.0653253600|9.0423169200|9.0480690300|92040|1448723.0000|9.0480690300
14550000|9.0480690300|9.0595732500|9.0480690300|9.0538211400|78520|1235867.0000|9.0538211400
15000000|9.0538211400|9.0538211400|9.0365648100|9.0365648100|101600|1597154.0000|9.0365648100
