09350000|8.1322300800|8.1756714800|8.1061652400|8.1235418000|357800|3353133.0000|8.1235418000
09400000|8.1235418000|8.1322300800|8.1061652400|8.1148535200|145000|1354756.0000|8.1148535200
09450000|8.1235418000|8.1322300800|8.1148535200|8.1148535200|91900|859283.0000|8.1148535200
09500000|8.1061652400|8.1235418000|8.0887886800|8.1061652400|196400|1833067.0000|8.1061652400
09550000|8.1148535200|8.1322300800|8.1148535200|8.1148535200|100700|941242.0000|8.1148535200
10000000|8.1061652400|8.1235418000|8.0974769600|8.1061652400|151200|1411535.0000|8.1061652400
10050000|8.0974769600|8.1322300800|8.0974769600|8.1235418000|212000|1979527.0000|8.1235418000
10100000|8.1235418000|8.1322300800|8.1235418000|8.1235418000|107300|1003801.0000|8.1235418000
10150000|8.1235418000|8.1322300800|8.1148535200|8.1235418000|61800|577737.0000|8.1235418000
10200000|8.1235418000|8.1322300800|8.1235418000|8.1322300800|50600|473415.0000|8.1322300800
10250000|8.1322300800|8.1322300800|8.1235418000|8.1322300800|32100|299959.0000|8.1322300800
10300000|8.1235418000|8.1322300800|8.1235418000|8.1322300800|68500|640706.0000|8.1322300800
10350000|8.1322300800|8.1322300800|8.1235418000|8.1322300800|170400|1594705.0000|8.1322300800
10400000|8.1322300800|8.1496066400|8.1322300800|8.1409183600|103700|971411.0000|8.1409183600
10450000|8.1409183600|8.1496066400|8.1322300800|8.1409183600|81100|760396.0000|8.1409183600
10500000|8.1409183600|8.1496066400|8.1235418000|8.1235418000|199600|1868818.0000|8.1235418000
10550000|8.1322300800|8.1322300800|8.0887886800|8.1061652400|178900|1670806.0000|8.1061652400
11000000|8.1061652400|8.1061652400|8.0974769600|8.1061652400|37100|346004.0000|8.1061652400
11050000|8.1061652400|8.1148535200|8.0801004000|8.0801004000|208900|1946392.0000|8.0801004000
11100000|8.0801004000|8.0887886800|8.0801004000|8.0801004000|116900|1087778.0000|8.0801004000
11150000|8.0801004000|8.1061652400|8.0801004000|8.0801004000|95600|890182.0000|8.0801004000
11200000|8.0801004000|8.1061652400|8.0801004000|8.0801004000|87600|815228.0000|8.0801004000
11250000|8.0801004000|8.1148535200|8.0801004000|8.0974769600|63000|587318.0000|8.0974769600
11300000|8.1061652400|8.1148535200|8.0887886800|8.1061652400|67800|632178.0000|8.1061652400
13050000|8.0974769600|8.0974769600|8.0801004000|8.0801004000|45100|420078.0000|8.0801004000
13100000|8.0801004000|8.0887886800|8.0714121200|8.0714121200|47000|437232.0000|8.0714121200
13150000|8.0714121200|8.0714121200|8.0627238400|8.0714121200|73200|679764.0000|8.0714121200
13200000|8.0627238400|8.0801004000|8.0627238400|8.0627238400|31800|295368.0000|8.0627238400
13250000|8.0627238400|8.0714121200|8.0540355600|8.0714121200|48900|453884.0000|8.0714121200
13300000|8.0714121200|8.0714121200|8.0540355600|8.0627238400|15900|147572.0000|8.0627238400
13350000|8.0627238400|8.0714121200|8.0540355600|8.0627238400|49800|462016.0000|8.0627238400
13400000|8.0540355600|8.0627238400|8.0453472800|8.0540355600|74300|688776.0000|8.0540355600
13450000|8.0540355600|8.0627238400|8.0540355600|8.0540355600|37100|344446.0000|8.0540355600
13500000|8.0627238400|8.0627238400|8.0540355600|8.0627238400|60900|565032.0000|8.0627238400
13550000|8.0627238400|8.0627238400|8.0540355600|8.0540355600|15800|146594.0000|8.0540355600
14000000|8.0540355600|8.0627238400|8.0453472800|8.0453472800|59800|553882.0000|8.0453472800
14050000|8.0453472800|8.0627238400|8.0453472800|8.0627238400|65200|604450.0000|8.0627238400
14100000|8.0627238400|8.0627238400|8.0453472800|8.0453472800|33900|314168.0000|8.0453472800
14150000|8.0453472800|8.0540355600|8.0279707200|8.0279707200|141400|1307680.0000|8.0279707200
14200000|8.0279707200|8.0366590000|8.0192824400|8.0279707200|47700|440724.0000|8.0279707200
14250000|8.0279707200|8.0366590000|8.0279707200|8.0279707200|23600|218352.0000|8.0279707200
14300000|8.0366590000|8.0366590000|8.0019058800|8.0105941600|126900|1171116.0000|8.0105941600
14350000|8.0192824400|8.0453472800|8.0192824400|8.0192824400|66200|611576.0000|8.0192824400
14400000|8.0279707200|8.0366590000|8.0192824400|8.0366590000|66000|609864.0000|8.0366590000
14450000|8.0366590000|8.0453472800|8.0105941600|8.0453472800|168600|1557148.0000|8.0453472800
14500000|8.0453472800|8.0453472800|8.0279707200|8.0453472800|89300|826364.0000|8.0453472800
14550000|8.0453472800|8.0453472800|8.0366590000|8.0366590000|71800|664264.0000|8.0366590000
15000000|8.0453472800|8.0540355600|7.9758410400|7.9758410400|1315900|12084388.0000|7.9758410400
