093500|8.66|8.72|8.66|8.7|2913.0|2701692.0|8.7
094000|8.71|8.71|8.68|8.68|1072.0|993893.0|8.7
094500|8.69|8.69|8.67|8.69|1385.0|1282458.0|8.68
095000|8.69|8.7|8.68|8.7|952.0|883254.0|8.69
095500|8.7|8.71|8.68|8.71|1423.0|1319788.0|8.7
100000|8.71|8.71|8.69|8.7|790.0|732755.0|8.71
100500|8.7|8.7|8.69|8.7|1397.0|1295551.0|8.7
101000|8.7|8.7|8.69|8.7|406.0|376554.0|8.7
101500|8.7|8.7|8.68|8.69|765.0|709265.0|8.7
102000|8.69|8.69|8.68|8.69|646.0|598288.0|8.69
102500|8.69|8.69|8.68|8.68|448.0|414904.0|8.69
103000|8.69|8.69|8.67|8.68|1156.0|1070507.0|8.68
103500|8.68|8.7|8.67|8.69|1308.0|1211884.0|8.68
104000|8.7|8.7|8.69|8.7|378.0|350613.0|8.69
104500|8.7|8.7|8.68|8.68|665.0|615979.0|8.7
105000|8.69|8.69|8.67|8.68|728.0|674177.0|8.68
105500|8.69|8.69|8.67|8.67|1097.0|1015877.0|8.68
110000|8.68|8.68|8.67|8.67|299.0|276657.0|8.67
110500|8.68|8.68|8.67|8.68|1368.0|1266073.0|8.67
111000|8.68|8.68|8.65|8.66|3092.0|2858003.0|8.68
111500|8.67|8.68|8.67|8.67|581.0|537439.0|8.66
112000|8.67|8.68|8.66|8.68|565.0|522734.0|8.67
112500|8.68|8.68|8.66|8.66|1033.0|955754.0|8.68
113000|8.66|8.68|8.66|8.67|612.0|566185.0|8.66
130500|8.67|8.69|8.67|8.68|1151.0|1066013.0|8.67
131000|8.68|8.68|8.66|8.67|912.0|843600.0|8.68
131500|8.67|8.69|8.67|8.69|1324.0|1225953.0|8.67
132000|8.69|8.69|8.68|8.69|264.0|244711.0|8.69
132500|8.69|8.69|8.68|8.69|573.0|531096.0|8.69
133000|8.68|8.69|8.68|8.69|341.0|315960.0|8.69
133500|8.68|8.69|8.68|8.69|660.0|611330.0|8.69
134000|8.69|8.7|8.68|8.69|1079.0|1000180.0|8.69
134500|8.69|8.7|8.68|8.69|485.0|449575.0|8.69
135000|8.68|8.69|8.68|8.68|354.0|328105.0|8.69
135500|8.69|8.69|8.68|8.69|957.0|886360.0|8.68
140000|8.69|8.7|8.68|8.69|1246.0|1155390.0|8.69
140500|8.68|8.68|8.66|8.67|987.0|913643.0|8.69
141000|8.66|8.67|8.66|8.66|460.0|425314.0|8.67
141500|8.67|8.67|8.66|8.66|551.0|509207.0|8.66
142000|8.66|8.67|8.65|8.65|1622.0|1498831.0|8.66
142500|8.66|8.66|8.65|8.65|746.0|689135.0|8.65
143000|8.66|8.66|8.64|8.65|2116.0|1953083.0|8.65
143500|8.65|8.66|8.64|8.66|1912.0|1764892.0|8.65
144000|8.66|8.66|8.64|8.65|3918.0|3616249.0|8.66
144500|8.65|8.65|8.64|8.65|1374.0|1267636.0|8.65
145000|8.65|8.66|8.64|8.65|995.0|918119.0|8.65
145500|8.65|8.66|8.64|8.66|1979.0|1826175.0|8.65
150000|8.66|8.66|8.64|8.64|1046.0|965196.0|8.66
