093500|4.1100|4.1200|4.0700|4.0800|4154600|17020200.0000|4.0800
094000|4.0900|4.1000|4.0800|4.0900|1061700|4336256.0000|4.0900
094500|4.1000|4.1000|4.0500|4.0600|2198300|8960346.0000|4.0600
095000|4.0600|4.0700|4.0500|4.0700|1065700|4326854.0000|4.0700
095500|4.0700|4.0900|4.0700|4.0800|673900|2747536.0000|4.0800
100000|4.0700|4.1000|4.0700|4.0900|1379600|5632660.0000|4.0900
100500|4.0900|4.1000|4.0600|4.0700|1889700|7720688.0000|4.0700
101000|4.0600|4.0800|4.0500|4.0500|878000|3566816.0000|4.0500
101500|4.0500|4.0600|4.0100|4.0200|1636900|6604164.0000|4.0200
102000|4.0200|4.0500|4.0200|4.0500|441000|1780364.0000|4.0500
102500|4.0500|4.0800|4.0500|4.0700|802700|3257464.0000|4.0700
103000|4.0800|4.1000|4.0600|4.1000|660400|2693064.0000|4.1000
103500|4.1000|4.1000|4.0700|4.0800|369000|1507608.0000|4.0800
104000|4.0900|4.1000|4.0800|4.1000|696000|2849008.0000|4.1000
104500|4.0900|4.1200|4.0800|4.1100|1045500|4292832.0000|4.1100
105000|4.1100|4.1300|4.1100|4.1200|1212600|4997192.0000|4.1200
105500|4.1200|4.1300|4.1100|4.1100|1057800|4356128.0000|4.1100
110000|4.1200|4.1300|4.1100|4.1200|870700|3590928.0000|4.1200
110500|4.1300|4.1300|4.1000|4.1000|473600|1948376.0000|4.1000
111000|4.1000|4.1100|4.1000|4.1100|108800|446488.0000|4.1100
111500|4.1000|4.1200|4.1000|4.1000|535500|2199760.0000|4.1000
112000|4.1100|4.1200|4.0900|4.1000|612500|2512408.0000|4.1000
112500|4.1000|4.1100|4.1000|4.1100|91000|373840.0000|4.1100
113000|4.1100|4.1200|4.1000|4.1100|174300|716344.0000|4.1100
130500|4.1100|4.1300|4.1000|4.1000|950400|3913608.0000|4.1000
131000|4.1100|4.1200|4.1000|4.1200|519800|2137456.0000|4.1200
131500|4.1100|4.1200|4.1000|4.1100|811600|3336416.0000|4.1100
132000|4.1100|4.1100|4.1000|4.1100|325500|1335312.0000|4.1100
132500|4.1000|4.1000|4.0800|4.0900|646600|2647080.0000|4.0900
133000|4.0900|4.0900|4.0800|4.0800|241900|987432.0000|4.0800
133500|4.0800|4.0900|4.0800|4.0900|158300|646960.0000|4.0900
134000|4.0900|4.0900|4.0700|4.0700|391500|1597352.0000|4.0700
134500|4.0700|4.0900|4.0700|4.0700|381600|1556248.0000|4.0700
135000|4.0800|4.0800|4.0600|4.0700|462300|1881832.0000|4.0700
135500|4.0700|4.0700|4.0600|4.0700|208600|847376.0000|4.0700
140000|4.0700|4.0800|4.0600|4.0700|360800|1468824.0000|4.0700
140500|4.0700|4.0900|4.0700|4.0800|335600|1369016.0000|4.0800
141000|4.0700|4.0800|4.0600|4.0600|140700|572176.0000|4.0600
141500|4.0600|4.0700|4.0600|4.0700|107800|438008.0000|4.0700
142000|4.0700|4.0700|4.0500|4.0500|428600|1739744.0000|4.0500
142500|4.0500|4.0700|4.0500|4.0700|487300|1978280.0000|4.0700
143000|4.0700|4.0700|4.0500|4.0600|309600|1257016.0000|4.0600
143500|4.0600|4.0700|4.0500|4.0700|211500|858800.0000|4.0700
144000|4.0700|4.0700|4.0400|4.0500|715900|2901056.0000|4.0500
144500|4.0400|4.0500|4.0400|4.0500|206600|835712.0000|4.0500
145000|4.0500|4.0500|4.0400|4.0500|896400|3629328.0000|4.0500
145500|4.0400|4.0500|4.0400|4.0500|583100|2359952.0000|4.0500
150000|4.0500|4.0500|4.0400|4.0500|548000|2218912.0000|4.0500
