093500|5.3200|5.3700|5.2800|5.2800|4822600|25695496.0000|5.2800
094000|5.2800|5.3900|5.2800|5.3600|3725300|19851864.0000|5.3600
094500|5.3600|5.3700|5.3000|5.3100|2118700|11307588.0000|5.3100
095000|5.3000|5.3100|5.2800|5.3100|2318600|12287076.0000|5.3100
095500|5.3100|5.3100|5.2800|5.2900|1959300|10371920.0000|5.2900
100000|5.2800|5.3200|5.2800|5.3000|1248000|6622392.0000|5.3000
100500|5.3000|5.3200|5.2900|5.2900|813200|4315184.0000|5.2900
101000|5.2900|5.2900|5.2300|5.2500|3501300|18426040.0000|5.2500
101500|5.2500|5.2500|5.2100|5.2300|1601200|8374528.0000|5.2300
102000|5.2300|5.2400|5.2000|5.2000|2269300|11834192.0000|5.2000
102500|5.2000|5.2400|5.2000|5.2300|1809300|9444608.0000|5.2300
103000|5.2400|5.2400|5.2200|5.2400|645300|3375312.0000|5.2400
103500|5.2400|5.2400|5.2100|5.2100|380400|1987792.0000|5.2100
104000|5.2200|5.2200|5.1700|5.1700|2296300|11910784.0000|5.1700
104500|5.1700|5.1800|5.1300|5.1400|1728600|8913328.0000|5.1400
105000|5.1400|5.1700|5.1300|5.1600|1460800|7520048.0000|5.1600
105500|5.1600|5.1800|5.1500|5.1700|735400|3800112.0000|5.1700
110000|5.1700|5.1800|5.1400|5.1600|704500|3630528.0000|5.1600
110500|5.1600|5.1800|5.1200|5.1400|1347700|6934080.0000|5.1400
111000|5.1400|5.1500|5.1100|5.1200|1233200|6327904.0000|5.1200
111500|5.1300|5.1400|5.1100|5.1200|1809300|9267504.0000|5.1200
112000|5.1200|5.1300|5.0800|5.0800|1922900|9803760.0000|5.0800
112500|5.0900|5.1500|5.0900|5.1400|1007200|5161472.0000|5.1400
113000|5.1400|5.1500|5.1300|5.1400|305900|1572528.0000|5.1400
130500|5.1300|5.1500|5.1100|5.1500|1616600|8287904.0000|5.1500
131000|5.1500|5.1800|5.1400|5.1700|1605400|8290976.0000|5.1700
131500|5.1600|5.1900|5.1600|5.1600|1452400|7511232.0000|5.1600
132000|5.1600|5.1900|5.1500|5.1900|941300|4867152.0000|5.1900
132500|5.1900|5.2300|5.1900|5.2000|2040800|10640192.0000|5.2000
133000|5.2000|5.2500|5.1900|5.2500|1772000|9242896.0000|5.2500
133500|5.2500|5.2600|5.2300|5.2500|1742900|9138496.0000|5.2500
134000|5.2500|5.2500|5.2000|5.2000|1133800|5928192.0000|5.2000
134500|5.2100|5.2400|5.2100|5.2400|609800|3187872.0000|5.2400
135000|5.2400|5.2400|5.2200|5.2300|449900|2354624.0000|5.2300
135500|5.2300|5.2300|5.2000|5.2000|823900|4302144.0000|5.2000
140000|5.2100|5.2300|5.2000|5.2100|444200|2315200.0000|5.2100
140500|5.2100|5.2200|5.1600|5.1700|993000|5150720.0000|5.1700
141000|5.1700|5.2000|5.1700|5.1800|750800|3890048.0000|5.1800
141500|5.1800|5.1900|5.1700|5.1900|402600|2085664.0000|5.1900
142000|5.1900|5.2100|5.1700|5.2000|646100|3356512.0000|5.2000
142500|5.2000|5.2000|5.1700|5.1800|842700|4368448.0000|5.1800
143000|5.1800|5.1800|5.1600|5.1800|761600|3938336.0000|5.1800
143500|5.1800|5.2000|5.1700|5.1800|1006300|5215200.0000|5.1800
144000|5.1800|5.1800|5.1500|5.1500|662700|3419488.0000|5.1500
144500|5.1500|5.1600|5.1200|5.1400|1297200|6669120.0000|5.1400
145000|5.1400|5.1500|5.1000|5.1100|1214600|6212736.0000|5.1100
145500|5.1100|5.1100|5.0900|5.1000|1641300|8374784.0000|5.1000
150000|5.1000|5.1100|5.0800|5.0900|1020600|5198784.0000|5.0900
