09350000|5.7200000000|5.8000000000|5.7100000000|5.7500000000|4352280|25058445.0000|5.7500000000
09400000|5.7500000000|5.7500000000|5.7100000000|5.7200000000|2393500|13710273.0000|5.7200000000
09450000|5.7200000000|5.7200000000|5.6900000000|5.7000000000|1689358|9630299.0000|5.7000000000
09500000|5.7100000000|5.7100000000|5.6700000000|5.6800000000|2232262|12703568.0000|5.6800000000
09550000|5.6900000000|5.7000000000|5.6800000000|5.6900000000|1036395|5894606.0000|5.6900000000
10000000|5.7000000000|5.7100000000|5.6900000000|5.7000000000|578400|3297913.0000|5.7000000000
10050000|5.7000000000|5.7100000000|5.6900000000|5.7000000000|804100|4580898.0000|5.7000000000
10100000|5.7000000000|5.7000000000|5.6600000000|5.6700000000|2074305|11773961.0000|5.6700000000
10150000|5.6700000000|5.6700000000|5.6600000000|5.6700000000|699700|3962629.0000|5.6700000000
10200000|5.6700000000|5.7000000000|5.6600000000|5.6900000000|1396200|7926191.0000|5.6900000000
10250000|5.6900000000|5.6900000000|5.6700000000|5.6700000000|702700|3988706.0000|5.6700000000
10300000|5.6800000000|5.6900000000|5.6700000000|5.6800000000|307767|1747296.0000|5.6800000000
10350000|5.6800000000|5.7000000000|5.6800000000|5.6900000000|188000|1069282.0000|5.6900000000
10400000|5.6900000000|5.7000000000|5.6700000000|5.6800000000|725000|4123406.0000|5.6800000000
10450000|5.6800000000|5.6900000000|5.6700000000|5.6900000000|661200|3752427.0000|5.6900000000
10500000|5.6900000000|5.6900000000|5.6800000000|5.6900000000|183400|1042657.0000|5.6900000000
10550000|5.6900000000|5.6900000000|5.6800000000|5.6900000000|147100|836634.0000|5.6900000000
11000000|5.6900000000|5.7000000000|5.6800000000|5.6800000000|417400|2374380.0000|5.6800000000
11050000|5.6800000000|5.6900000000|5.6800000000|5.6800000000|200800|1141296.0000|5.6800000000
11100000|5.6800000000|5.7100000000|5.6800000000|5.7000000000|370310|2108829.0000|5.7000000000
11150000|5.7000000000|5.7200000000|5.7000000000|5.7100000000|266800|1524060.0000|5.7100000000
11200000|5.7100000000|5.7400000000|5.7100000000|5.7300000000|694300|3980111.0000|5.7300000000
11250000|5.7400000000|5.7700000000|5.7400000000|5.7600000000|2133304|12279202.0000|5.7600000000
11300000|5.7600000000|5.7600000000|5.7500000000|5.7500000000|553900|3188564.0000|5.7500000000
13050000|5.7500000000|5.7600000000|5.7400000000|5.7400000000|730900|4202008.0000|5.7400000000
13100000|5.7400000000|5.7700000000|5.7400000000|5.7600000000|813400|4684125.0000|5.7600000000
13150000|5.7600000000|5.7700000000|5.7500000000|5.7700000000|873500|5029767.0000|5.7700000000
13200000|5.7600000000|5.7700000000|5.7500000000|5.7500000000|467000|2689386.0000|5.7500000000
13250000|5.7600000000|5.7800000000|5.7600000000|5.7800000000|1380500|7968608.0000|5.7800000000
13300000|5.7800000000|5.7800000000|5.7600000000|5.7600000000|750600|4333187.0000|5.7600000000
13350000|5.7600000000|5.7700000000|5.7600000000|5.7700000000|264700|1526270.0000|5.7700000000
13400000|5.7600000000|5.7700000000|5.7600000000|5.7600000000|375300|2164344.0000|5.7600000000
13450000|5.7600000000|5.7800000000|5.7600000000|5.7800000000|684900|3954280.0000|5.7800000000
13500000|5.7700000000|5.7800000000|5.7600000000|5.7600000000|389400|2247013.0000|5.7600000000
13550000|5.7600000000|5.7700000000|5.7600000000|5.7600000000|536300|3091779.0000|5.7600000000
14000000|5.7700000000|5.7700000000|5.7600000000|5.7600000000|324500|1870880.0000|5.7600000000
14050000|5.7600000000|5.7700000000|5.7600000000|5.7600000000|328951|1895483.0000|5.7600000000
14100000|5.7600000000|5.7700000000|5.7500000000|5.7500000000|526593|3032992.0000|5.7500000000
14150000|5.7500000000|5.7600000000|5.7500000000|5.7600000000|532500|3065226.0000|5.7600000000
14200000|5.7600000000|5.7700000000|5.7500000000|5.7600000000|540751|3116752.0000|5.7600000000
14250000|5.7600000000|5.7800000000|5.7600000000|5.7800000000|1368800|7906143.0000|5.7800000000
14300000|5.7800000000|5.7800000000|5.7700000000|5.7800000000|300100|1733370.0000|5.7800000000
14350000|5.7800000000|5.7800000000|5.7700000000|5.7800000000|439100|2536751.0000|5.7800000000
14400000|5.7800000000|5.7800000000|5.7600000000|5.7700000000|791400|4568031.0000|5.7700000000
14450000|5.7700000000|5.7700000000|5.7600000000|5.7600000000|285400|1645632.0000|5.7600000000
14500000|5.7700000000|5.7700000000|5.7600000000|5.7700000000|573000|3304186.0000|5.7700000000
14550000|5.7700000000|5.7800000000|5.7600000000|5.7800000000|1385400|7995469.0000|5.7800000000
15000000|5.7700000000|5.7800000000|5.7700000000|5.7800000000|1380000|7975655.0000|5.7800000000
