093500|8.9|8.97|8.88|8.93|7436.0|6641440.0|8.9
094000|8.93|8.98|8.93|8.98|2305.0|2065656.0|8.93
094500|8.98|8.99|8.96|8.97|2143.0|1923463.0|8.98
095000|8.96|8.97|8.95|8.97|2761.0|2474854.0|8.97
095500|8.97|8.97|8.93|8.95|2424.0|2169931.0|8.97
100000|8.96|8.97|8.95|8.96|1610.0|1442477.0|8.95
100500|8.97|8.97|8.94|8.97|2317.0|2075115.0|8.96
101000|8.96|8.96|8.93|8.95|1154.0|1032179.0|8.97
101500|8.95|8.96|8.94|8.94|1417.0|1267773.0|8.95
102000|8.93|8.94|8.9|8.9|1890.0|1685783.0|8.94
102500|8.91|8.92|8.9|8.91|1275.0|1135608.0|8.9
103000|8.91|8.93|8.9|8.93|2074.0|1847769.0|8.91
103500|8.93|8.94|8.93|8.93|807.0|721137.0|8.93
104000|8.94|8.95|8.92|8.93|1911.0|1707911.0|8.93
104500|8.93|8.93|8.91|8.92|894.0|797077.0|8.93
105000|8.91|8.92|8.91|8.91|1732.0|1543203.0|8.92
105500|8.92|8.93|8.91|8.92|1318.0|1176059.0|8.91
110000|8.92|8.93|8.91|8.93|860.0|767396.0|8.92
110500|8.93|8.94|8.92|8.94|470.0|419882.0|8.93
111000|8.93|8.94|8.92|8.93|1484.0|1325323.0|8.94
111500|8.94|8.95|8.93|8.94|604.0|539950.0|8.93
112000|8.93|8.95|8.93|8.95|1438.0|1285714.0|8.94
112500|8.93|8.94|8.92|8.93|1468.0|1310386.0|8.95
113000|8.92|8.93|8.91|8.93|909.0|811109.0|8.93
130500|8.93|8.94|8.91|8.93|2427.0|2164539.0|8.93
131000|8.92|8.93|8.92|8.92|579.0|516611.0|8.93
131500|8.92|8.94|8.92|8.93|1303.0|1163474.0|8.92
132000|8.92|8.94|8.92|8.93|577.0|515051.0|8.93
132500|8.93|8.94|8.92|8.93|2712.0|2420075.0|8.93
133000|8.93|8.94|8.92|8.94|1079.0|963866.0|8.93
133500|8.93|8.94|8.91|8.91|1674.0|1494045.0|8.94
134000|8.91|8.92|8.89|8.89|2960.0|2634552.0|8.91
134500|8.9|8.92|8.9|8.91|2477.0|2206359.0|8.89
135000|8.9|8.91|8.9|8.9|990.0|881310.0|8.91
135500|8.9|8.91|8.89|8.9|1573.0|1399972.0|8.9
140000|8.89|8.9|8.88|8.9|2958.0|2628867.0|8.9
140500|8.89|8.9|8.87|8.88|2017.0|1792203.0|8.9
141000|8.88|8.91|8.87|8.9|1914.0|1702414.0|8.88
141500|8.9|8.9|8.89|8.9|1450.0|1289763.0|8.9
142000|8.89|8.9|8.88|8.88|2515.0|2235133.0|8.9
142500|8.88|8.89|8.87|8.89|1080.0|959101.0|8.88
143000|8.89|8.89|8.87|8.87|1305.0|1158344.0|8.89
143500|8.88|8.88|8.85|8.86|3870.0|3430972.0|8.87
144000|8.85|8.86|8.83|8.85|3058.0|2704628.0|8.86
144500|8.84|8.85|8.84|8.85|2599.0|2299111.0|8.85
145000|8.85|8.85|8.81|8.82|3967.0|3502911.0|8.85
145500|8.82|8.83|8.81|8.81|3294.0|2904117.0|8.82
150000|8.82|8.84|8.8|8.81|1978.0|1742622.0|8.81
