093500|4.5700|4.6000|4.5600|4.5700|2339000|10701787.0000|4.5700
094000|4.5700|4.6000|4.5600|4.5900|2282153|10433510.0000|4.5900
094500|4.5900|4.6100|4.5800|4.5900|2987200|13728356.0000|4.5900
095000|4.5900|4.6000|4.5700|4.5700|2973900|13621742.0000|4.5700
095500|4.5700|4.6300|4.5700|4.6100|4582800|21078033.0000|4.6100
100000|4.6100|4.6300|4.6100|4.6200|2945700|13618130.0000|4.6200
100500|4.6100|4.6200|4.6100|4.6200|815820|3764181.0000|4.6200
101000|4.6100|4.6200|4.6000|4.6100|1824400|8409397.0000|4.6100
101500|4.6000|4.6100|4.6000|4.6000|830900|3824999.0000|4.6000
102000|4.6000|4.6100|4.5900|4.6000|1051600|4840172.0000|4.6000
102500|4.6000|4.6100|4.5900|4.6000|911800|4197561.0000|4.6000
103000|4.6000|4.6200|4.5900|4.6000|1194700|5504063.0000|4.6000
103500|4.6000|4.6100|4.5900|4.6000|936000|4303308.0000|4.6000
104000|4.6000|4.6100|4.5900|4.6000|792500|3645072.0000|4.6000
104500|4.6000|4.6100|4.6000|4.6100|308800|1421389.0000|4.6100
105000|4.6000|4.6100|4.5800|4.5800|662500|3043436.0000|4.5800
105500|4.5900|4.5900|4.5700|4.5700|1199900|5494522.0000|4.5700
110000|4.5800|4.5900|4.5700|4.5800|1782600|8161460.0000|4.5800
110500|4.5800|4.5900|4.5700|4.5800|1491100|6831139.0000|4.5800
111000|4.5800|4.6000|4.5800|4.6000|1322600|6070133.0000|4.6000
111500|4.6000|4.6000|4.5800|4.5800|3840500|17604333.0000|4.5800
112000|4.5800|4.6000|4.5800|4.6000|1691100|7763370.0000|4.6000
112500|4.6000|4.6100|4.5900|4.5900|4374000|20101943.0000|4.5900
113000|4.5900|4.6000|4.5900|4.5900|236392|1085708.0000|4.5900
130500|4.6000|4.6000|4.5900|4.6000|456400|2096359.0000|4.6000
131000|4.5900|4.6200|4.5900|4.6100|2432500|11209953.0000|4.6100
131500|4.6100|4.6300|4.5900|4.6000|1232800|5693424.0000|4.6000
132000|4.6000|4.6000|4.5800|4.5900|180700|829113.0000|4.5900
132500|4.5900|4.5900|4.5800|4.5900|700400|3212917.0000|4.5900
133000|4.6000|4.6000|4.5800|4.6000|555600|2550456.0000|4.6000
133500|4.6000|4.6000|4.5800|4.6000|876000|4020380.0000|4.6000
134000|4.6000|4.6100|4.5800|4.6000|1055700|4846503.0000|4.6000
134500|4.6000|4.6100|4.5800|4.6000|1172500|5389612.0000|4.6000
135000|4.6000|4.6100|4.5900|4.6000|1265384|5813860.0000|4.6000
135500|4.6000|4.6100|4.5900|4.6000|762700|3505070.0000|4.6000
140000|4.6000|4.6100|4.5900|4.6100|752900|3462873.0000|4.6100
140500|4.6000|4.6100|4.6000|4.6000|607600|2798396.0000|4.6000
141000|4.6100|4.6200|4.6000|4.6200|798600|3685095.0000|4.6200
141500|4.6200|4.6200|4.6100|4.6100|497800|2299292.0000|4.6100
142000|4.6100|4.6200|4.6100|4.6200|537000|2479526.0000|4.6200
142500|4.6100|4.6200|4.6100|4.6200|691400|3191377.0000|4.6200
143000|4.6200|4.6200|4.6100|4.6200|572200|2641858.0000|4.6200
143500|4.6200|4.6200|4.6100|4.6100|820700|3787120.0000|4.6100
144000|4.6100|4.6200|4.6100|4.6200|681500|3145920.0000|4.6200
144500|4.6200|4.6200|4.5900|4.6000|2395200|11029568.0000|4.6000
145000|4.6000|4.6100|4.6000|4.6000|970000|4468336.0000|4.6000
145500|4.6000|4.6200|4.6000|4.6100|1059314|4881872.0000|4.6100
150000|4.6100|4.6100|4.6000|4.6100|1005400|4633856.0000|4.6100
