093500|5.38|5.41|5.37|5.41|74707.0|41434482.0|5.38
094000|5.4|5.45|5.4|5.43|158238.0|88432541.0|5.41
094500|5.44|5.44|5.43|5.43|48571.0|27168976.0|5.43
095000|5.43|5.44|5.42|5.44|24482.0|13688597.0|5.43
095500|5.44|5.45|5.43|5.43|46237.0|25896658.0|5.44
100000|5.44|5.44|5.43|5.44|12538.0|7015886.0|5.43
100500|5.43|5.44|5.42|5.43|23425.0|13095198.0|5.44
101000|5.43|5.44|5.42|5.44|41003.0|22930785.0|5.43
101500|5.44|5.47|5.43|5.46|127585.0|71622722.0|5.44
102000|5.46|5.48|5.46|5.47|89507.0|50411517.0|5.46
102500|5.47|5.48|5.46|5.46|38154.0|21492096.0|5.47
103000|5.46|5.47|5.44|5.45|33841.0|19012344.0|5.46
103500|5.44|5.46|5.44|5.45|15441.0|8653534.0|5.45
104000|5.44|5.45|5.44|5.44|12424.0|6959253.0|5.45
104500|5.44|5.45|5.44|5.45|16650.0|9324734.0|5.44
105000|5.44|5.45|5.43|5.44|12585.0|7044615.0|5.45
105500|5.44|5.44|5.43|5.44|14343.0|8029581.0|5.44
110000|5.43|5.45|5.43|5.44|13651.0|7642949.0|5.44
110500|5.43|5.44|5.43|5.44|13902.0|7778759.0|5.44
111000|5.43|5.44|5.43|5.44|7718.0|4317378.0|5.44
111500|5.43|5.44|5.43|5.44|20103.0|11258103.0|5.44
112000|5.43|5.44|5.43|5.44|8741.0|4893518.0|5.44
112500|5.43|5.44|5.43|5.44|10058.0|5628611.0|5.44
113000|5.43|5.44|5.43|5.44|9694.0|5426865.0|5.44
130500|5.44|5.45|5.43|5.43|15147.0|8478304.0|5.44
131000|5.43|5.44|5.42|5.43|30493.0|17042418.0|5.43
131500|5.42|5.43|5.42|5.43|14687.0|8208175.0|5.43
132000|5.43|5.44|5.42|5.43|15877.0|8875753.0|5.43
132500|5.43|5.43|5.42|5.43|14934.0|8341857.0|5.43
133000|5.42|5.43|5.42|5.43|10772.0|6018622.0|5.43
133500|5.42|5.44|5.42|5.42|10456.0|5839478.0|5.43
134000|5.43|5.43|5.42|5.42|10269.0|5736490.0|5.42
134500|5.43|5.43|5.42|5.43|16127.0|9008399.0|5.42
135000|5.43|5.44|5.42|5.43|14018.0|7842631.0|5.43
135500|5.44|5.44|5.42|5.42|19732.0|11032111.0|5.43
140000|5.43|5.44|5.42|5.44|9216.0|5150320.0|5.42
140500|5.43|5.44|5.43|5.44|5661.0|3167494.0|5.44
141000|5.43|5.44|5.43|5.43|7447.0|4166322.0|5.44
141500|5.43|5.44|5.43|5.43|17563.0|9832267.0|5.43
142000|5.44|5.45|5.43|5.44|21374.0|11970032.0|5.43
142500|5.43|5.45|5.43|5.44|16402.0|9183910.0|5.44
143000|5.44|5.45|5.43|5.43|18283.0|10235674.0|5.44
143500|5.44|5.44|5.43|5.44|11853.0|6633404.0|5.43
144000|5.44|5.44|5.43|5.43|16453.0|9208148.0|5.44
144500|5.44|5.45|5.43|5.45|34909.0|19568180.0|5.43
145000|5.44|5.46|5.44|5.46|75472.0|42355230.0|5.45
145500|5.45|5.47|5.45|5.47|80996.0|45505341.0|5.46
150000|5.46|5.47|5.45|5.47|101027.0|56839512.0|5.47
