093500|4.6000|4.6500|4.5900|4.6500|1649826|7628908.0000|4.6500
094000|4.6500|4.6600|4.6300|4.6600|1804407|8382434.0000|4.6600
094500|4.6600|4.6700|4.6500|4.6700|1059200|4940285.0000|4.6700
095000|4.6600|4.6700|4.6600|4.6700|483100|2253666.0000|4.6700
095500|4.6700|4.6700|4.6300|4.6600|1256600|5849237.0000|4.6600
100000|4.6700|4.6700|4.6500|4.6600|319900|1491987.0000|4.6600
100500|4.6500|4.6700|4.6500|4.6700|369800|1722898.0000|4.6700
101000|4.6600|4.6700|4.6500|4.6500|222100|1035108.0000|4.6500
101500|4.6600|4.6700|4.6500|4.6600|481700|2246852.0000|4.6600
102000|4.6600|4.6700|4.6500|4.6600|219900|1024404.0000|4.6600
102500|4.6500|4.6700|4.6500|4.6700|631400|2943822.0000|4.6700
103000|4.6700|4.6700|4.6600|4.6700|171744|801708.0000|4.6700
103500|4.6700|4.6700|4.6400|4.6500|692256|3221185.0000|4.6500
104000|4.6500|4.6500|4.6400|4.6400|208600|969270.0000|4.6400
104500|4.6400|4.6500|4.6300|4.6400|257300|1193338.0000|4.6400
105000|4.6400|4.6500|4.6300|4.6500|389400|1806312.0000|4.6500
105500|4.6400|4.6500|4.6400|4.6500|98100|455469.0000|4.6500
110000|4.6400|4.6500|4.6400|4.6400|345900|1605095.0000|4.6400
110500|4.6300|4.6400|4.6300|4.6400|93600|433572.0000|4.6400
111000|4.6300|4.6400|4.6300|4.6400|92600|429048.0000|4.6400
111500|4.6300|4.6400|4.6300|4.6400|188500|873578.0000|4.6400
112000|4.6400|4.6400|4.6300|4.6400|42000|194772.0000|4.6400
112500|4.6400|4.6400|4.6300|4.6400|373900|1731410.0000|4.6400
113000|4.6300|4.6400|4.6300|4.6300|119900|555390.0000|4.6300
130500|4.6300|4.6400|4.6200|4.6300|284100|1315688.0000|4.6300
131000|4.6200|4.6300|4.6200|4.6300|98200|454094.0000|4.6300
131500|4.6300|4.6400|4.6200|4.6400|224600|1039942.0000|4.6400
132000|4.6400|4.6400|4.6300|4.6300|156600|725590.0000|4.6300
132500|4.6300|4.6400|4.6300|4.6300|105200|487382.0000|4.6300
133000|4.6300|4.6500|4.6300|4.6400|394800|1831477.0000|4.6400
133500|4.6500|4.6600|4.6400|4.6600|533981|2483182.0000|4.6600
134000|4.6600|4.6700|4.6500|4.6500|745200|3473442.0000|4.6500
134500|4.6600|4.6700|4.6500|4.6600|603900|2811452.0000|4.6600
135000|4.6600|4.6600|4.6500|4.6500|488400|2271438.0000|4.6500
135500|4.6500|4.6600|4.6400|4.6600|184600|858565.0000|4.6600
140000|4.6500|4.6600|4.6400|4.6500|543100|2525494.0000|4.6500
140500|4.6500|4.6600|4.6500|4.6600|217100|1009732.0000|4.6600
141000|4.6600|4.6600|4.6500|4.6500|192500|895585.0000|4.6500
141500|4.6500|4.6600|4.6500|4.6500|570000|2650710.0000|4.6500
142000|4.6500|4.6600|4.6500|4.6600|162100|754564.0000|4.6600
142500|4.6600|4.6600|4.6500|4.6600|264900|1233795.0000|4.6600
143000|4.6600|4.6600|4.6500|4.6600|108600|505724.0000|4.6600
143500|4.6600|4.6600|4.6500|4.6600|132100|614737.0000|4.6600
144000|4.6600|4.6600|4.6500|4.6600|266300|1239967.0000|4.6600
144500|4.6500|4.6600|4.6500|4.6600|252300|1174318.0000|4.6600
145000|4.6600|4.6600|4.6500|4.6600|290700|1353490.0000|4.6600
145500|4.6600|4.6700|4.6500|4.6600|975200|4543416.0000|4.6600
150000|4.6600|4.6700|4.6600|4.6600|571400|2664237.0000|4.6600
