093500|3.0700|3.0800|3.0600|3.0800|13427700|41262763.0000|3.0800
094000|3.0800|3.0800|3.0700|3.0700|7167700|22047829.0000|3.0700
094500|3.0700|3.0800|3.0700|3.0700|5874700|18074155.0000|3.0700
095000|3.0700|3.0800|3.0700|3.0700|6264200|19276200.0000|3.0700
095500|3.0700|3.0800|3.0700|3.0700|13122500|40410852.0000|3.0700
100000|3.0700|3.0800|3.0700|3.0700|4677800|14381295.0000|3.0700
100500|3.0700|3.0800|3.0700|3.0800|2873300|8839780.0000|3.0800
101000|3.0800|3.0800|3.0700|3.0800|5995600|18432839.0000|3.0800
101500|3.0700|3.0800|3.0700|3.0700|7176300|22057819.0000|3.0700
102000|3.0800|3.0800|3.0700|3.0800|2967300|9123256.0000|3.0800
102500|3.0800|3.0800|3.0700|3.0700|5260100|16183098.0000|3.0700
103000|3.0800|3.0800|3.0700|3.0700|6151900|18905316.0000|3.0700
103500|3.0700|3.0800|3.0700|3.0700|3951300|12158770.0000|3.0700
104000|3.0800|3.0800|3.0700|3.0700|10030400|30879932.0000|3.0700
104500|3.0800|3.0800|3.0700|3.0700|2017500|6201872.0000|3.0700
105000|3.0700|3.0800|3.0700|3.0700|1921900|5913728.0000|3.0700
105500|3.0800|3.0800|3.0700|3.0800|35277800|108315488.0000|3.0800
110000|3.0700|3.0800|3.0700|3.0800|4185500|12876560.0000|3.0800
110500|3.0800|3.0800|3.0700|3.0800|4181200|12863968.0000|3.0800
111000|3.0800|3.0800|3.0700|3.0800|3848100|11823968.0000|3.0800
111500|3.0800|3.0800|3.0700|3.0800|2296300|7060768.0000|3.0800
112000|3.0700|3.0800|3.0700|3.0800|18710400|57618000.0000|3.0800
112500|3.0700|3.0800|3.0700|3.0800|2413240|7419760.0000|3.0800
113000|3.0800|3.0800|3.0700|3.0700|7035800|21619344.0000|3.0700
130500|3.0700|3.0800|3.0700|3.0700|4796500|14745248.0000|3.0700
131000|3.0700|3.0800|3.0700|3.0700|13133700|40389520.0000|3.0700
131500|3.0700|3.0800|3.0700|3.0800|8000612|24598832.0000|3.0800
132000|3.0800|3.0800|3.0700|3.0800|3186400|9788832.0000|3.0800
132500|3.0800|3.0800|3.0700|3.0800|5042100|15497728.0000|3.0800
133000|3.0800|3.0800|3.0700|3.0800|5554600|17070912.0000|3.0800
133500|3.0800|3.0800|3.0700|3.0700|4815900|14797248.0000|3.0700
134000|3.0800|3.0800|3.0700|3.0700|2668200|8199376.0000|3.0700
134500|3.0700|3.0800|3.0700|3.0800|5603400|17208992.0000|3.0800
135000|3.0700|3.0800|3.0700|3.0800|6631400|20372096.0000|3.0800
135500|3.0800|3.0800|3.0700|3.0800|8936900|27454656.0000|3.0800
140000|3.0800|3.0800|3.0700|3.0800|6078400|18682800.0000|3.0800
140500|3.0700|3.0800|3.0700|3.0800|6873700|21121232.0000|3.0800
141000|3.0800|3.0800|3.0700|3.0800|7292000|22411792.0000|3.0800
141500|3.0800|3.0800|3.0700|3.0800|6872608|21136800.0000|3.0800
142000|3.0700|3.0800|3.0700|3.0800|11055392|34004464.0000|3.0800
142500|3.0800|3.0800|3.0700|3.0800|10592096|32528992.0000|3.0800
143000|3.0700|3.0800|3.0700|3.0800|11120800|34152048.0000|3.0800
143500|3.0700|3.0800|3.0600|3.0700|10153504|31170912.0000|3.0700
144000|3.0700|3.0700|3.0600|3.0700|5076208|15555536.0000|3.0700
144500|3.0700|3.0700|3.0600|3.0600|7874288|24165376.0000|3.0600
145000|3.0700|3.0700|3.0600|3.0700|6500704|19950288.0000|3.0700
145500|3.0600|3.0700|3.0600|3.0700|3324496|10198816.0000|3.0700
150000|3.0700|3.0700|3.0600|3.0700|11496208|35283696.0000|3.0700
