093500|2.8600|2.8600|2.8500|2.8600|5203100|14853199.0000|2.8600
094000|2.8500|2.8600|2.8500|2.8500|2201700|6284653.0000|2.8500
094500|2.8500|2.8600|2.8500|2.8500|2030400|5794353.0000|2.8500
095000|2.8600|2.8600|2.8500|2.8600|6327300|18037813.0000|2.8600
095500|2.8600|2.8600|2.8400|2.8600|11645600|33196418.0000|2.8600
100000|2.8500|2.8600|2.8500|2.8500|6984400|19941289.0000|2.8500
100500|2.8600|2.8600|2.8500|2.8500|2623300|7496381.0000|2.8500
101000|2.8600|2.8600|2.8500|2.8500|1357800|3879669.0000|2.8500
101500|2.8600|2.8600|2.8500|2.8600|1242000|3544854.0000|2.8600
102000|2.8600|2.8600|2.8500|2.8500|971600|2771733.0000|2.8500
102500|2.8600|2.8600|2.8500|2.8600|2581700|7364265.0000|2.8600
103000|2.8500|2.8600|2.8500|2.8600|2198000|6273233.0000|2.8600
103500|2.8600|2.8600|2.8500|2.8500|3285600|9372172.0000|2.8500
104000|2.8500|2.8600|2.8500|2.8500|1593200|4543721.0000|2.8500
104500|2.8500|2.8600|2.8500|2.8500|1590600|4538721.0000|2.8500
105000|2.8600|2.8600|2.8500|2.8500|2032900|5797921.0000|2.8500
105500|2.8500|2.8600|2.8400|2.8400|32277400|91989413.0000|2.8400
110000|2.8400|2.8500|2.8400|2.8400|1016100|2891445.0000|2.8400
110500|2.8400|2.8500|2.8400|2.8500|2714600|7719572.0000|2.8500
111000|2.8500|2.8500|2.8400|2.8400|1272500|3621891.0000|2.8400
111500|2.8400|2.8500|2.8400|2.8500|1443400|4106903.0000|2.8500
112000|2.8400|2.8500|2.8400|2.8500|951100|2705814.0000|2.8500
112500|2.8400|2.8500|2.8400|2.8500|1018900|2899943.0000|2.8500
113000|2.8500|2.8500|2.8400|2.8400|1618400|4606048.0000|2.8400
130500|2.8400|2.8500|2.8400|2.8400|3715000|10566480.0000|2.8400
131000|2.8500|2.8500|2.8400|2.8500|2307600|6560384.0000|2.8500
131500|2.8500|2.8500|2.8400|2.8500|1437700|4087776.0000|2.8500
132000|2.8400|2.8500|2.8400|2.8400|3530100|10027360.0000|2.8400
132500|2.8400|2.8500|2.8400|2.8400|2418700|6872384.0000|2.8400
133000|2.8500|2.8500|2.8400|2.8400|2265790|6440736.0000|2.8400
133500|2.8500|2.8500|2.8400|2.8500|1537100|4370544.0000|2.8500
134000|2.8400|2.8500|2.8400|2.8400|1575300|4479344.0000|2.8400
134500|2.8400|2.8500|2.8400|2.8500|1646900|4684048.0000|2.8500
135000|2.8500|2.8500|2.8400|2.8500|1802700|5125136.0000|2.8500
135500|2.8500|2.8500|2.8400|2.8400|2119400|6026752.0000|2.8400
140000|2.8500|2.8500|2.8400|2.8400|2490500|7085728.0000|2.8400
140500|2.8400|2.8500|2.8400|2.8400|2691500|7646640.0000|2.8400
141000|2.8400|2.8500|2.8400|2.8500|2391600|6798720.0000|2.8500
141500|2.8400|2.8500|2.8400|2.8400|7669300|21793136.0000|2.8400
142000|2.8400|2.8500|2.8400|2.8500|8806679|25022576.0000|2.8500
142500|2.8500|2.8500|2.8400|2.8500|10925700|31041024.0000|2.8500
143000|2.8500|2.8500|2.8400|2.8500|2367100|6731680.0000|2.8500
143500|2.8500|2.8500|2.8400|2.8500|5376000|15277568.0000|2.8500
144000|2.8400|2.8500|2.8300|2.8500|16084700|45700176.0000|2.8500
144500|2.8500|2.8500|2.8300|2.8400|19269800|54724976.0000|2.8400
145000|2.8400|2.8500|2.8300|2.8400|15140000|43009568.0000|2.8400
145500|2.8500|2.8500|2.8400|2.8400|9492749|26975760.0000|2.8400
150000|2.8500|2.8500|2.8400|2.8500|7582424|21600560.0000|2.8500
