093500|2.5600|2.5600|2.5300|2.5400|2307700|5871068.0000|2.5400
094000|2.5300|2.5500|2.5300|2.5400|1729100|4387195.0000|2.5400
094500|2.5500|2.5500|2.5400|2.5500|457800|1163676.0000|2.5500
095000|2.5500|2.5600|2.5400|2.5500|2004100|5109017.0000|2.5500
095500|2.5500|2.5500|2.5400|2.5400|389400|990202.0000|2.5400
100000|2.5400|2.5500|2.5400|2.5500|381100|969602.0000|2.5500
100500|2.5400|2.5400|2.5300|2.5300|2358500|5986034.0000|2.5300
101000|2.5300|2.5400|2.5300|2.5400|737700|1871464.0000|2.5400
101500|2.5300|2.5400|2.5200|2.5300|2692900|6810224.0000|2.5300
102000|2.5300|2.5300|2.5200|2.5200|427000|1077604.0000|2.5200
102500|2.5300|2.5300|2.5200|2.5300|386300|974724.0000|2.5300
103000|2.5300|2.5300|2.5200|2.5200|611800|1546084.0000|2.5200
103500|2.5200|2.5300|2.5200|2.5200|336000|848708.0000|2.5200
104000|2.5200|2.5300|2.5200|2.5300|340600|859676.0000|2.5300
104500|2.5300|2.5300|2.5100|2.5100|3533300|8899028.0000|2.5100
105000|2.5200|2.5300|2.5100|2.5200|1595000|4018736.0000|2.5200
105500|2.5100|2.5200|2.5100|2.5100|276400|694800.0000|2.5100
110000|2.5100|2.5200|2.5100|2.5100|440700|1106640.0000|2.5100
110500|2.5100|2.5200|2.5100|2.5100|385000|967644.0000|2.5100
111000|2.5100|2.5200|2.5000|2.5100|3395400|8523488.0000|2.5100
111500|2.5100|2.5200|2.5000|2.5100|1147300|2879184.0000|2.5100
112000|2.5100|2.5200|2.5000|2.5100|742600|1863760.0000|2.5100
112500|2.5100|2.5200|2.5000|2.5200|590500|1482280.0000|2.5200
113000|2.5200|2.5300|2.5100|2.5300|1185900|2988272.0000|2.5300
130500|2.5200|2.5300|2.5100|2.5100|1054900|2659960.0000|2.5100
131000|2.5100|2.5200|2.5000|2.5100|1317600|3307680.0000|2.5100
131500|2.5100|2.5200|2.5000|2.5100|496100|1245736.0000|2.5100
132000|2.5100|2.5200|2.5100|2.5200|608500|1528664.0000|2.5200
132500|2.5200|2.5200|2.5100|2.5200|287000|721704.0000|2.5200
133000|2.5200|2.5200|2.5100|2.5100|284900|716712.0000|2.5100
133500|2.5100|2.5200|2.5100|2.5200|302800|762296.0000|2.5200
134000|2.5200|2.5300|2.5100|2.5200|996900|2512232.0000|2.5200
134500|2.5200|2.5200|2.5100|2.5200|386400|970648.0000|2.5200
135000|2.5100|2.5200|2.5100|2.5100|415600|1045608.0000|2.5100
135500|2.5100|2.5200|2.5100|2.5100|202700|509400.0000|2.5100
140000|2.5100|2.5200|2.5000|2.5100|2075900|5211720.0000|2.5100
140500|2.5100|2.5100|2.5000|2.5100|334000|837536.0000|2.5100
141000|2.5000|2.5100|2.5000|2.5100|470000|1176768.0000|2.5100
141500|2.5000|2.5200|2.5000|2.5100|758000|1900640.0000|2.5100
142000|2.5100|2.5200|2.5000|2.5200|704500|1766536.0000|2.5200
142500|2.5200|2.5200|2.5000|2.5200|1195800|2997416.0000|2.5200
143000|2.5200|2.5200|2.5000|2.5000|470200|1179688.0000|2.5000
143500|2.5000|2.5200|2.5000|2.5000|544700|1364544.0000|2.5000
144000|2.5100|2.5200|2.5000|2.5100|1176600|2950200.0000|2.5100
144500|2.5100|2.5100|2.5000|2.5100|638200|1596400.0000|2.5100
145000|2.5100|2.5100|2.5000|2.5100|659000|1649192.0000|2.5100
145500|2.5100|2.5100|2.5000|2.5100|1640000|4107848.0000|2.5100
150000|2.5100|2.5100|2.5000|2.5000|1604800|4016480.0000|2.5000
