09350000|19.8086952900|19.8945993500|19.5470783800|19.7188865000|1067214|53922587.0000|19.7188865000
09400000|19.7579338000|19.9375513800|19.7462196100|19.7969811000|996998|50710318.0000|19.7969811000
09450000|19.7930763700|20.0703122000|19.7657432600|20.0703122000|860800|43907236.0000|20.0703122000
09500000|20.0664074700|20.2108824800|20.0507885500|20.1874541000|1042122|53688696.0000|20.1874541000
09550000|20.1796446400|20.1796446400|19.9180277300|20.0156459800|536200|27517384.0000|20.0156459800
10000000|20.0312649000|20.1171689600|19.9453608400|20.0820263900|393828|20224665.0000|20.0820263900
10050000|20.0820263900|20.0937405800|19.8086952900|19.8086952900|294700|15028877.0000|19.8086952900
10100000|19.8047905600|19.8867898900|19.7618385300|19.7618385300|235600|11960797.0000|19.7618385300
10150000|19.7579338000|19.8243142100|19.7540290700|19.7579338000|218700|11075472.0000|19.7579338000
10200000|19.7579338000|19.7618385300|19.6837439300|19.7071723100|252400|12748448.0000|19.7071723100
10250000|19.7149817700|19.7306006900|19.6056493300|19.6056493300|250700|12619328.0000|19.6056493300
10300000|19.6056493300|19.6915533900|19.6056493300|19.6251729800|277212|13941520.0000|19.6251729800
10350000|19.6290777100|19.7188865000|19.6251729800|19.7110770400|246188|12408400.0000|19.7110770400
10400000|19.6993628500|19.7813621800|19.6993628500|19.7306006900|106996|5410944.0000|19.7306006900
10450000|19.7306006900|19.8282189400|19.6993628500|19.8282189400|140908|7121648.0000|19.8282189400
10500000|19.8282189400|19.8438378600|19.7813621800|19.8321236700|102700|5213712.0000|19.8321236700
10550000|19.8282189400|19.8399331300|19.7891716400|19.8399331300|85500|4339808.0000|19.8399331300
11000000|19.8399331300|19.8789804300|19.8282189400|19.8750757000|83200|4230192.0000|19.8750757000
11050000|19.8711709700|19.8711709700|19.7579338000|19.7813621800|80700|4093744.0000|19.7813621800
11100000|19.7891716400|19.8047905600|19.7579338000|19.7891716400|72300|3662112.0000|19.7891716400
11150000|19.7852669100|19.8165047500|19.7579338000|19.8165047500|67000|3394432.0000|19.8165047500
11200000|19.8165047500|19.8243142100|19.7501243400|19.7657432600|69500|3521616.0000|19.7657432600
11250000|19.7657432600|19.8243142100|19.7462196100|19.7813621800|92175|4671296.0000|19.7813621800
11300000|19.7813621800|19.7852669100|19.6798392000|19.7110770400|102059|5153472.0000|19.7110770400
13050000|19.7188865000|19.8672662400|19.7188865000|19.8321236700|303900|15420256.0000|19.8321236700
13100000|19.8321236700|19.9765986800|19.8321236700|19.9726939500|417500|21296000.0000|19.9726939500
13150000|19.9726939500|20.0625027400|19.9726939500|20.0546932800|411783|21122896.0000|20.0546932800
13200000|20.0546932800|20.0742169300|20.0078365200|20.0507885500|459600|23602528.0000|20.0507885500
13250000|20.0507885500|20.0585980100|19.9258371900|19.9844081400|173200|8867504.0000|19.9844081400
13300000|19.9844081400|19.9883128700|19.8360284000|19.8555520500|173400|8844224.0000|19.8555520500
13350000|19.8555520500|19.8750757000|19.8126000200|19.8555520500|179300|9110832.0000|19.8555520500
13400000|19.8555520500|19.8711709700|19.8282189400|19.8399331300|107400|5457600.0000|19.8399331300
13450000|19.8360284000|19.8399331300|19.7618385300|19.7657432600|203490|10316032.0000|19.7657432600
13500000|19.7657432600|19.7969811000|19.7501243400|19.7540290700|151000|7648064.0000|19.7540290700
13550000|19.7540290700|19.7774574500|19.6837439300|19.6837439300|129000|6515600.0000|19.6837439300
14000000|19.6837439300|19.6954581200|19.6368871700|19.6837439300|191600|9647328.0000|19.6837439300
14050000|19.6837439300|19.6954581200|19.6017446000|19.6407919000|218600|10995328.0000|19.6407919000
14100000|19.6407919000|19.7188865000|19.6407919000|19.6525060900|181000|9124288.0000|19.6525060900
14150000|19.6407919000|19.6642202800|19.5939351400|19.5939351400|157900|7933600.0000|19.5939351400
14200000|19.5939351400|19.6017446000|19.5587925700|19.5900304100|183600|9208592.0000|19.5900304100
14250000|19.5900304100|19.6407919000|19.5392689200|19.6368871700|290680|14580592.0000|19.6368871700
14300000|19.6368871700|19.6798392000|19.5978398700|19.6329824400|316500|15907552.0000|19.6329824400
14350000|19.6329824400|19.6759344700|19.5861256800|19.6681250100|359700|18076352.0000|19.6681250100
14400000|19.6759344700|19.7188865000|19.6681250100|19.7149817700|291800|14717968.0000|19.7149817700
14450000|19.7188865000|19.7384101500|19.6759344700|19.7384101500|386000|19480640.0000|19.7384101500
14500000|19.7384101500|19.7735527200|19.6798392000|19.7032675800|208600|10535744.0000|19.7032675800
14550000|19.7032675800|19.7110770400|19.6603155500|19.7110770400|249873|12593152.0000|19.7110770400
15000000|19.7032675800|19.7188865000|19.6759344700|19.6876486600|271600|13697296.0000|19.6876486600
