09350000|16.1777135600|16.3924322800|16.1777135600|16.1978434400|4443000|107738872.0000|16.1978434400
09400000|16.1978434400|16.2649430400|16.0636442400|16.0703542000|2750600|66226952.0000|16.0703542000
09450000|16.0703542000|16.2448131600|16.0703542000|16.2313932400|1180500|28411520.0000|16.2313932400
09500000|16.2112633600|16.2246832800|16.1508737200|16.1844235200|1103900|26645936.0000|16.1844235200
09550000|16.1844235200|16.3454625600|16.1508737200|16.3186227200|1494300|36144880.0000|16.3186227200
10000000|16.3253326800|16.4394020000|16.2783629600|16.4394020000|1624200|39570784.0000|16.4394020000
10050000|16.4326920400|16.4796617600|16.3991422400|16.4528219200|2203500|53983200.0000|16.4528219200
10100000|16.4461119600|16.5803111600|16.4058522000|16.5333414400|2157800|53079104.0000|16.5333414400
10150000|16.5199215200|16.5937310800|16.5065016000|16.5534713200|1677600|41374336.0000|16.5534713200
10200000|16.5534713200|16.5736012000|16.5199215200|16.5467613600|1113100|27449184.0000|16.5467613600
10250000|16.5467613600|16.6004410400|16.5266314800|16.5400514000|1170200|28888256.0000|16.5400514000
10300000|16.5400514000|16.5870211200|16.4997916400|16.4997916400|947500|23350400.0000|16.4997916400
10350000|16.4930816800|16.5199215200|16.4528219200|16.4863717200|593200|14566747.0000|16.4863717200
10400000|16.4863717200|16.5333414400|16.4796617600|16.5199215200|729900|17955709.0000|16.5199215200
10450000|16.5132115600|16.5937310800|16.5132115600|16.5937310800|793500|19573125.0000|16.5937310800
10500000|16.5870211200|16.6004410400|16.5601812800|16.5937310800|877900|21699463.0000|16.5937310800
10550000|16.5937310800|16.6071510000|16.5870211200|16.5870211200|730100|18058558.0000|16.5870211200
11000000|16.6004410400|16.6407008000|16.5937310800|16.6272808800|1018400|25236478.0000|16.6272808800
11050000|16.6205709200|16.6272808800|16.5601812800|16.6071510000|615100|15216056.0000|16.6071510000
11100000|16.6004410400|16.6474107600|16.5803111600|16.6407008000|626100|15508488.0000|16.6407008000
11150000|16.6474107600|16.6541207200|16.5199215200|16.5199215200|733500|18163072.0000|16.5199215200
11200000|16.5333414400|16.5400514000|16.4930816800|16.4997916400|925300|22769730.0000|16.4997916400
11250000|16.4930816800|16.5266314800|16.4662418400|16.5132115600|873700|21478588.0000|16.5132115600
11300000|16.5065016000|16.5065016000|16.4394020000|16.4528219200|776500|19057734.0000|16.4528219200
13050000|16.4595318800|16.5065016000|16.4461119600|16.4997916400|566700|13906229.0000|16.4997916400
13100000|16.4863717200|16.5266314800|16.4796617600|16.5199215200|442700|10888835.0000|16.5199215200
13150000|16.5266314800|16.5333414400|16.4863717200|16.5199215200|384100|9452868.0000|16.5199215200
13200000|16.5199215200|16.5601812800|16.5132115600|16.5467613600|535000|13185339.0000|16.5467613600
13250000|16.5467613600|16.5870211200|16.5199215200|16.5668912400|795900|19631805.0000|16.5668912400
13300000|16.5534713200|16.5668912400|16.5199215200|16.5534713200|884300|21807043.0000|16.5534713200
13350000|16.5534713200|16.5601812800|16.4729518000|16.4997916400|1323200|32571712.0000|16.4997916400
13400000|16.5065016000|16.5065016000|16.4394020000|16.4796617600|821400|20173196.0000|16.4796617600
13450000|16.4863717200|16.5467613600|16.4796617600|16.5266314800|560800|13805169.0000|16.5266314800
13500000|16.5266314800|16.5467613600|16.4595318800|16.4796617600|610700|15020360.0000|16.4796617600
13550000|16.4796617600|16.4796617600|16.4528219200|16.4595318800|637900|15650432.0000|16.4595318800
14000000|16.4595318800|16.4863717200|16.4394020000|16.4729518000|996800|24446979.0000|16.4729518000
14050000|16.4729518000|16.4997916400|16.4528219200|16.4997916400|1200400|29491385.0000|16.4997916400
14100000|16.4997916400|16.4997916400|16.4595318800|16.4595318800|749000|18394500.0000|16.4595318800
14150000|16.4662418400|16.4930816800|16.4528219200|16.4930816800|529700|13002429.0000|16.4930816800
14200000|16.4930816800|16.4930816800|16.4528219200|16.4930816800|629100|15442568.0000|16.4930816800
14250000|16.4930816800|16.4997916400|16.4662418400|16.4863717200|585500|14385395.0000|16.4863717200
14300000|16.4863717200|16.4930816800|16.4662418400|16.4863717200|530100|13021701.0000|16.4863717200
14350000|16.4863717200|16.5065016000|16.4796617600|16.4930816800|540600|13286913.0000|16.4930816800
14400000|16.4930816800|16.4997916400|16.4796617600|16.4930816800|476400|11707008.0000|16.4930816800
14450000|16.4930816800|16.4930816800|16.4595318800|16.4595318800|536500|13172348.0000|16.4595318800
14500000|16.4595318800|16.4595318800|16.4394020000|16.4528219200|686100|16817546.0000|16.4528219200
14550000|16.4528219200|16.4662418400|16.4394020000|16.4662418400|774400|18987394.0000|16.4662418400
15000000|16.4528219200|16.4729518000|16.4528219200|16.4729518000|711900|17468022.0000|16.4729518000
