093500|10.71|10.8|10.64|10.79|10278.0|11053231.0|10.73
094000|10.78|10.79|10.7|10.7|4502.0|4834760.0|10.79
094500|10.7|10.73|10.68|10.7|5599.0|5990458.0|10.7
095000|10.71|10.77|10.71|10.75|4181.0|4490148.0|10.7
095500|10.76|10.79|10.75|10.79|3915.0|4216432.0|10.75
100000|10.78|10.79|10.76|10.76|3599.0|3880480.0|10.79
100500|10.77|10.79|10.76|10.78|2294.0|2471940.0|10.76
101000|10.79|10.79|10.76|10.77|2745.0|2957398.0|10.78
101500|10.77|10.78|10.74|10.75|2029.0|2183468.0|10.77
102000|10.75|10.77|10.75|10.76|1608.0|1730149.0|10.75
102500|10.76|10.77|10.74|10.75|3045.0|3273629.0|10.76
103000|10.73|10.74|10.72|10.73|2550.0|2735841.0|10.75
103500|10.72|10.72|10.71|10.72|1326.0|1420545.0|10.73
104000|10.72|10.74|10.7|10.72|2410.0|2583100.0|10.72
104500|10.72|10.74|10.71|10.72|1477.0|1583836.0|10.72
105000|10.73|10.73|10.72|10.72|1522.0|1632452.0|10.72
105500|10.72|10.77|10.72|10.76|1793.0|1927517.0|10.72
110000|10.77|10.78|10.75|10.77|4283.0|4610198.0|10.76
110500|10.78|10.79|10.75|10.76|3298.0|3554223.0|10.77
111000|10.75|10.76|10.72|10.72|758.0|814113.0|10.76
111500|10.74|10.74|10.71|10.72|1853.0|1985788.0|10.72
112000|10.71|10.74|10.71|10.72|1149.0|1232145.0|10.72
112500|10.73|10.74|10.72|10.73|1139.0|1222234.0|10.72
113000|10.73|10.74|10.72|10.73|779.0|835896.0|10.73
130500|10.73|10.73|10.7|10.72|2988.0|3201874.0|10.73
131000|10.71|10.72|10.7|10.71|2077.0|2223925.0|10.72
131500|10.7|10.71|10.68|10.68|1971.0|2108173.0|10.71
132000|10.68|10.69|10.67|10.67|2059.0|2198950.0|10.68
132500|10.68|10.69|10.67|10.69|2364.0|2524648.0|10.67
133000|10.68|10.69|10.66|10.67|1505.0|1605875.0|10.69
133500|10.67|10.68|10.66|10.66|4309.0|4594718.0|10.67
134000|10.67|10.68|10.65|10.65|1478.0|1576004.0|10.66
134500|10.65|10.67|10.64|10.64|3838.0|4087291.0|10.65
135000|10.65|10.65|10.63|10.65|2162.0|2299922.0|10.64
135500|10.64|10.65|10.61|10.62|3462.0|3677630.0|10.65
140000|10.61|10.62|10.6|10.61|3200.0|3395307.0|10.62
140500|10.61|10.62|10.59|10.6|2619.0|2776875.0|10.61
141000|10.6|10.61|10.58|10.61|2639.0|2795764.0|10.6
141500|10.61|10.63|10.6|10.63|4779.0|5071996.0|10.61
142000|10.63|10.64|10.62|10.63|1746.0|1855842.0|10.63
142500|10.63|10.64|10.62|10.62|724.0|768799.0|10.63
143000|10.63|10.63|10.61|10.61|895.0|950796.0|10.62
143500|10.61|10.62|10.6|10.6|2753.0|2919575.0|10.61
144000|10.61|10.62|10.59|10.6|3416.0|3622757.0|10.6
144500|10.6|10.61|10.59|10.61|2909.0|3083188.0|10.6
145000|10.61|10.62|10.57|10.57|6618.0|7010586.0|10.61
145500|10.57|10.6|10.55|10.56|7583.0|8019262.0|10.57
150000|10.57|10.57|10.54|10.57|9239.0|9752655.0|10.56
