09350000|7.2300000000|7.3300000000|7.2200000000|7.2400000000|14495500|105266072.0000|7.2400000000
09400000|7.2400000000|7.3000000000|7.2100000000|7.2100000000|9277100|67279712.0000|7.2100000000
09450000|7.2100000000|7.2300000000|7.1800000000|7.1900000000|10550300|75941488.0000|7.1900000000
09500000|7.1900000000|7.2300000000|7.1900000000|7.2100000000|3609700|26047520.0000|7.2100000000
09550000|7.2100000000|7.2800000000|7.2100000000|7.2500000000|3641300|26380704.0000|7.2500000000
10000000|7.2500000000|7.2700000000|7.2300000000|7.2500000000|4728000|34297568.0000|7.2500000000
10050000|7.2500000000|7.3000000000|7.2300000000|7.2900000000|4485500|32574240.0000|7.2900000000
10100000|7.2900000000|7.2900000000|7.2500000000|7.2600000000|2457900|17866944.0000|7.2600000000
10150000|7.2600000000|7.2800000000|7.2500000000|7.2500000000|1781600|12940160.0000|7.2500000000
10200000|7.2500000000|7.2600000000|7.2300000000|7.2300000000|1810000|13108000.0000|7.2300000000
10250000|7.2300000000|7.2700000000|7.2300000000|7.2700000000|1641400|11901216.0000|7.2700000000
10300000|7.2600000000|7.3000000000|7.2300000000|7.3000000000|3051400|22202368.0000|7.3000000000
10350000|7.3000000000|7.3200000000|7.2800000000|7.3100000000|4943400|36108960.0000|7.3100000000
10400000|7.3100000000|7.3100000000|7.2800000000|7.2800000000|2329900|16988928.0000|7.2800000000
10450000|7.2900000000|7.3100000000|7.2800000000|7.3000000000|3731300|27226496.0000|7.3000000000
10500000|7.3000000000|7.3500000000|7.2900000000|7.3400000000|5466000|40080956.0000|7.3400000000
10550000|7.3400000000|7.3500000000|7.3100000000|7.3200000000|3351000|24574024.0000|7.3200000000
11000000|7.3200000000|7.3400000000|7.3100000000|7.3400000000|2769900|20289794.0000|7.3400000000
11050000|7.3300000000|7.3400000000|7.3100000000|7.3300000000|1765000|12924146.0000|7.3300000000
11100000|7.3300000000|7.3300000000|7.2900000000|7.3000000000|1989700|14535118.0000|7.3000000000
11150000|7.2900000000|7.3000000000|7.2900000000|7.3000000000|1339300|9767417.0000|7.3000000000
11200000|7.3000000000|7.3000000000|7.2700000000|7.2800000000|2316300|16877309.0000|7.2800000000
11250000|7.2800000000|7.3000000000|7.2700000000|7.2900000000|1020700|7437248.0000|7.2900000000
11300000|7.2900000000|7.3100000000|7.2900000000|7.3100000000|1194800|8722558.0000|7.3100000000
13050000|7.3100000000|7.3100000000|7.2800000000|7.3000000000|1375100|10028486.0000|7.3000000000
13100000|7.3000000000|7.3000000000|7.2800000000|7.3000000000|1247900|9097274.0000|7.3000000000
13150000|7.2900000000|7.3200000000|7.2900000000|7.3100000000|2799100|20467902.0000|7.3100000000
13200000|7.3200000000|7.3300000000|7.3100000000|7.3200000000|2086900|15280960.0000|7.3200000000
13250000|7.3200000000|7.3200000000|7.2900000000|7.3100000000|1870400|13672206.0000|7.3100000000
13300000|7.3100000000|7.3400000000|7.3100000000|7.3400000000|2136200|15647474.0000|7.3400000000
13350000|7.3400000000|7.3400000000|7.3100000000|7.3200000000|1559600|11430540.0000|7.3200000000
13400000|7.3200000000|7.3300000000|7.3100000000|7.3300000000|1236400|9045818.0000|7.3300000000
13450000|7.3200000000|7.3400000000|7.3200000000|7.3300000000|1714900|12565444.0000|7.3300000000
13500000|7.3300000000|7.3400000000|7.3100000000|7.3100000000|2258100|16547006.0000|7.3100000000
13550000|7.3100000000|7.3200000000|7.3000000000|7.3100000000|1424600|10411845.0000|7.3100000000
14000000|7.3000000000|7.3900000000|7.3000000000|7.3800000000|9783900|72038075.0000|7.3800000000
14050000|7.3800000000|7.3900000000|7.3400000000|7.3600000000|6527900|48124096.0000|7.3600000000
14100000|7.3600000000|7.3600000000|7.3300000000|7.3500000000|2491900|18301057.0000|7.3500000000
14150000|7.3500000000|7.3600000000|7.3200000000|7.3200000000|2541100|18651320.0000|7.3200000000
14200000|7.3300000000|7.3400000000|7.3200000000|7.3400000000|1391600|10200906.0000|7.3400000000
14250000|7.3400000000|7.3600000000|7.3200000000|7.3200000000|2566500|18841789.0000|7.3200000000
14300000|7.3200000000|7.3300000000|7.3100000000|7.3200000000|2812000|20587396.0000|7.3200000000
14350000|7.3300000000|7.3400000000|7.3200000000|7.3300000000|1760800|12902772.0000|7.3300000000
14400000|7.3300000000|7.3600000000|7.3200000000|7.3600000000|3838700|28173957.0000|7.3600000000
14450000|7.3600000000|7.3600000000|7.3300000000|7.3400000000|3088600|22679039.0000|7.3400000000
14500000|7.3400000000|7.3600000000|7.3300000000|7.3400000000|5204400|38244740.0000|7.3400000000
14550000|7.3400000000|7.3500000000|7.3200000000|7.3200000000|5300500|38846844.0000|7.3200000000
15000000|7.3200000000|7.3200000000|7.3000000000|7.3000000000|5136300|37532028.0000|7.3000000000
