093500|8.0500|8.0800|8.0300|8.0800|586400|4726573.0000|8.0800
094000|8.0700|8.0800|8.0600|8.0700|400900|3236984.0000|8.0700
094500|8.0700|8.0800|8.0400|8.0400|529800|4268225.0000|8.0400
095000|8.0500|8.0700|8.0400|8.0600|406100|3270992.0000|8.0600
095500|8.0600|8.0700|8.0500|8.0700|274800|2214945.0000|8.0700
100000|8.0700|8.0900|8.0500|8.0900|292100|2357461.0000|8.0900
100500|8.0800|8.0800|8.0600|8.0600|237368|1915740.0000|8.0600
101000|8.0700|8.0800|8.0600|8.0800|160000|1291958.0000|8.0800
101500|8.0800|8.0800|8.0600|8.0600|206200|1664173.0000|8.0600
102000|8.0600|8.0800|8.0600|8.0700|168000|1355849.0000|8.0700
102500|8.0700|8.0800|8.0600|8.0700|141100|1138057.0000|8.0700
103000|8.0700|8.0700|8.0600|8.0700|130200|1049746.0000|8.0700
103500|8.0700|8.0800|8.0600|8.0800|320958|2589509.0000|8.0800
104000|8.0800|8.0800|8.0600|8.0600|176200|1421976.0000|8.0600
104500|8.0700|8.0700|8.0600|8.0600|103700|835985.0000|8.0600
105000|8.0600|8.0700|8.0500|8.0600|189000|1523448.0000|8.0600
105500|8.0600|8.0700|8.0500|8.0700|179700|1447854.0000|8.0700
110000|8.0700|8.0700|8.0500|8.0600|127900|1030102.0000|8.0600
110500|8.0600|8.0600|8.0400|8.0400|324800|2614528.0000|8.0400
111000|8.0400|8.0500|8.0300|8.0400|402200|3233512.0000|8.0400
111500|8.0400|8.0500|8.0400|8.0500|97300|782822.0000|8.0500
112000|8.0500|8.0500|8.0300|8.0400|245700|1975317.0000|8.0400
112500|8.0400|8.0500|8.0300|8.0400|251800|2023233.0000|8.0400
113000|8.0300|8.0400|8.0300|8.0400|157100|1262080.0000|8.0400
130500|8.0400|8.0400|8.0100|8.0200|464600|3727843.0000|8.0200
131000|8.0300|8.0400|8.0200|8.0200|333900|2680745.0000|8.0200
131500|8.0300|8.0300|8.0100|8.0200|469400|3761779.0000|8.0200
132000|8.0200|8.0200|8.0000|8.0100|378000|3028144.0000|8.0100
132500|8.0200|8.0500|8.0100|8.0500|392700|3152722.0000|8.0500
133000|8.0500|8.0500|8.0200|8.0300|119500|960255.0000|8.0300
133500|8.0300|8.0300|8.0100|8.0100|221900|1779815.0000|8.0100
134000|8.0100|8.0300|8.0100|8.0100|308200|2470081.0000|8.0100
134500|8.0200|8.0200|8.0000|8.0100|239100|1915789.0000|8.0100
135000|8.0000|8.0200|8.0000|8.0100|301600|2415201.0000|8.0100
135500|8.0200|8.0200|8.0000|8.0200|342600|2744644.0000|8.0200
140000|8.0100|8.0200|8.0000|8.0100|259454|2078635.0000|8.0100
140500|8.0100|8.0100|8.0000|8.0000|464272|3715877.0000|8.0000
141000|8.0000|8.0000|7.9500|7.9700|838874|6695930.0000|7.9700
141500|7.9700|7.9800|7.9600|7.9700|411900|3279821.0000|7.9700
142000|7.9700|7.9800|7.9600|7.9700|261000|2080440.0000|7.9700
142500|7.9700|7.9700|7.9200|7.9300|754300|5990725.0000|7.9300
143000|7.9300|7.9400|7.9000|7.9100|658400|5212558.0000|7.9100
143500|7.9100|7.9200|7.8800|7.9200|1245600|9840292.0000|7.9200
144000|7.9200|7.9200|7.8900|7.8900|415000|3280704.0000|7.8900
144500|7.8900|7.9000|7.8300|7.8400|1388190|10910436.0000|7.8400
145000|7.8400|7.8500|7.8300|7.8400|942422|7389273.0000|7.8400
145500|7.8400|7.8400|7.8000|7.8200|1552800|12142736.0000|7.8200
150000|7.8200|7.8200|7.8000|7.8000|1226600|9574356.0000|7.8000
