093500|8.5000|8.5900|8.5000|8.5000|10811900|92197680.0000|8.5000
094000|8.4900|8.5200|8.4100|8.5000|3709200|31368360.0000|8.5000
094500|8.5000|8.5100|8.4000|8.4000|3118000|26375928.0000|8.4000
095000|8.4100|8.4500|8.4000|8.4200|2790800|23513776.0000|8.4200
095500|8.4200|8.5000|8.4100|8.4800|2342000|19779360.0000|8.4800
100000|8.4800|8.5000|8.4700|8.4800|1754500|14897792.0000|8.4800
100500|8.4700|8.4900|8.4300|8.4400|1436100|12156128.0000|8.4400
101000|8.4400|8.4500|8.4300|8.4400|769400|6493776.0000|8.4400
101500|8.4400|8.4500|8.4400|8.4400|105900|894000.0000|8.4400
102000|8.4400|8.4500|8.4400|8.4500|111800|943776.0000|8.4500
102500|8.4500|8.4500|8.4400|8.4400|132400|1117600.0000|8.4400
103000|8.4400|8.4400|8.4400|8.4400|0|0.0000|8.4400
103500|8.4400|8.4400|8.4400|8.4400|0|0.0000|8.4400
104000|8.4400|8.4400|8.4400|8.4400|0|0.0000|8.4400
104500|8.4400|8.4400|8.4400|8.4400|0|0.0000|8.4400
105000|8.4400|8.4400|8.4400|8.4400|0|0.0000|8.4400
105500|8.4400|8.4400|8.4400|8.4400|0|0.0000|8.4400
110000|8.4400|8.4400|8.4400|8.4400|0|0.0000|8.4400
110500|8.4400|8.4400|8.4400|8.4400|0|0.0000|8.4400
111000|8.4400|8.4400|8.4400|8.4400|0|0.0000|8.4400
111500|8.4500|8.4500|8.4500|8.4500|22700|191696.0000|8.4500
112000|8.4500|8.4500|8.4500|8.4500|0|0.0000|8.4500
112500|8.5700|8.5700|8.5700|8.5700|4733400|40161968.0000|8.5700
113000|8.5700|8.6000|8.5600|8.5800|808200|6942816.0000|8.5800
130500|8.5800|8.6800|8.5800|8.6500|1493500|12881824.0000|8.6500
131000|8.6500|8.6900|8.6400|8.6800|448100|3884512.0000|8.6800
131500|8.6800|8.7100|8.6800|8.7100|364000|3164704.0000|8.7100
132000|8.7100|8.7300|8.6900|8.7100|476700|4149344.0000|8.7100
132500|8.7100|8.7300|8.6900|8.7200|354600|3088672.0000|8.7200
133000|8.7000|8.7400|8.6900|8.7300|337200|2936640.0000|8.7300
133500|8.7400|8.7500|8.7000|8.7500|618900|5400928.0000|8.7500
134000|8.7500|8.7500|8.7000|8.7200|642100|5597632.0000|8.7200
134500|8.7000|8.7400|8.7000|8.7000|272800|2376256.0000|8.7000
135000|8.7100|8.7400|8.7000|8.7000|202800|1767040.0000|8.7000
135500|8.7100|8.7200|8.7000|8.7000|169000|1472192.0000|8.7000
140000|8.7100|8.7200|8.7000|8.7000|201100|1750656.0000|8.7000
140500|8.7100|8.7200|8.6900|8.6900|327900|2854336.0000|8.6900
141000|8.7100|8.7200|8.6900|8.7100|243100|2116544.0000|8.7100
141500|8.7000|8.7200|8.6900|8.7000|201500|1754016.0000|8.7000
142000|8.7000|8.7200|8.6900|8.7000|497600|4332416.0000|8.7000
142500|8.7100|8.7300|8.6900|8.7100|3962600|34511200.0000|8.7100
143000|8.7100|8.7500|8.7000|8.7100|2612900|22788832.0000|8.7100
143500|8.7200|8.7400|8.7000|8.7300|440100|3839360.0000|8.7300
144000|8.7400|8.7500|8.7300|8.7500|486900|4256512.0000|8.7500
144500|8.7500|8.7500|8.7300|8.7300|1488800|13015616.0000|8.7300
145000|8.7400|8.7500|8.7100|8.7400|1491300|13018592.0000|8.7400
145500|8.7400|8.7800|8.7400|8.7800|2518900|22061792.0000|8.7800
150000|8.7800|8.8000|8.7800|8.8000|752200|6613216.0000|8.8000
