09350000|22.1300000000|22.1300000000|21.9800000000|21.9800000000|6761500|149033744.0000|21.9800000000
09400000|21.9800000000|22.1200000000|21.9600000000|22.0700000000|3115800|68665904.0000|22.0700000000
09450000|22.0700000000|22.0900000000|22.0400000000|22.0900000000|2193300|48402096.0000|22.0900000000
09500000|22.0900000000|22.1200000000|22.0200000000|22.0300000000|2170600|47914640.0000|22.0300000000
09550000|22.0300000000|22.1700000000|22.0200000000|22.1500000000|2451900|54264800.0000|22.1500000000
10000000|22.1500000000|22.1900000000|22.1200000000|22.1900000000|2222800|49253504.0000|22.1900000000
10050000|22.2100000000|22.2600000000|22.2000000000|22.2100000000|2865100|63725184.0000|22.2100000000
10100000|22.2100000000|22.2500000000|22.1800000000|22.1900000000|1872600|41601504.0000|22.1900000000
10150000|22.1900000000|22.2000000000|22.1800000000|22.1800000000|1157100|25676864.0000|22.1800000000
10200000|22.1800000000|22.1900000000|22.1400000000|22.1400000000|1425900|31595962.0000|22.1400000000
10250000|22.1500000000|22.1700000000|22.1300000000|22.1400000000|1344200|29772934.0000|22.1400000000
10300000|22.1400000000|22.2000000000|22.1300000000|22.2000000000|1281500|28390400.0000|22.2000000000
10350000|22.2000000000|22.2300000000|22.1800000000|22.2100000000|1604900|35633212.0000|22.2100000000
10400000|22.2000000000|22.2100000000|22.1700000000|22.1900000000|756900|16796678.0000|22.1900000000
10450000|22.1900000000|22.2000000000|22.1700000000|22.1900000000|906800|20117892.0000|22.1900000000
10500000|22.1900000000|22.1900000000|22.1600000000|22.1600000000|588900|13056702.0000|22.1600000000
10550000|22.1700000000|22.1900000000|22.1500000000|22.1800000000|717100|15900218.0000|22.1800000000
11000000|22.1900000000|22.2200000000|22.1800000000|22.2000000000|1096300|24338234.0000|22.2000000000
11050000|22.2000000000|22.2200000000|22.1900000000|22.1900000000|1242500|27593612.0000|22.1900000000
11100000|22.1900000000|22.2000000000|22.1800000000|22.1900000000|599100|13292094.0000|22.1900000000
11150000|22.1900000000|22.2000000000|22.1800000000|22.1800000000|851500|18895482.0000|22.1800000000
11200000|22.1800000000|22.1900000000|22.1500000000|22.1500000000|1151300|25520516.0000|22.1500000000
11250000|22.1500000000|22.1500000000|22.0900000000|22.1000000000|1727700|38202564.0000|22.1000000000
11300000|22.0900000000|22.1000000000|22.0500000000|22.0500000000|1116600|24637822.0000|22.0500000000
13050000|22.0600000000|22.0900000000|22.0300000000|22.0300000000|1011200|22299135.0000|22.0300000000
13100000|22.0300000000|22.0800000000|22.0200000000|22.0700000000|851500|18764163.0000|22.0700000000
13150000|22.0600000000|22.0700000000|22.0100000000|22.0100000000|1321200|29111416.0000|22.0100000000
13200000|22.0100000000|22.0100000000|21.9600000000|21.9800000000|1913000|42064831.0000|21.9800000000
13250000|21.9800000000|22.0700000000|21.9800000000|22.0400000000|723000|15916939.0000|22.0400000000
13300000|22.0400000000|22.1500000000|22.0200000000|22.1500000000|1075500|23754356.0000|22.1500000000
13350000|22.1500000000|22.1500000000|22.0700000000|22.0800000000|748300|16544390.0000|22.0800000000
13400000|22.0700000000|22.0800000000|22.0400000000|22.0600000000|454200|10019584.0000|22.0600000000
13450000|22.0500000000|22.0600000000|22.0100000000|22.0400000000|764700|16844421.0000|22.0400000000
13500000|22.0400000000|22.0900000000|22.0300000000|22.0900000000|457300|10082935.0000|22.0900000000
13550000|22.0900000000|22.0900000000|22.0500000000|22.0900000000|473100|10442756.0000|22.0900000000
14000000|22.0900000000|22.1300000000|22.0900000000|22.0900000000|594100|13135230.0000|22.0900000000
14050000|22.1000000000|22.1100000000|22.0500000000|22.0600000000|586300|12944514.0000|22.0600000000
14100000|22.0600000000|22.0800000000|22.0400000000|22.0700000000|430500|9496702.0000|22.0700000000
14150000|22.0700000000|22.0900000000|22.0600000000|22.0700000000|435800|9620738.0000|22.0700000000
14200000|22.0700000000|22.1100000000|22.0700000000|22.1100000000|597000|13189888.0000|22.1100000000
14250000|22.1100000000|22.1100000000|22.0900000000|22.1000000000|520000|11492871.0000|22.1000000000
14300000|22.1100000000|22.1300000000|22.1000000000|22.1300000000|784400|17345147.0000|22.1300000000
14350000|22.1300000000|22.1400000000|22.1200000000|22.1300000000|1176300|26032510.0000|22.1300000000
14400000|22.1200000000|22.1300000000|22.1000000000|22.1100000000|1106000|24457475.0000|22.1100000000
14450000|22.1100000000|22.1200000000|22.1000000000|22.1100000000|958900|21205889.0000|22.1100000000
14500000|22.1200000000|22.1400000000|22.1100000000|22.1400000000|1571700|34774015.0000|22.1400000000
14550000|22.1400000000|22.1500000000|22.1300000000|22.1500000000|2445900|54152574.0000|22.1500000000
15000000|22.1500000000|22.1700000000|22.1500000000|22.1700000000|1771600|39261312.0000|22.1700000000
