093500|22.95|23.29|22.82|23.26|11940.0|27442497.0|23.3
094000|23.25|23.65|23.21|23.57|6445.0|15127017.0|23.26
094500|23.55|24.12|23.55|23.95|15415.0|36821631.0|23.57
095000|23.98|24.2|23.95|24.2|8121.0|19556555.0|23.95
095500|24.18|24.19|24.0|24.03|5107.0|12300063.0|24.2
100000|24.04|24.05|23.95|24.03|4136.0|9928727.0|24.03
100500|24.03|24.04|23.88|23.97|3105.0|7443230.0|24.03
101000|23.98|23.98|23.78|23.84|3113.0|7422589.0|23.97
101500|23.82|23.92|23.75|23.81|5720.0|13620512.0|23.84
102000|23.81|23.83|23.7|23.78|3507.0|8330865.0|23.81
102500|23.8|23.91|23.76|23.87|3666.0|8742845.0|23.78
103000|23.87|23.92|23.85|23.87|2097.0|5009170.0|23.87
103500|23.85|23.91|23.81|23.85|2526.0|6027778.0|23.87
104000|23.86|24.04|23.84|24.0|3092.0|7407167.0|23.85
104500|23.99|24.02|23.94|24.02|2421.0|5809061.0|24.0
105000|24.02|24.15|24.0|24.15|3908.0|9409600.0|24.02
105500|24.14|24.15|24.07|24.08|1171.0|2825214.0|24.15
110000|24.06|24.08|24.0|24.0|1217.0|2925598.0|24.08
110500|24.01|24.08|23.97|24.08|1301.0|3123769.0|24.0
111000|24.07|24.12|24.03|24.04|1363.0|3282152.0|24.08
111500|24.04|24.05|24.0|24.0|913.0|2193510.0|24.04
112000|24.0|24.05|23.99|24.05|1233.0|2962108.0|24.0
112500|24.05|24.05|23.98|23.98|925.0|2222184.0|24.05
113000|23.97|24.05|23.95|24.05|1292.0|3101078.0|23.98
130500|24.05|24.15|23.93|24.0|5370.0|12929266.0|24.05
131000|23.96|24.1|23.96|24.07|1650.0|3965072.0|24.0
131500|24.04|24.1|24.02|24.07|1407.0|3387255.0|24.07
132000|24.07|24.08|24.01|24.08|1145.0|2753926.0|24.07
132500|24.08|24.22|24.06|24.2|6232.0|15056809.0|24.08
133000|24.19|24.23|24.17|24.21|2197.0|5317493.0|24.2
133500|24.21|24.22|24.13|24.16|1107.0|2675058.0|24.21
134000|24.16|24.18|24.07|24.11|1289.0|3109025.0|24.16
134500|24.11|24.16|24.07|24.15|1135.0|2736434.0|24.11
135000|24.15|24.16|24.12|24.12|885.0|2135570.0|24.15
135500|24.13|24.13|24.08|24.09|1129.0|2721401.0|24.12
140000|24.08|24.08|24.0|24.02|1229.0|2954494.0|24.09
140500|24.02|24.07|24.01|24.02|1162.0|2792959.0|24.02
141000|24.03|24.08|24.01|24.06|1180.0|2837342.0|24.02
141500|24.07|24.07|23.99|24.0|1922.0|4617323.0|24.06
142000|24.0|24.02|23.98|24.0|1282.0|3076332.0|24.0
142500|24.0|24.01|23.98|23.99|1438.0|3449804.0|24.0
143000|23.97|24.0|23.96|23.98|996.0|2388442.0|23.99
143500|23.98|24.0|23.97|23.97|1648.0|3953776.0|23.98
144000|23.97|24.02|23.96|24.01|2257.0|5415149.0|23.97
144500|23.99|24.0|23.97|24.0|2363.0|5667109.0|24.01
145000|24.0|24.0|23.95|23.99|3651.0|8750157.0|24.0
145500|23.99|24.0|23.98|23.99|2350.0|5637080.0|23.99
150000|23.97|23.99|23.94|23.95|2285.0|5475341.0|23.99
