093500|21.7|21.74|21.4|21.44|4701.0|10098991.0|21.76
094000|21.45|21.82|21.42|21.74|4248.0|9161635.0|21.44
094500|21.74|21.74|21.64|21.66|1606.0|3482727.0|21.74
095000|21.65|21.67|21.56|21.61|1248.0|2699161.0|21.66
095500|21.63|21.65|21.58|21.65|2099.0|4535391.0|21.61
100000|21.65|21.69|21.63|21.69|833.0|1804002.0|21.65
100500|21.68|21.76|21.67|21.74|1266.0|2749867.0|21.69
101000|21.75|21.85|21.71|21.83|1645.0|3587095.0|21.74
101500|21.84|21.84|21.78|21.8|1043.0|2274402.0|21.83
102000|21.79|21.9|21.79|21.87|1783.0|3896209.0|21.8
102500|21.85|21.95|21.83|21.88|2082.0|4555713.0|21.87
103000|21.88|21.89|21.81|21.82|689.0|1506632.0|21.88
103500|21.81|21.92|21.81|21.89|789.0|1725783.0|21.82
104000|21.88|21.89|21.85|21.87|1025.0|2239530.0|21.89
104500|21.87|21.93|21.87|21.9|616.0|1349143.0|21.87
105000|21.91|21.91|21.84|21.85|328.0|717305.0|21.9
105500|21.85|21.86|21.81|21.81|436.0|952166.0|21.85
110000|21.81|21.81|21.75|21.77|1907.0|4151957.0|21.81
110500|21.77|21.79|21.72|21.74|596.0|1295849.0|21.77
111000|21.73|21.74|21.71|21.73|640.0|1390180.0|21.74
111500|21.73|21.73|21.69|21.71|776.0|1684384.0|21.73
112000|21.7|21.72|21.65|21.7|640.0|1387316.0|21.71
112500|21.71|21.73|21.68|21.68|386.0|838376.0|21.7
113000|21.68|21.69|21.63|21.68|425.0|920533.0|21.68
130500|21.68|21.69|21.56|21.56|1484.0|3206838.0|21.68
131000|21.56|21.65|21.55|21.65|572.0|1235028.0|21.56
131500|21.64|21.65|21.6|21.61|738.0|1595330.0|21.65
132000|21.61|21.66|21.6|21.64|373.0|806918.0|21.61
132500|21.63|21.63|21.58|21.59|436.0|942142.0|21.64
133000|21.58|21.58|21.5|21.5|1147.0|2470296.0|21.59
133500|21.51|21.53|21.48|21.52|1380.0|2967317.0|21.5
134000|21.51|21.51|21.48|21.51|929.0|1997027.0|21.52
134500|21.51|21.53|21.49|21.5|697.0|1498900.0|21.51
135000|21.5|21.5|21.38|21.4|2363.0|5064354.0|21.5
135500|21.4|21.43|21.35|21.36|1479.0|3162525.0|21.4
140000|21.36|21.38|21.33|21.34|1287.0|2747516.0|21.36
140500|21.34|21.38|21.31|21.37|2439.0|5205586.0|21.34
141000|21.36|21.36|21.3|21.35|1130.0|2409948.0|21.37
141500|21.34|21.34|21.26|21.27|1654.0|3522695.0|21.35
142000|21.26|21.37|21.25|21.36|1173.0|2499105.0|21.27
142500|21.36|21.38|21.33|21.36|928.0|1981818.0|21.36
143000|21.37|21.39|21.35|21.38|738.0|1577769.0|21.36
143500|21.36|21.36|21.31|21.33|1374.0|2930905.0|21.38
144000|21.31|21.35|21.28|21.34|1735.0|3697075.0|21.33
144500|21.31|21.34|21.28|21.32|1881.0|4009326.0|21.34
145000|21.35|21.35|21.28|21.3|1410.0|3004647.0|21.32
145500|21.29|21.32|21.29|21.32|1286.0|2740255.0|21.3
150000|21.31|21.33|21.29|21.3|1114.0|2373477.0|21.32
