09350000|8.6603246400|8.6793165800|8.6413327000|8.6698206100|707000|6443996.0000|8.6698206100
09400000|8.6698206100|8.6983085200|8.6698206100|8.6983085200|441000|4032607.0000|8.6983085200
09450000|8.6983085200|8.6983085200|8.6793165800|8.6888125500|522600|4781638.0000|8.6888125500
09500000|8.6888125500|8.7078044900|8.6793165800|8.7078044900|651900|5968984.0000|8.7078044900
09550000|8.6983085200|8.7078044900|8.6698206100|8.6698206100|404900|3705912.0000|8.6698206100
10000000|8.6698206100|8.6793165800|8.6603246400|8.6698206100|324200|2960864.0000|8.6698206100
10050000|8.6698206100|8.6698206100|8.6508286700|8.6508286700|550700|5020832.0000|8.6508286700
10100000|8.6508286700|8.6698206100|8.6413327000|8.6698206100|310400|2828212.0000|8.6698206100
10150000|8.6603246400|8.6698206100|8.6508286700|8.6603246400|285600|2603680.0000|8.6603246400
10200000|8.6603246400|8.6603246400|8.6413327000|8.6603246400|367500|3347968.0000|8.6603246400
10250000|8.6603246400|8.6888125500|8.6413327000|8.6793165800|533000|4860756.0000|8.6793165800
10300000|8.6793165800|8.6888125500|8.6603246400|8.6793165800|462400|4225896.0000|8.6793165800
10350000|8.6793165800|8.6793165800|8.6603246400|8.6603246400|156700|1430812.0000|8.6603246400
10400000|8.6603246400|8.6698206100|8.6603246400|8.6698206100|126500|1154300.0000|8.6698206100
10450000|8.6603246400|8.6793165800|8.6603246400|8.6698206100|175800|1605268.0000|8.6698206100
10500000|8.6793165800|8.6983085200|8.6698206100|8.6793165800|368800|3373208.0000|8.6793165800
10550000|8.6793165800|8.6888125500|8.6698206100|8.6698206100|109300|998408.0000|8.6698206100
11000000|8.6698206100|8.6793165800|8.6603246400|8.6603246400|172700|1575440.0000|8.6603246400
11050000|8.6603246400|8.6698206100|8.6508286700|8.6603246400|83900|764880.0000|8.6603246400
11100000|8.6603246400|8.6698206100|8.6508286700|8.6603246400|103600|944496.0000|8.6603246400
11150000|8.6508286700|8.6603246400|8.6413327000|8.6508286700|373200|3399676.0000|8.6508286700
11200000|8.6508286700|8.6508286700|8.6318367300|8.6318367300|403700|3673636.0000|8.6318367300
11250000|8.6318367300|8.6508286700|8.6318367300|8.6413327000|318200|2895200.0000|8.6413327000
11300000|8.6413327000|8.6413327000|8.6318367300|8.6413327000|204900|1863712.0000|8.6413327000
13050000|8.6318367300|8.6413327000|8.6223407600|8.6223407600|640900|5823696.0000|8.6223407600
13100000|8.6223407600|8.6318367300|8.6128447900|8.6223407600|108200|982520.0000|8.6223407600
13150000|8.6223407600|8.6413327000|8.6223407600|8.6318367300|279700|2541824.0000|8.6318367300
13200000|8.6318367300|8.6508286700|8.6318367300|8.6413327000|157100|1429016.0000|8.6413327000
13250000|8.6413327000|8.6413327000|8.6223407600|8.6318367300|170600|1550848.0000|8.6318367300
13300000|8.6318367300|8.6318367300|8.6223407600|8.6318367300|184900|1679464.0000|8.6318367300
13350000|8.6318367300|8.6318367300|8.6223407600|8.6223407600|109600|995480.0000|8.6223407600
13400000|8.6318367300|8.6318367300|8.6223407600|8.6318367300|89800|815840.0000|8.6318367300
13450000|8.6318367300|8.6318367300|8.6223407600|8.6223407600|153500|1394336.0000|8.6223407600
13500000|8.6223407600|8.6318367300|8.6128447900|8.6223407600|284000|2578744.0000|8.6223407600
13550000|8.6318367300|8.6318367300|8.6128447900|8.6128447900|157100|1425824.0000|8.6128447900
14000000|8.6128447900|8.6223407600|8.6128447900|8.6223407600|198300|1799352.0000|8.6223407600
14050000|8.6128447900|8.6223407600|8.6033488200|8.6223407600|667000|6049400.0000|8.6223407600
14100000|8.6223407600|8.6413327000|8.6128447900|8.6318367300|262400|2384896.0000|8.6318367300
14150000|8.6318367300|8.6413327000|8.6223407600|8.6318367300|171900|1562064.0000|8.6318367300
14200000|8.6318367300|8.6413327000|8.6223407600|8.6318367300|130300|1183944.0000|8.6318367300
14250000|8.6318367300|8.6318367300|8.6223407600|8.6223407600|364800|3312840.0000|8.6223407600
14300000|8.6223407600|8.6318367300|8.6128447900|8.6223407600|223800|2032400.0000|8.6223407600
14350000|8.6223407600|8.6223407600|8.6128447900|8.6128447900|296800|2692656.0000|8.6128447900
14400000|8.6128447900|8.6128447900|8.6033488200|8.6033488200|284400|2578968.0000|8.6033488200
14450000|8.6033488200|8.6128447900|8.6033488200|8.6128447900|254700|2308696.0000|8.6128447900
14500000|8.6128447900|8.6128447900|8.5938528500|8.6033488200|688000|6232928.0000|8.6033488200
14550000|8.6033488200|8.6033488200|8.5843568800|8.5843568800|525600|4757192.0000|8.5843568800
15000000|8.5843568800|8.5938528500|8.5843568800|8.5843568800|695100|6284080.0000|8.5843568800
