09350000|13.6120761000|13.7167173000|13.6120761000|13.6382364000|1655902|25958285.0000|13.6382364000
09400000|13.6382364000|13.6469565000|13.6207962000|13.6382364000|1011800|15819717.0000|13.6382364000
09450000|13.6382364000|13.6469565000|13.6120761000|13.6295163000|824200|12877158.0000|13.6295163000
09500000|13.6295163000|13.6556766000|13.6207962000|13.6469565000|407400|6371167.0000|13.6469565000
09550000|13.6469565000|13.6469565000|13.6120761000|13.6382364000|964200|15059453.0000|13.6382364000
10000000|13.6382364000|13.6469565000|13.6295163000|13.6382364000|809500|12665496.0000|13.6382364000
10050000|13.6382364000|13.6382364000|13.6207962000|13.6382364000|469400|7337376.0000|13.6382364000
10100000|13.6382364000|13.6731168000|13.6207962000|13.6295163000|744581|11650629.0000|13.6295163000
10150000|13.6295163000|13.6382364000|13.6207962000|13.6295163000|211700|3308955.0000|13.6295163000
10200000|13.6382364000|13.6556766000|13.6207962000|13.6382364000|755700|11822745.0000|13.6382364000
10250000|13.6382364000|13.6818369000|13.6295163000|13.6643967000|850600|13330776.0000|13.6643967000
10300000|13.6643967000|13.6731168000|13.6207962000|13.6295163000|957710|14981571.0000|13.6295163000
10350000|13.6207962000|13.6382364000|13.6207962000|13.6382364000|119300|1865158.0000|13.6382364000
10400000|13.6295163000|13.6643967000|13.6295163000|13.6382364000|265700|4156768.0000|13.6382364000
10450000|13.6295163000|13.6469565000|13.6295163000|13.6295163000|234100|3661592.0000|13.6295163000
10500000|13.6295163000|13.6382364000|13.6295163000|13.6382364000|126205|1973448.0000|13.6382364000
10550000|13.6295163000|13.6469565000|13.6295163000|13.6295163000|149400|2336119.0000|13.6295163000
11000000|13.6382364000|13.6382364000|13.6295163000|13.6382364000|93902|1468363.0000|13.6382364000
11050000|13.6295163000|13.6382364000|13.6295163000|13.6382364000|312400|4883722.0000|13.6382364000
11100000|13.6382364000|13.6469565000|13.6382364000|13.6382364000|248000|3879426.0000|13.6382364000
11150000|13.6382364000|13.6469565000|13.6207962000|13.6382364000|624793|9766650.0000|13.6382364000
11200000|13.6295163000|13.6469565000|13.6295163000|13.6469565000|97000|1517419.0000|13.6469565000
11250000|13.6469565000|13.6643967000|13.6382364000|13.6469565000|677500|10604597.0000|13.6469565000
11300000|13.6382364000|13.6556766000|13.6382364000|13.6469565000|204600|3201401.0000|13.6469565000
13050000|13.6469565000|13.6643967000|13.6469565000|13.6556766000|464500|7272243.0000|13.6556766000
13100000|13.6556766000|13.6643967000|13.6469565000|13.6556766000|252900|3960346.0000|13.6556766000
13150000|13.6643967000|13.6731168000|13.6556766000|13.6643967000|416100|6522004.0000|13.6643967000
13200000|13.6731168000|13.6731168000|13.6556766000|13.6643967000|357400|5600289.0000|13.6643967000
13250000|13.6643967000|13.6731168000|13.6556766000|13.6556766000|288100|4513263.0000|13.6556766000
13300000|13.6731168000|13.6731168000|13.6469565000|13.6556766000|351600|5506818.0000|13.6556766000
13350000|13.6469565000|13.6643967000|13.6469565000|13.6643967000|246600|3861486.0000|13.6643967000
13400000|13.6556766000|13.6905570000|13.6556766000|13.6643967000|654500|10264949.0000|13.6643967000
13450000|13.6643967000|13.6818369000|13.6643967000|13.6731168000|290900|4560387.0000|13.6731168000
13500000|13.6643967000|13.6731168000|13.6643967000|13.6643967000|214400|3361010.0000|13.6643967000
13550000|13.6731168000|13.6818369000|13.6643967000|13.6731168000|341100|5347791.0000|13.6731168000
14000000|13.6731168000|13.6905570000|13.6643967000|13.6905570000|550000|8629071.0000|13.6905570000
14050000|13.6818369000|13.7079972000|13.6818369000|13.6905570000|928400|14579216.0000|13.6905570000
14100000|13.6992771000|13.6992771000|13.6818369000|13.6905570000|390100|6125952.0000|13.6905570000
14150000|13.6818369000|13.6905570000|13.6731168000|13.6818369000|416600|6537056.0000|13.6818369000
14200000|13.6905570000|13.6905570000|13.6818369000|13.6818369000|164300|2578832.0000|13.6818369000
14250000|13.6905570000|13.6905570000|13.6731168000|13.6731168000|342800|5378400.0000|13.6731168000
14300000|13.6818369000|13.6818369000|13.6731168000|13.6731168000|461600|7238832.0000|13.6731168000
14350000|13.6731168000|13.6818369000|13.6643967000|13.6731168000|346820|5437328.0000|13.6731168000
14400000|13.6731168000|13.6818369000|13.6643967000|13.6731168000|445700|6988544.0000|13.6731168000
14450000|13.6731168000|13.6818369000|13.6643967000|13.6643967000|544700|8536640.0000|13.6643967000
14500000|13.6731168000|13.6731168000|13.6556766000|13.6556766000|633980|9932192.0000|13.6556766000
14550000|13.6556766000|13.6643967000|13.6556766000|13.6556766000|713200|11171856.0000|13.6556766000
15000000|13.6643967000|13.6731168000|13.6556766000|13.6731168000|1099500|17235552.0000|13.6731168000
