09350000|14.0291582000|14.0453768800|13.8912994200|13.8994087600|8092700|139369741.0000|13.8994087600
09400000|13.8912994200|13.8912994200|13.8345340400|13.8750807400|5589300|95535908.0000|13.8750807400
09450000|13.8831900800|13.9318461200|13.8588620600|13.9156274400|2350200|40250287.0000|13.9156274400
09500000|13.9237367800|13.9237367800|13.8831900800|13.8831900800|1601600|27448096.0000|13.8831900800
09550000|13.8831900800|13.9156274400|13.8588620600|13.9075181000|2129900|36450144.0000|13.9075181000
10000000|13.9075181000|13.9237367800|13.8669714000|13.8750807400|1969500|33734192.0000|13.8750807400
10050000|13.8912994200|13.9075181000|13.8588620600|13.8994087600|1443100|24685120.0000|13.8994087600
10100000|13.8994087600|13.9723928200|13.8831900800|13.9642834800|2673700|45940032.0000|13.9642834800
10150000|13.9399554600|13.9805021600|13.9156274400|13.9237367800|2377900|40915648.0000|13.9237367800
10200000|13.9237367800|13.9318461200|13.9156274400|13.9237367800|618800|10624560.0000|13.9237367800
10250000|13.9318461200|13.9399554600|13.9075181000|13.9156274400|932500|16011488.0000|13.9156274400
10300000|13.9075181000|13.9318461200|13.9075181000|13.9237367800|853500|14650496.0000|13.9237367800
10350000|13.9237367800|13.9318461200|13.8994087600|13.9318461200|1865600|32009040.0000|13.9318461200
10400000|13.9237367800|13.9399554600|13.9156274400|13.9156274400|809400|13898096.0000|13.9156274400
10450000|13.9237367800|13.9237367800|13.8994087600|13.8994087600|970700|16652352.0000|13.8994087600
10500000|13.8994087600|13.9075181000|13.8831900800|13.9075181000|1095800|18772592.0000|13.9075181000
10550000|13.9075181000|13.9075181000|13.8831900800|13.8994087600|872400|14943456.0000|13.8994087600
11000000|13.8912994200|13.9075181000|13.8831900800|13.9075181000|868600|14883600.0000|13.9075181000
11050000|13.9075181000|13.9237367800|13.8994087600|13.9075181000|754200|12935984.0000|13.9075181000
11100000|13.9156274400|13.9156274400|13.8912994200|13.8994087600|780608|13380304.0000|13.8994087600
11150000|13.8912994200|13.9075181000|13.8831900800|13.8912994200|707000|12107776.0000|13.8912994200
11200000|13.8831900800|13.8994087600|13.8669714000|13.8912994200|1338500|22903392.0000|13.8912994200
11250000|13.8912994200|13.8994087600|13.8669714000|13.8831900800|855000|14636080.0000|13.8831900800
11300000|13.8750807400|13.9318461200|13.8750807400|13.9318461200|1226100|21009888.0000|13.9318461200
13050000|13.9318461200|13.9399554600|13.8994087600|13.9318461200|1172800|20131088.0000|13.9318461200
13100000|13.9318461200|13.9561741400|13.9237367800|13.9561741400|927700|15944848.0000|13.9561741400
13150000|13.9561741400|13.9642834800|13.9318461200|13.9318461200|1084300|18646016.0000|13.9318461200
13200000|13.9399554600|13.9399554600|13.9075181000|13.9156274400|755500|12968128.0000|13.9156274400
13250000|13.9156274400|13.9318461200|13.9075181000|13.9156274400|727800|12490224.0000|13.9156274400
13300000|13.9156274400|13.9561741400|13.9075181000|13.9480648000|1810000|31094880.0000|13.9480648000
13350000|13.9480648000|13.9723928200|13.9075181000|13.9399554600|1552400|26697968.0000|13.9399554600
13400000|13.9399554600|13.9399554600|13.9156274400|13.9399554600|879500|15108976.0000|13.9399554600
13450000|13.9399554600|13.9480648000|13.9237367800|13.9318461200|617900|10615744.0000|13.9318461200
13500000|13.9318461200|14.0453768800|13.9237367800|14.0210488600|5777200|99725792.0000|14.0210488600
13550000|14.0210488600|14.0534862200|13.9967208400|14.0048301800|1996800|34520752.0000|14.0048301800
14000000|14.0129395200|14.0940329200|14.0129395200|14.0859235800|4895559|84855328.0000|14.0859235800
14050000|14.0778142400|14.0778142400|14.0372675400|14.0534862200|2121341|36772592.0000|14.0534862200
14100000|14.0534862200|14.0534862200|14.0129395200|14.0129395200|895400|15487904.0000|14.0129395200
14150000|14.0210488600|14.0291582000|13.9967208400|14.0129395200|1096900|18951904.0000|14.0129395200
14200000|14.0048301800|14.0210488600|13.9886115000|13.9886115000|985800|17013472.0000|13.9886115000
14250000|13.9886115000|13.9967208400|13.9805021600|13.9886115000|1139900|19662816.0000|13.9886115000
14300000|13.9886115000|13.9967208400|13.9805021600|13.9805021600|873200|15063136.0000|13.9805021600
14350000|13.9886115000|13.9967208400|13.9723928200|13.9805021600|1415600|24403344.0000|13.9805021600
14400000|13.9723928200|13.9805021600|13.9642834800|13.9805021600|920340|15859936.0000|13.9805021600
14450000|13.9805021600|14.0129395200|13.9723928200|14.0048301800|1066500|18406400.0000|14.0048301800
14500000|14.0048301800|14.0129395200|13.9886115000|13.9967208400|1102700|19038288.0000|13.9967208400
14550000|13.9967208400|13.9967208400|13.9886115000|13.9886115000|734200|12669264.0000|13.9886115000
15000000|13.9886115000|14.0048301800|13.9805021600|13.9886115000|1931832|33332320.0000|13.9886115000
