093500|3.0|3.03|2.98|3.0|95524.0|28689491.0|2.97
094000|3.01|3.08|3.01|3.07|159983.0|48901103.0|3.0
094500|3.07|3.17|3.07|3.09|324907.0|101285894.0|3.07
095000|3.09|3.15|3.08|3.15|135774.0|42233149.0|3.09
095500|3.16|3.27|3.16|3.27|760386.0|247268176.0|3.15
100000|3.27|3.27|3.27|3.27|222807.0|72857905.0|3.27
100500|3.27|3.27|3.27|3.27|81981.0|26807950.0|3.27
101000|3.27|3.27|3.27|3.27|44472.0|14542344.0|3.27
101500|3.27|3.27|3.27|3.27|21439.0|7010553.0|3.27
102000|3.27|3.27|3.27|3.27|22732.0|7433462.0|3.27
102500|3.27|3.27|3.27|3.27|12994.0|4249038.0|3.27
103000|3.27|3.27|3.27|3.27|13398.0|4381146.0|3.27
103500|3.27|3.27|3.27|3.27|14067.0|4599909.0|3.27
104000|3.27|3.27|3.27|3.27|11054.0|3614658.0|3.27
104500|3.27|3.27|3.27|3.27|7249.0|2370423.0|3.27
105000|3.27|3.27|3.27|3.27|2741.0|896307.0|3.27
105500|3.27|3.27|3.27|3.27|4012.0|1311924.0|3.27
110000|3.27|3.27|3.27|3.27|4740.0|1549980.0|3.27
110500|3.27|3.27|3.27|3.27|3279.0|1072233.0|3.27
111000|3.27|3.27|3.27|3.27|14937.0|4884399.0|3.27
111500|3.27|3.27|3.27|3.27|6298.0|2059446.0|3.27
112000|3.27|3.27|3.27|3.27|12456.0|4073112.0|3.27
112500|3.27|3.27|3.27|3.27|25361.0|8293047.0|3.27
113000|3.27|3.27|3.27|3.27|6427.0|2101629.0|3.27
130500|3.27|3.27|3.27|3.27|37833.0|12371391.0|3.27
131000|3.27|3.27|3.27|3.27|12012.0|3927760.0|3.27
131500|3.27|3.27|3.27|3.27|4930.0|1612110.0|3.27
132000|3.27|3.27|3.27|3.27|3442.0|1125534.0|3.27
132500|3.27|3.27|3.27|3.27|3132.0|1024164.0|3.27
133000|3.27|3.27|3.27|3.27|12360.0|4041720.0|3.27
133500|3.27|3.27|3.27|3.27|6870.0|2246610.0|3.27
134000|3.27|3.27|3.27|3.27|6821.0|2230467.0|3.27
134500|3.27|3.27|3.27|3.27|21355.0|6983085.0|3.27
135000|3.27|3.27|3.27|3.27|9876.0|3229288.0|3.27
135500|3.27|3.27|3.27|3.27|13490.0|4411230.0|3.27
140000|3.27|3.27|3.27|3.27|9360.0|3060720.0|3.27
140500|3.27|3.27|3.27|3.27|9183.0|3002841.0|3.27
141000|3.27|3.27|3.27|3.27|9373.0|3064971.0|3.27
141500|3.27|3.27|3.27|3.27|8929.0|2919783.0|3.27
142000|3.27|3.27|3.27|3.27|9251.0|3025077.0|3.27
142500|3.27|3.27|3.27|3.27|13950.0|4561650.0|3.27
143000|3.27|3.27|3.27|3.27|5111.0|1671297.0|3.27
143500|3.27|3.27|3.27|3.27|18304.0|5985571.0|3.27
144000|3.27|3.27|3.27|3.27|18367.0|6006009.0|3.27
144500|3.27|3.27|3.27|3.27|10906.0|3566098.0|3.27
145000|3.27|3.27|3.27|3.27|12749.0|4168923.0|3.27
145500|3.27|3.27|3.27|3.27|12292.0|4019484.0|3.27
150000|3.27|3.27|3.27|3.27|32065.0|10485255.0|3.27
