09350000|8.9300000000|9.0400000000|8.9200000000|8.9800000000|3064000|27467380.0000|8.9800000000
09400000|8.9800000000|9.0000000000|8.9500000000|8.9500000000|1312300|11771820.0000|8.9500000000
09450000|8.9500000000|8.9600000000|8.9000000000|8.9300000000|1659600|14830128.0000|8.9300000000
09500000|8.9300000000|8.9600000000|8.9000000000|8.9600000000|1274600|11371612.0000|8.9600000000
09550000|8.9600000000|8.9800000000|8.9100000000|8.9200000000|678000|6071680.0000|8.9200000000
10000000|8.9200000000|8.9600000000|8.9100000000|8.9600000000|686600|6130000.0000|8.9600000000
10050000|8.9600000000|8.9600000000|8.9300000000|8.9300000000|421600|3768816.0000|8.9300000000
10100000|8.9300000000|8.9400000000|8.9200000000|8.9400000000|398400|3558008.0000|8.9400000000
10150000|8.9400000000|8.9400000000|8.9100000000|8.9300000000|684000|6101208.0000|8.9300000000
10200000|8.9300000000|8.9700000000|8.9200000000|8.9300000000|486000|4345544.0000|8.9300000000
10250000|8.9200000000|8.9800000000|8.9200000000|8.9600000000|647500|5800320.0000|8.9600000000
10300000|8.9600000000|8.9700000000|8.9300000000|8.9400000000|374100|3346960.0000|8.9400000000
10350000|8.9400000000|8.9400000000|8.9000000000|8.9000000000|604100|5385288.0000|8.9000000000
10400000|8.9000000000|8.9100000000|8.8800000000|8.9100000000|955200|8498208.0000|8.9100000000
10450000|8.9100000000|8.9100000000|8.8900000000|8.9000000000|475800|4234664.0000|8.9000000000
10500000|8.9000000000|8.9100000000|8.8700000000|8.9000000000|1118800|9940984.0000|8.9000000000
10550000|8.9000000000|8.9200000000|8.8800000000|8.9000000000|484900|4314616.0000|8.9000000000
11000000|8.9000000000|8.9300000000|8.9000000000|8.9100000000|245500|2189008.0000|8.9100000000
11050000|8.9100000000|8.9300000000|8.8900000000|8.9000000000|200700|1787008.0000|8.9000000000
11100000|8.9000000000|8.9100000000|8.8900000000|8.9000000000|153400|1365424.0000|8.9000000000
11150000|8.9000000000|8.9300000000|8.9000000000|8.9300000000|205900|1836256.0000|8.9300000000
11200000|8.9200000000|8.9300000000|8.9000000000|8.9100000000|264700|2360240.0000|8.9100000000
11250000|8.9200000000|8.9500000000|8.9100000000|8.9400000000|188900|1687456.0000|8.9400000000
11300000|8.9400000000|8.9800000000|8.9300000000|8.9600000000|409100|3667168.0000|8.9600000000
13050000|8.9500000000|8.9700000000|8.9300000000|8.9300000000|256100|2292384.0000|8.9300000000
13100000|8.9300000000|9.0200000000|8.9300000000|9.0100000000|662800|5953792.0000|9.0100000000
13150000|9.0100000000|9.0300000000|9.0000000000|9.0100000000|498500|4492592.0000|9.0100000000
13200000|9.0100000000|9.0400000000|9.0000000000|9.0300000000|618000|5574976.0000|9.0300000000
13250000|9.0300000000|9.0300000000|9.0000000000|9.0000000000|161300|1454192.0000|9.0000000000
13300000|9.0000000000|9.0200000000|8.9900000000|9.0100000000|292700|2635408.0000|9.0100000000
13350000|9.0100000000|9.0100000000|8.9900000000|8.9900000000|288700|2598000.0000|8.9900000000
13400000|9.0000000000|9.0000000000|8.9700000000|8.9800000000|325300|2922976.0000|8.9800000000
13450000|8.9800000000|8.9800000000|8.9600000000|8.9700000000|177500|1592080.0000|8.9700000000
13500000|8.9700000000|8.9800000000|8.9500000000|8.9800000000|326800|2929776.0000|8.9800000000
13550000|8.9800000000|8.9900000000|8.9600000000|8.9700000000|190100|1706656.0000|8.9700000000
14000000|8.9700000000|8.9700000000|8.9500000000|8.9600000000|356500|3194128.0000|8.9600000000
14050000|8.9600000000|8.9900000000|8.9600000000|8.9900000000|214800|1928384.0000|8.9900000000
14100000|8.9900000000|8.9900000000|8.9800000000|8.9800000000|140400|1261648.0000|8.9800000000
14150000|8.9800000000|8.9800000000|8.9600000000|8.9700000000|209900|1882944.0000|8.9700000000
14200000|8.9600000000|8.9800000000|8.9600000000|8.9600000000|294800|2643072.0000|8.9600000000
14250000|8.9600000000|8.9600000000|8.9500000000|8.9500000000|145400|1301632.0000|8.9500000000
14300000|8.9500000000|8.9500000000|8.9200000000|8.9300000000|297300|2657264.0000|8.9300000000
14350000|8.9200000000|8.9400000000|8.9100000000|8.9400000000|450200|4015824.0000|8.9400000000
14400000|8.9400000000|8.9500000000|8.9000000000|8.9000000000|479600|4279424.0000|8.9000000000
14450000|8.9000000000|8.9200000000|8.8900000000|8.8900000000|714200|6358256.0000|8.8900000000
14500000|8.8900000000|8.9000000000|8.8300000000|8.8500000000|1722200|15260928.0000|8.8500000000
14550000|8.8500000000|8.8700000000|8.8400000000|8.8500000000|1090300|9650800.0000|8.8500000000
15000000|8.8500000000|8.8700000000|8.8400000000|8.8600000000|946000|8379072.0000|8.8600000000
