093500|36.42|36.47|36.15|36.42|11200.0|41359392.0|36.6
094000|36.41|36.58|36.4|36.44|4794.0|17809967.0|36.42
094500|36.44|36.53|36.36|36.51|4002.0|14844535.0|36.44
095000|36.53|36.61|36.48|36.55|5468.0|20350350.0|36.51
095500|36.53|36.66|36.53|36.62|2610.0|9725173.0|36.55
100000|36.62|36.63|36.58|36.58|2208.0|8226130.0|36.62
100500|36.58|36.65|36.51|36.63|2658.0|9897015.0|36.58
101000|36.64|36.67|36.58|36.63|3199.0|11930762.0|36.63
101500|36.62|36.65|36.55|36.58|1417.0|5280689.0|36.63
102000|36.58|36.63|36.57|36.58|1755.0|6537427.0|36.58
102500|36.58|36.63|36.57|36.58|1606.0|5982806.0|36.58
103000|36.59|36.59|36.53|36.54|1762.0|6554539.0|36.58
103500|36.54|36.55|36.37|36.42|3300.0|12252985.0|36.54
104000|36.41|36.47|36.39|36.4|2094.0|7762571.0|36.42
104500|36.41|36.41|36.37|36.4|2785.0|10312377.0|36.4
105000|36.42|36.42|36.37|36.38|1926.0|7135569.0|36.4
105500|36.38|36.41|36.37|36.38|2068.0|7657337.0|36.38
110000|36.38|36.38|36.37|36.37|2346.0|8683647.0|36.38
110500|36.37|36.38|36.36|36.38|2110.0|7809367.0|36.37
111000|36.38|36.39|36.37|36.38|1547.0|5728351.0|36.38
111500|36.38|36.42|36.37|36.4|1682.0|6230793.0|36.38
112000|36.4|36.5|36.37|36.44|2921.0|10823935.0|36.4
112500|36.46|36.48|36.4|36.48|2238.0|8303053.0|36.44
113000|36.48|36.49|36.47|36.49|1382.0|5132095.0|36.48
130500|36.49|36.75|36.48|36.61|8591.0|32040612.0|36.49
131000|36.61|36.63|36.52|36.58|2233.0|8311497.0|36.61
131500|36.59|36.59|36.45|36.45|2938.0|10917505.0|36.58
132000|36.46|36.54|36.45|36.54|2206.0|8194307.0|36.45
132500|36.54|36.54|36.44|36.44|1844.0|6842062.0|36.54
133000|36.45|36.49|36.45|36.49|1919.0|7121871.0|36.44
133500|36.49|36.5|36.48|36.48|1003.0|3724870.0|36.49
134000|36.48|36.49|36.47|36.48|1626.0|6037529.0|36.48
134500|36.47|36.48|36.46|36.48|2447.0|9083137.0|36.48
135000|36.47|36.47|36.38|36.43|3492.0|12945104.0|36.48
135500|36.44|36.46|36.44|36.46|1670.0|6195922.0|36.43
140000|36.46|36.61|36.45|36.53|3464.0|12875741.0|36.46
140500|36.53|36.55|36.52|36.54|2491.0|9263417.0|36.53
141000|36.54|36.54|36.52|36.53|2175.0|8086802.0|36.54
141500|36.54|36.55|36.51|36.51|1973.0|7334404.0|36.53
142000|36.51|36.51|36.45|36.49|2513.0|9332470.0|36.51
142500|36.49|36.5|36.45|36.45|3244.0|12039859.0|36.49
143000|36.45|36.46|36.44|36.44|2241.0|8314002.0|36.45
143500|36.44|36.5|36.43|36.49|3154.0|11704143.0|36.44
144000|36.47|36.49|36.44|36.45|1931.0|7167415.0|36.49
144500|36.45|36.46|36.42|36.44|3009.0|11161159.0|36.45
145000|36.44|36.45|36.4|36.4|3859.0|14311525.0|36.44
145500|36.4|36.53|36.4|36.51|3903.0|14477922.0|36.4
150000|36.51|36.51|36.47|36.5|2622.0|9739385.0|36.51
