09350000|12.4677875000|12.4677875000|12.3580709700|12.3780194300|555300|6899403.0000|12.3780194300
09400000|12.3680452000|12.3879936600|12.3281482800|12.3879936600|402700|4989292.0000|12.3879936600
09450000|12.3979678900|12.3979678900|12.3580709700|12.3780194300|182400|2261551.0000|12.3780194300
09500000|12.3680452000|12.3680452000|12.3281482800|12.3680452000|348500|4313685.0000|12.3680452000
09550000|12.3580709700|12.3780194300|12.3381225100|12.3480967400|179300|2220861.0000|12.3480967400
10000000|12.3480967400|12.3480967400|12.3181740500|12.3181740500|206300|2550617.0000|12.3181740500
10050000|12.3181740500|12.3181740500|12.2982255900|12.3181740500|230200|2840649.0000|12.3181740500
10100000|12.3181740500|12.3281482800|12.3081998200|12.3181740500|120000|1481796.0000|12.3181740500
10150000|12.3081998200|12.3181740500|12.3081998200|12.3081998200|173000|2135898.0000|12.3081998200
10200000|12.3081998200|12.3081998200|12.2683029000|12.2982255900|254100|3132177.0000|12.2982255900
10250000|12.2982255900|12.3381225100|12.2882513600|12.2882513600|123800|1528006.0000|12.2882513600
10300000|12.2882513600|12.3081998200|12.2882513600|12.2982255900|84800|1045426.0000|12.2982255900
10350000|12.2982255900|12.2982255900|12.2882513600|12.2982255900|142500|1755970.0000|12.2982255900
10400000|12.2882513600|12.2982255900|12.2782771300|12.2882513600|128800|1586759.0000|12.2882513600
10450000|12.2882513600|12.2982255900|12.2882513600|12.2882513600|38300|471838.0000|12.2882513600
10500000|12.2882513600|12.2982255900|12.2782771300|12.2882513600|92900|1144080.0000|12.2882513600
10550000|12.2882513600|12.3081998200|12.2882513600|12.2982255900|65100|802355.0000|12.2982255900
11000000|12.2882513600|12.3081998200|12.2782771300|12.2982255900|96600|1189983.0000|12.2982255900
11050000|12.2982255900|12.3081998200|12.2882513600|12.2982255900|41200|507857.0000|12.2982255900
11100000|12.2982255900|12.3081998200|12.2782771300|12.2982255900|122400|1508335.0000|12.2982255900
11150000|12.2982255900|12.2982255900|12.2882513600|12.2882513600|69400|855361.0000|12.2882513600
11200000|12.2882513600|12.2982255900|12.2782771300|12.2782771300|91100|1122349.0000|12.2782771300
11250000|12.2782771300|12.2882513600|12.2683029000|12.2782771300|132800|1634474.0000|12.2782771300
11300000|12.2882513600|12.2882513600|12.2683029000|12.2782771300|88100|1084228.0000|12.2782771300
13050000|12.2782771300|12.2982255900|12.2782771300|12.2982255900|61700|759669.0000|12.2982255900
13100000|12.2882513600|12.2982255900|12.2882513600|12.2982255900|29300|361247.0000|12.2982255900
13150000|12.2882513600|12.2982255900|12.2782771300|12.2882513600|70600|869815.0000|12.2882513600
13200000|12.2982255900|12.3081998200|12.2882513600|12.2982255900|66200|816384.0000|12.2982255900
13250000|12.3081998200|12.3381225100|12.2982255900|12.3381225100|79800|985733.0000|12.3381225100
13300000|12.3381225100|12.3480967400|12.3281482800|12.3281482800|129700|1605226.0000|12.3281482800
13350000|12.3281482800|12.3580709700|12.3181740500|12.3580709700|73100|904164.0000|12.3580709700
13400000|12.3580709700|12.3780194300|12.3580709700|12.3780194300|116100|1439085.0000|12.3780194300
13450000|12.3780194300|12.3780194300|12.3181740500|12.3381225100|153500|1897904.0000|12.3381225100
13500000|12.3281482800|12.3480967400|12.3281482800|12.3480967400|56900|703574.0000|12.3480967400
13550000|12.3480967400|12.3680452000|12.3480967400|12.3680452000|72400|897134.0000|12.3680452000
14000000|12.3680452000|12.3780194300|12.3580709700|12.3780194300|60100|745391.0000|12.3780194300
14050000|12.3780194300|12.5076844200|12.3680452000|12.5076844200|902600|11258480.0000|12.5076844200
14100000|12.5076844200|12.5775040300|12.4777617300|12.5775040300|1358400|17067702.0000|12.5775040300
14150000|12.5775040300|13.0562670700|12.5775040300|13.0263443800|4324774|55650452.0000|13.0263443800
14200000|13.0163701500|13.0662413000|12.8567824700|12.9166278500|2902000|37582786.0000|12.9166278500
14250000|12.9166278500|12.9166278500|12.8168855500|12.8268597800|1401000|18049415.0000|12.8268597800
14300000|12.8368340100|12.8567824700|12.7869628600|12.8168855500|973700|12509284.0000|12.8168855500
14350000|12.8368340100|12.8368340100|12.7869628600|12.7869628600|649900|8351513.0000|12.7869628600
14400000|12.7969370900|12.8368340100|12.7570401700|12.7869628600|879700|11286101.0000|12.7869628600
14450000|12.7869628600|12.8069113200|12.7769886300|12.8069113200|631000|8090852.0000|12.8069113200
14500000|12.7969370900|12.8567824700|12.7969370900|12.8368340100|1017800|13099003.0000|12.8368340100
14550000|12.8368340100|12.8567824700|12.8268597800|12.8468082400|1048634|13505157.0000|12.8468082400
15000000|12.8567824700|12.8567824700|12.8368340100|12.8567824700|904400|11656275.0000|12.8567824700
