093500|18.0000|18.8500|18.0000|18.8500|4674900|86509648.0000|18.8500
094000|18.8500|18.8500|18.8500|18.8500|203900|3843512.0000|18.8500
094500|18.8500|18.8500|18.8500|18.8500|186400|3514584.0000|18.8500
095000|18.8500|18.8500|18.8500|18.8500|79000|1489144.0000|18.8500
095500|18.8500|18.8500|18.8500|18.8500|64600|1217712.0000|18.8500
100000|18.8500|18.8500|18.8500|18.8500|76400|1440144.0000|18.8500
100500|18.8500|18.8500|18.8500|18.8500|32900|620160.0000|18.8500
101000|18.8500|18.8500|18.8500|18.8500|37000|697456.0000|18.8500
101500|18.8500|18.8500|18.8500|18.8500|11700|220544.0000|18.8500
102000|18.8500|18.8500|18.8500|18.8500|26500|499520.0000|18.8500
102500|18.8500|18.8500|18.8500|18.8500|31300|590008.0000|18.8500
103000|18.8500|18.8500|18.8500|18.8500|34800|655976.0000|18.8500
103500|18.8500|18.8500|18.8500|18.8500|9000|169656.0000|18.8500
104000|18.8500|18.8500|18.8500|18.8500|9200|173416.0000|18.8500
104500|18.8500|18.8500|18.8500|18.8500|8700|164000.0000|18.8500
105000|18.8500|18.8500|18.8500|18.8500|29900|563608.0000|18.8500
105500|18.8500|18.8500|18.8500|18.8500|25900|488216.0000|18.8500
110000|18.8500|18.8500|18.8500|18.8500|5700|107448.0000|18.8500
110500|18.8500|18.8500|18.8500|18.8500|25700|484440.0000|18.8500
111000|18.8500|18.8500|18.8500|18.8500|12300|231856.0000|18.8500
111500|18.8500|18.8500|18.8500|18.8500|8900|167768.0000|18.8500
112000|18.8500|18.8500|18.8500|18.8500|17500|329872.0000|18.8500
112500|18.8500|18.8500|18.8500|18.8500|23600|444864.0000|18.8500
113000|18.8500|18.8500|18.8500|18.8500|12500|235624.0000|18.8500
130500|18.8500|18.8500|18.8500|18.8500|44400|836944.0000|18.8500
131000|18.8500|18.8500|18.8500|18.8500|20100|378880.0000|18.8500
131500|18.8500|18.8500|18.8500|18.8500|13900|262016.0000|18.8500
132000|18.8500|18.8500|18.8500|18.8500|4500|84832.0000|18.8500
132500|18.8500|18.8500|18.8500|18.8500|27000|508952.0000|18.8500
133000|18.8500|18.8500|18.8500|18.8500|3100|58432.0000|18.8500
133500|18.8500|18.8500|18.8500|18.8500|45300|853904.0000|18.8500
134000|18.8500|18.8500|18.8500|18.8500|7900|148912.0000|18.8500
134500|18.8500|18.8500|18.8500|18.8500|12500|235624.0000|18.8500
135000|18.8500|18.8500|18.8500|18.8500|18800|354376.0000|18.8500
135500|18.8500|18.8500|18.8500|18.8500|13300|250704.0000|18.8500
140000|18.8500|18.8500|18.8500|18.8500|4800|89728.0000|18.8500
140500|18.8500|18.8500|18.8500|18.8500|9800|184728.0000|18.8500
141000|18.8500|18.8500|18.8500|18.8500|5800|109336.0000|18.8500
141500|18.8500|18.8500|18.8500|18.8500|59500|1121576.0000|18.8500
142000|18.8500|18.8500|18.8500|18.8500|11500|216768.0000|18.8500
142500|18.8500|18.8500|18.8500|18.8500|63000|1187552.0000|18.8500
143000|18.8500|18.8500|18.8500|18.8500|4500|84824.0000|18.8500
143500|18.8500|18.8500|18.8500|18.8500|33300|627704.0000|18.8500
144000|18.8500|18.8500|18.8500|18.8500|8800|165880.0000|18.8500
144500|18.8500|18.8500|18.8500|18.8500|6600|124416.0000|18.8500
145000|18.8500|18.8500|18.8500|18.8500|18500|348728.0000|18.8500
145500|18.8500|18.8500|18.8500|18.8500|15100|284632.0000|18.8500
150000|18.8500|18.8500|18.8500|18.8500|9600|180960.0000|18.8500
