093500|23.0900|23.2400|22.8200|23.2200|185200|4274227.0000|23.2200
094000|23.2100|23.2500|23.1100|23.2400|82800|1919286.0000|23.2400
094500|23.2400|23.3000|23.2300|23.2500|137100|3190352.0000|23.2500
095000|23.2600|23.3100|23.2000|23.2800|124700|2898160.0000|23.2800
095500|23.2900|23.3000|23.2300|23.2300|54000|1255961.0000|23.2300
100000|23.2300|23.2800|23.1600|23.2600|81200|1884119.0000|23.2600
100500|23.2700|23.4900|23.2700|23.4700|243300|5690091.0000|23.4700
101000|23.4700|23.4700|23.3300|23.3600|52700|1233140.0000|23.3600
101500|23.3500|23.4100|23.3000|23.4000|45400|1059976.0000|23.4000
102000|23.3900|23.4500|23.3600|23.4000|54100|1266568.0000|23.4000
102500|23.4500|23.4700|23.3900|23.4200|77900|1825626.0000|23.4200
103000|23.4100|23.4700|23.4100|23.4600|49900|1169986.0000|23.4600
103500|23.4600|23.4800|23.4500|23.4600|120100|2816284.0000|23.4600
104000|23.4600|23.4800|23.4500|23.4800|44400|1042190.0000|23.4800
104500|23.4800|23.4800|23.4100|23.4400|31800|745578.0000|23.4400
105000|23.4300|23.4500|23.4000|23.4100|21800|510522.0000|23.4100
105500|23.4400|23.4600|23.4000|23.4000|39200|918982.0000|23.4000
110000|23.3800|23.4100|23.3600|23.4100|67800|1583840.0000|23.4100
110500|23.3700|23.4000|23.3300|23.4000|50700|1183752.0000|23.4000
111000|23.3700|23.4400|23.3700|23.3700|25100|587172.0000|23.3700
111500|23.3700|23.3900|23.3300|23.3500|46600|1088192.0000|23.3500
112000|23.3500|23.4400|23.3500|23.4100|24600|575244.0000|23.4100
112500|23.4100|23.4100|23.3900|23.4100|8700|203580.0000|23.4100
113000|23.4100|23.4100|23.3900|23.4000|10500|245704.0000|23.4000
130500|23.4000|23.4300|23.3500|23.3500|46700|1092484.0000|23.3500
131000|23.3700|23.3700|23.2800|23.3200|63400|1478312.0000|23.3200
131500|23.3600|23.3700|23.3300|23.3600|26600|620816.0000|23.3600
132000|23.3700|23.3700|23.3000|23.3100|73300|1708540.0000|23.3100
132500|23.3200|23.3200|23.2500|23.2500|85600|1992984.0000|23.2500
133000|23.2600|23.3200|23.2500|23.2600|63100|1469768.0000|23.2600
133500|23.2700|23.3100|23.2200|23.2400|59600|1385120.0000|23.2400
134000|23.2700|23.2900|23.2300|23.2300|61400|1426732.0000|23.2300
134500|23.2200|23.2600|23.2200|23.2600|17800|413588.0000|23.2600
135000|23.2600|23.3300|23.2600|23.3300|11200|260804.0000|23.3300
135500|23.3300|23.3500|23.3100|23.3300|25600|597136.0000|23.3300
140000|23.3100|23.3400|23.3100|23.3300|19900|464120.0000|23.3300
140500|23.3300|23.3900|23.3300|23.3500|25800|602544.0000|23.3500
141000|23.3500|23.3600|23.3300|23.3300|35200|821952.0000|23.3300
141500|23.3400|23.3600|23.3100|23.3600|24400|569172.0000|23.3600
142000|23.3600|23.3800|23.3600|23.3700|9800|229008.0000|23.3700
142500|23.3600|23.3700|23.3600|23.3600|14500|338808.0000|23.3600
143000|23.3600|23.4100|23.3300|23.3900|36000|841444.0000|23.3900
143500|23.3900|23.4100|23.3900|23.4000|21600|505412.0000|23.4000
144000|23.3900|23.4000|23.3700|23.3700|33300|778808.0000|23.3700
144500|23.3700|23.4000|23.3700|23.3900|28100|657140.0000|23.3900
145000|23.4000|23.4000|23.3800|23.3800|48600|1136724.0000|23.3800
145500|23.3800|23.4100|23.3600|23.4000|81400|1904400.0000|23.4000
150000|23.4000|23.4500|23.4000|23.4500|64200|1504008.0000|23.4500
