093500|14.35|14.42|14.31|14.32|25129.0|36070942.0|14.49
094000|14.32|14.41|14.29|14.41|18115.0|25960116.0|14.32
094500|14.4|14.43|14.4|14.43|11018.0|15879892.0|14.41
095000|14.42|14.44|14.4|14.41|9386.0|13534812.0|14.43
095500|14.41|14.41|14.35|14.35|8976.0|12911921.0|14.41
100000|14.35|14.42|14.35|14.4|6129.0|8813993.0|14.35
100500|14.41|14.45|14.4|14.43|5751.0|8295949.0|14.4
101000|14.42|14.44|14.42|14.44|4883.0|7045439.0|14.43
101500|14.44|14.46|14.43|14.45|6858.0|9905045.0|14.44
102000|14.44|14.45|14.42|14.44|5355.0|7731283.0|14.45
102500|14.43|14.48|14.42|14.46|8350.0|12071967.0|14.44
103000|14.47|14.49|14.44|14.46|6306.0|9119545.0|14.46
103500|14.45|14.46|14.44|14.44|5135.0|7421027.0|14.46
104000|14.44|14.45|14.43|14.45|3923.0|5664777.0|14.44
104500|14.45|14.46|14.44|14.45|4424.0|6391476.0|14.45
105000|14.44|14.44|14.39|14.41|10263.0|14787597.0|14.45
105500|14.4|14.43|14.39|14.4|7203.0|10375232.0|14.41
110000|14.41|14.42|14.39|14.4|3705.0|5337567.0|14.4
110500|14.39|14.45|14.39|14.45|4761.0|6868231.0|14.4
111000|14.45|14.47|14.45|14.45|3516.0|5082960.0|14.45
111500|14.45|14.46|14.44|14.44|3534.0|5105516.0|14.45
112000|14.45|14.47|14.43|14.46|3984.0|5758988.0|14.44
112500|14.46|14.47|14.43|14.44|4594.0|6640538.0|14.46
113000|14.44|14.44|14.39|14.39|6867.0|9897071.0|14.44
130500|14.39|14.44|14.39|14.43|6596.0|9503339.0|14.39
131000|14.41|14.43|14.4|14.41|7677.0|11069644.0|14.43
131500|14.41|14.43|14.4|14.4|5500.0|7924548.0|14.41
132000|14.4|14.42|14.39|14.39|4274.0|6154117.0|14.4
132500|14.38|14.39|14.37|14.39|8254.0|11869693.0|14.39
133000|14.4|14.4|14.35|14.37|11231.0|16133577.0|14.39
133500|14.37|14.39|14.36|14.37|5718.0|8218272.0|14.37
134000|14.37|14.4|14.36|14.39|3562.0|5120975.0|14.37
134500|14.39|14.41|14.39|14.41|3926.0|5653991.0|14.39
135000|14.41|14.42|14.39|14.41|1619.0|2332738.0|14.41
135500|14.42|14.42|14.41|14.42|2802.0|4039434.0|14.41
140000|14.42|14.42|14.4|14.42|2531.0|3647990.0|14.42
140500|14.42|14.44|14.39|14.4|5764.0|8307323.0|14.42
141000|14.39|14.42|14.39|14.41|3009.0|4332304.0|14.4
141500|14.41|14.42|14.4|14.42|1852.0|2668894.0|14.41
142000|14.42|14.44|14.41|14.42|4242.0|6117879.0|14.42
142500|14.42|14.42|14.39|14.39|5268.0|7584520.0|14.42
143000|14.39|14.4|14.37|14.38|7761.0|11163200.0|14.39
143500|14.39|14.4|14.37|14.38|5943.0|8548749.0|14.38
144000|14.38|14.41|14.38|14.4|5103.0|7344535.0|14.38
144500|14.4|14.4|14.37|14.37|10096.0|14522858.0|14.4
145000|14.37|14.39|14.37|14.39|5820.0|8368763.0|14.37
145500|14.38|14.4|14.38|14.4|8306.0|11953289.0|14.39
150000|14.39|14.43|14.39|14.41|7626.0|10985994.0|14.4
