093500|16.42|16.44|16.36|16.42|6112.0|10310936.0|16.43
094000|16.41|16.41|16.35|16.39|3189.0|5371613.0|16.42
094500|16.39|16.42|16.37|16.37|2543.0|4289662.0|16.39
095000|16.38|16.39|16.32|16.33|3834.0|6448583.0|16.37
095500|16.32|16.33|16.3|16.3|3915.0|6570467.0|16.33
100000|16.31|16.32|16.29|16.31|3563.0|5977441.0|16.3
100500|16.3|16.32|16.29|16.31|2914.0|4886026.0|16.31
101000|16.31|16.32|16.24|16.25|5381.0|9008213.0|16.31
101500|16.24|16.25|16.18|16.18|6938.0|11579753.0|16.25
102000|16.18|16.22|16.16|16.2|3934.0|6555096.0|16.18
102500|16.2|16.21|16.18|16.21|3369.0|5612434.0|16.2
103000|16.2|16.22|16.14|16.18|5535.0|9216407.0|16.21
103500|16.18|16.25|16.18|16.25|3136.0|5228966.0|16.18
104000|16.23|16.24|16.21|16.23|2665.0|4449974.0|16.25
104500|16.24|16.25|16.23|16.23|1695.0|2832759.0|16.23
105000|16.24|16.26|16.23|16.25|1323.0|2211685.0|16.23
105500|16.24|16.24|16.22|16.23|1204.0|2011086.0|16.25
110000|16.23|16.23|16.2|16.21|2211.0|3689194.0|16.23
110500|16.23|16.23|16.18|16.19|1762.0|2938801.0|16.21
111000|16.19|16.2|16.18|16.2|2492.0|4150574.0|16.19
111500|16.19|16.21|16.19|16.19|1375.0|2292319.0|16.2
112000|16.19|16.21|16.17|16.2|2571.0|4283123.0|16.19
112500|16.2|16.23|16.19|16.22|707.0|1179208.0|16.2
113000|16.22|16.23|16.21|16.22|810.0|1352219.0|16.22
130500|16.23|16.23|16.2|16.23|3214.0|5364206.0|16.22
131000|16.23|16.26|16.23|16.26|1999.0|3341103.0|16.23
131500|16.26|16.26|16.24|16.26|1682.0|2813357.0|16.26
132000|16.26|16.28|16.24|16.25|3006.0|5029933.0|16.26
132500|16.24|16.26|16.23|16.23|1894.0|3164717.0|16.25
133000|16.24|16.28|16.23|16.25|1949.0|3260373.0|16.23
133500|16.25|16.27|16.24|16.27|2029.0|3393316.0|16.25
134000|16.27|16.3|16.25|16.29|3613.0|6051202.0|16.27
134500|16.29|16.32|16.26|16.26|4064.0|6815136.0|16.29
135000|16.27|16.31|16.27|16.28|1599.0|2679202.0|16.26
135500|16.28|16.31|16.27|16.29|1536.0|2574121.0|16.28
140000|16.29|16.3|16.29|16.3|1804.0|3024873.0|16.29
140500|16.3|16.31|16.28|16.29|2012.0|3373385.0|16.3
141000|16.28|16.32|16.28|16.28|1626.0|2726823.0|16.29
141500|16.29|16.31|16.28|16.31|1824.0|3058715.0|16.28
142000|16.31|16.32|16.29|16.31|2747.0|4607102.0|16.31
142500|16.31|16.31|16.28|16.31|1867.0|3130305.0|16.31
143000|16.29|16.32|16.29|16.31|2004.0|3362031.0|16.31
143500|16.32|16.32|16.29|16.29|1947.0|3265046.0|16.31
144000|16.29|16.31|16.29|16.31|1675.0|2809209.0|16.29
144500|16.31|16.32|16.29|16.31|2569.0|4310315.0|16.31
145000|16.31|16.31|16.29|16.3|2593.0|4348636.0|16.31
145500|16.29|16.31|16.28|16.29|2523.0|4229585.0|16.3
150000|16.3|16.3|16.28|16.28|2246.0|3763499.0|16.29
