093500|48.4|48.4|47.45|48.0|104346.0|500988451.0|49.32
094000|47.98|48.05|47.6|47.73|49216.0|235306574.0|48.0
094500|47.72|48.1|47.39|47.46|39957.0|190386829.0|47.73
095000|47.47|47.97|47.43|47.9|25839.0|123129555.0|47.46
095500|47.9|47.93|47.67|47.81|19004.0|90822395.0|47.9
100000|47.85|48.05|47.73|47.79|19826.0|94981441.0|47.81
100500|47.79|47.89|47.65|47.68|22378.0|106792419.0|47.79
101000|47.7|47.75|47.5|47.52|16380.0|77999390.0|47.68
101500|47.54|47.65|47.3|47.53|17822.0|84574101.0|47.52
102000|47.53|47.7|47.53|47.6|8832.0|42087736.0|47.53
102500|47.6|47.82|47.51|47.77|7425.0|35417511.0|47.6
103000|47.78|47.97|47.74|47.85|8898.0|42592310.0|47.77
103500|47.85|47.92|47.8|47.81|8921.0|42695916.0|47.85
104000|47.81|47.81|47.57|47.57|6642.0|31666719.0|47.81
104500|47.59|47.78|47.57|47.68|6411.0|30514114.0|47.57
105000|47.68|47.81|47.48|47.48|5801.0|27632334.0|47.68
105500|47.48|47.56|47.37|47.38|11301.0|53642142.0|47.48
110000|47.38|47.39|47.06|47.35|14444.0|68278728.0|47.38
110500|47.36|47.4|47.24|47.33|5918.0|28008810.0|47.35
111000|47.31|47.64|47.31|47.51|3806.0|18064235.0|47.33
111500|47.5|47.56|47.45|47.51|3396.0|16131732.0|47.51
112000|47.5|47.5|47.33|47.48|4246.0|20148278.0|47.51
112500|47.48|47.55|47.35|47.55|3330.0|15792967.0|47.48
113000|47.55|47.59|47.47|47.54|4001.0|19015337.0|47.55
130500|47.54|47.74|47.43|47.74|5062.0|24089582.0|47.54
131000|47.74|47.83|47.56|47.6|5713.0|27271762.0|47.74
131500|47.61|47.61|47.36|47.46|5612.0|26636390.0|47.6
132000|47.41|47.49|47.32|47.32|5001.0|23700172.0|47.46
132500|47.32|47.34|47.24|47.24|6499.0|30731828.0|47.32
133000|47.24|47.24|47.05|47.09|9164.0|43212360.0|47.24
133500|47.09|47.23|46.93|46.96|13518.0|63610422.0|47.09
134000|46.93|47.08|46.89|47.07|10794.0|50716393.0|46.96
134500|47.08|47.09|46.86|46.99|9411.0|44183677.0|47.07
135000|46.99|47.15|46.96|47.15|4611.0|21681027.0|46.99
135500|47.13|47.15|46.9|46.97|6019.0|28321069.0|47.15
140000|46.97|47.1|46.91|47.04|6277.0|29520087.0|46.97
140500|47.04|47.14|46.95|47.13|7346.0|34548648.0|47.04
141000|47.13|47.29|47.11|47.27|9918.0|46799383.0|47.13
141500|47.27|47.27|47.07|47.22|6292.0|29678834.0|47.27
142000|47.21|47.31|47.0|47.18|9734.0|45951735.0|47.22
142500|47.17|47.19|46.98|47.18|7433.0|34984509.0|47.18
143000|47.19|47.32|47.1|47.25|7895.0|37297035.0|47.18
143500|47.23|47.27|46.99|47.0|8903.0|41949224.0|47.25
144000|47.0|47.16|47.0|47.1|10448.0|49177553.0|47.0
144500|47.1|47.16|47.03|47.16|10386.0|48905501.0|47.1
145000|47.16|47.16|47.05|47.1|11814.0|55645053.0|47.16
145500|47.1|47.1|46.98|46.99|14974.0|70445081.0|47.1
150000|46.96|47.1|46.92|47.1|20238.0|95164501.0|46.99
