093500|48.9300|49.2000|48.7500|49.1300|325100|15934988.0000|49.1300
094000|49.1300|49.1400|48.8900|49.0400|130800|6413937.0000|49.0400
094500|49.0400|49.0400|48.7500|48.8200|123300|6024020.0000|48.8200
095000|48.8200|48.9700|48.7300|48.9400|110300|5382968.0000|48.9400
095500|48.9400|49.0000|48.9000|48.9900|48200|2359904.0000|48.9900
100000|49.0000|49.0200|48.8800|48.9900|82000|4013776.0000|48.9900
100500|48.9800|48.9900|48.8300|48.8500|62300|3047904.0000|48.8500
101000|48.8400|48.8400|48.6600|48.6900|185700|9054264.0000|48.6900
101500|48.6800|48.7100|48.6200|48.6800|83200|4048852.0000|48.6800
102000|48.6800|48.7600|48.6100|48.6200|100900|4911860.0000|48.6200
102500|48.6200|48.6800|48.5800|48.5900|57600|2800600.0000|48.5900
103000|48.5900|48.6000|48.5200|48.5200|57600|2797072.0000|48.5200
103500|48.5200|48.5300|48.4700|48.5000|84400|4093600.0000|48.5000
104000|48.5100|48.5700|48.5000|48.5500|55000|2669576.0000|48.5500
104500|48.5600|48.6800|48.5300|48.6100|36500|1775056.0000|48.6100
105000|48.6000|48.6100|48.5500|48.5500|23200|1127000.0000|48.5500
105500|48.5500|48.6100|48.5400|48.5600|21400|1039320.0000|48.5600
110000|48.5700|48.5800|48.4700|48.4800|58000|2814144.0000|48.4800
110500|48.4900|48.5200|48.4800|48.5000|39600|1920440.0000|48.5000
111000|48.4900|48.5800|48.4600|48.5700|78600|3812168.0000|48.5700
111500|48.5800|48.5800|48.5500|48.5500|29900|1452296.0000|48.5500
112000|48.5500|48.5500|48.4900|48.5100|27600|1339136.0000|48.5100
112500|48.5100|48.5500|48.4900|48.5400|24100|1169184.0000|48.5400
113000|48.5400|48.6200|48.5300|48.6000|28000|1360120.0000|48.6000
130500|48.6200|48.7100|48.5300|48.6900|57900|2815008.0000|48.6900
131000|48.6900|48.7100|48.6200|48.6200|29500|1435592.0000|48.6200
131500|48.6200|48.6300|48.5300|48.5600|33600|1632816.0000|48.5600
132000|48.5600|48.6200|48.5500|48.6000|31500|1530136.0000|48.6000
132500|48.6000|48.6500|48.6000|48.6300|39100|1899160.0000|48.6300
133000|48.6200|48.6500|48.6100|48.6400|62800|3056672.0000|48.6400
133500|48.6400|48.8000|48.5900|48.8000|129400|6296792.0000|48.8000
134000|48.7700|48.8400|48.6500|48.7200|59200|2885976.0000|48.7200
134500|48.7200|48.7200|48.6200|48.6600|42000|2044288.0000|48.6600
135000|48.6600|48.7400|48.6500|48.6800|47300|2302744.0000|48.6800
135500|48.6800|48.6900|48.6100|48.6100|40000|1946128.0000|48.6100
140000|48.6200|48.6200|48.5500|48.6200|88200|4285648.0000|48.6200
140500|48.6000|48.7200|48.5900|48.6200|70500|3430056.0000|48.6200
141000|48.6200|48.6800|48.6100|48.6700|51900|2525552.0000|48.6700
141500|48.6600|48.6900|48.6200|48.6700|21500|1046048.0000|48.6700
142000|48.6800|48.6900|48.6200|48.6300|37000|1800096.0000|48.6300
142500|48.6200|48.6500|48.5700|48.5800|88100|4280656.0000|48.5800
143000|48.5800|48.5800|48.4800|48.5200|123400|5987504.0000|48.5200
143500|48.5200|48.5200|48.4200|48.4500|175700|8513984.0000|48.4500
144000|48.4500|48.4500|48.4000|48.4300|78300|3791360.0000|48.4300
144500|48.4200|48.4600|48.4100|48.4500|80000|3875552.0000|48.4500
145000|48.4500|48.5400|48.4300|48.5000|70600|3424016.0000|48.5000
145500|48.5000|48.5200|48.4300|48.5000|140800|6825984.0000|48.5000
150000|48.5000|48.5400|48.4900|48.5000|146900|7127984.0000|48.5000
