09350000|39.6430290000|39.6612556800|38.6587882800|38.8775084400|493599|21152049.0000|38.8775084400
09400000|38.8592817600|38.9230751400|38.5403148600|38.5585415400|332800|14151756.0000|38.5585415400
09450000|38.5494282000|39.1326819600|38.5494282000|39.1326819600|388100|16543430.0000|39.1326819600
09500000|39.0506619000|39.3149487600|39.0233218800|39.1600219800|288200|12390563.0000|39.1600219800
09550000|39.0962286000|39.1873620000|38.8866217800|38.9321884800|268500|11488954.0000|38.9321884800
10000000|38.9230751400|38.9321884800|38.5220881800|38.5858815600|349900|14846501.0000|38.5858815600
10050000|38.5676548800|38.6770149600|38.3853880800|38.4218414400|338800|14315551.0000|38.4218414400
10100000|38.4127281000|38.4491814600|38.3307080400|38.3489347200|210100|8846982.0000|38.3489347200
10150000|38.3307080400|38.3489347200|38.2031212800|38.2031212800|509300|21391825.0000|38.2031212800
10200000|38.2031212800|38.2669146600|38.0573078400|38.1119878800|381700|15976267.0000|38.1119878800
10250000|38.1028745400|38.4218414400|38.1028745400|38.2942546800|178800|7509423.0000|38.2942546800
10300000|38.2851413400|38.2942546800|38.1757812600|38.2395746400|167400|7025123.0000|38.2395746400
10350000|38.2395746400|38.4765214800|38.1848946000|38.3945014200|194600|8181463.0000|38.3945014200
10400000|38.3945014200|38.4582948000|38.2578013200|38.2760280000|162400|6829878.0000|38.2760280000
10450000|38.2760280000|38.3215947000|38.1940079400|38.2122346200|102800|4316893.0000|38.2122346200
10500000|38.2122346200|38.2122346200|38.1028745400|38.1666679200|222100|9298269.0000|38.1666679200
10550000|38.1484412400|38.2578013200|38.0937612000|38.1848946000|168000|7038316.0000|38.1848946000
11000000|38.1848946000|38.2395746400|38.1119878800|38.1119878800|92800|3887806.0000|38.1119878800
11050000|38.1119878800|38.1119878800|37.8203610000|37.8385876800|306800|12782256.0000|37.8385876800
11100000|37.8294743400|37.8568143600|37.4922807600|37.4922807600|482900|19948093.0000|37.4922807600
11150000|37.4558274000|37.8750410400|37.4376007200|37.8294743400|474400|19617984.0000|37.8294743400
11200000|37.8112476600|37.8112476600|37.4558274000|37.4922807600|276700|11426906.0000|37.4922807600
11250000|37.4922807600|37.5651874800|37.3920340200|37.5287341200|319000|13115296.0000|37.5287341200
11300000|37.5287341200|37.5287341200|37.2644472600|37.2826739400|329500|13518560.0000|37.2826739400
13050000|37.2826739400|37.5925275000|37.2826739400|37.4193740400|457000|18744784.0000|37.4193740400
13100000|37.3738073400|37.4649407400|37.1368605000|37.1550871800|308300|12611888.0000|37.1550871800
13150000|37.1550871800|37.1824272000|36.9454803600|36.9819337200|314700|12797760.0000|36.9819337200
13200000|36.9545937000|36.9637070400|36.6903068400|36.7996669200|440600|17806336.0000|36.7996669200
13250000|36.7814402400|36.7996669200|36.5353800600|36.6265134600|497900|20032080.0000|36.6265134600
13300000|36.6447401400|37.0366137600|36.6265134600|36.8452336200|406200|16415328.0000|36.8452336200
13350000|36.8361202800|37.0183870800|36.7814402400|36.7996669200|358000|14490560.0000|36.7996669200
13400000|36.7814402400|36.7996669200|36.5900601000|36.7723269000|273700|11026688.0000|36.7723269000
13450000|36.7723269000|36.9363670200|36.6994201800|36.9090270000|236354|9543936.0000|36.9090270000
13500000|36.8999136600|37.1733138600|36.8634603000|37.1733138600|324717|13188544.0000|37.1733138600
13550000|37.1733138600|37.2462205800|37.1186338200|37.2462205800|154628|6304992.0000|37.2462205800
14000000|37.2462205800|37.2735606000|37.0457271000|37.0457271000|322072|13151920.0000|37.0457271000
14050000|37.0092737400|37.2735606000|37.0092737400|37.2735606000|399800|16323056.0000|37.2735606000
14100000|37.2735606000|37.2735606000|37.2188805600|37.2644472600|181200|7408624.0000|37.2644472600
14150000|37.2644472600|37.7747943000|37.2644472600|37.7656809600|386023|15893104.0000|37.7656809600
14200000|37.7474542800|38.1119878800|37.7474542800|37.9752877800|457500|19079792.0000|37.9752877800
14250000|37.9388344200|38.1848946000|37.8568143600|38.1848946000|414900|17328640.0000|38.1848946000
14300000|38.1848946000|38.2851413400|38.0573078400|38.1666679200|491000|20589920.0000|38.1666679200
14350000|38.1575545800|38.5494282000|38.0755345200|38.3853880800|448100|18845120.0000|38.3853880800
14400000|38.3853880800|38.5403148600|38.2851413400|38.3307080400|413900|17445856.0000|38.3307080400
14450000|38.2851413400|38.2851413400|38.0117411400|38.0755345200|186900|7819696.0000|38.0755345200
14500000|38.0664211800|38.1028745400|37.8568143600|38.1028745400|253300|10555168.0000|38.1028745400
14550000|38.1393279000|38.1666679200|38.0117411400|38.1302145600|315277|13186448.0000|38.1302145600
15000000|38.1393279000|38.1575545800|38.1028745400|38.1484412400|202486|8474384.0000|38.1484412400
