093500|13.7100|13.7700|13.5900|13.6800|560800|7660834.0000|13.6800
094000|13.6800|13.6900|13.5800|13.5800|339600|4626223.0000|13.5800
094500|13.6000|13.6800|13.5500|13.6600|355800|4835958.0000|13.6600
095000|13.6500|13.6600|13.5600|13.5800|389400|5303018.0000|13.5800
095500|13.5800|13.6400|13.5300|13.6100|437200|5933535.0000|13.6100
100000|13.6200|13.6600|13.6000|13.6400|212800|2900738.0000|13.6400
100500|13.6300|13.6500|13.5900|13.6300|201400|2742181.0000|13.6300
101000|13.6300|13.7100|13.6200|13.7100|207400|2834252.0000|13.7100
101500|13.7200|13.7800|13.6900|13.7500|324200|4448464.0000|13.7500
102000|13.7600|13.7900|13.7400|13.7700|216200|2976899.0000|13.7700
102500|13.7800|13.7900|13.7300|13.7600|218800|3010818.0000|13.7600
103000|13.7600|13.7700|13.7300|13.7600|166800|2294005.0000|13.7600
103500|13.7600|13.7600|13.7100|13.7300|225000|3090834.0000|13.7300
104000|13.7300|13.7500|13.6600|13.7000|402900|5524253.0000|13.7000
104500|13.7000|13.7100|13.6700|13.6800|178300|2439822.0000|13.6800
105000|13.6700|13.7000|13.6700|13.6700|105000|1436314.0000|13.6700
105500|13.6800|13.6900|13.6500|13.6500|97900|1338737.0000|13.6500
110000|13.6500|13.6800|13.6300|13.6300|93700|1278854.0000|13.6300
110500|13.6300|13.6700|13.6300|13.6400|120200|1640083.0000|13.6400
111000|13.6400|13.6500|13.6200|13.6300|142200|1939472.0000|13.6300
111500|13.6200|13.6600|13.6100|13.6300|141600|1930816.0000|13.6300
112000|13.6400|13.6500|13.6100|13.6400|84500|1150860.0000|13.6400
112500|13.6400|13.7200|13.6400|13.6800|153500|2099722.0000|13.6800
113000|13.6800|13.6900|13.6700|13.6700|77900|1065517.0000|13.6700
130500|13.6700|13.7200|13.6600|13.6800|184800|2528523.0000|13.6800
131000|13.6800|13.7100|13.6700|13.6900|86500|1184103.0000|13.6900
131500|13.7000|13.7200|13.6800|13.7100|67500|924920.0000|13.7100
132000|13.7100|13.7700|13.7100|13.7700|122000|1675729.0000|13.7700
132500|13.7600|13.7900|13.7600|13.7700|152200|2096331.0000|13.7700
133000|13.7700|13.8100|13.7600|13.7800|133400|1838758.0000|13.7800
133500|13.7800|13.8100|13.7600|13.7900|110300|1520375.0000|13.7900
134000|13.7900|13.8000|13.7600|13.8000|144700|1993944.0000|13.8000
134500|13.8000|13.8200|13.7800|13.8000|123600|1705917.0000|13.8000
135000|13.8000|13.8000|13.7600|13.7800|87000|1199011.0000|13.7800
135500|13.7900|13.8200|13.7700|13.7700|113200|1562111.0000|13.7700
140000|13.7800|13.8000|13.7700|13.8000|85700|1181369.0000|13.8000
140500|13.8000|13.8000|13.7800|13.7900|120600|1663183.0000|13.7900
141000|13.7900|13.7900|13.7500|13.7700|174300|2399041.0000|13.7700
141500|13.7700|13.8000|13.7600|13.7900|117700|1623122.0000|13.7900
142000|13.7900|13.8100|13.7700|13.7700|167500|2310416.0000|13.7700
142500|13.7800|13.7900|13.7600|13.7900|74100|1021023.0000|13.7900
143000|13.7900|13.7900|13.7500|13.7700|129700|1785529.0000|13.7700
143500|13.7600|13.7800|13.7500|13.7500|161300|2220117.0000|13.7500
144000|13.7500|13.7700|13.7500|13.7600|102500|1410036.0000|13.7600
144500|13.7500|13.7700|13.7500|13.7700|175900|2420110.0000|13.7700
145000|13.7600|13.7900|13.7500|13.7800|253600|3492141.0000|13.7800
145500|13.7600|13.7700|13.7200|13.7500|398900|5484408.0000|13.7500
150000|13.7500|13.7500|13.7300|13.7500|192251|2642208.0000|13.7500
