093500|17.8500|18.0200|17.7800|17.9100|2249600|40354392.0000|17.9100
094000|17.9100|17.9300|17.8200|17.8600|488500|8729000.0000|17.8600
094500|17.8500|17.9000|17.8000|17.8200|456300|8138392.0000|17.8200
095000|17.8200|17.8200|17.7000|17.7500|641200|11393192.0000|17.7500
095500|17.7400|17.8700|17.7400|17.8400|410100|7308552.0000|17.8400
100000|17.8400|17.8800|17.8300|17.8500|402800|7192080.0000|17.8500
100500|17.8500|17.9600|17.8500|17.9500|540900|9676680.0000|17.9500
101000|17.9300|17.9400|17.8700|17.9000|273700|4899112.0000|17.9000
101500|17.9100|17.9300|17.8500|17.8700|482600|8631472.0000|17.8700
102000|17.8700|17.9000|17.8000|17.9000|1464200|26100624.0000|17.9000
102500|17.9000|17.9300|17.8200|17.8300|1003000|17946000.0000|17.8300
103000|17.8300|17.8300|17.7000|17.7200|745000|13225264.0000|17.7200
103500|17.7200|17.7500|17.6800|17.6800|887000|15712016.0000|17.6800
104000|17.6800|17.7500|17.6600|17.7500|722000|12771456.0000|17.7500
104500|17.7500|17.7900|17.7200|17.7800|403300|7160704.0000|17.7800
105000|17.7700|17.8400|17.7600|17.8200|372500|6631104.0000|17.8200
105500|17.8400|17.8500|17.8100|17.8300|386900|6897760.0000|17.8300
110000|17.8400|17.8400|17.7700|17.7900|438000|7794880.0000|17.7900
110500|17.7800|17.8200|17.7800|17.7900|398900|7098448.0000|17.7900
111000|17.7900|17.8300|17.7800|17.8200|456000|8113216.0000|17.8200
111500|17.8200|17.8500|17.7600|17.7700|475000|8458848.0000|17.7700
112000|17.7700|17.7900|17.7600|17.7600|159400|2833440.0000|17.7600
112500|17.7600|17.7700|17.7300|17.7500|188900|3353264.0000|17.7500
113000|17.7500|17.7600|17.7100|17.7200|173600|3079392.0000|17.7200
130500|17.7300|17.7600|17.6800|17.7100|617100|10929200.0000|17.7100
131000|17.7100|17.7400|17.6600|17.7400|218500|3865504.0000|17.7400
131500|17.7400|17.7800|17.7300|17.7300|173800|3085824.0000|17.7300
132000|17.7400|17.7600|17.7300|17.7400|151100|2681504.0000|17.7400
132500|17.7500|17.7600|17.7100|17.7300|145200|2574944.0000|17.7300
133000|17.7300|17.7500|17.7100|17.7200|148100|2624416.0000|17.7200
133500|17.7200|17.7300|17.7000|17.7100|256400|4542336.0000|17.7100
134000|17.7100|17.7500|17.6900|17.7300|568100|10066432.0000|17.7300
134500|17.7200|17.7700|17.7200|17.7300|407400|7231520.0000|17.7300
135000|17.7300|17.7400|17.7100|17.7200|158600|2811680.0000|17.7200
135500|17.7200|17.7300|17.6900|17.6900|252000|4462272.0000|17.6900
140000|17.7000|17.7000|17.6800|17.6900|307000|5430144.0000|17.6900
140500|17.6900|17.7300|17.6600|17.7000|368900|6521472.0000|17.7000
141000|17.7000|17.7500|17.7000|17.7200|502200|8903616.0000|17.7200
141500|17.7100|17.7200|17.7000|17.7200|210200|3723104.0000|17.7200
142000|17.7200|17.7400|17.7200|17.7300|251900|4466336.0000|17.7300
142500|17.7300|17.7300|17.7000|17.7100|248000|4393376.0000|17.7100
143000|17.7000|17.7400|17.6900|17.7200|439400|7783712.0000|17.7200
143500|17.7200|17.7400|17.7000|17.7100|231100|4094432.0000|17.7100
144000|17.7000|17.7300|17.6800|17.6900|275700|4881856.0000|17.6900
144500|17.6900|17.7000|17.6300|17.6600|404000|7137152.0000|17.6600
145000|17.6500|17.7000|17.6500|17.7000|311300|5502368.0000|17.7000
145500|17.7000|17.7000|17.6600|17.7000|303500|5367616.0000|17.7000
150000|17.7000|17.7600|17.6900|17.7200|409200|7254176.0000|17.7200
