09350000|29.5028914000|29.7191429600|29.1090046300|29.1707907900|2000442|76110877.0000|29.1707907900
09400000|29.1321744400|29.1630675200|28.9390926900|29.0858348200|2054647|77196680.0000|29.0858348200
09450000|29.0858348200|29.1012813600|28.8077971000|28.8541367200|1397400|52409923.0000|28.8541367200
09500000|28.8464134500|28.8850298000|28.7073945900|28.8309669100|1506881|56181229.0000|28.8309669100
09550000|28.8386901800|29.1785140600|28.8386901800|28.9081996100|1172715|44065947.0000|28.9081996100
10000000|28.9004763400|28.9313694200|28.7614574800|28.7769040200|1453300|54247984.0000|28.7769040200
10050000|28.7846272900|28.8077971000|28.6610549700|28.6919480500|2188776|81450096.0000|28.6919480500
10100000|28.6996713200|28.7460109400|28.5915455400|28.6456084300|2123400|78805968.0000|28.6456084300
10150000|28.6378851600|28.7460109400|28.6069920800|28.7228411300|1799000|66724064.0000|28.7228411300
10200000|28.7151178600|28.9313694200|28.7151178600|28.8464134500|1263082|47171200.0000|28.8464134500
10250000|28.8464134500|28.8464134500|28.7846272900|28.7923505600|353200|13180976.0000|28.7923505600
10300000|28.7923505600|28.8541367200|28.7228411300|28.8541367200|243500|9072304.0000|28.8541367200
10350000|28.8541367200|28.8773065300|28.8155203700|28.8464134500|264100|9865888.0000|28.8464134500
10400000|28.8541367200|29.0317719300|28.8541367200|28.9699857700|585700|21958960.0000|28.9699857700
10450000|28.9777090400|29.0008788500|28.8927530700|28.9699857700|312500|11715248.0000|28.9699857700
10500000|28.9699857700|28.9931555800|28.9390926900|28.9699857700|227460|8530640.0000|28.9699857700
10550000|28.9699857700|28.9699857700|28.9081996100|28.9081996100|284100|10647344.0000|28.9081996100
11000000|28.9081996100|28.9236461500|28.8309669100|28.8464134500|240600|8998032.0000|28.8464134500
11050000|28.8464134500|28.8850298000|28.8000738300|28.8155203700|294000|10973664.0000|28.8155203700
11100000|28.8155203700|28.8232436400|28.7923505600|28.8155203700|179500|6695376.0000|28.8155203700
11150000|28.8077971000|28.8155203700|28.7073945900|28.7073945900|385700|14363616.0000|28.7073945900
11200000|28.7073945900|28.7614574800|28.6533317000|28.7382876700|453900|16867248.0000|28.7382876700
11250000|28.7382876700|28.7691807500|28.6842247800|28.7614574800|317200|11795552.0000|28.7614574800
11300000|28.7614574800|28.8232436400|28.7537342100|28.8155203700|130900|4877232.0000|28.8155203700
13050000|28.8155203700|28.8695832600|28.7537342100|28.8695832600|356500|13297488.0000|28.8695832600
13100000|28.8850298000|28.8850298000|28.7691807500|28.7769040200|254600|9497792.0000|28.7769040200
13150000|28.7691807500|28.7769040200|28.6765015100|28.7691807500|224387|8342784.0000|28.7691807500
13200000|28.7691807500|28.8464134500|28.7460109400|28.8309669100|198500|7400416.0000|28.8309669100
13250000|28.8309669100|28.8541367200|28.7769040200|28.8077971000|242100|9033728.0000|28.8077971000
13300000|28.8000738300|28.8077971000|28.7846272900|28.7923505600|133700|4985792.0000|28.7923505600
13350000|28.7923505600|28.8695832600|28.7846272900|28.8077971000|405100|15118304.0000|28.8077971000
13400000|28.8000738300|28.8000738300|28.6610549700|28.6842247800|359400|13364544.0000|28.6842247800
13450000|28.6842247800|28.6919480500|28.6224386200|28.6301618900|709800|26329616.0000|28.6301618900
13500000|28.6301618900|28.6378851600|28.5065895700|28.5374826500|2272700|84088192.0000|28.5374826500
13550000|28.5374826500|28.6533317000|28.5374826500|28.6378851600|1069500|39605328.0000|28.6378851600
14000000|28.6533317000|28.7151178600|28.5915455400|28.6456084300|716300|26563680.0000|28.6456084300
14050000|28.6456084300|28.6610549700|28.5683757300|28.5683757300|736400|27280480.0000|28.5683757300
14100000|28.5606524600|28.5760990000|28.4216336000|28.4679732200|1302200|48038080.0000|28.4679732200
14150000|28.4525266800|28.5297593800|28.4293568700|28.5297593800|1047600|38594688.0000|28.5297593800
14200000|28.5297593800|28.5606524600|28.4834197600|28.4911430300|773800|28571376.0000|28.4911430300
14250000|28.4911430300|28.4988663000|28.3984637900|28.4525266800|1562100|57513648.0000|28.4525266800
14300000|28.4602499500|28.4834197600|28.4448034100|28.4756964900|734300|27059648.0000|28.4756964900
14350000|28.4679732200|28.5374826500|28.4679732200|28.4988663000|564700|20837424.0000|28.4988663000
14400000|28.5065895700|28.6301618900|28.4988663000|28.6224386200|984367|36417312.0000|28.6224386200
14450000|28.6224386200|28.6765015100|28.6147153500|28.6456084300|710300|26337680.0000|28.6456084300
14500000|28.6533317000|28.7305644000|28.6456084300|28.6765015100|819800|30455808.0000|28.6765015100
14550000|28.6687782400|28.7923505600|28.6687782400|28.7614574800|1150335|42787520.0000|28.7614574800
15000000|28.7614574800|28.7691807500|28.6919480500|28.6919480500|1733454|64426800.0000|28.6919480500
