093500|4.6300|4.6700|4.6000|4.6400|30452300|141217760.0000|4.6400
094000|4.6300|4.6800|4.6100|4.6600|19757400|91810384.0000|4.6600
094500|4.6500|4.6700|4.6200|4.6500|11872000|55160848.0000|4.6500
095000|4.6400|4.6800|4.6400|4.6600|6033800|28128512.0000|4.6600
095500|4.6600|4.7300|4.6600|4.7100|18849800|88695680.0000|4.7100
100000|4.7100|4.7200|4.6800|4.7200|10506700|49351072.0000|4.7200
100500|4.7200|4.7400|4.7000|4.7400|13560300|63955616.0000|4.7400
101000|4.7300|4.7500|4.7200|4.7300|15500600|73449535.0000|4.7300
101500|4.7300|4.7400|4.7000|4.7100|9364300|44136517.0000|4.7100
102000|4.7100|4.7300|4.7000|4.7100|7609900|35913460.0000|4.7100
102500|4.7100|4.7300|4.6800|4.6800|10293700|48466954.0000|4.6800
103000|4.6800|4.6900|4.6700|4.6900|6306900|29502590.0000|4.6900
103500|4.6800|4.7000|4.6800|4.6900|4643000|21786744.0000|4.6900
104000|4.6900|4.7300|4.6900|4.7300|5293900|24917448.0000|4.7300
104500|4.7300|4.7300|4.7100|4.7200|4354600|20542400.0000|4.7200
105000|4.7100|4.7200|4.7100|4.7100|2312600|10905080.0000|4.7100
105500|4.7100|4.8000|4.7100|4.8000|25797300|122868872.0000|4.8000
110000|4.8000|4.8100|4.7700|4.7900|27749800|133131520.0000|4.7900
110500|4.7900|4.8000|4.7600|4.7700|6133400|29305472.0000|4.7700
111000|4.7700|4.8000|4.7600|4.7900|5080500|24266752.0000|4.7900
111500|4.7900|4.7900|4.7700|4.7900|4006600|19155840.0000|4.7900
112000|4.7800|4.7900|4.7700|4.7800|2739700|13086208.0000|4.7800
112500|4.7800|4.7900|4.7700|4.7900|3217500|15384960.0000|4.7900
113000|4.7900|4.7900|4.7700|4.7900|4126300|19731328.0000|4.7900
130500|4.7900|4.8100|4.7900|4.7900|11176500|53622656.0000|4.7900
131000|4.8000|4.8200|4.7900|4.8100|7603000|36537600.0000|4.8100
131500|4.8000|4.8100|4.7900|4.8000|6277400|30125568.0000|4.8000
132000|4.7900|4.8000|4.7600|4.7600|7559800|36113280.0000|4.7600
132500|4.7700|4.7700|4.7300|4.7400|8677100|41230720.0000|4.7400
133000|4.7400|4.7600|4.7300|4.7500|5136200|24380416.0000|4.7500
133500|4.7500|4.7800|4.7500|4.7800|4005400|19083904.0000|4.7800
134000|4.7700|4.7800|4.7600|4.7600|3240700|15452416.0000|4.7600
134500|4.7600|4.7700|4.7500|4.7500|3445500|16386816.0000|4.7500
135000|4.7500|4.7500|4.7300|4.7500|5796900|27465216.0000|4.7500
135500|4.7500|4.7600|4.7400|4.7500|3382800|16065030.0000|4.7500
140000|4.7500|4.7700|4.7500|4.7700|3162800|15053050.0000|4.7700
140500|4.7600|4.7700|4.7400|4.7400|5698700|27065212.0000|4.7400
141000|4.7400|4.7500|4.7300|4.7400|4719400|22352768.0000|4.7400
141500|4.7400|4.7600|4.7400|4.7400|3947600|18748165.0000|4.7400
142000|4.7500|4.7600|4.7400|4.7500|3581500|17017343.0000|4.7500
142500|4.7600|4.8100|4.7500|4.8000|15948700|76343040.0000|4.8000
143000|4.8000|4.8000|4.7700|4.7700|7609200|36452224.0000|4.7700
143500|4.7800|4.7900|4.7700|4.7800|5496800|26274432.0000|4.7800
144000|4.7700|4.7800|4.7700|4.7700|6487000|30958464.0000|4.7700
144500|4.7700|4.7700|4.7600|4.7600|6705000|31938944.0000|4.7600
145000|4.7600|4.8000|4.7500|4.8000|14846100|70909312.0000|4.8000
145500|4.7900|4.8700|4.7900|4.8400|52765900|255433600.0000|4.8400
150000|4.8300|4.8400|4.8200|4.8400|20485600|99053824.0000|4.8400
