09350000|31.4025776400|31.4123725800|31.1772940200|31.2164737800|891100|28455728.0000|31.2164737800
09400000|31.2164737800|31.2164737800|30.8246761800|30.9226255800|1725000|54482604.0000|30.9226255800
09450000|30.9226255800|31.0107800400|30.7952913600|31.0009851000|1221300|38508984.0000|31.0009851000
09500000|31.0009851000|31.0695496800|30.9520104000|30.9911901600|498600|15786016.0000|30.9911901600
09550000|30.9911901600|31.1870889600|30.9813952200|31.1479092000|588000|18671984.0000|31.1479092000
10000000|31.1479092000|31.2360636600|31.1087294400|31.1087294400|501600|15971584.0000|31.1087294400
10050000|31.1087294400|31.1968839000|31.0793446200|31.0793446200|320200|10187440.0000|31.0793446200
10100000|31.0793446200|31.2458586000|31.0793446200|31.0989345000|531800|16922864.0000|31.0989345000
10150000|31.0989345000|31.2556535400|31.0891395600|31.2262687200|272400|8675840.0000|31.2262687200
10200000|31.2262687200|31.2948333000|31.1870889600|31.2850383600|241400|7701600.0000|31.2850383600
10250000|31.2850383600|31.3829877600|31.2164737800|31.3633978800|338800|10827568.0000|31.3633978800
10300000|31.3633978800|31.5886815000|31.3633978800|31.5495017400|777500|25018720.0000|31.5495017400
10350000|31.5495017400|31.5495017400|31.4221675200|31.4221675200|358300|11526256.0000|31.4221675200
10400000|31.4221675200|31.4613472800|31.3438080000|31.4221675200|203200|6515072.0000|31.4221675200
10450000|31.4221675200|31.4613472800|31.4123725800|31.4417574000|147600|4736720.0000|31.4417574000
10500000|31.4417574000|31.5103219800|31.4319624600|31.5005270400|181900|5844096.0000|31.5005270400
10550000|31.5005270400|31.5005270400|31.4613472800|31.4907321000|152000|4884768.0000|31.4907321000
11000000|31.4907321000|31.5201169200|31.4711422200|31.5201169200|261900|8421472.0000|31.5201169200
11050000|31.5201169200|31.8237600600|31.5201169200|31.8139651200|1128100|36512256.0000|31.8139651200
11100000|31.8139651200|31.8629398200|31.7454005400|31.7551954800|751100|24398656.0000|31.7551954800
11150000|31.7551954800|31.7747853600|31.6768359600|31.6768359600|310300|10053152.0000|31.6768359600
11200000|31.6768359600|31.7454005400|31.6670410200|31.6768359600|239900|7765440.0000|31.6768359600
11250000|31.6768359600|31.6866309000|31.5495017400|31.5592966800|185400|5987616.0000|31.5592966800
11300000|31.5592966800|31.6376562000|31.5495017400|31.6376562000|135200|4361216.0000|31.6376562000
13050000|31.6376562000|31.6376562000|31.4515523400|31.4613472800|215000|6925216.0000|31.4613472800
13100000|31.4613472800|31.5103219800|31.4417574000|31.5005270400|209000|6716352.0000|31.5005270400
13150000|31.5005270400|31.5201169200|31.4711422200|31.4809371600|160200|5151456.0000|31.4809371600
13200000|31.4809371600|31.4809371600|31.3438080000|31.3633978800|234500|7524480.0000|31.3633978800
13250000|31.3633978800|31.3927827000|31.3242181200|31.3633978800|186900|5983104.0000|31.3633978800
13300000|31.3633978800|31.3633978800|31.2850383600|31.3340130600|233600|7472480.0000|31.3340130600
13350000|31.3438080000|31.4417574000|31.3438080000|31.4025776400|113000|3620640.0000|31.4025776400
13400000|31.4025776400|31.4025776400|31.3438080000|31.3438080000|114400|3663872.0000|31.3438080000
13450000|31.3438080000|31.3927827000|31.3438080000|31.3633978800|96700|3097408.0000|31.3633978800
13500000|31.3633978800|31.3927827000|31.3536029400|31.3829877600|107800|3452928.0000|31.3829877600
13550000|31.3829877600|31.3829877600|31.3438080000|31.3438080000|190000|6084576.0000|31.3438080000
14000000|31.3438080000|31.4417574000|31.3438080000|31.3633978800|166900|5348544.0000|31.3633978800
14050000|31.3633978800|31.3731928200|31.2262687200|31.2360636600|343600|10966720.0000|31.2360636600
14100000|31.2360636600|31.2752434200|31.2066788400|31.2262687200|239700|7643200.0000|31.2262687200
14150000|31.2360636600|31.3438080000|31.1674990800|31.2556535400|434900|13861440.0000|31.2556535400
14200000|31.2556535400|31.3438080000|31.2360636600|31.2654484800|320800|10239840.0000|31.2654484800
14250000|31.2556535400|31.3046282400|31.2556535400|31.2752434200|193500|6177664.0000|31.2752434200
14300000|31.2752434200|31.2752434200|31.1674990800|31.1772940200|216800|6909120.0000|31.1772940200
14350000|31.1772940200|31.2654484800|31.1674990800|31.2654484800|203400|6483232.0000|31.2654484800
14400000|31.2654484800|31.3046282400|31.2360636600|31.2752434200|150900|4817888.0000|31.2752434200
14450000|31.2752434200|31.2850383600|31.2262687200|31.2556535400|298200|9511232.0000|31.2556535400
14500000|31.2556535400|31.2556535400|31.2066788400|31.2164737800|359300|11453216.0000|31.2164737800
14550000|31.2164737800|31.2262687200|31.1772940200|31.1968839000|539800|17191204.0000|31.1968839000
15000000|31.1968839000|31.2164737800|31.1772940200|31.1968839000|381400|12147392.0000|31.1968839000
