09350000|36.4000000000|36.4700000000|36.2600000000|36.3500000000|949600|34524728.0000|36.3500000000
09400000|36.3400000000|36.3600000000|36.1400000000|36.1400000000|647700|23474432.0000|36.1400000000
09450000|36.1300000000|36.2000000000|36.1100000000|36.1200000000|667200|24106560.0000|36.1200000000
09500000|36.0900000000|36.1500000000|36.0200000000|36.1400000000|915200|33007504.0000|36.1400000000
09550000|36.1400000000|36.2100000000|36.1100000000|36.1400000000|375300|13566816.0000|36.1400000000
10000000|36.1300000000|36.1900000000|36.0600000000|36.0800000000|366400|13222888.0000|36.0800000000
10050000|36.0800000000|36.1300000000|36.0600000000|36.1100000000|265700|9587760.0000|36.1100000000
10100000|36.1100000000|36.1700000000|36.0900000000|36.1400000000|149700|5411968.0000|36.1400000000
10150000|36.1000000000|36.2100000000|36.1000000000|36.1800000000|196200|7093728.0000|36.1800000000
10200000|36.1800000000|36.2000000000|36.1500000000|36.1800000000|195000|7053280.0000|36.1800000000
10250000|36.1700000000|36.2000000000|36.1600000000|36.1800000000|98500|3563296.0000|36.1800000000
10300000|36.1800000000|36.2200000000|36.1700000000|36.2100000000|130700|4730496.0000|36.2100000000
10350000|36.2100000000|36.2100000000|36.1300000000|36.1300000000|115200|4166368.0000|36.1300000000
10400000|36.1200000000|36.1400000000|36.1100000000|36.1200000000|117400|4240576.0000|36.1200000000
10450000|36.1200000000|36.1200000000|36.0800000000|36.1000000000|192600|6952400.0000|36.1000000000
10500000|36.1100000000|36.2000000000|36.1000000000|36.1900000000|110300|3986672.0000|36.1900000000
10550000|36.1900000000|36.2400000000|36.1800000000|36.1900000000|157500|5702960.0000|36.1900000000
11000000|36.1800000000|36.2100000000|36.1700000000|36.2100000000|125700|4549232.0000|36.2100000000
11050000|36.2200000000|36.2300000000|36.1600000000|36.1700000000|117100|4237952.0000|36.1700000000
11100000|36.1700000000|36.1800000000|36.1100000000|36.1300000000|175400|6338832.0000|36.1300000000
11150000|36.1300000000|36.1400000000|36.1000000000|36.1300000000|73500|2654800.0000|36.1300000000
11200000|36.1300000000|36.1300000000|36.1000000000|36.1200000000|109500|3954144.0000|36.1200000000
11250000|36.1100000000|36.1200000000|36.1000000000|36.1100000000|99600|3596640.0000|36.1100000000
11300000|36.1100000000|36.1200000000|36.0900000000|36.1000000000|100000|3609968.0000|36.1000000000
13050000|36.1200000000|36.1300000000|36.0700000000|36.1000000000|185400|6692624.0000|36.1000000000
13100000|36.0900000000|36.1100000000|36.0700000000|36.0900000000|228500|8245728.0000|36.0900000000
13150000|36.0900000000|36.0900000000|36.0500000000|36.0600000000|384000|13848512.0000|36.0600000000
13200000|36.0600000000|36.0800000000|36.0500000000|36.0500000000|189800|6843968.0000|36.0500000000
13250000|36.0600000000|36.0800000000|36.0500000000|36.0700000000|139500|5030560.0000|36.0700000000
13300000|36.0700000000|36.0800000000|36.0500000000|36.0600000000|130100|4691584.0000|36.0600000000
13350000|36.0600000000|36.0900000000|36.0600000000|36.0700000000|136200|4912736.0000|36.0700000000
13400000|36.0800000000|36.0900000000|36.0600000000|36.0900000000|116900|4216768.0000|36.0900000000
13450000|36.0800000000|36.1600000000|36.0800000000|36.1500000000|276900|10000096.0000|36.1500000000
13500000|36.1500000000|36.1800000000|36.1500000000|36.1700000000|78900|2853440.0000|36.1700000000
13550000|36.1600000000|36.1700000000|36.1100000000|36.1200000000|86500|3127136.0000|36.1200000000
14000000|36.1100000000|36.1200000000|36.1000000000|36.1100000000|72800|2628480.0000|36.1100000000
14050000|36.1100000000|36.1200000000|36.0800000000|36.0800000000|105900|3822368.0000|36.0800000000
14100000|36.0700000000|36.0900000000|36.0700000000|36.0800000000|63000|2273216.0000|36.0800000000
14150000|36.0900000000|36.1000000000|36.0700000000|36.0800000000|82100|2962368.0000|36.0800000000
14200000|36.0800000000|36.0900000000|36.0700000000|36.0900000000|120600|4352192.0000|36.0900000000
14250000|36.0800000000|36.0900000000|36.0500000000|36.0700000000|276100|9956832.0000|36.0700000000
14300000|36.0700000000|36.0800000000|36.0600000000|36.0600000000|61000|2200352.0000|36.0600000000
14350000|36.0700000000|36.0700000000|36.0500000000|36.0600000000|153400|5531264.0000|36.0600000000
14400000|36.0600000000|36.0700000000|36.0500000000|36.0600000000|135200|4875168.0000|36.0600000000
14450000|36.0500000000|36.0800000000|36.0500000000|36.0700000000|204800|7386272.0000|36.0700000000
14500000|36.0600000000|36.1000000000|36.0600000000|36.0800000000|158400|5714528.0000|36.0800000000
14550000|36.0700000000|36.0900000000|36.0500000000|36.0600000000|386900|13953344.0000|36.0600000000
15000000|36.0600000000|36.0700000000|36.0500000000|36.0500000000|298400|10758368.0000|36.0500000000
