09350000|43.9400000000|43.9400000000|43.5800000000|43.6100000000|1950000|85223072.0000|43.6100000000
09400000|43.5800000000|43.7500000000|43.5000000000|43.6600000000|1074300|46862000.0000|43.6600000000
09450000|43.6500000000|43.8600000000|43.6200000000|43.8400000000|570200|24949984.0000|43.8400000000
09500000|43.8400000000|43.9300000000|43.7700000000|43.8200000000|702800|30821088.0000|43.8200000000
09550000|43.8500000000|43.9300000000|43.8500000000|43.8600000000|542900|23826896.0000|43.8600000000
10000000|43.8600000000|43.8700000000|43.7800000000|43.7900000000|611500|26804256.0000|43.7900000000
10050000|43.7700000000|43.8000000000|43.7000000000|43.7200000000|549700|24051712.0000|43.7200000000
10100000|43.7300000000|43.7600000000|43.6600000000|43.7200000000|649000|28370304.0000|43.7200000000
10150000|43.7100000000|43.7300000000|43.6600000000|43.7000000000|618600|27026816.0000|43.7000000000
10200000|43.7000000000|43.8100000000|43.7000000000|43.7100000000|423800|18536704.0000|43.7100000000
10250000|43.7200000000|43.7200000000|43.5100000000|43.5700000000|832900|36301440.0000|43.5700000000
10300000|43.5600000000|43.5700000000|43.3400000000|43.3500000000|1529200|66400960.0000|43.3500000000
10350000|43.3500000000|43.4300000000|43.2400000000|43.3500000000|877500|38025920.0000|43.3500000000
10400000|43.3500000000|43.4000000000|43.3200000000|43.4000000000|569200|24686720.0000|43.4000000000
10450000|43.4000000000|43.4000000000|43.2700000000|43.3000000000|775600|33602720.0000|43.3000000000
10500000|43.3000000000|43.4200000000|43.2800000000|43.3800000000|614300|26626020.0000|43.3800000000
10550000|43.3800000000|43.5100000000|43.3500000000|43.4900000000|862000|37420148.0000|43.4900000000
11000000|43.4900000000|43.5200000000|43.4600000000|43.5200000000|379000|16481223.0000|43.5200000000
11050000|43.5300000000|43.5800000000|43.4800000000|43.5200000000|350100|15238329.0000|43.5200000000
11100000|43.5300000000|43.6200000000|43.5200000000|43.6000000000|375100|16343048.0000|43.6000000000
11150000|43.6100000000|43.6600000000|43.5900000000|43.6100000000|251800|10984320.0000|43.6100000000
11200000|43.6100000000|43.7500000000|43.6000000000|43.7200000000|298200|13018496.0000|43.7200000000
11250000|43.7000000000|43.9100000000|43.7000000000|43.8400000000|703800|30833528.0000|43.8400000000
11300000|43.8500000000|43.8900000000|43.7300000000|43.7900000000|346500|15182020.0000|43.7900000000
13050000|43.7900000000|43.7900000000|43.7100000000|43.7100000000|282200|12351498.0000|43.7100000000
13100000|43.7100000000|43.7200000000|43.6400000000|43.6500000000|281300|12285888.0000|43.6500000000
13150000|43.6400000000|43.6500000000|43.6200000000|43.6500000000|241400|10533882.0000|43.6500000000
13200000|43.6500000000|43.6800000000|43.6100000000|43.6400000000|261600|11416448.0000|43.6400000000
13250000|43.6500000000|43.6900000000|43.6300000000|43.6700000000|209500|9147777.0000|43.6700000000
13300000|43.6800000000|43.6800000000|43.5600000000|43.5600000000|310500|13544965.0000|43.5600000000
13350000|43.5600000000|43.6900000000|43.5300000000|43.6900000000|414100|18047094.0000|43.6900000000
13400000|43.6900000000|43.7000000000|43.5900000000|43.6100000000|266400|11628414.0000|43.6100000000
13450000|43.6000000000|43.6300000000|43.5400000000|43.5700000000|355600|15494142.0000|43.5700000000
13500000|43.5700000000|43.6300000000|43.5700000000|43.5800000000|159900|6970880.0000|43.5800000000
13550000|43.5800000000|43.6400000000|43.5500000000|43.6400000000|298400|13007172.0000|43.6400000000
14000000|43.6400000000|43.6400000000|43.5900000000|43.6000000000|211800|9236924.0000|43.6000000000
14050000|43.5900000000|43.6400000000|43.5900000000|43.6000000000|222100|9685250.0000|43.6000000000
14100000|43.6100000000|43.6200000000|43.5700000000|43.5700000000|285600|12449670.0000|43.5700000000
14150000|43.5800000000|43.6400000000|43.5800000000|43.6100000000|293200|12784066.0000|43.6100000000
14200000|43.6100000000|43.7200000000|43.6100000000|43.6100000000|298800|13048377.0000|43.6100000000
14250000|43.6200000000|43.6300000000|43.5700000000|43.6200000000|437400|19069821.0000|43.6200000000
14300000|43.6200000000|43.6800000000|43.5800000000|43.6000000000|700400|30565067.0000|43.6000000000
14350000|43.5800000000|43.6000000000|43.5100000000|43.5100000000|669000|29142456.0000|43.5100000000
14400000|43.5100000000|43.5400000000|43.5100000000|43.5100000000|546600|23791108.0000|43.5100000000
14450000|43.5100000000|43.5200000000|43.4700000000|43.5000000000|837800|36436541.0000|43.5000000000
14500000|43.5000000000|43.5300000000|43.5000000000|43.5000000000|735400|31998786.0000|43.5000000000
14550000|43.5200000000|43.5400000000|43.5100000000|43.5100000000|1134300|49365504.0000|43.5100000000
15000000|43.5200000000|43.5500000000|43.5100000000|43.5300000000|967900|42125568.0000|43.5300000000
