093500|25.3300|26.3500|25.2900|25.8400|2310742|59731358.0000|25.8400
094000|25.8400|25.8900|25.3200|25.3500|820020|20952619.0000|25.3500
094500|25.3600|25.6500|25.2400|25.5900|767000|19506185.0000|25.5900
095000|25.6000|26.0200|25.5900|26.0200|884300|22919275.0000|26.0200
095500|26.0300|26.2400|25.9400|26.1500|1201301|31377902.0000|26.1500
100000|26.1500|26.1500|25.8000|25.8000|796599|20735910.0000|25.8000
100500|25.7800|25.8800|25.5400|25.8500|880500|22620352.0000|25.8500
101000|25.8500|25.8500|25.6700|25.6800|511000|13154361.0000|25.6800
101500|25.7000|26.0000|25.6800|25.9400|592500|15288829.0000|25.9400
102000|25.9500|25.9900|25.8500|25.9600|473263|12266953.0000|25.9600
102500|25.9400|25.9500|25.8500|25.9100|455120|11789843.0000|25.9100
103000|25.9000|25.9000|25.6000|25.6000|497980|12817106.0000|25.6000
103500|25.5900|25.6300|25.4200|25.4500|603180|15390827.0000|25.4500
104000|25.4500|25.6700|25.4400|25.6100|258795|6614592.0000|25.6100
104500|25.6500|25.6600|25.5600|25.5600|210800|5399120.0000|25.5600
105000|25.6200|25.7600|25.5600|25.5900|305180|7824944.0000|25.5900
105500|25.5900|25.6600|25.4600|25.5300|323120|8256928.0000|25.5300
110000|25.5400|25.6000|25.4500|25.4900|219000|5585968.0000|25.4900
110500|25.4900|25.4900|25.3900|25.4500|234360|5960128.0000|25.4500
111000|25.4600|25.4600|25.3400|25.3800|339740|8622032.0000|25.3800
111500|25.3800|25.5400|25.3800|25.4600|173000|4406272.0000|25.4600
112000|25.5000|25.5300|25.4000|25.5200|155043|3947024.0000|25.5200
112500|25.5200|25.6600|25.4600|25.6500|163500|4179024.0000|25.6500
113000|25.6200|25.7600|25.5600|25.7000|260600|6685504.0000|25.7000
130500|25.6600|25.7600|25.6300|25.6900|165100|4243536.0000|25.6900
131000|25.7300|25.7700|25.6000|25.6800|194500|4996080.0000|25.6800
131500|25.6800|25.9500|25.5800|25.7700|370735|9576064.0000|25.7700
132000|25.7100|25.8200|25.6200|25.8200|179300|4612240.0000|25.8200
132500|25.7700|26.0400|25.7700|26.0000|634900|16472608.0000|26.0000
133000|26.0900|26.1500|26.0000|26.0300|693700|18093536.0000|26.0300
133500|26.0300|26.0900|25.9300|26.0300|399340|10394960.0000|26.0300
134000|26.0300|26.0500|26.0000|26.0400|271760|7071024.0000|26.0400
134500|26.0100|26.2000|26.0100|26.1100|703660|18392160.0000|26.1100
135000|26.1100|26.2000|26.0800|26.0800|323000|8443648.0000|26.0800
135500|26.0900|26.2000|26.0400|26.1900|389300|10172672.0000|26.1900
140000|26.2000|26.2600|26.1300|26.2400|333840|8751312.0000|26.2400
140500|26.2400|26.2400|26.1200|26.2100|308200|8065520.0000|26.2100
141000|26.2100|26.2600|26.1700|26.1700|268400|7038752.0000|26.1700
141500|26.1800|26.2200|26.1200|26.1900|380382|9958032.0000|26.1900
142000|26.1900|26.3800|26.1600|26.3800|914105|24008784.0000|26.3800
142500|26.4200|26.4300|26.3200|26.3600|730060|19254640.0000|26.3600
143000|26.3500|26.4800|26.2500|26.2500|1051900|27780944.0000|26.2500
143500|26.2800|26.2800|25.9800|26.0000|549983|14341760.0000|26.0000
144000|26.0000|26.1800|25.9800|26.1500|383476|9997008.0000|26.1500
144500|26.1500|26.2500|26.1100|26.1100|250100|6547296.0000|26.1100
145000|26.1200|26.1800|26.1000|26.1000|242446|6334960.0000|26.1000
145500|26.1000|26.1200|26.0000|26.1100|435674|11356128.0000|26.1100
150000|26.1200|26.1500|26.0300|26.0300|330872|8631872.0000|26.0300
