093500|11.0700|11.1400|11.0100|11.0800|991400|10980469.0000|11.0800
094000|11.0800|11.0900|11.0300|11.0500|439600|4861380.0000|11.0500
094500|11.0500|11.0800|11.0300|11.0400|432100|4774957.0000|11.0400
095000|11.0400|11.0800|11.0200|11.0200|591700|6536108.0000|11.0200
095500|11.0200|11.0400|11.0100|11.0100|452000|4980898.0000|11.0100
100000|11.0100|11.0300|10.9900|11.0100|358200|3944306.0000|11.0100
100500|11.0100|11.0600|11.0100|11.0600|222000|2450584.0000|11.0600
101000|11.0600|11.0800|11.0200|11.0300|171400|1893724.0000|11.0300
101500|11.0300|11.0400|11.0100|11.0300|194000|2137832.0000|11.0300
102000|11.0300|11.0300|11.0000|11.0200|392800|4325296.0000|11.0200
102500|11.0200|11.0400|11.0200|11.0200|194000|2139144.0000|11.0200
103000|11.0200|11.0200|11.0000|11.0100|203600|2241888.0000|11.0100
103500|11.0100|11.0300|11.0000|11.0200|162500|1789820.0000|11.0200
104000|11.0300|11.0600|11.0200|11.0200|184700|2038924.0000|11.0200
104500|11.0200|11.0300|11.0200|11.0200|109800|1210356.0000|11.0200
105000|11.0200|11.0200|11.0100|11.0100|227400|2504924.0000|11.0100
105500|11.0100|11.0100|10.9900|10.9900|259800|2857164.0000|10.9900
110000|11.0000|11.0000|10.9800|10.9900|146400|1609312.0000|10.9900
110500|10.9900|10.9900|10.9600|10.9600|276300|3031764.0000|10.9600
111000|10.9600|10.9700|10.9500|10.9600|153600|1683072.0000|10.9600
111500|10.9600|10.9800|10.9500|10.9800|139200|1526880.0000|10.9800
112000|10.9800|11.0200|10.9700|11.0100|199700|2197016.0000|11.0100
112500|11.0100|11.0400|11.0000|11.0100|156800|1728456.0000|11.0100
113000|11.0000|11.0100|10.9800|11.0100|55200|606408.0000|11.0100
130500|11.0100|11.0200|10.9800|11.0100|133300|1466352.0000|11.0100
131000|11.0100|11.0200|10.9800|10.9900|140500|1544040.0000|10.9900
131500|10.9700|10.9900|10.9500|10.9500|198000|2171560.0000|10.9500
132000|10.9700|10.9700|10.9500|10.9600|85100|932224.0000|10.9600
132500|10.9600|10.9700|10.9400|10.9500|196500|2152256.0000|10.9500
133000|10.9500|10.9700|10.9500|10.9600|53800|589576.0000|10.9600
133500|10.9600|10.9900|10.9500|10.9500|107900|1183592.0000|10.9500
134000|10.9500|10.9800|10.9500|10.9600|227700|2495584.0000|10.9600
134500|10.9600|10.9800|10.9300|10.9300|397700|4355200.0000|10.9300
135000|10.9300|10.9400|10.9200|10.9200|296700|3243280.0000|10.9200
135500|10.9300|10.9300|10.8900|10.9200|417900|4559280.0000|10.9200
140000|10.9100|10.9500|10.9000|10.9300|75000|819800.0000|10.9300
140500|10.9300|10.9300|10.9100|10.9200|166000|1812648.0000|10.9200
141000|10.9200|10.9800|10.9200|10.9400|308100|3374992.0000|10.9400
141500|10.9400|10.9500|10.9000|10.9100|192800|2104000.0000|10.9100
142000|10.9100|10.9200|10.9000|10.9100|154200|1682112.0000|10.9100
142500|10.9100|10.9200|10.9000|10.9100|188000|2051296.0000|10.9100
143000|10.9100|10.9500|10.9100|10.9300|201300|2200104.0000|10.9300
143500|10.9300|10.9400|10.9200|10.9300|297000|3246680.0000|10.9300
144000|10.9300|10.9500|10.9100|10.9200|379700|4148656.0000|10.9200
144500|10.9200|10.9400|10.9100|10.9300|242800|2653280.0000|10.9300
145000|10.9300|10.9300|10.9200|10.9200|227500|2485608.0000|10.9200
145500|10.9200|10.9300|10.9000|10.9100|468100|5105728.0000|10.9100
150000|10.9100|10.9100|10.8900|10.8900|336300|3664168.0000|10.8900
