093500|30.65|31.08|30.61|31.05|12075.0|37353548.0|30.6
094000|31.04|31.33|31.03|31.2|13668.0|42641689.0|31.05
094500|31.21|31.41|31.16|31.29|9706.0|30394228.0|31.2
095000|31.27|31.36|31.23|31.28|4121.0|12896254.0|31.29
095500|31.27|31.29|31.22|31.25|2801.0|8753077.0|31.28
100000|31.27|31.53|31.23|31.51|10039.0|31560242.0|31.25
100500|31.54|31.63|31.51|31.59|9908.0|31286180.0|31.51
101000|31.6|31.6|31.5|31.58|4436.0|14000610.0|31.59
101500|31.58|31.68|31.51|31.61|6219.0|19662302.0|31.58
102000|31.61|31.64|31.44|31.44|4399.0|13874505.0|31.61
102500|31.44|31.47|31.28|31.33|4332.0|13589608.0|31.44
103000|31.33|31.33|31.26|31.3|2748.0|8601611.0|31.33
103500|31.29|31.45|31.27|31.43|2522.0|7901935.0|31.3
104000|31.43|31.45|31.38|31.44|2000.0|6285749.0|31.43
104500|31.43|31.46|31.38|31.45|2682.0|8429009.0|31.44
105000|31.45|31.46|31.33|31.36|2253.0|7077136.0|31.45
105500|31.36|31.45|31.35|31.38|1539.0|4835366.0|31.36
110000|31.39|31.48|31.37|31.48|1916.0|6026797.0|31.38
110500|31.48|31.48|31.41|31.44|2063.0|6487089.0|31.48
111000|31.44|31.45|31.34|31.34|2176.0|6831505.0|31.44
111500|31.35|31.39|31.3|31.3|2000.0|6268688.0|31.34
112000|31.3|31.39|31.28|31.32|2647.0|8296230.0|31.3
112500|31.32|31.35|31.27|31.34|1014.0|3174340.0|31.32
113000|31.35|31.37|31.21|31.22|2851.0|8929869.0|31.34
130500|31.28|31.39|31.24|31.36|2079.0|6512818.0|31.22
131000|31.36|31.38|31.27|31.38|1302.0|4079296.0|31.36
131500|31.37|31.38|31.24|31.25|1875.0|5871506.0|31.38
132000|31.24|31.35|31.24|31.31|1912.0|5985174.0|31.25
132500|31.32|31.36|31.27|31.31|1978.0|6194441.0|31.31
133000|31.3|31.3|31.2|31.21|2529.0|7901199.0|31.31
133500|31.21|31.25|31.2|31.24|2188.0|6832802.0|31.21
134000|31.23|31.32|31.2|31.22|2653.0|8296518.0|31.24
134500|31.2|31.21|31.1|31.1|4225.0|13157418.0|31.22
135000|31.08|31.17|31.07|31.17|2356.0|7328536.0|31.1
135500|31.17|31.39|31.16|31.39|4895.0|15315570.0|31.17
140000|31.38|31.39|31.3|31.36|3110.0|9755532.0|31.39
140500|31.36|31.47|31.35|31.47|6995.0|21970249.0|31.36
141000|31.46|31.51|31.41|31.51|4860.0|15294443.0|31.47
141500|31.51|31.55|31.5|31.53|2355.0|7423758.0|31.51
142000|31.52|31.53|31.44|31.49|3886.0|12240913.0|31.53
142500|31.51|31.55|31.49|31.51|3407.0|10739583.0|31.49
143000|31.48|31.54|31.47|31.48|2225.0|7011137.0|31.51
143500|31.47|31.52|31.45|31.46|2285.0|7192231.0|31.48
144000|31.46|31.5|31.46|31.49|2621.0|8253164.0|31.46
144500|31.48|31.51|31.47|31.48|2854.0|8987532.0|31.49
145000|31.48|31.54|31.48|31.49|4805.0|15144908.0|31.48
145500|31.49|31.52|31.45|31.48|2630.0|8282000.0|31.49
150000|31.48|31.5|31.47|31.5|2207.0|6950242.0|31.48
