093500|5.2300|5.2600|5.2200|5.2500|2424500|12703606.0000|5.2500
094000|5.2500|5.2600|5.2400|5.2600|1219700|6407636.0000|5.2600
094500|5.2600|5.2700|5.2500|5.2600|628700|3306462.0000|5.2600
095000|5.2600|5.2600|5.2500|5.2500|615600|3235430.0000|5.2500
095500|5.2500|5.2800|5.2500|5.2500|2100100|11054338.0000|5.2500
100000|5.2500|5.2600|5.2500|5.2600|566700|2978376.0000|5.2600
100500|5.2600|5.2700|5.2500|5.2600|575400|3025352.0000|5.2600
101000|5.2600|5.2700|5.2500|5.2600|423800|2229496.0000|5.2600
101500|5.2500|5.2700|5.2500|5.2500|717400|3770916.0000|5.2500
102000|5.2500|5.2600|5.2400|5.2500|417500|2191972.0000|5.2500
102500|5.2600|5.2600|5.2400|5.2400|250300|1314080.0000|5.2400
103000|5.2400|5.2700|5.2400|5.2700|741200|3894696.0000|5.2700
103500|5.2700|5.2700|5.2500|5.2700|378300|1989532.0000|5.2700
104000|5.2700|5.2800|5.2600|5.2700|1197300|6311392.0000|5.2700
104500|5.2800|5.2800|5.2600|5.2700|692500|3648384.0000|5.2700
105000|5.2700|5.2700|5.2600|5.2600|318800|1678008.0000|5.2600
105500|5.2600|5.2700|5.2500|5.2500|380900|2003400.0000|5.2500
110000|5.2500|5.2600|5.2500|5.2500|113000|593776.0000|5.2500
110500|5.2500|5.2600|5.2500|5.2500|115600|607296.0000|5.2500
111000|5.2500|5.2600|5.2500|5.2500|240700|1264528.0000|5.2500
111500|5.2500|5.2600|5.2500|5.2500|180000|945456.0000|5.2500
112000|5.2500|5.2600|5.2500|5.2600|197600|1039176.0000|5.2600
112500|5.2600|5.2600|5.2500|5.2600|131400|690856.0000|5.2600
113000|5.2600|5.2600|5.2500|5.2600|146400|769296.0000|5.2600
130500|5.2600|5.2600|5.2400|5.2400|636900|3342824.0000|5.2400
131000|5.2500|5.2500|5.2300|5.2300|959000|5024848.0000|5.2300
131500|5.2400|5.2400|5.2300|5.2300|243200|1272864.0000|5.2300
132000|5.2300|5.2400|5.2300|5.2300|282400|1478488.0000|5.2300
132500|5.2300|5.2400|5.2300|5.2300|710300|3715920.0000|5.2300
133000|5.2300|5.2400|5.2300|5.2400|299300|1566224.0000|5.2400
133500|5.2300|5.2400|5.2300|5.2300|235300|1231568.0000|5.2300
134000|5.2400|5.2500|5.2300|5.2500|742800|3888688.0000|5.2500
134500|5.2400|5.2500|5.2300|5.2300|386200|2023280.0000|5.2300
135000|5.2300|5.2400|5.2300|5.2300|275800|1442840.0000|5.2300
135500|5.2400|5.2400|5.2300|5.2300|204000|1067832.0000|5.2300
140000|5.2300|5.2400|5.2300|5.2300|145400|761088.0000|5.2300
140500|5.2300|5.2400|5.2200|5.2200|381000|1991528.0000|5.2200
141000|5.2300|5.2300|5.2200|5.2300|295500|1544168.0000|5.2300
141500|5.2300|5.2300|5.2200|5.2300|223500|1167776.0000|5.2300
142000|5.2300|5.2300|5.2100|5.2100|1378200|7190432.0000|5.2100
142500|5.2100|5.2200|5.2000|5.2100|561600|2923048.0000|5.2100
143000|5.2100|5.2100|5.2000|5.2000|309200|1609728.0000|5.2000
143500|5.2100|5.2100|5.2000|5.2000|444200|2311368.0000|5.2000
144000|5.2000|5.2300|5.2000|5.2200|855100|4457240.0000|5.2200
144500|5.2200|5.2300|5.2100|5.2300|389900|2035232.0000|5.2300
145000|5.2300|5.2300|5.2100|5.2300|414100|2162272.0000|5.2300
145500|5.2300|5.2400|5.2200|5.2300|1104000|5770240.0000|5.2300
150000|5.2300|5.2400|5.2300|5.2400|323800|1695968.0000|5.2400
