09350000|19.0746817200|19.0746817200|18.9288508200|19.0260714200|496400|9703680.0000|19.0260714200
09400000|19.0260714200|19.0455155400|18.9482949400|19.0066273000|218400|4269708.0000|19.0066273000
09450000|19.0163493600|19.0163493600|18.9385728800|18.9580170000|130000|2536682.0000|18.9580170000
09500000|18.9580170000|19.0260714200|18.9288508200|18.9288508200|176000|3434454.0000|18.9288508200
09550000|18.9385728800|18.9385728800|18.8899625800|18.9094067000|148100|2881020.0000|18.9094067000
10000000|18.9094067000|18.9288508200|18.8705184600|18.8705184600|151800|2950280.0000|18.8705184600
10050000|18.8705184600|18.8802405200|18.8510743400|18.8802405200|184400|3578400.0000|18.8802405200
10100000|18.8705184600|18.9094067000|18.8705184600|18.8802405200|93700|1820720.0000|18.8802405200
10150000|18.8899625800|18.8899625800|18.8607964000|18.8705184600|100000|1941528.0000|18.8705184600
10200000|18.8705184600|18.8705184600|18.8413522800|18.8607964000|120200|2331160.0000|18.8607964000
10250000|18.8705184600|18.8802405200|18.8510743400|18.8510743400|50400|977936.0000|18.8510743400
10300000|18.8607964000|18.8802405200|18.8510743400|18.8705184600|58900|1142644.0000|18.8705184600
10350000|18.8607964000|18.9094067000|18.8607964000|18.8607964000|91300|1772752.0000|18.8607964000
10400000|18.8607964000|18.8899625800|18.8607964000|18.8705184600|36800|714504.0000|18.8705184600
10450000|18.8607964000|18.9191287600|18.8607964000|18.9191287600|50400|978932.0000|18.9191287600
10500000|18.9094067000|18.9191287600|18.8802405200|18.8802405200|41500|806660.0000|18.8802405200
10550000|18.8802405200|18.9191287600|18.8802405200|18.9191287600|24400|474292.0000|18.9191287600
11000000|18.8899625800|18.9191287600|18.8705184600|18.8899625800|27700|538112.0000|18.8899625800
11050000|18.8899625800|18.9191287600|18.8705184600|18.8802405200|30500|592424.0000|18.8802405200
11100000|18.8899625800|18.9191287600|18.8705184600|18.8899625800|27800|540052.0000|18.8899625800
11150000|18.8899625800|18.8899625800|18.8705184600|18.8802405200|55600|1079336.0000|18.8802405200
11200000|18.8802405200|18.8899625800|18.8607964000|18.8607964000|72100|1399400.0000|18.8607964000
11250000|18.8607964000|18.8705184600|18.8510743400|18.8607964000|72000|1396732.0000|18.8607964000
11300000|18.8510743400|18.8607964000|18.8219081600|18.8510743400|158300|3067800.0000|18.8510743400
13050000|18.8413522800|18.8996846400|18.8219081600|18.8219081600|176700|3424712.0000|18.8219081600
13100000|18.8121861000|18.8413522800|18.8121861000|18.8219081600|57900|1120644.0000|18.8219081600
13150000|18.8219081600|18.8219081600|18.8024640400|18.8024640400|52200|1010200.0000|18.8024640400
13200000|18.8024640400|18.8219081600|18.8024640400|18.8219081600|88300|1708116.0000|18.8219081600
13250000|18.8219081600|18.8413522800|18.8219081600|18.8413522800|15800|306144.0000|18.8413522800
13300000|18.8510743400|18.8510743400|18.8413522800|18.8413522800|26300|509788.0000|18.8413522800
13350000|18.8413522800|18.8413522800|18.8219081600|18.8316302200|46200|895080.0000|18.8316302200
13400000|18.8219081600|18.8413522800|18.8219081600|18.8316302200|31300|606224.0000|18.8316302200
13450000|18.8316302200|18.8413522800|18.8121861000|18.8219081600|73900|1431140.0000|18.8219081600
13500000|18.8219081600|18.8219081600|18.8024640400|18.8024640400|65700|1271500.0000|18.8024640400
13550000|18.8024640400|18.8121861000|18.7927419800|18.8024640400|80000|1546960.0000|18.8024640400
14000000|18.8024640400|18.8121861000|18.8024640400|18.8121861000|17600|340448.0000|18.8121861000
14050000|18.8024640400|18.8024640400|18.7927419800|18.7927419800|83100|1606520.0000|18.7927419800
14100000|18.7927419800|18.8316302200|18.7927419800|18.8024640400|51200|990608.0000|18.8024640400
14150000|18.8024640400|18.8024640400|18.7538537400|18.7538537400|241000|4655216.0000|18.7538537400
14200000|18.7538537400|18.7830199200|18.7538537400|18.7635758000|142900|2757712.0000|18.7635758000
14250000|18.7732978600|18.7927419800|18.7635758000|18.7635758000|41000|791568.0000|18.7635758000
14300000|18.7732978600|18.7927419800|18.7635758000|18.7927419800|43600|841856.0000|18.7927419800
14350000|18.7732978600|18.8219081600|18.7732978600|18.7732978600|104200|2013264.0000|18.7732978600
14400000|18.7830199200|18.8121861000|18.7635758000|18.7830199200|118100|2281048.0000|18.7830199200
14450000|18.7830199200|18.8024640400|18.7830199200|18.7830199200|46900|906488.0000|18.7830199200
14500000|18.7927419800|18.8024640400|18.7635758000|18.7635758000|175200|3383408.0000|18.7635758000
14550000|18.7635758000|18.7635758000|18.7538537400|18.7538537400|184500|3560216.0000|18.7538537400
15000000|18.7635758000|18.7732978600|18.7538537400|18.7538537400|174500|3365720.0000|18.7538537400
