09350000|18.0635874800|18.1219198400|17.9858110000|18.0149771800|282000|5234870.0000|18.0149771800
09400000|18.0246992400|18.0635874800|17.9663668800|17.9858110000|220500|4082829.0000|17.9858110000
09450000|17.9858110000|18.0246992400|17.9080345200|17.9177565800|299600|5532231.0000|17.9177565800
09500000|17.9177565800|17.9566448200|17.9177565800|17.9274786400|409900|7559775.0000|17.9274786400
09550000|17.9274786400|17.9274786400|17.8691462800|17.8983124600|314300|5786208.0000|17.8983124600
10000000|17.8983124600|17.9177565800|17.8691462800|17.8885904000|153400|2821748.0000|17.8885904000
10050000|17.8885904000|17.9274786400|17.8691462800|17.9080345200|202300|3722540.0000|17.9080345200
10100000|17.9080345200|17.9274786400|17.8885904000|17.8983124600|151500|2790212.0000|17.8983124600
10150000|17.8983124600|17.9080345200|17.8594242200|17.8594242200|126200|2320656.0000|17.8594242200
10200000|17.8594242200|17.9080345200|17.8302580400|17.8302580400|175400|3223292.0000|17.8302580400
10250000|17.8302580400|17.8497021600|17.8108139200|17.8399801000|300100|5496876.0000|17.8399801000
10300000|17.8399801000|17.8594242200|17.8205359800|17.8497021600|223100|4093720.0000|17.8497021600
10350000|17.8497021600|17.8594242200|17.8205359800|17.8205359800|116300|2134420.0000|17.8205359800
10400000|17.8205359800|17.8983124600|17.7913698000|17.8983124600|433000|7936244.0000|17.8983124600
10450000|17.8983124600|18.0733095400|17.8983124600|18.0149771800|451600|8361368.0000|18.0149771800
10500000|18.0149771800|18.0733095400|17.9858110000|18.0149771800|327600|6078744.0000|18.0149771800
10550000|18.0052551200|18.0246992400|17.9566448200|17.9566448200|173100|3200272.0000|17.9566448200
11000000|17.9663668800|17.9858110000|17.9372007000|17.9566448200|114500|2115464.0000|17.9566448200
11050000|17.9566448200|17.9566448200|17.9080345200|17.9372007000|87500|1613920.0000|17.9372007000
11100000|17.9372007000|17.9469227600|17.9080345200|17.9080345200|49300|908864.0000|17.9080345200
11150000|17.9177565800|17.9177565800|17.8983124600|17.9177565800|39400|725800.0000|17.9177565800
11200000|17.9080345200|17.9858110000|17.8983124600|17.9469227600|137700|2541856.0000|17.9469227600
11250000|17.9469227600|17.9663668800|17.9080345200|17.9469227600|134600|2482360.0000|17.9469227600
11300000|17.9469227600|17.9760889400|17.9177565800|17.9566448200|92500|1708480.0000|17.9566448200
13050000|17.9566448200|17.9858110000|17.9372007000|17.9663668800|53900|995448.0000|17.9663668800
13100000|17.9663668800|18.0052551200|17.9177565800|17.9760889400|101600|1876376.0000|17.9760889400
13150000|17.9760889400|18.0344213000|17.9760889400|17.9955330600|130200|2412544.0000|17.9955330600
13200000|18.0052551200|18.0538654200|17.9858110000|18.0052551200|79000|1464952.0000|18.0052551200
13250000|17.9955330600|18.0149771800|17.9858110000|18.0052551200|51000|944168.0000|18.0052551200
13300000|18.0052551200|18.0344213000|17.9858110000|18.0246992400|80000|1481704.0000|18.0246992400
13350000|18.0246992400|18.0830316000|18.0149771800|18.0635874800|116700|2167624.0000|18.0635874800
13400000|18.0635874800|18.0635874800|18.0344213000|18.0538654200|51700|959952.0000|18.0538654200
13450000|18.0538654200|18.0733095400|18.0441433600|18.0733095400|59200|1100056.0000|18.0733095400
13500000|18.0635874800|18.1316419000|18.0635874800|18.1219198400|134600|2505976.0000|18.1219198400
13550000|18.1219198400|18.1608080800|18.0733095400|18.0830316000|140600|2620032.0000|18.0830316000
14000000|18.0830316000|18.1413639600|18.0830316000|18.1316419000|109700|2042960.0000|18.1316419000
14050000|18.1316419000|18.1705301400|18.0733095400|18.1705301400|138100|2573360.0000|18.1705301400
14100000|18.1705301400|18.1899742600|18.1121977800|18.1413639600|203000|3791600.0000|18.1413639600
14150000|18.1413639600|18.1413639600|18.0830316000|18.1316419000|119700|2229488.0000|18.1316419000
14200000|18.1316419000|18.1413639600|18.0927536600|18.0927536600|74100|1380536.0000|18.0927536600
14250000|18.1024757200|18.1219198400|18.0927536600|18.1024757200|57800|1076520.0000|18.1024757200
14300000|18.1024757200|18.1121977800|18.0830316000|18.0830316000|81800|1522512.0000|18.0830316000
14350000|18.0830316000|18.1121977800|18.0733095400|18.0830316000|142900|2658504.0000|18.0830316000
14400000|18.0830316000|18.1024757200|18.0830316000|18.0927536600|97400|1812464.0000|18.0927536600
14450000|18.0927536600|18.1121977800|18.0830316000|18.0830316000|145500|2708672.0000|18.0830316000
14500000|18.0830316000|18.1316419000|18.0830316000|18.1121977800|201800|3756008.0000|18.1121977800
14550000|18.1121977800|18.1413639600|18.1024757200|18.1413639600|272400|5076832.0000|18.1413639600
15000000|18.1413639600|18.1510860200|18.0733095400|18.0733095400|249300|4643216.0000|18.0733095400
