09350000|13.0247899400|13.2219929600|13.0153993200|13.2219929600|1148900|16039301.0000|13.2219929600
09400000|13.2219929600|13.3346804000|13.2219929600|13.3158991600|1036200|14675383.0000|13.3158991600
09450000|13.3158991600|13.3346804000|13.2971179200|13.3158991600|846900|12011388.0000|13.3158991600
09500000|13.3158991600|13.4191959800|13.3065085400|13.4098053600|1239400|17651436.0000|13.4098053600
09550000|13.4098053600|13.4379772200|13.3628522600|13.3628522600|996100|14225404.0000|13.3628522600
10000000|13.3722428800|13.4755397000|13.3534616400|13.4473678400|1107900|15833664.0000|13.4473678400
10050000|13.4473678400|13.4943209400|13.4191959800|13.4379772200|1607100|23035688.0000|13.4379772200
10100000|13.4379772200|13.4661490800|13.3910241200|13.4473678400|549400|7854792.0000|13.4473678400
10150000|13.4473678400|13.4661490800|13.4285866000|13.4285866000|434600|6222568.0000|13.4285866000
10200000|13.4285866000|13.4379772200|13.3816335000|13.4004147400|296600|4235560.0000|13.4004147400
10250000|13.4004147400|13.4004147400|13.2971179200|13.3816335000|842400|11960288.0000|13.3816335000
10300000|13.3816335000|13.4473678400|13.3722428800|13.4004147400|388900|5556640.0000|13.4004147400
10350000|13.4004147400|13.4285866000|13.3910241200|13.3910241200|297100|4242448.0000|13.3910241200
10400000|13.3910241200|13.4004147400|13.3346804000|13.3346804000|309400|4401472.0000|13.3346804000
10450000|13.3346804000|13.3816335000|13.3252897800|13.3722428800|295200|4198800.0000|13.3722428800
10500000|13.3722428800|13.3816335000|13.3346804000|13.3628522600|333000|4738400.0000|13.3628522600
10550000|13.3628522600|13.3816335000|13.3440710200|13.3440710200|311200|4428432.0000|13.3440710200
11000000|13.3440710200|13.3534616400|13.2689460600|13.2971179200|431400|6114352.0000|13.2971179200
11050000|13.2971179200|13.3816335000|13.2971179200|13.3628522600|399900|5682800.0000|13.3628522600
11100000|13.3628522600|13.4004147400|13.3534616400|13.3722428800|319600|4554656.0000|13.3722428800
11150000|13.3722428800|13.3816335000|13.2689460600|13.2783366800|538800|7643936.0000|13.2783366800
11200000|13.2877273000|13.3346804000|13.2783366800|13.2877273000|229300|3250096.0000|13.2877273000
11250000|13.2877273000|13.3534616400|13.2877273000|13.3440710200|362400|5142880.0000|13.3440710200
11300000|13.3440710200|13.3628522600|13.3065085400|13.3346804000|219600|3120128.0000|13.3346804000
13050000|13.3158991600|13.3252897800|13.2219929600|13.2501648200|880500|12442288.0000|13.2501648200
13100000|13.2407742000|13.2689460600|13.2219929600|13.2313835800|598700|8441936.0000|13.2313835800
13150000|13.2313835800|13.2595554400|13.2313835800|13.2501648200|509900|7188704.0000|13.2501648200
13200000|13.2501648200|13.2783366800|13.2407742000|13.2501648200|362900|5124352.0000|13.2501648200
13250000|13.2501648200|13.2595554400|13.1562586200|13.1656492400|763100|10736736.0000|13.1656492400
13300000|13.1656492400|13.1938211000|13.1468680000|13.1844304800|454500|6372208.0000|13.1844304800
13350000|13.1844304800|13.2407742000|13.1844304800|13.2407742000|283900|3995760.0000|13.2407742000
13400000|13.2313835800|13.2407742000|13.1938211000|13.2126023400|365600|5145040.0000|13.2126023400
13450000|13.1938211000|13.3252897800|13.1938211000|13.3158991600|556600|7853728.0000|13.3158991600
13500000|13.3158991600|13.3252897800|13.2501648200|13.2689460600|319900|4522912.0000|13.2689460600
13550000|13.2689460600|13.2689460600|13.2501648200|13.2501648200|180000|2540992.0000|13.2501648200
14000000|13.2501648200|13.3065085400|13.2407742000|13.3065085400|510100|7213952.0000|13.3065085400
14050000|13.2971179200|13.3440710200|13.2877273000|13.3346804000|313600|4449600.0000|13.3346804000
14100000|13.3346804000|13.3628522600|13.2971179200|13.3065085400|389200|5526016.0000|13.3065085400
14150000|13.3065085400|13.3065085400|13.2313835800|13.2313835800|223700|3160928.0000|13.2313835800
14200000|13.2313835800|13.2689460600|13.2313835800|13.2595554400|234900|3315744.0000|13.2595554400
14250000|13.2595554400|13.2595554400|13.2313835800|13.2501648200|178000|2511168.0000|13.2501648200
14300000|13.2501648200|13.2595554400|13.2219929600|13.2407742000|210800|2971616.0000|13.2407742000
14350000|13.2407742000|13.2689460600|13.2313835800|13.2407742000|200900|2834784.0000|13.2407742000
14400000|13.2407742000|13.2595554400|13.2219929600|13.2219929600|220000|3102112.0000|13.2219929600
14450000|13.2219929600|13.2407742000|13.2032117200|13.2407742000|482700|6795680.0000|13.2407742000
14500000|13.2407742000|13.2407742000|13.1938211000|13.2313835800|826700|11638880.0000|13.2313835800
14550000|13.2219929600|13.2313835800|13.1656492400|13.1656492400|401800|5645152.0000|13.1656492400
15000000|13.1750398600|13.1844304800|13.1468680000|13.1468680000|677800|9496992.0000|13.1468680000
