09350000|10.6000000000|10.7700000000|10.5500000000|10.5900000000|8198400|87545160.0000|10.5900000000
09400000|10.5900000000|10.5900000000|10.5100000000|10.5300000000|2369600|24978040.0000|10.5300000000
09450000|10.5200000000|10.6200000000|10.5200000000|10.6200000000|1644900|17389856.0000|10.6200000000
09500000|10.6100000000|10.6200000000|10.5800000000|10.6100000000|1311100|13905008.0000|10.6100000000
09550000|10.6000000000|10.6400000000|10.5900000000|10.5900000000|1678000|17807216.0000|10.5900000000
10000000|10.6000000000|10.6100000000|10.5700000000|10.5800000000|687700|7283888.0000|10.5800000000
10050000|10.5800000000|10.6500000000|10.5700000000|10.6400000000|1781000|18907648.0000|10.6400000000
10100000|10.6400000000|10.7100000000|10.6200000000|10.6900000000|3043700|32478304.0000|10.6900000000
10150000|10.6900000000|10.7000000000|10.6600000000|10.6900000000|2853600|30499744.0000|10.6900000000
10200000|10.6900000000|10.7000000000|10.6800000000|10.6900000000|1205000|12879904.0000|10.6900000000
10250000|10.6900000000|10.6900000000|10.6700000000|10.6700000000|771700|8241840.0000|10.6700000000
10300000|10.6700000000|10.6900000000|10.6500000000|10.6800000000|1098200|11718528.0000|10.6800000000
10350000|10.6800000000|10.7000000000|10.6700000000|10.6800000000|1427900|15256256.0000|10.6800000000
10400000|10.6800000000|10.6800000000|10.5900000000|10.6000000000|1351800|14386656.0000|10.6000000000
10450000|10.6100000000|10.6300000000|10.6000000000|10.6100000000|906400|9618560.0000|10.6100000000
10500000|10.6200000000|10.6500000000|10.6000000000|10.6100000000|398400|4231648.0000|10.6100000000
10550000|10.6100000000|10.6100000000|10.5800000000|10.5900000000|794500|8413760.0000|10.5900000000
11000000|10.6000000000|10.6400000000|10.5900000000|10.6200000000|1072600|11396192.0000|10.6200000000
11050000|10.6200000000|10.6600000000|10.6200000000|10.6600000000|582900|6205024.0000|10.6600000000
11100000|10.6600000000|10.6600000000|10.6300000000|10.6400000000|222400|2367168.0000|10.6400000000
11150000|10.6500000000|10.6500000000|10.6300000000|10.6300000000|293600|3124160.0000|10.6300000000
11200000|10.6400000000|10.6400000000|10.6200000000|10.6300000000|375900|3994880.0000|10.6300000000
11250000|10.6300000000|10.6500000000|10.6200000000|10.6200000000|202400|2153024.0000|10.6200000000
11300000|10.6200000000|10.6200000000|10.5900000000|10.5900000000|533600|5659360.0000|10.5900000000
13050000|10.6000000000|10.6000000000|10.5600000000|10.5600000000|1181900|12507712.0000|10.5600000000
13100000|10.5700000000|10.6200000000|10.5700000000|10.6100000000|727400|7697408.0000|10.6100000000
13150000|10.6100000000|10.6400000000|10.6000000000|10.6400000000|287500|3052832.0000|10.6400000000
13200000|10.6300000000|10.6500000000|10.6100000000|10.6500000000|784800|8344832.0000|10.6500000000
13250000|10.6400000000|10.6400000000|10.6100000000|10.6200000000|454200|4824480.0000|10.6200000000
13300000|10.6100000000|10.6300000000|10.6000000000|10.6000000000|290800|3086880.0000|10.6000000000
13350000|10.6000000000|10.6100000000|10.5800000000|10.6000000000|275400|2917792.0000|10.6000000000
13400000|10.5900000000|10.6100000000|10.5800000000|10.5900000000|340000|3602816.0000|10.5900000000
13450000|10.5800000000|10.5900000000|10.5700000000|10.5900000000|324500|3433792.0000|10.5900000000
13500000|10.5800000000|10.6000000000|10.5700000000|10.5800000000|615500|6515040.0000|10.5800000000
13550000|10.5700000000|10.6000000000|10.5700000000|10.6000000000|248300|2628512.0000|10.6000000000
14000000|10.5900000000|10.6000000000|10.5800000000|10.5900000000|510200|5405728.0000|10.5900000000
14050000|10.5800000000|10.5900000000|10.5700000000|10.5800000000|270600|2862560.0000|10.5800000000
14100000|10.5700000000|10.5800000000|10.5600000000|10.5700000000|376600|3980576.0000|10.5700000000
14150000|10.5700000000|10.5700000000|10.5400000000|10.5500000000|885700|9345184.0000|10.5500000000
14200000|10.5500000000|10.5600000000|10.5400000000|10.5600000000|331300|3494880.0000|10.5600000000
14250000|10.5600000000|10.5600000000|10.5300000000|10.5400000000|712800|7513184.0000|10.5400000000
14300000|10.5400000000|10.5600000000|10.5200000000|10.5500000000|1102500|11618048.0000|10.5500000000
14350000|10.5400000000|10.5500000000|10.5100000000|10.5200000000|853300|8984992.0000|10.5200000000
14400000|10.5100000000|10.5500000000|10.5100000000|10.5500000000|1227000|12914272.0000|10.5500000000
14450000|10.5500000000|10.5900000000|10.5500000000|10.5900000000|694500|7345312.0000|10.5900000000
14500000|10.5900000000|10.6000000000|10.5700000000|10.5900000000|673200|7126688.0000|10.5900000000
14550000|10.5900000000|10.6000000000|10.5800000000|10.5900000000|1038200|10995520.0000|10.5900000000
15000000|10.5900000000|10.6000000000|10.5800000000|10.5800000000|973300|10302944.0000|10.5800000000
