093500|10.76|10.76|10.7|10.73|29725.0|31880657.0|10.8
094000|10.72|10.78|10.72|10.78|17110.0|18388169.0|10.73
094500|10.77|10.82|10.77|10.8|18276.0|19733214.0|10.78
095000|10.8|10.81|10.78|10.8|10628.0|11472648.0|10.8
095500|10.8|10.81|10.78|10.81|12129.0|13094195.0|10.8
100000|10.81|10.84|10.8|10.82|22227.0|24051728.0|10.81
100500|10.81|10.83|10.8|10.81|10635.0|11500545.0|10.82
101000|10.8|10.82|10.8|10.81|10023.0|10833478.0|10.81
101500|10.82|10.82|10.8|10.81|8156.0|8817372.0|10.81
102000|10.8|10.91|10.8|10.86|44905.0|48759800.0|10.81
102500|10.86|10.86|10.83|10.85|14608.0|15845979.0|10.86
103000|10.84|10.85|10.81|10.83|12103.0|13106876.0|10.85
103500|10.82|10.84|10.82|10.83|6948.0|7522506.0|10.83
104000|10.83|10.85|10.83|10.83|10004.0|10845607.0|10.83
104500|10.84|10.86|10.83|10.85|6474.0|7024084.0|10.83
105000|10.84|10.87|10.84|10.86|7128.0|7740194.0|10.85
105500|10.86|10.87|10.85|10.85|6414.0|6966342.0|10.86
110000|10.85|10.87|10.85|10.87|4897.0|5319903.0|10.85
110500|10.87|10.88|10.86|10.87|10643.0|11570993.0|10.87
111000|10.87|10.88|10.86|10.86|7389.0|8032105.0|10.87
111500|10.86|10.87|10.84|10.85|7267.0|7885957.0|10.86
112000|10.85|10.86|10.83|10.84|7238.0|7849566.0|10.85
112500|10.84|10.85|10.83|10.84|4702.0|5096704.0|10.84
113000|10.84|10.85|10.82|10.82|6007.0|6504802.0|10.84
130500|10.83|10.84|10.78|10.78|17451.0|18849380.0|10.82
131000|10.79|10.79|10.77|10.79|5741.0|6191750.0|10.78
131500|10.79|10.79|10.76|10.77|10798.0|11637656.0|10.79
132000|10.77|10.79|10.77|10.79|4623.0|4980377.0|10.77
132500|10.77|10.79|10.77|10.78|4205.0|4532669.0|10.79
133000|10.78|10.79|10.77|10.78|3657.0|3942252.0|10.78
133500|10.77|10.78|10.76|10.76|10422.0|11221976.0|10.78
134000|10.76|10.76|10.75|10.76|7640.0|8216192.0|10.76
134500|10.76|10.77|10.75|10.76|3006.0|3233857.0|10.76
135000|10.77|10.77|10.75|10.76|6374.0|6859243.0|10.76
135500|10.76|10.78|10.76|10.78|4777.0|5145035.0|10.76
140000|10.78|10.78|10.76|10.78|5516.0|5942293.0|10.78
140500|10.78|10.78|10.76|10.78|4558.0|4910432.0|10.78
141000|10.77|10.78|10.77|10.77|3075.0|3312153.0|10.78
141500|10.77|10.78|10.76|10.77|4392.0|4729399.0|10.77
142000|10.77|10.78|10.76|10.78|3683.0|3966631.0|10.77
142500|10.77|10.77|10.76|10.77|2888.0|3109775.0|10.78
143000|10.77|10.78|10.76|10.78|5328.0|5738523.0|10.77
143500|10.77|10.78|10.77|10.78|5405.0|5821743.0|10.78
144000|10.78|10.78|10.77|10.78|8015.0|8635820.0|10.78
144500|10.78|10.78|10.76|10.77|9188.0|9894606.0|10.78
145000|10.77|10.77|10.75|10.75|10079.0|10842957.0|10.77
145500|10.76|10.76|10.74|10.74|18719.0|20119097.0|10.75
150000|10.75|10.78|10.74|10.78|19324.0|20810382.0|10.74
