093500|5.29|5.3|5.28|5.29|71801.0|37981326.0|5.29
094000|5.29|5.3|5.29|5.3|20422.0|10818914.0|5.29
094500|5.3|5.31|5.29|5.31|53422.0|28318108.0|5.3
095000|5.31|5.31|5.29|5.29|43564.0|23091625.0|5.31
095500|5.3|5.3|5.29|5.3|17632.0|9332422.0|5.29
100000|5.3|5.3|5.29|5.29|16673.0|8824166.0|5.3
100500|5.3|5.3|5.29|5.29|14825.0|7848022.0|5.29
101000|5.3|5.3|5.29|5.3|11217.0|5936651.0|5.29
101500|5.29|5.31|5.29|5.3|81413.0|43151215.0|5.3
102000|5.3|5.31|5.29|5.3|29192.0|15471896.0|5.3
102500|5.29|5.3|5.29|5.3|5890.0|3117621.0|5.3
103000|5.3|5.3|5.29|5.29|39702.0|21007383.0|5.3
103500|5.29|5.29|5.28|5.29|71323.0|37712059.0|5.29
104000|5.29|5.3|5.28|5.3|34549.0|18272071.0|5.29
104500|5.29|5.3|5.29|5.29|12174.0|6443958.0|5.3
105000|5.29|5.3|5.29|5.29|7532.0|3986625.0|5.29
105500|5.29|5.3|5.29|5.3|16951.0|8969868.0|5.29
110000|5.29|5.3|5.28|5.28|73468.0|38843260.0|5.3
110500|5.29|5.31|5.28|5.31|168885.0|89497612.0|5.28
111000|5.31|5.33|5.31|5.32|165279.0|87895864.0|5.31
111500|5.32|5.33|5.32|5.32|67100.0|35707916.0|5.32
112000|5.33|5.34|5.32|5.33|76423.0|40730179.0|5.32
112500|5.34|5.35|5.33|5.35|160343.0|85669741.0|5.33
113000|5.35|5.36|5.34|5.35|116577.0|62429923.0|5.35
130500|5.35|5.36|5.35|5.35|100761.0|53928979.0|5.35
131000|5.35|5.36|5.34|5.35|44106.0|23600065.0|5.35
131500|5.35|5.36|5.34|5.35|34624.0|18524253.0|5.35
132000|5.35|5.36|5.34|5.35|31870.0|17050729.0|5.35
132500|5.35|5.36|5.34|5.36|23428.0|12533886.0|5.35
133000|5.36|5.36|5.34|5.34|43812.0|23437072.0|5.36
133500|5.34|5.35|5.34|5.34|8426.0|4502237.0|5.34
134000|5.35|5.35|5.33|5.33|58185.0|31058595.0|5.34
134500|5.34|5.34|5.33|5.33|13178.0|7026365.0|5.33
135000|5.34|5.34|5.33|5.33|9690.0|5167560.0|5.33
135500|5.34|5.34|5.33|5.33|6732.0|3590300.0|5.33
140000|5.34|5.34|5.33|5.33|13104.0|6989916.0|5.33
140500|5.34|5.34|5.32|5.33|47636.0|25390928.0|5.33
141000|5.33|5.34|5.32|5.33|16671.0|8885993.0|5.33
141500|5.33|5.33|5.32|5.33|17670.0|9416979.0|5.33
142000|5.33|5.33|5.32|5.32|6189.0|3296437.0|5.33
142500|5.33|5.33|5.32|5.33|6904.0|3676438.0|5.32
143000|5.33|5.33|5.32|5.33|12363.0|6582897.0|5.33
143500|5.32|5.33|5.32|5.33|27218.0|14492771.0|5.33
144000|5.33|5.34|5.32|5.33|36020.0|19195896.0|5.33
144500|5.33|5.34|5.32|5.33|30949.0|16491562.0|5.33
145000|5.33|5.33|5.32|5.33|45539.0|24245525.0|5.33
145500|5.32|5.33|5.32|5.33|33505.0|17835800.0|5.33
150000|5.32|5.33|5.32|5.33|29762.0|15857806.0|5.33
