093500|8.52|8.61|8.51|8.58|60295.0|51583177.0|8.58
094000|8.59|8.6|8.55|8.58|31823.0|27302251.0|8.58
094500|8.59|8.69|8.57|8.68|70580.0|61035448.0|8.58
095000|8.69|8.7|8.65|8.66|64591.0|56045486.0|8.68
095500|8.67|8.69|8.64|8.65|57232.0|49637657.0|8.66
100000|8.65|8.67|8.63|8.67|18780.0|16242187.0|8.65
100500|8.67|8.68|8.65|8.68|19439.0|16858491.0|8.67
101000|8.68|8.68|8.66|8.67|25775.0|22351770.0|8.68
101500|8.66|8.69|8.65|8.65|27893.0|24204781.0|8.67
102000|8.66|8.67|8.63|8.67|15786.0|13642133.0|8.65
102500|8.67|8.67|8.64|8.65|12633.0|10939956.0|8.67
103000|8.66|8.66|8.64|8.64|6365.0|5504140.0|8.65
103500|8.65|8.68|8.64|8.68|23007.0|19946824.0|8.64
104000|8.68|8.68|8.65|8.65|13707.0|11880943.0|8.68
104500|8.65|8.67|8.65|8.66|7031.0|6088298.0|8.65
105000|8.67|8.7|8.66|8.7|44357.0|38540402.0|8.66
105500|8.7|8.73|8.67|8.71|50409.0|43889174.0|8.7
110000|8.71|8.72|8.69|8.69|11958.0|10407116.0|8.71
110500|8.69|8.7|8.66|8.66|10133.0|8787643.0|8.69
111000|8.66|8.68|8.65|8.67|15185.0|13147322.0|8.66
111500|8.67|8.68|8.66|8.67|4959.0|4302336.0|8.67
112000|8.68|8.68|8.66|8.67|6511.0|5644166.0|8.67
112500|8.67|8.67|8.65|8.66|8228.0|7126884.0|8.67
113000|8.66|8.66|8.65|8.66|3783.0|3273527.0|8.66
130500|8.67|8.73|8.67|8.71|61282.0|53380192.0|8.66
131000|8.7|8.72|8.69|8.7|12908.0|11236789.0|8.71
131500|8.71|8.71|8.68|8.69|9206.0|7999634.0|8.7
132000|8.68|8.69|8.67|8.68|10362.0|8992955.0|8.69
132500|8.69|8.69|8.66|8.66|8826.0|7654955.0|8.68
133000|8.66|8.68|8.66|8.67|5796.0|5024019.0|8.66
133500|8.68|8.68|8.66|8.66|6537.0|5666823.0|8.67
134000|8.67|8.67|8.63|8.64|17659.0|15271724.0|8.66
134500|8.63|8.65|8.62|8.63|8773.0|7572129.0|8.64
135000|8.62|8.63|8.61|8.62|11982.0|10328707.0|8.63
135500|8.62|8.62|8.6|8.6|13454.0|11586753.0|8.62
140000|8.61|8.61|8.58|8.61|16845.0|14480297.0|8.6
140500|8.61|8.61|8.56|8.57|15365.0|13190419.0|8.61
141000|8.57|8.6|8.56|8.59|15215.0|13054221.0|8.57
141500|8.6|8.6|8.58|8.59|7175.0|6163817.0|8.59
142000|8.58|8.61|8.58|8.6|5878.0|5055681.0|8.59
142500|8.6|8.61|8.59|8.6|6962.0|5987348.0|8.6
143000|8.61|8.61|8.59|8.6|5557.0|4779250.0|8.6
143500|8.6|8.6|8.59|8.6|6646.0|5710803.0|8.6
144000|8.6|8.6|8.59|8.59|5737.0|4931424.0|8.6
144500|8.6|8.6|8.57|8.59|22990.0|19740114.0|8.59
145000|8.6|8.6|8.58|8.59|10939.0|9395726.0|8.59
145500|8.59|8.6|8.58|8.59|16776.0|14410379.0|8.59
150000|8.59|8.6|8.59|8.6|11297.0|9713146.0|8.59
