093500|45.0400|45.6800|45.0000|45.6500|167100|7588901.0000|45.6500
094000|45.6500|46.1500|45.4900|46.0800|223163|10232782.0000|46.0800
094500|46.0800|46.2000|45.7500|46.1000|208700|9593719.0000|46.1000
095000|46.0900|46.1900|45.7800|46.0100|155000|7124662.0000|46.0100
095500|46.0200|46.0200|45.6800|45.9000|100600|4615353.0000|45.9000
100000|45.9100|45.9100|45.6300|45.7100|35400|1620461.0000|45.7100
100500|45.6900|45.7400|45.5500|45.5500|68100|3107998.0000|45.5500
101000|45.5500|45.5800|45.3800|45.5400|114600|5215809.0000|45.5400
101500|45.5400|45.5400|45.3600|45.4700|149400|6786876.0000|45.4700
102000|45.4400|45.5500|45.4400|45.5200|31800|1446865.0000|45.5200
102500|45.5300|45.5700|45.3500|45.4100|63000|2863810.0000|45.4100
103000|45.4100|45.4400|45.3000|45.4200|38600|1750287.0000|45.4200
103500|45.4200|45.4200|45.3100|45.3100|20200|916009.0000|45.3100
104000|45.3200|45.4100|45.2100|45.4100|55600|2518459.0000|45.4100
104500|45.4000|45.5300|45.3700|45.5300|12200|554258.0000|45.5300
105000|45.5400|45.6800|45.4900|45.6800|26300|1199066.0000|45.6800
105500|45.6800|45.8200|45.6700|45.6700|35900|1641662.0000|45.6700
110000|45.6700|45.6700|45.5200|45.5800|12800|584005.0000|45.5800
110500|45.6000|45.6600|45.6000|45.6100|20800|949132.0000|45.6100
111000|45.6100|45.6500|45.5400|45.5400|26100|1190140.0000|45.5400
111500|45.5200|45.6400|45.4500|45.4600|40400|1835703.0000|45.4600
112000|45.4700|45.4700|45.4500|45.4500|10100|459108.0000|45.4500
112500|45.4500|45.6500|45.4100|45.6100|37100|1689877.0000|45.6100
113000|45.6200|45.7000|45.6000|45.6500|34700|1583665.0000|45.6500
130500|45.6200|46.0000|45.6200|45.9100|93100|4266340.0000|45.9100
131000|45.8900|45.9000|45.8000|45.8100|21100|967247.0000|45.8100
131500|45.8400|46.1800|45.8200|46.1500|237200|10915555.0000|46.1500
132000|46.1500|46.1500|46.0000|46.0000|50300|2316856.0000|46.0000
132500|46.0500|46.1700|46.0000|46.0300|67500|3111011.0000|46.0300
133000|46.0500|46.0600|45.9000|46.0300|97100|4467092.0000|46.0300
133500|46.0600|46.0600|45.8500|45.8500|37100|1704794.0000|45.8500
134000|45.8500|45.9600|45.8500|45.9000|27700|1271575.0000|45.9000
134500|45.9200|45.9300|45.8900|45.9100|22800|1046657.0000|45.9100
135000|45.9200|45.9300|45.8900|45.9200|30700|1409361.0000|45.9200
135500|45.9200|46.0300|45.9100|46.0200|42700|1962818.0000|46.0200
140000|46.0200|46.0300|45.9900|46.0200|15600|717754.0000|46.0200
140500|46.0200|46.0600|45.8700|45.8700|83600|3842323.0000|45.8700
141000|45.8700|45.9100|45.7200|45.8900|83900|3844890.0000|45.8900
141500|45.9000|45.9000|45.6800|45.7100|68300|3125679.0000|45.7100
142000|45.7000|45.7100|45.6300|45.6700|77800|3554544.0000|45.6700
142500|45.6800|45.7900|45.6600|45.7900|50100|2289971.0000|45.7900
143000|45.8000|45.8000|45.6900|45.7600|38000|1738291.0000|45.7600
143500|45.7200|45.8000|45.7100|45.8000|13700|626937.0000|45.8000
144000|45.8000|45.8400|45.7900|45.8400|25300|1159136.0000|45.8400
144500|45.8400|45.8700|45.7800|45.8200|53800|2465289.0000|45.8200
145000|45.8300|45.8700|45.8000|45.8000|69100|3167182.0000|45.8000
145500|45.7800|45.7800|45.5800|45.5800|95531|4364136.0000|45.5800
150000|45.6200|45.6200|45.5200|45.6100|108200|4933221.0000|45.6100
