093500|34.5200|34.5600|34.3500|34.5400|168100|5786367.0000|34.5400
094000|34.5500|34.6000|34.4200|34.4300|41000|1415034.0000|34.4300
094500|34.4500|34.5400|34.4400|34.4600|67300|2320392.0000|34.4600
095000|34.4600|34.6000|34.4600|34.6000|190900|6589703.0000|34.6000
095500|34.6000|34.6300|34.4000|34.5700|97200|3352515.0000|34.5700
100000|34.5700|34.6400|34.4800|34.5000|62000|2142992.0000|34.5000
100500|34.5000|34.6900|34.4900|34.6700|63800|2207770.0000|34.6700
101000|34.6700|34.7900|34.6500|34.7900|48100|1669658.0000|34.7900
101500|34.7900|34.7900|34.7400|34.7900|45300|1574988.0000|34.7900
102000|34.7900|34.8300|34.7000|34.8000|66100|2298038.0000|34.8000
102500|34.8000|34.9100|34.8000|34.8100|76900|2679690.0000|34.8100
103000|34.7200|34.8600|34.6700|34.7500|111100|3867634.0000|34.7500
103500|34.7500|34.7500|34.6300|34.7000|37700|1308520.0000|34.7000
104000|34.7300|34.7500|34.6900|34.7100|40400|1402644.0000|34.7100
104500|34.7000|34.8200|34.6200|34.6400|44700|1550220.0000|34.6400
105000|34.6400|34.7400|34.6400|34.7100|26900|933392.0000|34.7100
105500|34.7200|34.7500|34.6500|34.7100|32800|1138528.0000|34.7100
110000|34.7200|34.7300|34.6400|34.6800|24600|853084.0000|34.6800
110500|34.6800|34.7100|34.6100|34.6700|42000|1456092.0000|34.6700
111000|34.6800|34.6900|34.6300|34.6400|7500|259960.0000|34.6400
111500|34.6600|34.6600|34.5300|34.5300|29500|1020648.0000|34.5300
112000|34.5100|34.5600|34.5000|34.5600|38300|1322004.0000|34.5600
112500|34.5500|34.6600|34.5200|34.6200|88400|3057160.0000|34.6200
113000|34.6400|34.6400|34.5500|34.6100|108300|3747156.0000|34.6100
130500|34.6200|34.7100|34.5500|34.5500|64900|2246204.0000|34.5500
131000|34.5500|34.5600|34.4500|34.4600|22800|787048.0000|34.4600
131500|34.4600|34.5700|34.4400|34.5500|35500|1224584.0000|34.5500
132000|34.5200|34.5800|34.4600|34.5800|28700|990464.0000|34.5800
132500|34.5500|34.5600|34.5100|34.5100|19500|673560.0000|34.5100
133000|34.5000|34.5200|34.4700|34.5100|20700|714084.0000|34.5100
133500|34.5100|34.5700|34.4700|34.5500|31900|1101148.0000|34.5500
134000|34.5400|34.5700|34.4800|34.5500|22000|759456.0000|34.5500
134500|34.5500|34.5500|34.4600|34.4600|24400|841828.0000|34.4600
135000|34.4600|34.5100|34.4300|34.4400|28700|989384.0000|34.4400
135500|34.4300|34.5100|34.4300|34.4400|34500|1189144.0000|34.4400
140000|34.4400|34.5100|34.4200|34.5000|50800|1750504.0000|34.5000
140500|34.5100|34.7000|34.5000|34.6600|74000|2561064.0000|34.6600
141000|34.6600|34.7800|34.6000|34.6000|48600|1686048.0000|34.6000
141500|34.6000|34.7400|34.6000|34.6600|43100|1493568.0000|34.6600
142000|34.6900|34.7300|34.6300|34.6800|32500|1128168.0000|34.6800
142500|34.6900|34.8000|34.6800|34.7600|40300|1400440.0000|34.7600
143000|34.7600|34.8500|34.7200|34.7500|58700|2041272.0000|34.7500
143500|34.7500|34.7900|34.6900|34.6900|68100|2366104.0000|34.6900
144000|34.6900|34.7500|34.6300|34.7500|80600|2795296.0000|34.7500
144500|34.7300|34.7400|34.6800|34.7200|57600|1999624.0000|34.7200
145000|34.7100|34.7200|34.6100|34.6100|76300|2644632.0000|34.6100
145500|34.6100|34.6500|34.5100|34.5100|79400|2746912.0000|34.5100
150000|34.6200|34.6200|34.5000|34.5000|105400|3638352.0000|34.5000
