093500|31.1000|31.3300|31.0900|31.2000|99900|3119912.0000|31.2000
094000|31.2000|31.2000|31.0000|31.0600|285400|8866543.0000|31.0600
094500|31.0600|31.1900|31.0300|31.1600|53200|1654009.0000|31.1600
095000|31.1900|31.2800|31.1500|31.2700|44400|1385169.0000|31.2700
095500|31.2700|31.3600|31.2000|31.3400|72700|2274423.0000|31.3400
100000|31.3400|31.3400|31.3100|31.3300|21400|670456.0000|31.3300
100500|31.3400|31.3600|31.1900|31.2100|81600|2554002.0000|31.2100
101000|31.2100|31.2100|31.1500|31.1600|37500|1169588.0000|31.1600
101500|31.1500|31.1700|31.1100|31.1200|21800|678852.0000|31.1200
102000|31.1200|31.1800|31.0900|31.1500|43800|1363328.0000|31.1500
102500|31.1500|31.1500|31.0100|31.0200|41800|1297982.0000|31.0200
103000|31.0200|31.1100|31.0200|31.0600|25800|800842.0000|31.0600
103500|31.0500|31.1200|31.0500|31.0700|15500|481700.0000|31.0700
104000|31.1000|31.1400|31.0700|31.1300|16500|513328.0000|31.1300
104500|31.1300|31.1700|31.1100|31.1400|15400|479414.0000|31.1400
105000|31.1400|31.1500|31.1100|31.1200|12400|385966.0000|31.1200
105500|31.1300|31.1900|31.1000|31.1900|18300|569858.0000|31.1900
110000|31.1900|31.2000|31.1500|31.1800|11700|364720.0000|31.1800
110500|31.1800|31.1800|31.0500|31.0600|37600|1168992.0000|31.0600
111000|31.0900|31.1800|31.0500|31.1700|23100|718244.0000|31.1700
111500|31.1600|31.1700|31.1100|31.1400|13100|408028.0000|31.1400
112000|31.1300|31.1700|31.1000|31.1700|18400|572686.0000|31.1700
112500|31.1700|31.2100|31.1400|31.1700|18500|576812.0000|31.1700
113000|31.1600|31.1800|31.1200|31.1800|13600|423640.0000|31.1800
130500|31.1900|31.2700|31.1600|31.2700|45400|1417208.0000|31.2700
131000|31.2700|31.3300|31.2500|31.2500|43500|1361556.0000|31.2500
131500|31.2500|31.2600|31.2200|31.2600|18500|578032.0000|31.2600
132000|31.2500|31.3400|31.2500|31.3400|64600|2022680.0000|31.3400
132500|31.3400|31.4500|31.3200|31.4500|93500|2933088.0000|31.4500
133000|31.4500|31.6000|31.4500|31.5900|53600|1689828.0000|31.5900
133500|31.5900|31.6800|31.5800|31.6000|73400|2322052.0000|31.6000
134000|31.5900|31.5900|31.4700|31.4700|41500|1308480.0000|31.4700
134500|31.4700|31.5000|31.4300|31.4600|15500|487828.0000|31.4600
135000|31.4600|31.4800|31.3800|31.4600|32000|1005572.0000|31.4600
135500|31.4600|31.4600|31.3500|31.3600|30700|963848.0000|31.3600
140000|31.3600|31.4600|31.3200|31.4600|29400|921852.0000|31.4600
140500|31.4200|31.4900|31.4200|31.4500|13500|426156.0000|31.4500
141000|31.4500|31.5300|31.4500|31.5000|19800|623476.0000|31.5000
141500|31.4900|31.5000|31.4300|31.4500|12800|402736.0000|31.4500
142000|31.4500|31.4600|31.3500|31.3500|20100|631120.0000|31.3500
142500|31.3800|31.3800|31.3300|31.3400|17400|545396.0000|31.3400
143000|31.3400|31.3800|31.3400|31.3600|14000|438956.0000|31.3600
143500|31.3600|31.4100|31.3400|31.3500|19600|613568.0000|31.3500
144000|31.3500|31.4000|31.2900|31.3000|98900|3098820.0000|31.3000
144500|31.3000|31.3500|31.2400|31.2900|122200|3822988.0000|31.2900
145000|31.3300|31.3300|31.2700|31.3300|25100|785684.0000|31.3300
145500|31.3100|31.3400|31.2700|31.2700|52300|1636880.0000|31.2700
150000|31.2700|31.2900|31.2600|31.2600|109000|3408480.0000|31.2600
