093500|27.9200|27.9200|27.7500|27.7900|265900|7394887.0000|27.7900
094000|27.7900|27.8100|27.7200|27.7200|231500|6429714.0000|27.7200
094500|27.7200|27.7300|27.7000|27.7000|137500|3810247.0000|27.7000
095000|27.7100|27.7200|27.7000|27.7100|64200|1778730.0000|27.7100
095500|27.7000|27.7200|27.6800|27.6800|104300|2889354.0000|27.6800
100000|27.6800|27.7000|27.6300|27.6300|118000|3264896.0000|27.6300
100500|27.6300|27.6600|27.6000|27.6300|146000|4032476.0000|27.6300
101000|27.6300|27.6500|27.6100|27.6100|120500|3328936.0000|27.6100
101500|27.6100|27.6300|27.5800|27.5800|123300|3402112.0000|27.5800
102000|27.5800|27.6400|27.5700|27.6200|75600|2085672.0000|27.6200
102500|27.6400|27.6400|27.6100|27.6100|47600|1314976.0000|27.6100
103000|27.6200|27.6300|27.6000|27.6200|54000|1491160.0000|27.6200
103500|27.6200|27.6300|27.6100|27.6200|38000|1049520.0000|27.6200
104000|27.6300|27.6700|27.6100|27.6700|55200|1525684.0000|27.6700
104500|27.6500|27.6700|27.6400|27.6500|26400|730012.0000|27.6500
105000|27.6400|27.6500|27.6200|27.6400|28700|793240.0000|27.6400
105500|27.6400|27.6600|27.6100|27.6100|21200|585900.0000|27.6100
110000|27.6100|27.6300|27.6100|27.6200|28100|776052.0000|27.6200
110500|27.6200|27.6300|27.6100|27.6200|15300|422576.0000|27.6200
111000|27.6200|27.6500|27.6200|27.6500|12500|345300.0000|27.6500
111500|27.6400|27.6800|27.6300|27.6800|25600|707972.0000|27.6800
112000|27.6800|27.7000|27.6500|27.6500|30100|832836.0000|27.6500
112500|27.6500|27.6700|27.6500|27.6700|15600|431460.0000|27.6700
113000|27.6700|27.6700|27.6200|27.6200|46100|1274116.0000|27.6200
130500|27.6300|27.6500|27.6200|27.6500|26300|726716.0000|27.6500
131000|27.6500|27.6600|27.6300|27.6500|18300|505864.0000|27.6500
131500|27.6400|27.6400|27.6200|27.6400|29100|804096.0000|27.6400
132000|27.6400|27.6400|27.6300|27.6300|22000|607924.0000|27.6300
132500|27.6300|27.6400|27.6300|27.6300|27700|765380.0000|27.6300
133000|27.6300|27.6300|27.6100|27.6200|90600|2502640.0000|27.6200
133500|27.6200|27.6300|27.6100|27.6200|13900|383908.0000|27.6200
134000|27.6200|27.6300|27.6000|27.6000|106100|2929008.0000|27.6000
134500|27.6000|27.6500|27.6000|27.6500|31800|878524.0000|27.6500
135000|27.6500|27.6500|27.6200|27.6400|12500|345344.0000|27.6400
135500|27.6400|27.6400|27.6200|27.6200|18100|500088.0000|27.6200
140000|27.6200|27.6300|27.6100|27.6100|38200|1055048.0000|27.6100
140500|27.6100|27.6300|27.6100|27.6100|49100|1355944.0000|27.6100
141000|27.6200|27.6300|27.6100|27.6300|66200|1828200.0000|27.6300
141500|27.6300|27.6400|27.6200|27.6400|45900|1268400.0000|27.6400
142000|27.6400|27.6400|27.6300|27.6400|25900|715808.0000|27.6400
142500|27.6400|27.6500|27.6300|27.6400|38800|1072432.0000|27.6400
143000|27.6500|27.7000|27.6400|27.7000|86400|2391168.0000|27.7000
143500|27.7000|27.7300|27.6800|27.7300|59900|1659488.0000|27.7300
144000|27.7400|27.7800|27.7400|27.7700|58700|1629432.0000|27.7700
144500|27.7700|27.8000|27.7600|27.8000|68200|1894664.0000|27.8000
145000|27.8000|27.8400|27.7900|27.8000|103900|2889760.0000|27.8000
145500|27.8000|27.8300|27.7800|27.8200|145200|4037624.0000|27.8200
150000|27.8100|27.8200|27.7800|27.8200|114500|3183624.0000|27.8200
