09350000|7.1040552000|7.1431960000|7.0942700000|7.0942700000|2245200|16327468.0000|7.0942700000
09400000|7.0942700000|7.1138404000|7.0453440000|7.0746996000|1301900|9403688.0000|7.0746996000
09450000|7.0746996000|7.0844848000|7.0062032000|7.0062032000|1506500|10828144.0000|7.0062032000
09500000|7.0062032000|7.0257736000|6.9964180000|7.0159884000|1105500|7917044.0000|7.0159884000
09550000|7.0062032000|7.0159884000|6.9866328000|6.9866328000|773800|5534156.0000|6.9866328000
10000000|6.9866328000|7.0159884000|6.9768476000|6.9964180000|574800|4107224.0000|6.9964180000
10050000|6.9964180000|6.9964180000|6.9474920000|6.9670624000|2139900|15225168.0000|6.9670624000
10100000|6.9572772000|6.9670624000|6.9279216000|6.9377068000|796700|5656272.0000|6.9377068000
10150000|6.9377068000|6.9670624000|6.9279216000|6.9670624000|437300|3106464.0000|6.9670624000
10200000|6.9670624000|6.9866328000|6.9474920000|6.9670624000|287800|2051592.0000|6.9670624000
10250000|6.9768476000|6.9964180000|6.9572772000|6.9866328000|278600|1986880.0000|6.9866328000
10300000|6.9866328000|6.9866328000|6.9572772000|6.9768476000|340100|2422424.0000|6.9768476000
10350000|6.9768476000|6.9866328000|6.9670624000|6.9670624000|177900|1267160.0000|6.9670624000
10400000|6.9670624000|6.9866328000|6.9572772000|6.9670624000|384200|2737976.0000|6.9670624000
10450000|6.9670624000|7.0062032000|6.9670624000|7.0062032000|263700|1881584.0000|7.0062032000
10500000|7.0062032000|7.0062032000|6.9768476000|6.9866328000|214000|1527912.0000|6.9866328000
10550000|6.9866328000|6.9866328000|6.9768476000|6.9768476000|106700|760976.0000|6.9768476000
11000000|6.9768476000|6.9866328000|6.9768476000|6.9768476000|229400|1636064.0000|6.9768476000
11050000|6.9768476000|6.9866328000|6.9670624000|6.9768476000|335600|2391616.0000|6.9768476000
11100000|6.9768476000|6.9768476000|6.9572772000|6.9768476000|322500|2296184.0000|6.9768476000
11150000|6.9768476000|6.9768476000|6.9670624000|6.9768476000|74600|531232.0000|6.9768476000
11200000|6.9670624000|7.0062032000|6.9670624000|7.0062032000|805200|5748184.0000|7.0062032000
11250000|7.0062032000|7.0159884000|6.9866328000|6.9866328000|341100|2441216.0000|6.9866328000
11300000|6.9964180000|6.9964180000|6.9768476000|6.9964180000|163200|1165528.0000|6.9964180000
13050000|6.9964180000|7.0062032000|6.9866328000|6.9964180000|259700|1856624.0000|6.9964180000
13100000|6.9964180000|7.0062032000|6.9866328000|7.0062032000|105900|757112.0000|7.0062032000
13150000|7.0062032000|7.0257736000|6.9964180000|7.0159884000|245900|1762672.0000|7.0159884000
13200000|7.0159884000|7.0159884000|7.0062032000|7.0159884000|133300|955384.0000|7.0159884000
13250000|7.0159884000|7.0159884000|6.9964180000|6.9964180000|249500|1786000.0000|6.9964180000
13300000|6.9964180000|6.9964180000|6.9768476000|6.9768476000|223500|1595184.0000|6.9768476000
13350000|6.9768476000|6.9866328000|6.9768476000|6.9768476000|58600|418000.0000|6.9768476000
13400000|6.9768476000|6.9768476000|6.9670624000|6.9670624000|225000|1603608.0000|6.9670624000
13450000|6.9670624000|6.9866328000|6.9670624000|6.9866328000|275800|1964512.0000|6.9866328000
13500000|6.9866328000|6.9866328000|6.9768476000|6.9768476000|77500|552704.0000|6.9768476000
13550000|6.9768476000|6.9964180000|6.9768476000|6.9964180000|139700|997800.0000|6.9964180000
14000000|6.9964180000|7.0062032000|6.9866328000|7.0062032000|148600|1062480.0000|7.0062032000
14050000|6.9964180000|7.0159884000|6.9964180000|6.9964180000|125000|894368.0000|6.9964180000
14100000|6.9964180000|7.0062032000|6.9866328000|6.9964180000|181200|1295272.0000|6.9964180000
14150000|7.0062032000|7.0159884000|6.9964180000|7.0159884000|92700|663496.0000|7.0159884000
14200000|7.0062032000|7.0159884000|7.0062032000|7.0062032000|158700|1137368.0000|7.0062032000
14250000|7.0062032000|7.0159884000|7.0062032000|7.0159884000|147500|1056568.0000|7.0159884000
14300000|7.0159884000|7.0257736000|6.9964180000|7.0159884000|162800|1166808.0000|7.0159884000
14350000|7.0062032000|7.0257736000|7.0062032000|7.0159884000|198800|1426496.0000|7.0159884000
14400000|7.0159884000|7.0257736000|7.0062032000|7.0062032000|230600|1652712.0000|7.0062032000
14450000|7.0159884000|7.0257736000|7.0159884000|7.0159884000|306400|2198024.0000|7.0159884000
14500000|7.0257736000|7.0355588000|7.0159884000|7.0257736000|313200|2248560.0000|7.0257736000
14550000|7.0257736000|7.0453440000|7.0159884000|7.0355588000|445400|3203024.0000|7.0355588000
15000000|7.0453440000|7.0453440000|7.0355588000|7.0355588000|368600|2651968.0000|7.0355588000
