093500|9.46|9.55|9.45|9.47|71840.0|68887421.0|9.59
094000|9.48|9.53|9.47|9.48|29697.0|28470949.0|9.47
094500|9.47|9.49|9.47|9.48|17111.0|16381480.0|9.48
095000|9.48|9.49|9.46|9.49|13340.0|12777945.0|9.48
095500|9.48|9.48|9.43|9.44|20952.0|20016764.0|9.49
100000|9.44|9.44|9.42|9.43|17089.0|16283493.0|9.44
100500|9.44|9.44|9.41|9.41|13150.0|12524335.0|9.43
101000|9.42|9.42|9.39|9.39|18634.0|17708182.0|9.41
101500|9.4|9.4|9.36|9.36|17075.0|16184234.0|9.39
102000|9.36|9.39|9.35|9.38|21867.0|20702383.0|9.36
102500|9.38|9.39|9.37|9.38|6448.0|6114701.0|9.38
103000|9.38|9.39|9.37|9.38|5875.0|5569747.0|9.38
103500|9.38|9.4|9.38|9.38|8173.0|7751628.0|9.38
104000|9.39|9.4|9.38|9.4|6557.0|6226447.0|9.38
104500|9.4|9.4|9.37|9.38|6055.0|5743131.0|9.4
105000|9.38|9.39|9.36|9.37|6065.0|5744989.0|9.38
105500|9.36|9.38|9.36|9.38|3469.0|3285403.0|9.37
110000|9.38|9.38|9.37|9.38|2135.0|2022732.0|9.38
110500|9.38|9.38|9.32|9.33|15090.0|14256369.0|9.38
111000|9.33|9.34|9.31|9.32|9088.0|8564701.0|9.33
111500|9.32|9.32|9.31|9.31|6798.0|6398533.0|9.32
112000|9.31|9.32|9.3|9.31|5968.0|5615031.0|9.31
112500|9.31|9.31|9.29|9.3|8515.0|8004217.0|9.31
113000|9.3|9.31|9.29|9.31|3397.0|3193333.0|9.3
130500|9.31|9.33|9.3|9.31|8717.0|8203402.0|9.31
131000|9.3|9.31|9.29|9.29|3347.0|3145962.0|9.31
131500|9.29|9.31|9.29|9.31|3344.0|3143144.0|9.29
132000|9.31|9.32|9.3|9.31|5346.0|5033484.0|9.31
132500|9.3|9.31|9.29|9.3|5305.0|4986805.0|9.31
133000|9.31|9.31|9.29|9.29|3560.0|3346413.0|9.3
133500|9.3|9.31|9.29|9.3|6321.0|5943366.0|9.29
134000|9.31|9.31|9.29|9.29|7162.0|6731345.0|9.3
134500|9.29|9.3|9.29|9.3|3278.0|3080909.0|9.29
135000|9.3|9.3|9.27|9.28|8854.0|8308762.0|9.3
135500|9.27|9.29|9.27|9.28|7760.0|7278116.0|9.28
140000|9.29|9.29|9.27|9.27|4865.0|4562534.0|9.28
140500|9.28|9.3|9.27|9.29|6684.0|6273042.0|9.27
141000|9.28|9.29|9.28|9.29|4808.0|4514154.0|9.29
141500|9.29|9.29|9.28|9.29|7451.0|6991667.0|9.29
142000|9.29|9.29|9.27|9.29|4785.0|4489471.0|9.29
142500|9.29|9.29|9.28|9.29|2890.0|2713202.0|9.29
143000|9.29|9.3|9.28|9.29|7869.0|7389330.0|9.29
143500|9.29|9.3|9.29|9.3|4013.0|3771639.0|9.29
144000|9.3|9.3|9.28|9.29|7969.0|7482609.0|9.3
144500|9.28|9.29|9.28|9.28|6497.0|6097392.0|9.29
145000|9.28|9.29|9.28|9.29|8600.0|8073193.0|9.28
145500|9.28|9.3|9.28|9.28|10051.0|9443058.0|9.29
150000|9.28|9.3|9.28|9.29|7850.0|7369790.0|9.28
