093500|7.6000|7.6300|7.5900|7.6300|928300|7056488.0000|7.6300
094000|7.6300|7.6400|7.6200|7.6300|779500|5948245.0000|7.6300
094500|7.6400|7.6400|7.6300|7.6400|329800|2518320.0000|7.6400
095000|7.6400|7.6500|7.6300|7.6400|306800|2344319.0000|7.6400
095500|7.6500|7.6600|7.6300|7.6400|713300|5453776.0000|7.6400
100000|7.6400|7.6400|7.6200|7.6300|192800|1470526.0000|7.6300
100500|7.6200|7.6400|7.6100|7.6200|377300|2875634.0000|7.6200
101000|7.6100|7.6200|7.6000|7.6100|180000|1369420.0000|7.6100
101500|7.6100|7.6200|7.6100|7.6100|163700|1245854.0000|7.6100
102000|7.6100|7.6100|7.6000|7.6100|201100|1530030.0000|7.6100
102500|7.6000|7.6200|7.6000|7.6000|339600|2582788.0000|7.6000
103000|7.6100|7.6200|7.6000|7.6100|209500|1594520.0000|7.6100
103500|7.6100|7.6200|7.6000|7.6200|267300|2034624.0000|7.6200
104000|7.6100|7.6200|7.6000|7.6100|170200|1295968.0000|7.6100
104500|7.6100|7.6200|7.6000|7.6200|153200|1166204.0000|7.6200
105000|7.6100|7.6200|7.6100|7.6100|110500|841364.0000|7.6100
105500|7.6100|7.6300|7.6100|7.6200|286200|2181680.0000|7.6200
110000|7.6200|7.6300|7.6200|7.6200|96600|736464.0000|7.6200
110500|7.6200|7.6400|7.6200|7.6300|188000|1434220.0000|7.6300
111000|7.6200|7.6300|7.6200|7.6300|66700|508612.0000|7.6300
111500|7.6200|7.6300|7.6200|7.6300|73200|558144.0000|7.6300
112000|7.6300|7.6300|7.6100|7.6300|163300|1244936.0000|7.6300
112500|7.6200|7.6300|7.6100|7.6200|165300|1260088.0000|7.6200
113000|7.6200|7.6300|7.6100|7.6200|97900|746016.0000|7.6200
130500|7.6100|7.6200|7.6100|7.6200|474200|3609392.0000|7.6200
131000|7.6100|7.6200|7.6000|7.6100|293100|2230892.0000|7.6100
131500|7.6100|7.6100|7.6000|7.6000|83500|635192.0000|7.6000
132000|7.6000|7.6200|7.6000|7.6100|140600|1069536.0000|7.6100
132500|7.6100|7.6100|7.6000|7.6100|158700|1207092.0000|7.6100
133000|7.6100|7.6100|7.6000|7.6000|83300|633524.0000|7.6000
133500|7.6000|7.6100|7.5900|7.6000|296800|2255568.0000|7.6000
134000|7.6000|7.6100|7.6000|7.6000|105600|803252.0000|7.6000
134500|7.6100|7.6100|7.6000|7.6100|119200|906596.0000|7.6100
135000|7.6100|7.6100|7.5900|7.6000|225000|1709456.0000|7.6000
135500|7.6000|7.6100|7.5900|7.6000|225400|1713608.0000|7.6000
140000|7.6000|7.6000|7.5900|7.5900|113100|858960.0000|7.5900
140500|7.5900|7.6100|7.5900|7.6000|184300|1400944.0000|7.6000
141000|7.6000|7.6100|7.6000|7.6000|87800|667768.0000|7.6000
141500|7.6000|7.6100|7.6000|7.6100|199600|1518272.0000|7.6100
142000|7.6100|7.6100|7.6000|7.6000|227400|1729552.0000|7.6000
142500|7.6000|7.6100|7.6000|7.6000|152700|1161552.0000|7.6000
143000|7.5900|7.6000|7.5900|7.5900|253000|1921888.0000|7.5900
143500|7.5900|7.6000|7.5800|7.5800|349700|2654136.0000|7.5800
144000|7.5800|7.5900|7.5800|7.5800|472900|3586144.0000|7.5800
144500|7.5800|7.5900|7.5700|7.5800|632700|4796464.0000|7.5800
145000|7.5900|7.6000|7.5800|7.5900|803900|6100232.0000|7.5900
145500|7.5800|7.6000|7.5800|7.5800|692600|5258024.0000|7.5800
150000|7.5800|7.6000|7.5800|7.5800|408500|3100784.0000|7.5800
