093500|9.5900|9.7300|9.5700|9.7000|1680800|16199820.0000|9.7000
094000|9.7000|9.7500|9.6900|9.7400|1104500|10730388.0000|9.7400
094500|9.7400|9.7500|9.7100|9.7400|841100|8182898.0000|9.7400
095000|9.7400|9.7700|9.7000|9.7600|1029600|10029175.0000|9.7600
095500|9.7700|9.7700|9.7000|9.7300|1550200|15072763.0000|9.7300
100000|9.7300|9.8000|9.7300|9.7700|681500|6662639.0000|9.7700
100500|9.7600|9.7800|9.7400|9.7700|444800|4342047.0000|9.7700
101000|9.7700|9.7700|9.7200|9.7500|524200|5108732.0000|9.7500
101500|9.7400|9.7600|9.7200|9.7500|604500|5887658.0000|9.7500
102000|9.7500|9.8000|9.7400|9.7800|986700|9642361.0000|9.7800
102500|9.7700|9.7900|9.7600|9.7700|435500|4258978.0000|9.7700
103000|9.7700|9.7700|9.7500|9.7600|139800|1364449.0000|9.7600
103500|9.7600|9.7800|9.7500|9.7500|458100|4473329.0000|9.7500
104000|9.7600|9.7700|9.7300|9.7400|398800|3888887.0000|9.7400
104500|9.7400|9.7400|9.7100|9.7200|226600|2203555.0000|9.7200
105000|9.7100|9.7200|9.6900|9.7000|332300|3225141.0000|9.7000
105500|9.7000|9.7200|9.7000|9.7100|238000|2311383.0000|9.7100
110000|9.7100|9.7100|9.7000|9.7000|83700|812102.0000|9.7000
110500|9.7100|9.7300|9.7000|9.7200|217600|2114887.0000|9.7200
111000|9.7200|9.7300|9.7200|9.7200|90664|881674.0000|9.7200
111500|9.7300|9.7300|9.7000|9.7200|362700|3525850.0000|9.7200
112000|9.7200|9.7400|9.7200|9.7300|118000|1147724.0000|9.7300
112500|9.7300|9.7400|9.7200|9.7300|199300|1938500.0000|9.7300
113000|9.7300|9.7300|9.7100|9.7200|179200|1742055.0000|9.7200
130500|9.7200|9.7400|9.7100|9.7200|166700|1621129.0000|9.7200
131000|9.7200|9.7300|9.7000|9.7100|186100|1807598.0000|9.7100
131500|9.7100|9.7100|9.6400|9.6600|1227800|11860228.0000|9.6600
132000|9.6600|9.6600|9.6400|9.6600|253100|2442411.0000|9.6600
132500|9.6600|9.6600|9.6400|9.6500|218500|2107841.0000|9.6500
133000|9.6500|9.6600|9.6300|9.6400|271700|2619154.0000|9.6400
133500|9.6400|9.6600|9.6300|9.6600|101700|981488.0000|9.6600
134000|9.6600|9.6600|9.6300|9.6300|301900|2909107.0000|9.6300
134500|9.6300|9.6400|9.6200|9.6200|135700|1306734.0000|9.6200
135000|9.6200|9.6300|9.6100|9.6200|207400|1995129.0000|9.6200
135500|9.6100|9.6500|9.6100|9.6400|330300|3179623.0000|9.6400
140000|9.6400|9.6600|9.6300|9.6400|184300|1776879.0000|9.6400
140500|9.6300|9.6700|9.6300|9.6600|266500|2569109.0000|9.6600
141000|9.6700|9.6800|9.6500|9.6500|242500|2343038.0000|9.6500
141500|9.6500|9.6600|9.6300|9.6400|286700|2765733.0000|9.6400
142000|9.6400|9.6500|9.6300|9.6300|103740|1000295.0000|9.6300
142500|9.6300|9.6400|9.6100|9.6200|236900|2279269.0000|9.6200
143000|9.6100|9.6200|9.5800|9.5900|422500|4054710.0000|9.5900
143500|9.5900|9.6000|9.5700|9.5800|462100|4426893.0000|9.5800
144000|9.5700|9.5900|9.5700|9.5700|297400|2847903.0000|9.5700
144500|9.5700|9.5900|9.5600|9.5600|301100|2881453.0000|9.5600
145000|9.5700|9.5700|9.5200|9.5200|756700|7224316.0000|9.5200
145500|9.5200|9.5600|9.5100|9.5600|580300|5535252.0000|9.5600
150000|9.5600|9.5800|9.5500|9.5600|277700|2655061.0000|9.5600
