093500|9.6600|9.6600|9.5500|9.6000|902200|8655664.0000|9.6000
094000|9.5900|9.6300|9.5900|9.6300|332960|3200033.0000|9.6300
094500|9.6300|9.6400|9.5800|9.5800|525244|5045476.0000|9.5800
095000|9.5900|9.5900|9.5400|9.5500|1154400|11044975.0000|9.5500
095500|9.5500|9.6000|9.5500|9.5800|213100|2040479.0000|9.5800
100000|9.5900|9.6000|9.5700|9.5700|157220|1506706.0000|9.5700
100500|9.5900|9.5900|9.5700|9.5700|143600|1375693.0000|9.5700
101000|9.5700|9.6200|9.5600|9.6100|281100|2695670.0000|9.6100
101500|9.6100|9.6400|9.6000|9.6000|277200|2666038.0000|9.6000
102000|9.6000|9.6100|9.6000|9.6100|52600|505342.0000|9.6100
102500|9.6100|9.6100|9.5800|9.5900|196300|1883216.0000|9.5900
103000|9.5900|9.6000|9.5900|9.6000|101840|977376.0000|9.6000
103500|9.6000|9.6000|9.5900|9.6000|144200|1384128.0000|9.6000
104000|9.6000|9.6000|9.5800|9.5900|159500|1529172.0000|9.5900
104500|9.5800|9.6000|9.5800|9.5800|108380|1039230.0000|9.5800
105000|9.5800|9.6000|9.5800|9.5900|70600|676893.0000|9.5900
105500|9.5900|9.6000|9.5800|9.6000|95300|913985.0000|9.6000
110000|9.6000|9.6000|9.5900|9.6000|64900|622809.0000|9.6000
110500|9.6000|9.6100|9.6000|9.6100|160400|1540154.0000|9.6100
111000|9.6100|9.6100|9.6000|9.6000|51000|489798.0000|9.6000
111500|9.6000|9.6100|9.5900|9.5900|89500|859169.0000|9.5900
112000|9.6000|9.6000|9.5800|9.5900|113100|1084732.0000|9.5900
112500|9.5900|9.6000|9.5800|9.5900|167300|1603292.0000|9.5900
113000|9.5900|9.5900|9.5800|9.5900|110300|1057159.0000|9.5900
130500|9.5900|9.6100|9.5800|9.5900|487600|4677691.0000|9.5900
131000|9.6100|9.6200|9.5900|9.6100|135700|1303859.0000|9.6100
131500|9.6100|9.6200|9.6000|9.6000|85600|822784.0000|9.6000
132000|9.6000|9.6100|9.6000|9.6100|91400|878271.0000|9.6100
132500|9.6100|9.6100|9.5900|9.5900|136000|1305874.0000|9.5900
133000|9.5900|9.6000|9.5800|9.5800|198000|1899467.0000|9.5800
133500|9.5900|9.6000|9.5800|9.5800|93400|895205.0000|9.5800
134000|9.5800|9.5900|9.5800|9.5900|106200|1017974.0000|9.5900
134500|9.5900|9.6100|9.5800|9.6100|209200|2007735.0000|9.6100
135000|9.6100|9.6100|9.5900|9.6000|140200|1346083.0000|9.6000
135500|9.6000|9.6000|9.5800|9.6000|145900|1399678.0000|9.6000
140000|9.5900|9.6000|9.5800|9.5900|114800|1101360.0000|9.5900
140500|9.5900|9.6000|9.5800|9.5900|191900|1840452.0000|9.5900
141000|9.5800|9.5900|9.5800|9.5800|67300|644980.0000|9.5800
141500|9.5800|9.5900|9.5700|9.5700|278700|2670139.0000|9.5700
142000|9.5700|9.5800|9.5700|9.5800|102000|976771.0000|9.5800
142500|9.5800|9.5800|9.5600|9.5700|136800|1309207.0000|9.5700
143000|9.5700|9.5800|9.5600|9.5600|169932|1625956.0000|9.5600
143500|9.5600|9.5800|9.5600|9.5700|278000|2660216.0000|9.5700
144000|9.5700|9.5800|9.5500|9.5500|482368|4615473.0000|9.5500
144500|9.5600|9.5700|9.5500|9.5600|250732|2396271.0000|9.5600
145000|9.5600|9.5700|9.5500|9.5700|342600|3275157.0000|9.5700
145500|9.5700|9.5700|9.5500|9.5600|462112|4415936.0000|9.5600
150000|9.5600|9.5700|9.5500|9.5500|378009|3611566.0000|9.5500
