093500|6.7600|6.7700|6.7400|6.7400|1264700|8542716.0000|6.7400
094000|6.7400|6.7500|6.7300|6.7300|1034574|6971337.0000|6.7300
094500|6.7400|6.7400|6.7100|6.7200|1380126|9276162.0000|6.7200
095000|6.7200|6.7300|6.7100|6.7300|643800|4328546.0000|6.7300
095500|6.7300|6.7300|6.7100|6.7200|1335000|8969983.0000|6.7200
100000|6.7200|6.7200|6.7000|6.7100|1786000|11977701.0000|6.7100
100500|6.7100|6.7200|6.7000|6.7100|605400|4061887.0000|6.7100
101000|6.7200|6.7300|6.7100|6.7100|1349600|9062993.0000|6.7100
101500|6.7100|6.7200|6.7100|6.7200|352300|2364492.0000|6.7200
102000|6.7200|6.7400|6.7200|6.7300|383100|2577854.0000|6.7300
102500|6.7300|6.7500|6.7300|6.7500|368500|2483151.0000|6.7500
103000|6.7400|6.7500|6.7300|6.7400|615400|4146335.0000|6.7400
103500|6.7400|6.7500|6.7300|6.7400|322000|2171692.0000|6.7400
104000|6.7500|6.7700|6.7400|6.7700|508700|3436792.0000|6.7700
104500|6.7700|6.7700|6.7500|6.7600|431400|2916873.0000|6.7600
105000|6.7600|6.7600|6.7400|6.7500|198800|1343350.0000|6.7500
105500|6.7600|6.7700|6.7600|6.7700|557200|3770260.0000|6.7700
110000|6.7600|6.7700|6.7500|6.7600|252100|1704199.0000|6.7600
110500|6.7600|6.7700|6.7500|6.7500|347700|2350104.0000|6.7500
111000|6.7500|6.7600|6.7400|6.7400|321500|2170045.0000|6.7400
111500|6.7400|6.7500|6.7400|6.7500|185200|1249671.0000|6.7500
112000|6.7400|6.7600|6.7400|6.7400|382800|2583996.0000|6.7400
112500|6.7500|6.7500|6.7400|6.7500|114000|768715.0000|6.7500
113000|6.7500|6.7500|6.7400|6.7400|163934|1105419.0000|6.7400
130500|6.7400|6.7600|6.7400|6.7600|472400|3187398.0000|6.7600
131000|6.7600|6.7700|6.7500|6.7600|429618|2904159.0000|6.7600
131500|6.7700|6.7700|6.7600|6.7600|279900|1894590.0000|6.7600
132000|6.7600|6.7700|6.7600|6.7600|430900|2914614.0000|6.7600
132500|6.7700|6.7700|6.7600|6.7600|264700|1790328.0000|6.7600
133000|6.7600|6.7700|6.7500|6.7500|372300|2516988.0000|6.7500
133500|6.7600|6.7700|6.7500|6.7600|973200|6578312.0000|6.7600
134000|6.7500|6.7700|6.7500|6.7600|469500|3173601.0000|6.7600
134500|6.7700|6.7800|6.7600|6.7800|1453500|9840581.0000|6.7800
135000|6.7800|6.7800|6.7600|6.7600|352300|2384908.0000|6.7600
135500|6.7600|6.7700|6.7600|6.7600|182400|1233772.0000|6.7600
140000|6.7600|6.7700|6.7600|6.7700|491400|3325836.0000|6.7700
140500|6.7600|6.7700|6.7500|6.7600|605300|4091370.0000|6.7600
141000|6.7600|6.7800|6.7600|6.7600|989000|6696131.0000|6.7600
141500|6.7600|6.7800|6.7600|6.7700|452542|3062013.0000|6.7700
142000|6.7600|6.7800|6.7600|6.7700|260900|1766778.0000|6.7700
142500|6.7700|6.7800|6.7600|6.7800|472300|3197790.0000|6.7800
143000|6.7800|6.7800|6.7600|6.7700|679300|4597712.0000|6.7700
143500|6.7700|6.7700|6.7500|6.7600|433400|2929842.0000|6.7600
144000|6.7700|6.7700|6.7500|6.7500|373000|2520156.0000|6.7500
144500|6.7600|6.7600|6.7400|6.7400|968600|6537122.0000|6.7400
145000|6.7400|6.7600|6.7400|6.7500|529273|3574304.0000|6.7500
145500|6.7600|6.7600|6.7400|6.7400|1372600|9262552.0000|6.7400
150000|6.7400|6.7600|6.7400|6.7600|1372693|9266723.0000|6.7600
