093500|7.2900|7.3100|7.2600|7.2800|1362900|9926085.0000|7.2800
094000|7.2900|7.2900|7.2600|7.2800|1122800|8172144.0000|7.2800
094500|7.2800|7.3300|7.2700|7.3300|1033300|7547656.0000|7.3300
095000|7.3300|7.3400|7.3100|7.3300|1637300|11999853.0000|7.3300
095500|7.3400|7.3500|7.3200|7.3300|2245700|16475021.0000|7.3300
100000|7.3300|7.3500|7.3300|7.3400|1306443|9589234.0000|7.3400
100500|7.3500|7.3500|7.3300|7.3400|1287300|9451187.0000|7.3400
101000|7.3400|7.3500|7.3300|7.3400|962500|7068131.0000|7.3400
101500|7.3500|7.3500|7.3200|7.3200|791600|5804796.0000|7.3200
102000|7.3300|7.3300|7.3200|7.3300|427300|3130761.0000|7.3300
102500|7.3300|7.3400|7.3200|7.3400|619100|4538782.0000|7.3400
103000|7.3400|7.3400|7.3300|7.3300|447800|3286267.0000|7.3300
103500|7.3400|7.3400|7.3100|7.3100|834400|6111796.0000|7.3100
104000|7.3100|7.3300|7.3100|7.3200|539700|3950235.0000|7.3200
104500|7.3200|7.3400|7.3100|7.3300|1640300|12012610.0000|7.3300
105000|7.3400|7.3500|7.3300|7.3300|721000|5292677.0000|7.3300
105500|7.3400|7.3500|7.3400|7.3500|360100|2645993.0000|7.3500
110000|7.3500|7.3600|7.3400|7.3500|1312085|9644931.0000|7.3500
110500|7.3500|7.3600|7.3400|7.3500|609200|4477779.0000|7.3500
111000|7.3500|7.3500|7.3400|7.3400|767100|5635850.0000|7.3400
111500|7.3400|7.3500|7.3300|7.3500|441000|3238023.0000|7.3500
112000|7.3500|7.3500|7.3400|7.3500|464654|3414315.0000|7.3500
112500|7.3500|7.3500|7.3400|7.3400|362000|2660478.0000|7.3400
113000|7.3400|7.3500|7.3400|7.3400|623700|4581596.0000|7.3400
130500|7.3300|7.3400|7.3200|7.3400|866560|6354236.0000|7.3400
131000|7.3200|7.3400|7.3200|7.3300|463951|3400237.0000|7.3300
131500|7.3300|7.3400|7.3200|7.3400|470500|3450263.0000|7.3400
132000|7.3400|7.3400|7.3300|7.3300|474200|3479522.0000|7.3300
132500|7.3300|7.3400|7.3300|7.3400|413700|3035472.0000|7.3400
133000|7.3300|7.3400|7.3200|7.3400|872300|6395118.0000|7.3400
133500|7.3300|7.3400|7.3200|7.3400|668500|4904399.0000|7.3400
134000|7.3400|7.3500|7.3300|7.3500|887246|6513041.0000|7.3500
134500|7.3400|7.3500|7.3400|7.3500|599900|4408260.0000|7.3500
135000|7.3400|7.3600|7.3400|7.3600|893654|6567969.0000|7.3600
135500|7.3600|7.3600|7.3400|7.3400|1268000|9322028.0000|7.3400
140000|7.3400|7.3500|7.3300|7.3400|1054300|7740064.0000|7.3400
140500|7.3400|7.3500|7.3300|7.3300|775200|5689761.0000|7.3300
141000|7.3300|7.3400|7.3200|7.3300|1000000|7330044.0000|7.3300
141500|7.3300|7.3400|7.3200|7.3300|649700|4761670.0000|7.3300
142000|7.3300|7.3300|7.3000|7.3100|1685335|12334068.0000|7.3100
142500|7.3100|7.3200|7.2900|7.3000|1165300|8514080.0000|7.3000
143000|7.3000|7.3100|7.2900|7.3000|763300|5575616.0000|7.3000
143500|7.3100|7.3300|7.3000|7.3200|924100|6761680.0000|7.3200
144000|7.3200|7.3300|7.3100|7.3200|453200|3318848.0000|7.3200
144500|7.3100|7.3200|7.3100|7.3200|363600|2660464.0000|7.3200
145000|7.3100|7.3300|7.3100|7.3200|955700|6997024.0000|7.3200
145500|7.3200|7.3200|7.2900|7.2900|1586300|11563200.0000|7.2900
150000|7.2800|7.3100|7.2800|7.3100|624600|4558144.0000|7.3100
