09350000|11.4100000000|11.5400000000|11.4000000000|11.5300000000|3771300|43325112.0000|11.5300000000
09400000|11.5300000000|11.5500000000|11.4800000000|11.5200000000|1981700|22818960.0000|11.5200000000
09450000|11.5200000000|11.5200000000|11.4600000000|11.4600000000|1465000|16819324.0000|11.4600000000
09500000|11.4600000000|11.5100000000|11.4500000000|11.5000000000|1159000|13310184.0000|11.5000000000
09550000|11.5000000000|11.5000000000|11.4700000000|11.5000000000|1114800|12808096.0000|11.5000000000
10000000|11.5000000000|11.5200000000|11.5000000000|11.5100000000|955700|11001728.0000|11.5100000000
10050000|11.5100000000|11.5400000000|11.4800000000|11.5000000000|1432400|16487864.0000|11.5000000000
10100000|11.5000000000|11.5200000000|11.4900000000|11.5100000000|579200|6661088.0000|11.5100000000
10150000|11.5100000000|11.5300000000|11.5100000000|11.5100000000|551900|6357104.0000|11.5100000000
10200000|11.5100000000|11.5200000000|11.4900000000|11.5000000000|1037600|11936544.0000|11.5000000000
10250000|11.5000000000|11.5000000000|11.4800000000|11.4900000000|335500|3855616.0000|11.4900000000
10300000|11.5000000000|11.5000000000|11.4700000000|11.4900000000|544300|6248512.0000|11.4900000000
10350000|11.4900000000|11.5200000000|11.4900000000|11.5000000000|530200|6098528.0000|11.5000000000
10400000|11.5000000000|11.5000000000|11.4700000000|11.4800000000|445300|5114960.0000|11.4800000000
10450000|11.4900000000|11.5000000000|11.4800000000|11.4900000000|496800|5704848.0000|11.4900000000
10500000|11.4900000000|11.5300000000|11.4900000000|11.5200000000|1247100|14352880.0000|11.5200000000
10550000|11.5200000000|11.5300000000|11.5000000000|11.5000000000|387200|4457776.0000|11.5000000000
11000000|11.5000000000|11.5100000000|11.4900000000|11.5100000000|271000|3116784.0000|11.5100000000
11050000|11.5100000000|11.5100000000|11.4800000000|11.5000000000|360200|4140176.0000|11.5000000000
11100000|11.5000000000|11.5000000000|11.4900000000|11.4900000000|205600|2362800.0000|11.4900000000
11150000|11.4900000000|11.5100000000|11.4900000000|11.5000000000|502100|5772864.0000|11.5000000000
11200000|11.5000000000|11.5000000000|11.4800000000|11.4800000000|300800|3456704.0000|11.4800000000
11250000|11.4800000000|11.4900000000|11.4800000000|11.4900000000|337000|3870432.0000|11.4900000000
11300000|11.4900000000|11.5000000000|11.4800000000|11.4800000000|536800|6166720.0000|11.4800000000
13050000|11.4900000000|11.5200000000|11.4800000000|11.4900000000|1270500|14615824.0000|11.4900000000
13100000|11.4900000000|11.5100000000|11.4800000000|11.4800000000|651100|7486256.0000|11.4800000000
13150000|11.4800000000|11.4900000000|11.4700000000|11.4800000000|410200|4707120.0000|11.4800000000
13200000|11.4800000000|11.4800000000|11.4600000000|11.4700000000|520200|5964112.0000|11.4700000000
13250000|11.4700000000|11.4700000000|11.4500000000|11.4500000000|535900|6141280.0000|11.4500000000
13300000|11.4500000000|11.4600000000|11.4300000000|11.4400000000|1102400|12617440.0000|11.4400000000
13350000|11.4400000000|11.4700000000|11.4400000000|11.4700000000|640200|7332000.0000|11.4700000000
13400000|11.4700000000|11.4700000000|11.4400000000|11.4400000000|479200|5487712.0000|11.4400000000
13450000|11.4500000000|11.4500000000|11.4300000000|11.4300000000|487600|5576672.0000|11.4300000000
13500000|11.4300000000|11.4500000000|11.4300000000|11.4500000000|843400|9648512.0000|11.4500000000
13550000|11.4500000000|11.4500000000|11.4100000000|11.4200000000|1134300|12957664.0000|11.4200000000
14000000|11.4200000000|11.4300000000|11.4100000000|11.4200000000|719800|8221888.0000|11.4200000000
14050000|11.4200000000|11.4300000000|11.4100000000|11.4300000000|691600|7896096.0000|11.4300000000
14100000|11.4300000000|11.4500000000|11.4200000000|11.4400000000|729700|8340448.0000|11.4400000000
14150000|11.4400000000|11.4600000000|11.4400000000|11.4500000000|613800|7027200.0000|11.4500000000
14200000|11.4500000000|11.4600000000|11.4400000000|11.4500000000|339100|3882560.0000|11.4500000000
14250000|11.4500000000|11.4600000000|11.4400000000|11.4600000000|344500|3945472.0000|11.4600000000
14300000|11.4600000000|11.4600000000|11.4400000000|11.4500000000|366300|4195200.0000|11.4500000000
14350000|11.4500000000|11.4600000000|11.4500000000|11.4600000000|783100|8969664.0000|11.4600000000
14400000|11.4600000000|11.4700000000|11.4500000000|11.4600000000|681100|7803712.0000|11.4600000000
14450000|11.4600000000|11.4600000000|11.4500000000|11.4500000000|669900|7672480.0000|11.4500000000
14500000|11.4500000000|11.4600000000|11.4500000000|11.4600000000|709900|8130368.0000|11.4600000000
14550000|11.4600000000|11.4600000000|11.4500000000|11.4500000000|1044200|11961024.0000|11.4500000000
15000000|11.4500000000|11.4700000000|11.4500000000|11.4700000000|740300|8479872.0000|11.4700000000
