09350000|6.5800000000|6.6400000000|6.5600000000|6.6300000000|15042000|99345640.0000|6.6300000000
09400000|6.6300000000|6.6300000000|6.5800000000|6.5900000000|6242400|41223312.0000|6.5900000000
09450000|6.5900000000|6.5900000000|6.5500000000|6.5700000000|3586200|23562144.0000|6.5700000000
09500000|6.5700000000|6.5700000000|6.5400000000|6.5600000000|3466800|22718336.0000|6.5600000000
09550000|6.5600000000|6.5600000000|6.5400000000|6.5400000000|1990700|13029344.0000|6.5400000000
10000000|6.5400000000|6.5500000000|6.5300000000|6.5400000000|1779700|11626128.0000|6.5400000000
10050000|6.5400000000|6.5400000000|6.5200000000|6.5300000000|1905800|12435840.0000|6.5300000000
10100000|6.5300000000|6.5500000000|6.5200000000|6.5400000000|1367900|8942944.0000|6.5400000000
10150000|6.5400000000|6.5500000000|6.5300000000|6.5400000000|901700|5897504.0000|6.5400000000
10200000|6.5400000000|6.5500000000|6.5200000000|6.5400000000|1437400|9385024.0000|6.5400000000
10250000|6.5400000000|6.5500000000|6.5200000000|6.5300000000|1233200|8056512.0000|6.5300000000
10300000|6.5300000000|6.5400000000|6.5300000000|6.5300000000|690200|4510464.0000|6.5300000000
10350000|6.5300000000|6.5600000000|6.5300000000|6.5600000000|1385500|9071088.0000|6.5600000000
10400000|6.5600000000|6.6000000000|6.5500000000|6.5800000000|4565500|30044144.0000|6.5800000000
10450000|6.5800000000|6.5900000000|6.5700000000|6.5700000000|1583200|10419040.0000|6.5700000000
10500000|6.5700000000|6.5900000000|6.5600000000|6.5800000000|1498700|9850880.0000|6.5800000000
10550000|6.5800000000|6.5800000000|6.5600000000|6.5600000000|1194300|7852000.0000|6.5600000000
11000000|6.5600000000|6.6000000000|6.5600000000|6.6000000000|2156400|14203072.0000|6.6000000000
11050000|6.6000000000|6.6000000000|6.5700000000|6.5700000000|822400|5418944.0000|6.5700000000
11100000|6.5800000000|6.5900000000|6.5700000000|6.5700000000|431100|2835104.0000|6.5700000000
11150000|6.5700000000|6.5900000000|6.5700000000|6.5900000000|884000|5816320.0000|6.5900000000
11200000|6.5900000000|6.5900000000|6.5700000000|6.5800000000|839700|5525536.0000|6.5800000000
11250000|6.5800000000|6.5900000000|6.5700000000|6.5800000000|724700|4769248.0000|6.5800000000
11300000|6.5800000000|6.5800000000|6.5600000000|6.5800000000|738200|4850720.0000|6.5800000000
13050000|6.5800000000|6.5900000000|6.5500000000|6.5500000000|1579300|10363488.0000|6.5500000000
13100000|6.5500000000|6.5600000000|6.5500000000|6.5600000000|375800|2463200.0000|6.5600000000
13150000|6.5600000000|6.5600000000|6.5400000000|6.5400000000|1576200|10322144.0000|6.5400000000
13200000|6.5400000000|6.5500000000|6.5400000000|6.5500000000|361700|2367456.0000|6.5500000000
13250000|6.5400000000|6.5600000000|6.5400000000|6.5500000000|656500|4299936.0000|6.5500000000
13300000|6.5500000000|6.5600000000|6.5500000000|6.5500000000|967900|6343360.0000|6.5500000000
13350000|6.5400000000|6.5500000000|6.5400000000|6.5500000000|722000|4725312.0000|6.5500000000
13400000|6.5500000000|6.5500000000|6.5300000000|6.5400000000|1484700|9705856.0000|6.5400000000
13450000|6.5400000000|6.5400000000|6.5200000000|6.5300000000|1587200|10362048.0000|6.5300000000
13500000|6.5300000000|6.5300000000|6.5100000000|6.5200000000|2157900|14062976.0000|6.5200000000
13550000|6.5200000000|6.5200000000|6.5000000000|6.5100000000|1906100|12405440.0000|6.5100000000
14000000|6.5100000000|6.5100000000|6.4800000000|6.4900000000|3989900|25924000.0000|6.4900000000
14050000|6.4900000000|6.5000000000|6.4900000000|6.4900000000|1896000|12314144.0000|6.4900000000
14100000|6.4900000000|6.5000000000|6.4700000000|6.4800000000|2598000|16849920.0000|6.4800000000
14150000|6.4800000000|6.4800000000|6.4600000000|6.4700000000|1886300|12205920.0000|6.4700000000
14200000|6.4700000000|6.4800000000|6.4600000000|6.4800000000|2220100|14352608.0000|6.4800000000
14250000|6.4800000000|6.4800000000|6.4600000000|6.4800000000|1314200|8503328.0000|6.4800000000
14300000|6.4800000000|6.4800000000|6.4700000000|6.4700000000|656400|4251456.0000|6.4700000000
14350000|6.4700000000|6.4800000000|6.4600000000|6.4700000000|2460300|15917752.0000|6.4700000000
14400000|6.4700000000|6.4700000000|6.4600000000|6.4700000000|1197800|7742082.0000|6.4700000000
14450000|6.4700000000|6.4700000000|6.4600000000|6.4700000000|1388800|8978558.0000|6.4700000000
14500000|6.4700000000|6.4800000000|6.4600000000|6.4800000000|1878300|12154816.0000|6.4800000000
14550000|6.4800000000|6.4800000000|6.4600000000|6.4700000000|3280400|21233792.0000|6.4700000000
15000000|6.4700000000|6.4800000000|6.4600000000|6.4700000000|2199700|14230787.0000|6.4700000000
