09350000|12.1414070400|12.2002032000|12.1414070400|12.1708051200|5508700|68415008.0000|12.1708051200
09400000|12.1708051200|12.2100025600|12.1512064000|12.2100025600|3473700|43160304.0000|12.2100025600
09450000|12.2100025600|12.2492000000|12.2100025600|12.2296012800|5089100|63512576.0000|12.2296012800
09500000|12.2296012800|12.2492000000|12.1904038400|12.2002032000|3752400|46814080.0000|12.2002032000
09550000|12.2002032000|12.2589993600|12.2002032000|12.2589993600|3611300|45080816.0000|12.2589993600
10000000|12.2589993600|12.2883974400|12.2492000000|12.2589993600|4602500|57657776.0000|12.2589993600
10050000|12.2589993600|12.2883974400|12.2492000000|12.2785980800|3802700|47630592.0000|12.2785980800
10100000|12.2785980800|12.2883974400|12.2687987200|12.2785980800|2442700|30617056.0000|12.2785980800
10150000|12.2785980800|12.2883974400|12.2589993600|12.2589993600|1825900|22870272.0000|12.2589993600
10200000|12.2589993600|12.2981968000|12.2492000000|12.2883974400|2686800|33649312.0000|12.2883974400
10250000|12.2883974400|12.2883974400|12.2589993600|12.2687987200|1410400|17666624.0000|12.2687987200
10300000|12.2687987200|12.2981968000|12.2687987200|12.2883974400|1461400|18321664.0000|12.2883974400
10350000|12.2883974400|12.2883974400|12.2492000000|12.2492000000|1315500|16470048.0000|12.2492000000
10400000|12.2492000000|12.2785980800|12.2492000000|12.2785980800|934000|11695232.0000|12.2785980800
10450000|12.2785980800|12.2785980800|12.2394006400|12.2394006400|1510500|18890464.0000|12.2394006400
10500000|12.2296012800|12.2394006400|12.2296012800|12.2296012800|684400|8543616.0000|12.2296012800
10550000|12.2296012800|12.2296012800|12.2100025600|12.2198019200|732100|9127750.0000|12.2198019200
11000000|12.2198019200|12.2198019200|12.2002032000|12.2002032000|777800|9689148.0000|12.2002032000
11050000|12.2002032000|12.2296012800|12.2002032000|12.2198019200|537900|6705718.0000|12.2198019200
11100000|12.2198019200|12.2296012800|12.2100025600|12.2100025600|370100|4614400.0000|12.2100025600
11150000|12.2100025600|12.2198019200|12.2002032000|12.2198019200|738800|9203146.0000|12.2198019200
11200000|12.2198019200|12.2296012800|12.2100025600|12.2296012800|419200|5227517.0000|12.2296012800
11250000|12.2198019200|12.2296012800|12.2100025600|12.2100025600|683900|8531265.0000|12.2100025600
11300000|12.2100025600|12.2296012800|12.2100025600|12.2296012800|369700|4611200.0000|12.2296012800
13050000|12.2296012800|12.2687987200|12.2296012800|12.2492000000|1274700|15942202.0000|12.2492000000
13100000|12.2492000000|12.2589993600|12.2296012800|12.2296012800|687500|8589895.0000|12.2296012800
13150000|12.2394006400|12.2394006400|12.2198019200|12.2198019200|776600|9694075.0000|12.2198019200
13200000|12.2198019200|12.2296012800|12.2198019200|12.2296012800|311400|3885700.0000|12.2296012800
13250000|12.2296012800|12.2296012800|12.2198019200|12.2296012800|481400|6005376.0000|12.2296012800
13300000|12.2296012800|12.2296012800|12.2100025600|12.2198019200|513400|6401152.0000|12.2198019200
13350000|12.2100025600|12.2198019200|12.1806044800|12.1806044800|1397800|17395518.0000|12.1806044800
13400000|12.1806044800|12.1904038400|12.1708051200|12.1806044800|793200|9857340.0000|12.1806044800
13450000|12.1806044800|12.2002032000|12.1806044800|12.1806044800|559700|6961089.0000|12.1806044800
13500000|12.1806044800|12.1806044800|12.1610057600|12.1708051200|1380900|17150794.0000|12.1708051200
13550000|12.1708051200|12.1806044800|12.1610057600|12.1708051200|380100|4719991.0000|12.1708051200
14000000|12.1708051200|12.1708051200|12.1512064000|12.1512064000|929200|11529084.0000|12.1512064000
14050000|12.1512064000|12.1610057600|12.1316076800|12.1512064000|1864900|23108425.0000|12.1512064000
14100000|12.1512064000|12.1708051200|12.1512064000|12.1512064000|673900|8361015.0000|12.1512064000
14150000|12.1512064000|12.1512064000|12.1218083200|12.1414070400|1195500|14804036.0000|12.1414070400
14200000|12.1316076800|12.1414070400|12.1120089600|12.1120089600|1277600|15807744.0000|12.1120089600
14250000|12.1120089600|12.1218083200|12.1022096000|12.1120089600|944300|11672648.0000|12.1120089600
14300000|12.1120089600|12.1120089600|12.0728115200|12.0924102400|1718100|21199932.0000|12.0924102400
14350000|12.0924102400|12.1120089600|12.0532128000|12.0630121600|1092800|13472960.0000|12.0630121600
14400000|12.0630121600|12.0826108800|12.0532128000|12.0728115200|1262700|15544896.0000|12.0728115200
14450000|12.0728115200|12.1120089600|12.0728115200|12.1022096000|858000|10587136.0000|12.1022096000
14500000|12.1022096000|12.1022096000|12.0434134400|12.0728115200|1868900|23025728.0000|12.0728115200
14550000|12.0728115200|12.0826108800|12.0728115200|12.0826108800|1342300|16536192.0000|12.0826108800
15000000|12.0826108800|12.0826108800|12.0630121600|12.0826108800|977100|12042688.0000|12.0826108800
