09350000|52.9063200000|55.0548000000|52.7116140000|54.7325280000|925548|74972937.0000|54.7325280000
09400000|54.7325280000|55.7262000000|54.7056720000|55.6657740000|715134|58877371.0000|55.6657740000
09450000|55.6657740000|55.9007640000|54.7191000000|54.9138060000|431200|35516049.0000|54.9138060000
09500000|54.9540900000|55.6456320000|54.9540900000|55.5583500000|235450|19422798.0000|55.5583500000
09550000|55.5516360000|55.7731980000|55.4912100000|55.7664840000|305750|25353019.0000|55.7664840000
10000000|55.7664840000|55.8671940000|55.6590600000|55.8269100000|234185|19465401.0000|55.8269100000
10050000|55.8269100000|55.9880460000|55.4844960000|55.5449220000|234800|19530920.0000|55.5449220000
10100000|55.4844960000|55.6322040000|55.2360780000|55.2360780000|144800|11957555.0000|55.2360780000
10150000|55.2629340000|55.5113520000|55.0682280000|55.0749420000|132700|10928206.0000|55.0749420000
10200000|55.0682280000|55.3905000000|54.9742320000|54.9876600000|135100|11097872.0000|54.9876600000
10250000|54.9809460000|55.3300740000|54.9205200000|55.2897900000|117600|9655536.0000|55.2897900000
10300000|55.3367880000|55.7262000000|55.2897900000|55.6993440000|203200|16818640.0000|55.6993440000
10350000|55.6657740000|56.0619000000|55.6456320000|56.0619000000|491812|40906512.0000|56.0619000000
10400000|56.0619000000|56.0619000000|55.4576400000|55.4777820000|141600|11763360.0000|55.4777820000
10450000|55.5516360000|55.7262000000|55.2830760000|55.2965040000|72800|6014448.0000|55.2965040000
10500000|55.2965040000|55.3569300000|54.9742320000|55.1085120000|156100|12811888.0000|55.1085120000
10550000|55.1085120000|55.2965040000|55.0548000000|55.0816560000|54600|4481600.0000|55.0816560000
11000000|55.0816560000|55.3166460000|55.0548000000|55.0615140000|84200|6921200.0000|55.0615140000
11050000|55.0615140000|55.1286540000|54.9876600000|55.0682280000|78586|6443664.0000|55.0682280000
11100000|55.0950840000|55.3905000000|55.0950840000|55.3300740000|49500|4071056.0000|55.3300740000
11150000|55.3300740000|55.3905000000|55.0615140000|55.1085120000|69500|5725312.0000|55.1085120000
11200000|55.1085120000|55.3905000000|55.1085120000|55.3837860000|113000|9310432.0000|55.3837860000
11250000|55.3905000000|55.7933400000|55.3905000000|55.6120620000|127200|10537712.0000|55.6120620000
11300000|55.6120620000|55.7262000000|55.3367880000|55.3367880000|77100|6388656.0000|55.3367880000
13050000|55.3905000000|55.6590600000|55.2629340000|55.3972140000|88200|7283248.0000|55.3972140000
13100000|55.3972140000|55.5314940000|55.2696480000|55.3636440000|60900|5020288.0000|55.3636440000
13150000|55.3569300000|55.3569300000|55.2562200000|55.2763620000|31700|2611264.0000|55.2763620000
13200000|55.2763620000|55.2763620000|55.0413720000|55.0548000000|86800|7124016.0000|55.0548000000
13250000|55.0548000000|55.3233600000|55.0548000000|55.2897900000|39400|3238912.0000|55.2897900000
13300000|55.2897900000|55.3099320000|55.1420820000|55.2025080000|21600|1776128.0000|55.2025080000
13350000|55.1689380000|55.1890800000|55.0615140000|55.0883700000|30700|2519440.0000|55.0883700000
13400000|55.0883700000|55.2562200000|55.0883700000|55.2092220000|36900|3031728.0000|55.2092220000
13450000|55.2092220000|55.3233600000|55.1957940000|55.2293640000|119000|9799408.0000|55.2293640000
13500000|55.2293640000|55.3233600000|55.2293640000|55.2360780000|103000|8477312.0000|55.2360780000
13550000|55.2360780000|55.5247800000|55.2360780000|55.3300740000|59700|4923648.0000|55.3300740000
14000000|55.3905000000|55.4240700000|55.2763620000|55.2830760000|39000|3215248.0000|55.2830760000
14050000|55.2897900000|55.3166460000|55.0413720000|55.0615140000|107000|8783104.0000|55.0615140000
14100000|55.0615140000|55.0749420000|54.9943740000|55.0078020000|40800|3344912.0000|55.0078020000
14150000|55.0078020000|55.1487960000|54.9675180000|55.0548000000|75200|6161376.0000|55.0548000000
14200000|55.1152260000|55.1152260000|54.9138060000|55.0010880000|82900|6788960.0000|55.0010880000
14250000|54.9876600000|55.0950840000|54.9876600000|55.0212300000|71400|5852976.0000|55.0212300000
14300000|55.0212300000|55.1890800000|54.9675180000|55.0548000000|190600|15629680.0000|55.0548000000
14350000|55.0615140000|55.1890800000|54.9742320000|54.9809460000|129200|10595424.0000|54.9809460000
14400000|54.9876600000|55.0548000000|54.9608040000|54.9876600000|138300|11328400.0000|54.9876600000
14450000|54.9943740000|55.0615140000|54.9742320000|54.9876600000|126400|10359872.0000|54.9876600000
14500000|54.9742320000|55.1890800000|54.9608040000|55.0548000000|323600|26532544.0000|55.0548000000
14550000|55.0548000000|55.0615140000|54.7660980000|54.8936640000|267200|21848784.0000|54.8936640000
15000000|54.9272340000|54.9876600000|54.8265240000|54.9876600000|195100|15963792.0000|54.9876600000
