09350000|6.1900000000|6.3300000000|6.1000000000|6.2700000000|1136700|7139235.0000|6.2700000000
09400000|6.2700000000|6.3500000000|6.2400000000|6.3400000000|856500|5390190.0000|6.3400000000
09450000|6.3400000000|6.4300000000|6.2800000000|6.2900000000|1859800|11856063.0000|6.2900000000
09500000|6.3000000000|6.3200000000|6.2800000000|6.3000000000|414600|2613720.0000|6.3000000000
09550000|6.3000000000|6.3000000000|6.2800000000|6.2900000000|220800|1389120.0000|6.2900000000
10000000|6.2800000000|6.2900000000|6.2700000000|6.2900000000|204300|1283802.0000|6.2900000000
10050000|6.3000000000|6.3200000000|6.3000000000|6.3100000000|540500|3406936.0000|6.3100000000
10100000|6.3200000000|6.3600000000|6.3200000000|6.3500000000|789600|5010594.0000|6.3500000000
10150000|6.3500000000|6.3500000000|6.3300000000|6.3300000000|308200|1954800.0000|6.3300000000
10200000|6.3200000000|6.3300000000|6.3100000000|6.3300000000|170000|1074960.0000|6.3300000000
10250000|6.3200000000|6.3900000000|6.3200000000|6.3800000000|701900|4468984.0000|6.3800000000
10300000|6.3800000000|6.4000000000|6.3800000000|6.3900000000|748900|4785152.0000|6.3900000000
10350000|6.3900000000|6.4000000000|6.3700000000|6.3700000000|275200|1756640.0000|6.3700000000
10400000|6.3800000000|6.3800000000|6.3500000000|6.3700000000|403700|2569008.0000|6.3700000000
10450000|6.3800000000|6.4000000000|6.3700000000|6.3900000000|311900|1992140.0000|6.3900000000
10500000|6.3900000000|6.4600000000|6.3800000000|6.4500000000|1576400|10133988.0000|6.4500000000
10550000|6.4500000000|6.4500000000|6.4200000000|6.4400000000|529200|3406372.0000|6.4400000000
11000000|6.4400000000|6.4600000000|6.4300000000|6.4300000000|341400|2201624.0000|6.4300000000
11050000|6.4300000000|6.4400000000|6.3800000000|6.3800000000|220800|1415752.0000|6.3800000000
11100000|6.3800000000|6.4100000000|6.3700000000|6.3900000000|409000|2613928.0000|6.3900000000
11150000|6.4000000000|6.4000000000|6.3800000000|6.3800000000|94000|600800.0000|6.3800000000
11200000|6.3900000000|6.4000000000|6.3800000000|6.3900000000|57000|364296.0000|6.3900000000
11250000|6.4000000000|6.4000000000|6.3900000000|6.3900000000|130700|836168.0000|6.3900000000
11300000|6.3900000000|6.4100000000|6.3900000000|6.4100000000|164900|1055760.0000|6.4100000000
13050000|6.4000000000|6.4100000000|6.3800000000|6.3800000000|254900|1630496.0000|6.3800000000
13100000|6.3800000000|6.3900000000|6.3600000000|6.3600000000|381600|2432488.0000|6.3600000000
13150000|6.3600000000|6.3700000000|6.3400000000|6.3400000000|533200|3386584.0000|6.3400000000
13200000|6.3400000000|6.3500000000|6.3300000000|6.3400000000|205300|1300928.0000|6.3400000000
13250000|6.3400000000|6.3400000000|6.3000000000|6.3200000000|453700|2863848.0000|6.3200000000
13300000|6.3200000000|6.3400000000|6.3000000000|6.3200000000|848300|5355856.0000|6.3200000000
13350000|6.3200000000|6.3300000000|6.3200000000|6.3300000000|125500|793272.0000|6.3300000000
13400000|6.3300000000|6.3400000000|6.3200000000|6.3300000000|79900|505856.0000|6.3300000000
13450000|6.3200000000|6.3300000000|6.3000000000|6.3000000000|159900|1009736.0000|6.3000000000
13500000|6.3000000000|6.3100000000|6.2900000000|6.2900000000|208200|1311000.0000|6.2900000000
13550000|6.3000000000|6.3000000000|6.2900000000|6.3000000000|195100|1228552.0000|6.3000000000
14000000|6.3000000000|6.3400000000|6.3000000000|6.3300000000|400200|2524976.0000|6.3300000000
14050000|6.3300000000|6.3400000000|6.3200000000|6.3200000000|174600|1105736.0000|6.3200000000
14100000|6.3300000000|6.3400000000|6.3100000000|6.3300000000|554500|3504872.0000|6.3300000000
14150000|6.3400000000|6.3500000000|6.3300000000|6.3300000000|473100|3000152.0000|6.3300000000
14200000|6.3400000000|6.3600000000|6.3400000000|6.3600000000|209600|1329488.0000|6.3600000000
14250000|6.3600000000|6.3600000000|6.3400000000|6.3500000000|99600|632752.0000|6.3500000000
14300000|6.3500000000|6.3500000000|6.3400000000|6.3500000000|89100|565560.0000|6.3500000000
14350000|6.3500000000|6.3500000000|6.3400000000|6.3500000000|117700|747248.0000|6.3500000000
14400000|6.3500000000|6.3600000000|6.3400000000|6.3400000000|236500|1502160.0000|6.3400000000
14450000|6.3400000000|6.3500000000|6.3300000000|6.3300000000|194100|1230832.0000|6.3300000000
14500000|6.3400000000|6.3500000000|6.3300000000|6.3400000000|225300|1429880.0000|6.3400000000
14550000|6.3400000000|6.3600000000|6.3300000000|6.3500000000|588400|3730192.0000|6.3500000000
15000000|6.3500000000|6.3600000000|6.3400000000|6.3400000000|257500|1634344.0000|6.3400000000
