093500|8.4700|8.4800|8.4000|8.4600|2067314|17431769.0000|8.4600
094000|8.4500|8.4900|8.4200|8.4600|1440500|12176821.0000|8.4600
094500|8.4700|8.5000|8.4000|8.4100|1362300|11517012.0000|8.4100
095000|8.4100|8.4400|8.3800|8.3900|1286400|10826896.0000|8.3900
095500|8.4000|8.4400|8.3700|8.4200|1194900|10043321.0000|8.4200
100000|8.4300|8.4600|8.3900|8.4000|993700|8370737.0000|8.4000
100500|8.4000|8.4200|8.3300|8.3700|1292800|10816200.0000|8.3700
101000|8.3500|8.3800|8.3100|8.3700|1295200|10806548.0000|8.3700
101500|8.3800|8.4300|8.3400|8.4300|799200|6694223.0000|8.4300
102000|8.4500|8.5000|8.4300|8.4800|951100|8049119.0000|8.4800
102500|8.4700|8.5300|8.4600|8.5300|1223600|10388683.0000|8.5300
103000|8.5300|8.5300|8.4700|8.4800|456700|3885203.0000|8.4800
103500|8.4800|8.5000|8.4700|8.4700|391800|3322358.0000|8.4700
104000|8.4700|8.4800|8.4100|8.4100|330500|2791718.0000|8.4100
104500|8.4200|8.4200|8.3700|8.3800|821800|6901330.0000|8.3800
105000|8.3800|8.4000|8.3400|8.3900|451400|3777199.0000|8.3900
105500|8.3800|8.4000|8.3500|8.3600|908200|7616996.0000|8.3600
110000|8.3600|8.3700|8.3500|8.3500|255443|2134241.0000|8.3500
110500|8.3500|8.3900|8.3300|8.3900|365400|3050753.0000|8.3900
111000|8.3900|8.4000|8.3200|8.3200|669100|5578083.0000|8.3200
111500|8.3300|8.3300|8.2700|8.2900|1193900|9911982.0000|8.2900
112000|8.2900|8.3000|8.2600|8.2600|549000|4545688.0000|8.2600
112500|8.2600|8.3300|8.2600|8.3200|473700|3933720.0000|8.3200
113000|8.3200|8.3500|8.3100|8.3300|330700|2754608.0000|8.3300
130500|8.3300|8.4100|8.3200|8.4000|378700|3166332.0000|8.4000
131000|8.4000|8.4400|8.4000|8.4100|397500|3345395.0000|8.4100
131500|8.4100|8.4400|8.3800|8.4300|261200|2195270.0000|8.4300
132000|8.4300|8.4400|8.3900|8.4000|307000|2584207.0000|8.4000
132500|8.4000|8.4100|8.3800|8.3800|281200|2359209.0000|8.3800
133000|8.3700|8.4100|8.3700|8.4000|219000|1836360.0000|8.4000
133500|8.4100|8.4300|8.3900|8.4000|221700|1865528.0000|8.4000
134000|8.4100|8.4100|8.3900|8.3900|139000|1167759.0000|8.3900
134500|8.4000|8.4400|8.3900|8.4200|550000|4624163.0000|8.4200
135000|8.4200|8.4300|8.4100|8.4200|230000|1936446.0000|8.4200
135500|8.4200|8.4200|8.3900|8.4200|306900|2580192.0000|8.4200
140000|8.4100|8.4400|8.4100|8.4400|212177|1786550.0000|8.4400
140500|8.4300|8.4700|8.4300|8.4400|300300|2537563.0000|8.4400
141000|8.4300|8.4800|8.4300|8.4600|643200|5440834.0000|8.4600
141500|8.4600|8.4600|8.4100|8.4200|319000|2689374.0000|8.4200
142000|8.4200|8.4400|8.4200|8.4400|281300|2372284.0000|8.4400
142500|8.4400|8.4600|8.4200|8.4600|333900|2818153.0000|8.4600
143000|8.4500|8.4600|8.4300|8.4500|1353500|11427251.0000|8.4500
143500|8.4600|8.4800|8.4400|8.4600|621500|5257575.0000|8.4600
144000|8.4600|8.4700|8.4500|8.4600|765900|6478948.0000|8.4600
144500|8.4500|8.4700|8.4400|8.4500|988300|8357311.0000|8.4500
145000|8.4500|8.5100|8.4400|8.5100|2036700|17245320.0000|8.5100
145500|8.5100|8.5300|8.4900|8.5100|938000|7981152.0000|8.5100
150000|8.5000|8.5100|8.4900|8.5000|914201|7770720.0000|8.5000
