093500|6.7500|6.7900|6.7400|6.7800|353800|2390658.0000|6.7800
094000|6.7800|6.7900|6.7500|6.7600|252700|1712164.0000|6.7600
094500|6.7600|6.7800|6.7500|6.7600|178600|1208691.0000|6.7600
095000|6.7600|6.7700|6.7400|6.7500|225800|1525007.0000|6.7500
095500|6.7500|6.7600|6.7400|6.7500|154500|1042888.0000|6.7500
100000|6.7500|6.7600|6.7400|6.7500|118400|798579.0000|6.7500
100500|6.7500|6.8000|6.7400|6.8000|413700|2801852.0000|6.8000
101000|6.8000|6.8200|6.8000|6.8100|317000|2158436.0000|6.8100
101500|6.8100|6.8100|6.7800|6.7800|121200|823559.0000|6.7800
102000|6.7800|6.7900|6.7700|6.7800|273000|1850729.0000|6.7800
102500|6.7800|6.7800|6.7600|6.7700|96200|651373.0000|6.7700
103000|6.7600|6.7800|6.7600|6.7800|60000|406024.0000|6.7800
103500|6.7800|6.7800|6.7600|6.7700|72700|492436.0000|6.7700
104000|6.7900|6.7900|6.7500|6.7600|132100|894040.0000|6.7600
104500|6.7700|6.7800|6.7600|6.7800|63400|429192.0000|6.7800
105000|6.7700|6.7800|6.7700|6.7800|45900|310876.0000|6.7800
105500|6.7800|6.7900|6.7700|6.7900|83000|562600.0000|6.7900
110000|6.7800|6.8000|6.7800|6.8000|69800|473788.0000|6.8000
110500|6.8000|6.8000|6.7800|6.7900|61400|417024.0000|6.7900
111000|6.7900|6.8000|6.7800|6.7800|33700|228828.0000|6.7800
111500|6.7900|6.7900|6.7800|6.7800|35000|237470.0000|6.7800
112000|6.7700|6.7800|6.7600|6.7600|243700|1648186.0000|6.7600
112500|6.7600|6.7800|6.7600|6.7800|72500|490546.0000|6.7800
113000|6.7700|6.7800|6.7700|6.7800|35300|239150.0000|6.7800
130500|6.7700|6.7800|6.7500|6.7600|86400|584500.0000|6.7600
131000|6.7500|6.7500|6.7400|6.7400|138000|931116.0000|6.7400
131500|6.7400|6.7500|6.7200|6.7300|145800|981484.0000|6.7300
132000|6.7300|6.7300|6.7200|6.7300|61100|410904.0000|6.7300
132500|6.7200|6.7300|6.7200|6.7200|137400|923586.0000|6.7200
133000|6.7100|6.7300|6.7100|6.7100|124800|838906.0000|6.7100
133500|6.7200|6.7300|6.7200|6.7300|90100|605856.0000|6.7300
134000|6.7400|6.7500|6.7300|6.7400|98000|660424.0000|6.7400
134500|6.7400|6.7400|6.7300|6.7300|37900|255298.0000|6.7300
135000|6.7300|6.7400|6.7300|6.7400|49100|330750.0000|6.7400
135500|6.7400|6.7500|6.7300|6.7400|62900|424024.0000|6.7400
140000|6.7400|6.7500|6.7300|6.7500|25700|173254.0000|6.7500
140500|6.7400|6.7500|6.7300|6.7400|58000|390950.0000|6.7400
141000|6.7400|6.7500|6.7300|6.7400|62800|423248.0000|6.7400
141500|6.7500|6.7500|6.7400|6.7400|69300|467640.0000|6.7400
142000|6.7400|6.7500|6.7400|6.7500|40500|273188.0000|6.7500
142500|6.7400|6.7500|6.7400|6.7400|34700|234172.0000|6.7400
143000|6.7400|6.7500|6.7300|6.7400|69400|467736.0000|6.7400
143500|6.7400|6.7400|6.7300|6.7400|45000|303196.0000|6.7400
144000|6.7400|6.7400|6.7300|6.7400|58000|390724.0000|6.7400
144500|6.7400|6.7500|6.7300|6.7300|200000|1346336.0000|6.7300
145000|6.7300|6.7400|6.7300|6.7400|113300|762652.0000|6.7400
145500|6.7400|6.7400|6.7200|6.7200|176900|1190544.0000|6.7200
150000|6.7300|6.7400|6.7200|6.7200|235300|1581688.0000|6.7200
