093500|6.3900|6.4000|6.3500|6.3700|339500|2164399.0000|6.3700
094000|6.3700|6.3800|6.3500|6.3600|125000|795401.0000|6.3600
094500|6.3600|6.4000|6.3500|6.3900|228800|1461120.0000|6.3900
095000|6.3900|6.3900|6.3600|6.3600|96000|612288.0000|6.3600
095500|6.3600|6.3700|6.3400|6.3600|145100|922319.0000|6.3600
100000|6.3600|6.3700|6.3500|6.3600|93100|592168.0000|6.3600
100500|6.3600|6.3600|6.3400|6.3500|91800|583022.0000|6.3500
101000|6.3500|6.3900|6.3400|6.3900|117800|749774.0000|6.3900
101500|6.3900|6.4000|6.3800|6.4000|149700|956779.0000|6.4000
102000|6.3900|6.4000|6.3800|6.3800|90000|575133.0000|6.3800
102500|6.3800|6.3800|6.3600|6.3800|139700|890884.0000|6.3800
103000|6.3800|6.3800|6.3700|6.3800|44600|284261.0000|6.3800
103500|6.3700|6.3800|6.3600|6.3600|40800|259832.0000|6.3600
104000|6.3700|6.3900|6.3600|6.3900|250800|1596796.0000|6.3900
104500|6.3800|6.3900|6.3700|6.3800|103400|659643.0000|6.3800
105000|6.3800|6.3800|6.3600|6.3700|207300|1320221.0000|6.3700
105500|6.3700|6.3800|6.3600|6.3700|12700|80912.0000|6.3700
110000|6.3700|6.3800|6.3600|6.3600|83000|528526.0000|6.3600
110500|6.3600|6.3800|6.3600|6.3700|28500|181529.0000|6.3700
111000|6.3800|6.3900|6.3800|6.3900|77100|492109.0000|6.3900
111500|6.3900|6.3900|6.3800|6.3800|65400|417567.0000|6.3800
112000|6.3800|6.3900|6.3700|6.3800|67700|431832.0000|6.3800
112500|6.3700|6.3800|6.3700|6.3800|38900|247796.0000|6.3800
113000|6.3800|6.3800|6.3700|6.3700|17400|110908.0000|6.3700
130500|6.3700|6.3800|6.3600|6.3600|112500|716469.0000|6.3600
131000|6.3600|6.3600|6.3600|6.3600|50500|321180.0000|6.3600
131500|6.3700|6.3700|6.3600|6.3700|12100|77038.0000|6.3700
132000|6.3600|6.3800|6.3600|6.3700|196300|1251208.0000|6.3700
132500|6.3700|6.3800|6.3700|6.3800|44900|286076.0000|6.3800
133000|6.3800|6.3800|6.3600|6.3700|45800|291784.0000|6.3700
133500|6.3700|6.3800|6.3600|6.3700|84100|535724.0000|6.3700
134000|6.3700|6.3900|6.3700|6.3900|131500|839020.0000|6.3900
134500|6.3800|6.3900|6.3800|6.3900|27300|174440.0000|6.3900
135000|6.3800|6.3900|6.3700|6.3700|105800|675316.0000|6.3700
135500|6.3800|6.3800|6.3600|6.3600|53200|338878.0000|6.3600
140000|6.3700|6.3800|6.3600|6.3800|70700|450522.0000|6.3800
140500|6.3800|6.3800|6.3600|6.3700|72800|463776.0000|6.3700
141000|6.3700|6.3800|6.3600|6.3600|106900|680940.0000|6.3600
141500|6.3700|6.3800|6.3700|6.3700|31200|198902.0000|6.3700
142000|6.3700|6.3800|6.3600|6.3600|111300|708794.0000|6.3600
142500|6.3600|6.3800|6.3600|6.3700|90100|573796.0000|6.3700
143000|6.3700|6.3700|6.3600|6.3700|120400|766480.0000|6.3700
143500|6.3700|6.3800|6.3600|6.3600|113600|724058.0000|6.3600
144000|6.3700|6.3700|6.3500|6.3600|145500|925544.0000|6.3600
144500|6.3700|6.3900|6.3600|6.3800|125900|802392.0000|6.3800
145000|6.3800|6.3800|6.3700|6.3800|46800|298350.0000|6.3800
145500|6.3700|6.3800|6.3600|6.3600|93000|592150.0000|6.3600
150000|6.3700|6.3700|6.3600|6.3600|99500|633176.0000|6.3600
