093500|10.0|10.04|9.96|10.0|8795.0|8797008.0|9.99
094000|10.01|10.02|9.96|10.0|4954.0|4946923.0|10.0
094500|10.0|10.03|9.98|10.0|3834.0|3836039.0|10.0
095000|10.01|10.02|9.97|9.98|6320.0|6322888.0|10.0
095500|9.98|10.04|9.96|10.04|8489.0|8491671.0|9.98
100000|10.03|10.08|10.03|10.07|9915.0|9972258.0|10.04
100500|10.07|10.09|10.05|10.05|10625.0|10697238.0|10.07
101000|10.05|10.07|10.05|10.06|3156.0|3176163.0|10.05
101500|10.05|10.08|10.05|10.07|6029.0|6065953.0|10.06
102000|10.08|10.14|10.08|10.09|21841.0|22063007.0|10.07
102500|10.08|10.1|10.06|10.1|5339.0|5381634.0|10.09
103000|10.09|10.3|10.09|10.2|43590.0|44534591.0|10.1
103500|10.19|10.24|10.17|10.18|11848.0|12088609.0|10.2
104000|10.19|10.19|10.13|10.14|7111.0|7227988.0|10.18
104500|10.14|10.16|10.14|10.15|3713.0|3768734.0|10.14
105000|10.16|10.16|10.13|10.13|5226.0|5300133.0|10.15
105500|10.14|10.15|10.12|10.14|5137.0|5204728.0|10.13
110000|10.13|10.14|10.11|10.12|2630.0|2662570.0|10.14
110500|10.12|10.13|10.11|10.12|2202.0|2228295.0|10.12
111000|10.13|10.17|10.12|10.17|5418.0|5497178.0|10.12
111500|10.17|10.17|10.13|10.14|997.0|1011160.0|10.17
112000|10.14|10.14|10.11|10.14|3797.0|3845632.0|10.14
112500|10.14|10.22|10.14|10.21|4237.0|4317300.0|10.14
113000|10.2|10.21|10.18|10.18|2130.0|2171372.0|10.21
130500|10.18|10.19|10.11|10.13|5823.0|5909410.0|10.18
131000|10.13|10.14|10.12|10.13|3051.0|3091198.0|10.13
131500|10.13|10.16|10.12|10.16|3670.0|3720871.0|10.13
132000|10.15|10.17|10.12|10.16|2747.0|2787507.0|10.16
132500|10.16|10.16|10.12|10.13|2017.0|2046249.0|10.16
133000|10.13|10.14|10.12|10.12|1479.0|1498235.0|10.13
133500|10.12|10.14|10.12|10.13|2807.0|2843473.0|10.12
134000|10.13|10.14|10.11|10.14|3424.0|3466289.0|10.13
134500|10.13|10.14|10.12|10.12|1785.0|1807581.0|10.14
135000|10.12|10.14|10.11|10.11|3380.0|3422526.0|10.12
135500|10.11|10.12|10.1|10.1|2746.0|2775423.0|10.11
140000|10.1|10.12|10.1|10.11|993.0|1003610.0|10.1
140500|10.11|10.13|10.11|10.13|1404.0|1420659.0|10.11
141000|10.13|10.14|10.11|10.14|1916.0|1940839.0|10.13
141500|10.13|10.14|10.11|10.11|1423.0|1440958.0|10.14
142000|10.12|10.12|10.11|10.11|1304.0|1319206.0|10.11
142500|10.12|10.13|10.11|10.12|4386.0|4439494.0|10.11
143000|10.13|10.13|10.11|10.12|1728.0|1748674.0|10.12
143500|10.12|10.12|10.1|10.11|3152.0|3185578.0|10.12
144000|10.1|10.12|10.1|10.12|1983.0|2004801.0|10.11
144500|10.12|10.14|10.11|10.13|5394.0|5464041.0|10.12
145000|10.13|10.13|10.12|10.13|4434.0|4490297.0|10.13
145500|10.14|10.14|10.11|10.13|7740.0|7838222.0|10.13
150000|10.13|10.13|10.11|10.11|9701.0|9823017.0|10.13
