093500|1.8800|1.8800|1.8700|1.8700|1965300|3689259.0000|1.8700
094000|1.8700|1.8800|1.8700|1.8700|1262700|2362825.0000|1.8700
094500|1.8800|1.8800|1.8700|1.8700|748400|1403360.0000|1.8700
095000|1.8800|1.8800|1.8600|1.8600|8172900|15270360.0000|1.8600
095500|1.8700|1.8700|1.8600|1.8700|2326900|4331206.0000|1.8700
100000|1.8700|1.8700|1.8600|1.8600|1448700|2697542.0000|1.8600
100500|1.8600|1.8700|1.8600|1.8600|1759500|3280026.0000|1.8600
101000|1.8600|1.8700|1.8600|1.8600|391800|731018.0000|1.8600
101500|1.8600|1.8800|1.8600|1.8800|6723100|12587332.0000|1.8800
102000|1.8800|1.8800|1.8700|1.8800|1850700|3463268.0000|1.8800
102500|1.8800|1.8800|1.8700|1.8800|1681000|3145128.0000|1.8800
103000|1.8700|1.8800|1.8700|1.8700|578600|1085228.0000|1.8700
103500|1.8800|1.8800|1.8700|1.8800|1026200|1920516.0000|1.8800
104000|1.8800|1.8800|1.8700|1.8800|570600|1069324.0000|1.8800
104500|1.8800|1.8800|1.8700|1.8700|794800|1490160.0000|1.8700
105000|1.8700|1.8800|1.8700|1.8700|461600|866360.0000|1.8700
105500|1.8800|1.8900|1.8700|1.8800|6560200|12335432.0000|1.8800
110000|1.8800|1.8900|1.8800|1.8900|959300|1806888.0000|1.8900
110500|1.8800|1.8900|1.8800|1.8900|1023700|1932376.0000|1.8900
111000|1.8800|1.8900|1.8700|1.8800|3325500|6247584.0000|1.8800
111500|1.8800|1.8800|1.8700|1.8800|1103800|2072344.0000|1.8800
112000|1.8800|1.8800|1.8700|1.8800|425300|797608.0000|1.8800
112500|1.8700|1.8800|1.8700|1.8700|442600|830184.0000|1.8700
113000|1.8700|1.8900|1.8700|1.8800|3135000|5889240.0000|1.8800
130500|1.8800|1.8800|1.8700|1.8700|561900|1054552.0000|1.8700
131000|1.8700|1.8800|1.8700|1.8800|209600|392952.0000|1.8800
131500|1.8700|1.8800|1.8700|1.8700|268900|504352.0000|1.8700
132000|1.8700|1.8800|1.8700|1.8800|439900|823376.0000|1.8800
132500|1.8700|1.8800|1.8700|1.8700|868600|1626408.0000|1.8700
133000|1.8700|1.8800|1.8700|1.8700|1875200|3513248.0000|1.8700
133500|1.8800|1.8800|1.8700|1.8800|1218400|2290392.0000|1.8800
134000|1.8700|1.8800|1.8700|1.8800|422700|793920.0000|1.8800
134500|1.8800|1.8800|1.8700|1.8800|303400|569456.0000|1.8800
135000|1.8800|1.8900|1.8700|1.8900|4329800|8139088.0000|1.8900
135500|1.8800|1.8900|1.8800|1.8900|505000|953776.0000|1.8900
140000|1.8900|1.8900|1.8800|1.8900|260100|490712.0000|1.8900
140500|1.8900|1.8900|1.8800|1.8900|355100|669656.0000|1.8900
141000|1.8900|1.8900|1.8800|1.8800|300100|565872.0000|1.8800
141500|1.8900|1.8900|1.8800|1.8800|285400|537624.0000|1.8800
142000|1.8900|1.8900|1.8800|1.8800|562600|1061128.0000|1.8800
142500|1.8800|1.8900|1.8800|1.8800|496700|937504.0000|1.8800
143000|1.8800|1.8900|1.8800|1.8800|635900|1197992.0000|1.8800
143500|1.8900|1.8900|1.8800|1.8900|2788000|5267648.0000|1.8900
144000|1.8900|1.8900|1.8800|1.8900|6338300|11978224.0000|1.8900
144500|1.8900|1.9000|1.8800|1.8800|3331000|6297264.0000|1.8800
145000|1.8800|1.8900|1.8800|1.8900|1200500|2268336.0000|1.8900
145500|1.8900|1.8900|1.8800|1.8800|908200|1712976.0000|1.8800
150000|1.8800|1.8900|1.8800|1.8900|886600|1672816.0000|1.8900
