093500|6.14|6.18|6.13|6.16|28786.0|17705030.0|6.17
094000|6.15|6.17|6.15|6.17|14542.0|8951296.0|6.16
094500|6.16|6.17|6.15|6.17|10085.0|6210551.0|6.17
095000|6.16|6.17|6.15|6.16|10318.0|6356381.0|6.17
095500|6.17|6.19|6.16|6.17|16786.0|10362956.0|6.16
100000|6.18|6.18|6.17|6.18|7413.0|4577806.0|6.17
100500|6.18|6.18|6.17|6.18|6332.0|3909649.0|6.18
101000|6.18|6.19|6.17|6.18|7662.0|4737197.0|6.18
101500|6.18|6.18|6.16|6.17|6530.0|4030620.0|6.18
102000|6.18|6.19|6.17|6.19|10110.0|6246845.0|6.17
102500|6.18|6.19|6.18|6.19|3191.0|1972960.0|6.19
103000|6.19|6.19|6.18|6.19|4947.0|3057988.0|6.19
103500|6.18|6.19|6.17|6.18|5069.0|3132789.0|6.19
104000|6.17|6.19|6.17|6.18|3724.0|2300992.0|6.18
104500|6.18|6.18|6.17|6.17|7062.0|4360296.0|6.18
105000|6.18|6.19|6.17|6.18|12919.0|7983279.0|6.17
105500|6.18|6.19|6.18|6.19|4340.0|2683886.0|6.18
110000|6.19|6.19|6.18|6.19|5016.0|3104105.0|6.19
110500|6.19|6.2|6.19|6.19|9408.0|5825937.0|6.19
111000|6.2|6.2|6.18|6.19|5280.0|3270104.0|6.19
111500|6.18|6.19|6.17|6.18|15835.0|9776110.0|6.19
112000|6.18|6.19|6.17|6.18|4925.0|3042405.0|6.18
112500|6.18|6.19|6.17|6.18|4171.0|2577091.0|6.18
113000|6.17|6.19|6.17|6.18|12784.0|7893474.0|6.18
130500|6.18|6.18|6.17|6.18|11324.0|6987537.0|6.18
131000|6.17|6.19|6.17|6.19|4701.0|2904318.0|6.18
131500|6.19|6.19|6.17|6.18|10658.0|6586417.0|6.19
132000|6.18|6.19|6.17|6.18|4444.0|2746806.0|6.18
132500|6.19|6.19|6.18|6.19|5370.0|3319550.0|6.18
133000|6.19|6.19|6.18|6.19|4056.0|2508816.0|6.19
133500|6.19|6.19|6.18|6.18|2715.0|1678757.0|6.19
134000|6.18|6.19|6.17|6.18|10256.0|6338491.0|6.18
134500|6.19|6.19|6.18|6.19|3659.0|2262438.0|6.18
135000|6.19|6.19|6.18|6.19|2624.0|1622117.0|6.19
135500|6.18|6.19|6.18|6.19|2337.0|1444902.0|6.19
140000|6.19|6.19|6.18|6.19|12573.0|7771147.0|6.19
140500|6.18|6.19|6.18|6.18|12999.0|8045658.0|6.19
141000|6.18|6.19|6.17|6.17|5989.0|3701720.0|6.18
141500|6.18|6.18|6.17|6.17|2150.0|1327817.0|6.17
142000|6.17|6.18|6.17|6.18|2828.0|1746109.0|6.17
142500|6.17|6.18|6.17|6.17|4462.0|2756185.0|6.18
143000|6.17|6.18|6.17|6.18|2754.0|1700847.0|6.17
143500|6.17|6.18|6.17|6.17|3224.0|1990559.0|6.18
144000|6.18|6.18|6.17|6.17|8998.0|5554255.0|6.17
144500|6.17|6.18|6.17|6.18|5531.0|3415853.0|6.17
145000|6.17|6.18|6.17|6.17|6329.0|3907684.0|6.18
145500|6.18|6.18|6.17|6.17|11124.0|6868222.0|6.17
150000|6.18|6.18|6.17|6.18|22624.0|13978968.0|6.17
