093500|6.22|6.22|6.18|6.19|27383.0|16979211.0|6.22
094000|6.2|6.2|6.16|6.18|35953.0|22211768.0|6.19
094500|6.18|6.2|6.18|6.19|12687.0|7850446.0|6.18
095000|6.2|6.23|6.19|6.23|18210.0|11296146.0|6.19
095500|6.22|6.22|6.2|6.2|13601.0|8443668.0|6.23
100000|6.21|6.21|6.19|6.19|8412.0|5215676.0|6.2
100500|6.19|6.21|6.19|6.2|11875.0|7357051.0|6.19
101000|6.21|6.25|6.2|6.25|21694.0|13512849.0|6.2
101500|6.24|6.24|6.22|6.23|13184.0|8216672.0|6.25
102000|6.23|6.23|6.22|6.23|7576.0|4714663.0|6.23
102500|6.22|6.23|6.21|6.21|9621.0|5981181.0|6.23
103000|6.21|6.22|6.21|6.22|6541.0|4064127.0|6.21
103500|6.21|6.22|6.21|6.22|3811.0|2367575.0|6.22
104000|6.22|6.22|6.2|6.2|9844.0|6109110.0|6.22
104500|6.21|6.21|6.19|6.19|7392.0|4581902.0|6.2
105000|6.2|6.2|6.18|6.18|8120.0|5026019.0|6.19
105500|6.19|6.2|6.18|6.2|12788.0|7914005.0|6.18
110000|6.19|6.2|6.18|6.19|5671.0|3509556.0|6.2
110500|6.18|6.19|6.18|6.19|3985.0|2465554.0|6.19
111000|6.19|6.2|6.18|6.19|5231.0|3234408.0|6.19
111500|6.18|6.2|6.18|6.19|3595.0|2223941.0|6.19
112000|6.18|6.19|6.18|6.18|1281.0|792264.0|6.19
112500|6.19|6.19|6.18|6.18|1728.0|1068568.0|6.18
113000|6.18|6.19|6.16|6.18|27395.0|16910290.0|6.18
130500|6.17|6.18|6.16|6.17|8451.0|5212706.0|6.18
131000|6.16|6.17|6.15|6.16|25394.0|15636979.0|6.17
131500|6.16|6.16|6.15|6.16|6277.0|3861524.0|6.16
132000|6.15|6.16|6.14|6.14|18119.0|11134716.0|6.16
132500|6.14|6.16|6.13|6.14|13100.0|8049863.0|6.14
133000|6.14|6.16|6.13|6.16|13057.0|8018644.0|6.14
133500|6.15|6.17|6.15|6.16|4836.0|2980176.0|6.16
134000|6.16|6.18|6.16|6.17|6791.0|4188825.0|6.16
134500|6.18|6.18|6.16|6.16|5966.0|3677820.0|6.17
135000|6.16|6.18|6.16|6.17|8539.0|5265087.0|6.16
135500|6.16|6.18|6.16|6.17|3314.0|2043309.0|6.17
140000|6.16|6.17|6.15|6.15|6033.0|3716637.0|6.17
140500|6.16|6.19|6.16|6.19|13651.0|8434573.0|6.15
141000|6.18|6.19|6.17|6.17|8866.0|5474808.0|6.19
141500|6.17|6.18|6.16|6.17|4130.0|2546235.0|6.17
142000|6.16|6.17|6.16|6.16|2634.0|1622752.0|6.17
142500|6.17|6.17|6.16|6.16|3430.0|2113469.0|6.16
143000|6.17|6.17|6.16|6.16|3705.0|2282741.0|6.16
143500|6.17|6.17|6.15|6.15|6984.0|4302103.0|6.16
144000|6.16|6.16|6.15|6.16|6674.0|4105942.0|6.15
144500|6.15|6.16|6.14|6.15|9386.0|5771672.0|6.16
145000|6.15|6.15|6.13|6.14|25780.0|15827840.0|6.15
145500|6.14|6.14|6.13|6.13|13746.0|8431975.0|6.14
150000|6.14|6.14|6.11|6.12|34464.0|21109064.0|6.13
