093500|8.59|8.65|8.55|8.59|3163.0|2716236.0|8.67
094000|8.57|8.65|8.57|8.63|1202.0|1035268.0|8.59
094500|8.63|8.63|8.58|8.6|1565.0|1345547.0|8.63
095000|8.6|8.6|8.55|8.55|1127.0|967274.0|8.6
095500|8.55|8.55|8.52|8.52|2014.0|1718379.0|8.55
100000|8.52|8.59|8.52|8.59|1176.0|1005917.0|8.52
100500|8.58|8.6|8.57|8.57|926.0|794807.0|8.59
101000|8.57|8.62|8.57|8.61|833.0|716056.0|8.57
101500|8.62|8.64|8.62|8.63|774.0|667965.0|8.61
102000|8.63|8.65|8.62|8.63|949.0|819431.0|8.63
102500|8.63|8.67|8.62|8.66|737.0|636892.0|8.63
103000|8.67|8.67|8.64|8.66|650.0|562484.0|8.66
103500|8.66|8.66|8.62|8.63|598.0|516612.0|8.66
104000|8.63|8.64|8.63|8.64|192.0|165759.0|8.63
104500|8.64|8.65|8.63|8.65|362.0|312715.0|8.64
105000|8.65|8.65|8.63|8.65|271.0|234183.0|8.65
105500|8.65|8.65|8.64|8.65|281.0|243015.0|8.65
110000|8.65|8.66|8.64|8.64|505.0|436671.0|8.65
110500|8.64|8.67|8.64|8.66|253.0|219073.0|8.64
111000|8.66|8.69|8.66|8.68|395.0|342590.0|8.66
111500|8.68|8.69|8.68|8.69|316.0|274563.0|8.68
112000|8.69|8.69|8.68|8.69|212.0|184095.0|8.69
112500|8.68|8.69|8.68|8.69|190.0|165016.0|8.69
113000|8.69|8.69|8.67|8.68|439.0|381124.0|8.69
130500|8.68|8.7|8.66|8.68|1077.0|935096.0|8.68
131000|8.68|8.68|8.65|8.67|896.0|776282.0|8.68
131500|8.67|8.67|8.65|8.65|215.0|186112.0|8.67
132000|8.65|8.67|8.65|8.66|476.0|412096.0|8.65
132500|8.65|8.67|8.64|8.65|749.0|648492.0|8.66
133000|8.65|8.67|8.65|8.67|505.0|437403.0|8.65
133500|8.66|8.69|8.66|8.69|523.0|453865.0|8.67
134000|8.68|8.69|8.65|8.65|914.0|792957.0|8.69
134500|8.65|8.67|8.64|8.66|871.0|753966.0|8.65
135000|8.66|8.66|8.65|8.65|495.0|428663.0|8.66
135500|8.65|8.68|8.65|8.68|1300.0|1127420.0|8.65
140000|8.67|8.68|8.66|8.67|434.0|376242.0|8.68
140500|8.67|8.68|8.66|8.68|452.0|391941.0|8.67
141000|8.68|8.69|8.67|8.67|655.0|568855.0|8.68
141500|8.68|8.68|8.66|8.66|547.0|474249.0|8.67
142000|8.66|8.67|8.66|8.66|920.0|796871.0|8.66
142500|8.66|8.67|8.65|8.66|536.0|464328.0|8.66
143000|8.65|8.66|8.65|8.66|691.0|597983.0|8.66
143500|8.66|8.67|8.65|8.67|552.0|478110.0|8.66
144000|8.66|8.67|8.66|8.67|220.0|190711.0|8.67
144500|8.67|8.68|8.65|8.67|464.0|402071.0|8.67
145000|8.66|8.68|8.66|8.68|519.0|450112.0|8.67
145500|8.67|8.68|8.66|8.67|870.0|754056.0|8.68
150000|8.68|8.68|8.66|8.66|813.0|704247.0|8.67
