093500|24.9000|24.9000|24.3000|24.6000|861200|21112571.0000|24.6000
094000|24.6000|24.6800|24.3600|24.3700|554300|13595410.0000|24.3700
094500|24.3700|24.3700|24.0300|24.0400|815600|19752012.0000|24.0400
095000|24.0300|24.2000|23.9300|24.1100|877500|21094230.0000|24.1100
095500|24.1100|24.2200|24.0000|24.1400|839000|20217942.0000|24.1400
100000|24.1400|24.2200|23.9800|24.1800|648000|15594165.0000|24.1800
100500|24.1700|24.3700|24.1100|24.2500|628200|15236640.0000|24.2500
101000|24.2400|24.2900|24.0000|24.2000|391000|9455618.0000|24.2000
101500|24.2000|24.2300|23.9200|23.9600|361900|8692482.0000|23.9600
102000|23.9600|24.0600|23.9600|24.0200|435300|10448120.0000|24.0200
102500|24.0100|24.1000|23.9400|23.9400|397200|9530690.0000|23.9400
103000|23.9400|23.9500|23.8800|23.9200|350500|8381280.0000|23.9200
103500|23.9300|24.0100|23.8700|24.0000|437200|10470927.0000|24.0000
104000|24.0000|24.1000|23.9400|24.0700|348700|8369256.0000|24.0700
104500|24.0600|24.0700|23.8900|23.8900|258800|6209074.0000|23.8900
105000|23.9100|23.9500|23.7100|23.7600|444100|10575434.0000|23.7600
105500|23.8000|23.8400|23.7500|23.7900|308316|7332127.0000|23.7900
110000|23.8100|23.8300|23.6100|23.8300|486400|11555684.0000|23.8300
110500|23.7800|23.8300|23.7200|23.7400|232800|5530777.0000|23.7400
111000|23.7500|24.0500|23.6800|24.0000|577100|13794603.0000|24.0000
111500|23.9900|24.2400|23.9900|24.2400|417500|10067389.0000|24.2400
112000|24.2400|24.2400|23.9600|24.0400|576900|13878609.0000|24.0400
112500|24.0400|24.0400|23.9400|23.9600|128300|3079472.0000|23.9600
113000|23.9600|24.0300|23.8900|23.9700|125500|3006640.0000|23.9700
130500|24.0000|24.0000|23.7900|23.7900|254200|6068208.0000|23.7900
131000|23.7900|23.8000|23.6400|23.6800|243100|5763120.0000|23.6800
131500|23.6800|23.7000|23.6000|23.7000|184400|4359664.0000|23.7000
132000|23.6700|23.6900|23.6000|23.6100|129200|3052960.0000|23.6100
132500|23.6100|23.7800|23.5500|23.7200|355400|8406032.0000|23.7200
133000|23.7000|23.7500|23.6100|23.6100|127900|3026800.0000|23.6100
133500|23.6100|23.6700|23.3800|23.4300|576400|13538368.0000|23.4300
134000|23.4500|23.4500|23.1500|23.3400|701800|16363504.0000|23.3400
134500|23.2800|23.4100|23.0000|23.3700|717800|16657696.0000|23.3700
135000|23.3700|23.4200|23.2000|23.3100|495100|11547856.0000|23.3100
135500|23.3100|23.3700|23.1300|23.1300|607300|14061200.0000|23.1300
140000|23.1200|23.1700|22.9700|23.0200|577793|13308512.0000|23.0200
140500|23.0200|23.2400|23.0000|23.0800|615000|14214240.0000|23.0800
141000|23.0700|23.1500|23.0100|23.0800|310800|7167456.0000|23.0800
141500|23.0800|23.0800|22.9700|23.0400|570200|13126736.0000|23.0400
142000|23.0400|23.1600|23.0400|23.1600|214000|4943664.0000|23.1600
142500|23.1600|23.4000|23.1600|23.3400|350800|8155600.0000|23.3400
143000|23.3400|23.3400|23.1100|23.2000|423300|9842368.0000|23.2000
143500|23.2000|23.2600|23.0300|23.0900|278300|6430608.0000|23.0900
144000|23.0900|23.0900|22.9800|23.0000|474100|10913328.0000|23.0000
144500|23.0000|23.0200|22.8100|22.8200|549400|12609152.0000|22.8200
145000|22.8300|23.0100|22.8000|22.9100|584700|13391568.0000|22.9100
145500|22.9000|22.9200|22.8000|22.8000|584400|13345808.0000|22.8000
150000|22.8000|22.8000|22.8000|22.8000|137600|3137280.0000|22.8000
