093500|32.11|32.49|32.11|32.49|4989.0|16398430.0|32.07
094000|32.47|32.58|32.4|32.5|2744.0|9080070.0|32.49
094500|32.52|32.85|32.43|32.76|5909.0|19644213.0|32.5
095000|32.73|32.89|32.71|32.71|3236.0|10818065.0|32.76
095500|32.71|32.72|32.63|32.68|1543.0|5135062.0|32.71
100000|32.67|32.7|32.62|32.64|992.0|3299253.0|32.68
100500|32.65|32.7|32.59|32.59|1808.0|6008636.0|32.64
101000|32.59|32.66|32.54|32.58|2765.0|9186493.0|32.59
101500|32.57|32.69|32.48|32.51|4681.0|15543071.0|32.58
102000|32.49|32.5|32.44|32.45|584.0|1931326.0|32.51
102500|32.45|32.59|32.45|32.59|822.0|2721297.0|32.45
103000|32.58|32.58|32.47|32.52|1047.0|3466206.0|32.59
103500|32.52|32.54|32.45|32.48|1286.0|4255356.0|32.52
104000|32.47|32.52|32.46|32.47|1298.0|4295528.0|32.48
104500|32.47|32.51|32.46|32.46|524.0|1733957.0|32.47
105000|32.46|32.54|32.45|32.49|526.0|1740125.0|32.46
105500|32.5|32.5|32.42|32.43|865.0|2858982.0|32.49
110000|32.41|32.49|32.38|32.47|1415.0|4672115.0|32.43
110500|32.49|32.49|32.42|32.45|1893.0|6262642.0|32.47
111000|32.44|32.47|32.35|32.39|1829.0|6037999.0|32.45
111500|32.39|32.44|32.37|32.42|796.0|2627025.0|32.39
112000|32.42|32.44|32.33|32.35|923.0|3043123.0|32.42
112500|32.34|32.36|32.3|32.34|976.0|3212372.0|32.35
113000|32.32|32.32|32.17|32.23|1130.0|3709476.0|32.34
130500|32.23|32.27|32.16|32.27|2823.0|9253433.0|32.23
131000|32.26|32.26|32.04|32.05|5799.0|18967606.0|32.27
131500|32.06|32.13|32.01|32.11|3560.0|11627207.0|32.05
132000|32.11|32.11|32.05|32.05|2237.0|7308588.0|32.11
132500|32.07|32.11|32.01|32.02|2744.0|8957592.0|32.05
133000|32.01|32.08|32.01|32.08|3282.0|10709371.0|32.02
133500|32.08|32.16|32.03|32.05|3155.0|10308248.0|32.08
134000|32.05|32.11|32.02|32.09|2333.0|7622374.0|32.05
134500|32.09|32.14|32.06|32.06|2783.0|9096049.0|32.09
135000|32.06|32.11|32.04|32.11|1912.0|6249054.0|32.06
135500|32.14|32.15|32.04|32.06|2207.0|7213666.0|32.11
140000|32.07|32.07|32.01|32.03|2496.0|8139431.0|32.06
140500|32.02|32.03|31.91|31.95|1535.0|4998335.0|32.03
141000|31.95|31.99|31.9|31.98|1864.0|6062841.0|31.95
141500|31.98|32.08|31.95|32.07|712.0|2320711.0|31.98
142000|32.07|32.09|32.04|32.08|1447.0|4724589.0|32.07
142500|32.07|32.09|32.03|32.07|785.0|2563139.0|32.08
143000|32.07|32.09|32.03|32.05|3218.0|10499342.0|32.07
143500|32.06|32.07|32.04|32.06|938.0|3061171.0|32.05
144000|32.07|32.14|32.04|32.07|1037.0|3387992.0|32.06
144500|32.07|32.16|32.06|32.15|928.0|3033521.0|32.07
145000|32.16|32.19|32.11|32.17|1430.0|4682414.0|32.15
145500|32.14|32.18|32.11|32.11|1244.0|4072073.0|32.17
150000|32.11|32.17|32.1|32.12|1631.0|5335472.0|32.11
