093500|89.09|89.5|87.51|88.38|11270.0|99469387.0|89.93
094000|88.36|89.16|88.36|88.97|4899.0|43517257.0|88.38
094500|88.96|89.76|88.8|89.34|3285.0|29284813.0|88.97
095000|89.33|89.99|89.33|89.79|3532.0|31702534.0|89.34
095500|89.73|89.73|89.06|89.29|2822.0|25261552.0|89.79
100000|89.3|89.5|88.92|89.01|2744.0|24450706.0|89.29
100500|89.01|89.01|88.5|88.68|4527.0|40177712.0|89.01
101000|88.67|88.8|87.88|88.32|6103.0|53824947.0|88.68
101500|88.3|88.98|88.25|88.98|2584.0|22862529.0|88.32
102000|88.98|89.26|88.78|88.83|2502.0|22271956.0|88.98
102500|88.89|89.0|88.61|88.83|1454.0|12909959.0|88.83
103000|88.86|89.12|88.86|89.03|1587.0|14119924.0|88.83
103500|89.08|89.36|89.04|89.08|1557.0|13891829.0|89.03
104000|89.16|89.2|88.87|88.98|1137.0|10118976.0|89.08
104500|88.98|89.19|88.97|89.01|1028.0|9153780.0|88.98
105000|89.01|89.27|88.98|89.03|966.0|8606024.0|89.01
105500|89.03|89.2|89.0|89.0|599.0|5336294.0|89.03
110000|88.99|89.04|88.88|89.04|824.0|7328061.0|89.0
110500|89.02|89.2|89.02|89.11|736.0|6559269.0|89.04
111000|89.11|89.24|88.92|89.06|897.0|7989886.0|89.11
111500|89.06|89.22|89.0|89.11|835.0|7439220.0|89.06
112000|89.03|89.4|89.02|89.4|1476.0|13176038.0|89.11
112500|89.4|89.48|89.29|89.37|854.0|7634113.0|89.4
113000|89.36|89.5|89.26|89.43|945.0|8447575.0|89.37
130500|89.44|89.44|88.98|89.14|1754.0|15638358.0|89.43
131000|89.14|89.28|88.98|89.14|1422.0|12669946.0|89.14
131500|89.15|89.42|89.15|89.32|1092.0|9751455.0|89.14
132000|89.32|89.38|89.25|89.34|692.0|6180708.0|89.32
132500|89.34|89.69|89.33|89.69|1840.0|16465934.0|89.34
133000|89.76|89.85|89.54|89.67|1468.0|13172048.0|89.69
133500|89.68|89.69|89.3|89.34|1096.0|9808578.0|89.67
134000|89.34|89.36|88.95|88.96|1527.0|13604466.0|89.34
134500|89.02|89.12|88.91|89.06|2915.0|25942358.0|88.96
135000|89.06|89.08|88.8|88.8|1648.0|14663824.0|89.06
135500|88.8|88.87|88.7|88.87|1824.0|16188941.0|88.8
140000|88.87|89.02|88.77|88.95|810.0|7201166.0|88.87
140500|88.95|88.98|88.7|88.78|900.0|7995763.0|88.95
141000|88.76|89.0|88.75|88.9|709.0|6300724.0|88.78
141500|88.88|88.95|88.83|88.95|574.0|5102910.0|88.9
142000|88.95|88.98|88.74|88.74|866.0|7693236.0|88.95
142500|88.75|88.75|88.57|88.58|1952.0|17305007.0|88.74
143000|88.57|88.64|88.51|88.53|1105.0|9786427.0|88.58
143500|88.57|88.66|88.52|88.57|875.0|7752986.0|88.53
144000|88.57|88.79|88.57|88.68|1276.0|11315076.0|88.57
144500|88.69|88.79|88.61|88.75|1257.0|11150727.0|88.68
145000|88.73|88.86|88.73|88.78|1566.0|13906377.0|88.75
145500|88.78|88.82|88.7|88.73|2234.0|19831089.0|88.78
150000|88.71|88.73|88.63|88.73|2115.0|18757270.0|88.73
