093500|16.36|16.43|16.23|16.39|5787.0|9461466.0|16.43
094000|16.4|16.46|16.38|16.45|3503.0|5753446.0|16.39
094500|16.45|16.48|16.4|16.45|3977.0|6542493.0|16.45
095000|16.45|16.46|16.31|16.32|3008.0|4924742.0|16.45
095500|16.32|16.38|16.29|16.33|3213.0|5242702.0|16.32
100000|16.33|16.37|16.31|16.32|1558.0|2544120.0|16.33
100500|16.32|16.37|16.32|16.36|1291.0|2109512.0|16.32
101000|16.36|16.39|16.33|16.35|1083.0|1771140.0|16.36
101500|16.36|16.43|16.35|16.43|1451.0|2380011.0|16.35
102000|16.43|16.48|16.42|16.43|2836.0|4664468.0|16.43
102500|16.44|16.45|16.41|16.44|2313.0|3799455.0|16.43
103000|16.44|16.48|16.43|16.45|1198.0|1972117.0|16.44
103500|16.46|16.51|16.44|16.51|3172.0|5224042.0|16.45
104000|16.52|16.53|16.49|16.5|1789.0|2953469.0|16.51
104500|16.51|16.51|16.45|16.46|1035.0|1705046.0|16.5
105000|16.46|16.49|16.45|16.48|1330.0|2190780.0|16.46
105500|16.48|16.5|16.42|16.42|1270.0|2090233.0|16.48
110000|16.42|16.47|16.41|16.43|1388.0|2280699.0|16.42
110500|16.42|16.45|16.41|16.43|1091.0|1791935.0|16.43
111000|16.44|16.45|16.42|16.42|567.0|931899.0|16.43
111500|16.42|16.42|16.37|16.38|1548.0|2537915.0|16.42
112000|16.38|16.44|16.38|16.44|1106.0|1813807.0|16.38
112500|16.45|16.47|16.43|16.47|1999.0|3286998.0|16.44
113000|16.45|16.47|16.43|16.44|1209.0|1989706.0|16.47
130500|16.45|16.63|16.45|16.48|5814.0|9621811.0|16.44
131000|16.48|16.53|16.45|16.45|2093.0|3450451.0|16.48
131500|16.44|16.46|16.43|16.46|2655.0|4366258.0|16.45
132000|16.44|16.5|16.43|16.48|2121.0|3488201.0|16.46
132500|16.48|16.59|16.48|16.56|5206.0|8619528.0|16.48
133000|16.56|16.57|16.51|16.55|2839.0|4698802.0|16.56
133500|16.57|16.7|16.51|16.58|8793.0|14615844.0|16.55
134000|16.58|16.77|16.55|16.76|10050.0|16742577.0|16.58
134500|16.82|16.98|16.7|16.91|21141.0|35597104.0|16.76
135000|16.91|16.91|16.75|16.77|7062.0|11902021.0|16.91
135500|16.75|16.77|16.7|16.77|4591.0|7683875.0|16.77
140000|16.77|16.88|16.73|16.84|6349.0|10689611.0|16.77
140500|16.84|16.84|16.77|16.78|2866.0|4814654.0|16.84
141000|16.8|16.81|16.77|16.8|3192.0|5359043.0|16.78
141500|16.81|16.85|16.79|16.81|2739.0|4607465.0|16.8
142000|16.82|16.82|16.77|16.78|1626.0|2729779.0|16.81
142500|16.79|16.8|16.76|16.77|2587.0|4339572.0|16.78
143000|16.78|16.86|16.78|16.84|3998.0|6731283.0|16.77
143500|16.84|16.87|16.81|16.85|3912.0|6588246.0|16.84
144000|16.84|16.85|16.8|16.81|1701.0|2862004.0|16.85
144500|16.82|16.82|16.76|16.8|2640.0|4431929.0|16.81
145000|16.8|16.8|16.77|16.78|3696.0|6204611.0|16.8
145500|16.78|16.82|16.73|16.81|7849.0|13176254.0|16.78
150000|16.8|16.8|16.78|16.79|4423.0|7427245.0|16.81
