093500|5.81|5.81|5.76|5.78|5234.0|3029062.0|5.81
094000|5.78|5.79|5.76|5.76|4064.0|2346596.0|5.78
094500|5.76|5.76|5.73|5.75|5674.0|3259604.0|5.76
095000|5.74|5.78|5.73|5.73|5594.0|3217368.0|5.75
095500|5.73|5.74|5.7|5.7|3575.0|2042855.0|5.73
100000|5.7|5.72|5.69|5.7|3517.0|2006226.0|5.7
100500|5.71|5.73|5.7|5.72|2866.0|1636833.0|5.7
101000|5.72|5.72|5.69|5.7|2935.0|1673382.0|5.72
101500|5.7|5.71|5.69|5.7|1717.0|978315.0|5.7
102000|5.69|5.71|5.69|5.69|1299.0|740151.0|5.7
102500|5.7|5.7|5.69|5.7|2107.0|1199565.0|5.69
103000|5.7|5.71|5.68|5.68|2159.0|1229476.0|5.7
103500|5.69|5.7|5.68|5.69|1033.0|587694.0|5.68
104000|5.7|5.71|5.69|5.7|776.0|442471.0|5.69
104500|5.7|5.72|5.7|5.72|1083.0|618180.0|5.7
105000|5.72|5.72|5.71|5.71|1561.0|890980.0|5.72
105500|5.72|5.72|5.7|5.7|2193.0|1253529.0|5.71
110000|5.7|5.71|5.69|5.71|932.0|531079.0|5.7
110500|5.7|5.7|5.69|5.69|1100.0|626097.0|5.71
111000|5.7|5.7|5.69|5.7|503.0|286481.0|5.69
111500|5.7|5.7|5.69|5.7|1435.0|817266.0|5.7
112000|5.69|5.71|5.69|5.7|528.0|300911.0|5.7
112500|5.69|5.71|5.69|5.71|1187.0|677205.0|5.7
113000|5.71|5.71|5.69|5.69|1209.0|689008.0|5.71
130500|5.69|5.7|5.69|5.7|1881.0|1070872.0|5.69
131000|5.7|5.71|5.69|5.71|475.0|270674.0|5.7
131500|5.71|5.71|5.7|5.71|995.0|567174.0|5.71
132000|5.71|5.71|5.69|5.7|902.0|514205.0|5.71
132500|5.7|5.71|5.7|5.71|197.0|112298.0|5.7
133000|5.7|5.72|5.7|5.71|945.0|539484.0|5.71
133500|5.71|5.71|5.7|5.7|206.0|117466.0|5.71
134000|5.71|5.71|5.7|5.7|1821.0|1037969.0|5.7
134500|5.7|5.71|5.69|5.71|541.0|308378.0|5.7
135000|5.71|5.71|5.7|5.7|156.0|89001.0|5.71
135500|5.71|5.71|5.7|5.7|1719.0|979868.0|5.7
140000|5.71|5.71|5.69|5.7|1292.0|736424.0|5.7
140500|5.7|5.72|5.7|5.72|1963.0|1122085.0|5.7
141000|5.72|5.73|5.7|5.73|1502.0|858746.0|5.72
141500|5.72|5.74|5.72|5.74|2169.0|1241871.0|5.73
142000|5.74|5.74|5.72|5.72|819.0|469220.0|5.74
142500|5.73|5.73|5.72|5.73|479.0|274467.0|5.72
143000|5.73|5.74|5.72|5.73|2029.0|1161836.0|5.73
143500|5.73|5.75|5.73|5.75|1583.0|908639.0|5.73
144000|5.75|5.77|5.74|5.77|2194.0|1262967.0|5.75
144500|5.76|5.79|5.76|5.79|2375.0|1371824.0|5.77
145000|5.79|5.79|5.77|5.77|3111.0|1798528.0|5.79
145500|5.77|5.78|5.77|5.78|2303.0|1330438.0|5.77
150000|5.78|5.78|5.77|5.77|3362.0|1940674.0|5.78
