093500|19.04|19.08|18.83|18.99|16872.0|32030385.0|18.99
094000|18.99|19.02|18.96|18.98|5558.0|10554922.0|18.99
094500|18.98|19.07|18.98|19.06|7531.0|14322014.0|18.98
095000|19.07|19.11|19.03|19.08|7796.0|14869420.0|19.06
095500|19.07|19.09|19.04|19.06|2282.0|4352319.0|19.08
100000|19.07|19.07|18.96|18.97|3081.0|5860145.0|19.06
100500|18.98|19.0|18.96|18.96|1897.0|3600598.0|18.97
101000|18.97|18.99|18.96|18.98|1458.0|2766171.0|18.96
101500|18.99|18.99|18.92|18.93|4016.0|7608557.0|18.98
102000|18.92|18.98|18.92|18.96|2215.0|4194859.0|18.93
102500|18.95|18.95|18.93|18.94|2279.0|4316623.0|18.96
103000|18.94|19.0|18.93|19.0|1806.0|3425226.0|18.94
103500|19.01|19.06|18.98|19.04|2985.0|5680800.0|19.0
104000|19.04|19.06|19.0|19.0|1510.0|2874692.0|19.04
104500|19.01|19.02|18.99|19.0|1361.0|2586569.0|19.0
105000|18.99|19.0|18.97|19.0|2229.0|4230455.0|19.0
105500|19.0|19.01|18.98|18.98|1521.0|2887855.0|19.0
110000|18.98|19.01|18.97|18.98|1575.0|2990048.0|18.98
110500|18.98|19.04|18.98|19.0|1491.0|2834877.0|18.98
111000|19.0|19.02|19.0|19.0|725.0|1378172.0|19.0
111500|19.0|19.0|18.99|18.99|446.0|847205.0|19.0
112000|18.99|19.0|18.98|18.99|1015.0|1927157.0|18.99
112500|18.99|18.99|18.97|18.98|1081.0|2051795.0|18.99
113000|19.0|19.04|18.98|19.03|2793.0|5307309.0|18.98
130500|19.03|19.07|19.02|19.05|1597.0|3040382.0|19.03
131000|19.05|19.05|19.03|19.04|1152.0|2193448.0|19.05
131500|19.06|19.06|19.04|19.05|1066.0|2030775.0|19.04
132000|19.06|19.06|19.02|19.02|1272.0|2422224.0|19.05
132500|19.03|19.06|18.99|19.05|4992.0|9486653.0|19.02
133000|19.06|19.06|19.02|19.05|1611.0|3067180.0|19.05
133500|19.06|19.07|19.05|19.07|856.0|1631354.0|19.05
134000|19.07|19.08|19.05|19.05|1799.0|3429676.0|19.07
134500|19.05|19.05|19.02|19.04|1125.0|2142707.0|19.05
135000|19.05|19.07|19.04|19.07|777.0|1480961.0|19.04
135500|19.07|19.07|19.05|19.05|1568.0|2988011.0|19.07
140000|19.05|19.06|19.05|19.06|546.0|1040153.0|19.05
140500|19.06|19.06|19.02|19.04|1909.0|3635488.0|19.06
141000|19.05|19.07|19.04|19.07|1637.0|3119883.0|19.04
141500|19.07|19.09|19.06|19.08|1782.0|3399278.0|19.07
142000|19.07|19.08|19.05|19.06|1168.0|2226335.0|19.08
142500|19.06|19.06|19.01|19.04|2392.0|4555465.0|19.06
143000|19.05|19.06|19.04|19.04|1057.0|2013767.0|19.04
143500|19.04|19.06|19.03|19.05|746.0|1420640.0|19.04
144000|19.05|19.06|19.03|19.05|1139.0|2169203.0|19.05
144500|19.05|19.06|19.03|19.03|2078.0|3957827.0|19.05
145000|19.03|19.04|19.01|19.02|1601.0|3046516.0|19.03
145500|19.02|19.05|19.01|19.04|1839.0|3498759.0|19.02
150000|19.03|19.05|19.02|19.04|741.0|1410809.0|19.04
