093500|20.2|20.2|19.1|19.36|151964.0|297567671.0|18.48
094000|19.37|19.39|19.03|19.19|48266.0|92765026.0|19.36
094500|19.16|19.44|19.13|19.42|41328.0|79762997.0|19.19
095000|19.41|19.41|19.22|19.35|25872.0|49945717.0|19.42
095500|19.35|19.58|19.31|19.52|27960.0|54397754.0|19.35
100000|19.51|19.52|19.4|19.48|12792.0|24902304.0|19.52
100500|19.48|19.5|19.35|19.41|14733.0|28639876.0|19.48
101000|19.39|19.39|19.31|19.37|10207.0|19747268.0|19.41
101500|19.38|19.41|19.34|19.41|11565.0|22399495.0|19.37
102000|19.4|19.43|19.36|19.36|9291.0|18024284.0|19.41
102500|19.37|19.41|19.32|19.34|8598.0|16648198.0|19.36
103000|19.34|19.39|19.34|19.34|8620.0|16685158.0|19.34
103500|19.34|19.38|19.29|19.32|12756.0|24652237.0|19.34
104000|19.33|19.35|19.27|19.28|9415.0|18175051.0|19.32
104500|19.28|19.34|19.24|19.34|11447.0|22061262.0|19.28
105000|19.34|19.36|19.27|19.29|6873.0|13275462.0|19.34
105500|19.28|19.32|19.25|19.32|5102.0|9838509.0|19.29
110000|19.31|19.37|19.31|19.34|5536.0|10705282.0|19.32
110500|19.33|19.35|19.33|19.34|4526.0|8753664.0|19.34
111000|19.34|19.37|19.33|19.37|5746.0|11116113.0|19.34
111500|19.37|19.38|19.32|19.33|4483.0|8674417.0|19.37
112000|19.33|19.38|19.32|19.38|3484.0|6743713.0|19.33
112500|19.37|19.43|19.34|19.43|7058.0|13669621.0|19.38
113000|19.43|19.78|19.42|19.78|17949.0|35180914.0|19.43
130500|19.8|20.16|19.78|20.15|43177.0|86094892.0|19.78
131000|20.15|20.15|19.79|19.85|12848.0|25602023.0|20.15
131500|19.86|19.86|19.73|19.73|7051.0|13949507.0|19.85
132000|19.72|19.74|19.56|19.74|7024.0|13805432.0|19.73
132500|19.75|19.75|19.68|19.7|6135.0|12088481.0|19.74
133000|19.7|19.84|19.7|19.75|6571.0|13000287.0|19.7
133500|19.76|19.76|19.55|19.6|11024.0|21633447.0|19.75
134000|19.6|19.65|19.5|19.58|8807.0|17222665.0|19.6
134500|19.58|19.63|19.55|19.55|5954.0|11657736.0|19.58
135000|19.55|19.58|19.51|19.52|6518.0|12736525.0|19.55
135500|19.51|19.63|19.51|19.61|5235.0|10256876.0|19.52
140000|19.6|19.85|19.58|19.82|5895.0|11605872.0|19.61
140500|19.79|19.79|19.62|19.63|4703.0|9270158.0|19.82
141000|19.62|19.63|19.58|19.58|3364.0|6594577.0|19.63
141500|19.58|19.59|19.51|19.52|3367.0|6583523.0|19.58
142000|19.52|19.52|19.38|19.42|10117.0|19670174.0|19.52
142500|19.42|19.5|19.4|19.5|5116.0|9950392.0|19.42
143000|19.49|19.5|19.33|19.41|12765.0|24719658.0|19.5
143500|19.41|19.6|19.4|19.56|6706.0|13076537.0|19.41
144000|19.56|19.61|19.53|19.53|5437.0|10644271.0|19.56
144500|19.54|19.63|19.52|19.61|6959.0|13619220.0|19.53
145000|19.61|19.62|19.51|19.51|6753.0|13203041.0|19.61
145500|19.52|19.53|19.5|19.52|11163.0|21787236.0|19.51
150000|19.51|19.54|19.51|19.53|12218.0|23859602.0|19.52
