093500|24.92|25.24|24.07|24.36|115666.0|283817142.0|24.77
094000|24.36|24.48|24.26|24.35|37979.0|92607610.0|24.36
094500|24.36|24.4|24.11|24.14|28816.0|69857618.0|24.35
095000|24.13|24.66|24.09|24.56|25123.0|61235901.0|24.14
095500|24.56|24.56|24.29|24.32|16651.0|40694806.0|24.56
100000|24.31|24.36|24.2|24.36|12483.0|30294225.0|24.32
100500|24.36|24.45|24.25|24.26|13327.0|32481383.0|24.36
101000|24.28|24.35|24.26|24.3|8354.0|20296034.0|24.26
101500|24.27|24.34|24.26|24.32|7358.0|17874958.0|24.3
102000|24.32|24.44|24.31|24.34|7831.0|19073710.0|24.32
102500|24.34|24.4|24.26|24.27|6660.0|16210232.0|24.34
103000|24.27|24.3|24.23|24.23|7011.0|17006050.0|24.27
103500|24.23|24.31|24.23|24.27|5220.0|12664946.0|24.23
104000|24.26|24.36|24.26|24.36|5939.0|14446516.0|24.27
104500|24.35|24.37|24.27|24.34|5823.0|14152967.0|24.36
105000|24.35|24.35|24.2|24.2|5578.0|13545639.0|24.34
105500|24.2|24.21|24.13|24.16|9742.0|23543418.0|24.2
110000|24.16|24.17|24.11|24.12|8006.0|19322828.0|24.16
110500|24.14|24.15|24.08|24.12|7011.0|16902370.0|24.12
111000|24.12|24.17|24.11|24.16|4447.0|10736736.0|24.12
111500|24.15|24.16|24.1|24.13|4495.0|10848386.0|24.16
112000|24.13|24.16|24.11|24.12|3466.0|8362837.0|24.13
112500|24.11|24.18|24.11|24.13|3836.0|9261499.0|24.12
113000|24.13|24.16|24.12|24.16|3198.0|7718922.0|24.13
130500|24.17|24.3|24.17|24.21|8726.0|21159388.0|24.16
131000|24.23|24.25|24.16|24.18|4485.0|10848736.0|24.21
131500|24.18|24.18|24.13|24.17|3597.0|8689710.0|24.18
132000|24.17|24.17|24.12|24.16|3836.0|9263534.0|24.17
132500|24.16|24.21|24.12|24.21|3847.0|9293589.0|24.16
133000|24.2|24.25|24.19|24.24|3019.0|7313733.0|24.21
133500|24.25|24.26|24.19|24.24|4526.0|10964643.0|24.24
134000|24.23|24.32|24.23|24.3|4838.0|11752078.0|24.24
134500|24.31|24.31|24.21|24.29|2830.0|6870223.0|24.3
135000|24.3|24.32|24.25|24.26|3072.0|7461568.0|24.29
135500|24.27|24.31|24.24|24.3|2494.0|6054703.0|24.26
140000|24.29|24.31|24.26|24.31|3244.0|7879651.0|24.3
140500|24.31|24.51|24.28|24.5|6650.0|16233856.0|24.31
141000|24.49|24.58|24.46|24.57|7152.0|17545628.0|24.5
141500|24.56|24.63|24.53|24.54|7838.0|19262424.0|24.57
142000|24.54|24.6|24.5|24.6|5307.0|13023748.0|24.54
142500|24.6|24.68|24.6|24.68|7215.0|17778789.0|24.6
143000|24.68|24.76|24.64|24.75|7333.0|18108940.0|24.68
143500|24.73|24.85|24.68|24.85|9986.0|24719959.0|24.75
144000|24.84|24.91|24.79|24.91|16526.0|41048716.0|24.85
144500|24.9|24.92|24.75|24.77|16886.0|41945717.0|24.91
145000|24.77|24.77|24.68|24.73|13488.0|33342639.0|24.77
145500|24.73|24.73|24.66|24.66|14890.0|36763774.0|24.73
150000|24.65|24.65|24.55|24.65|13329.0|32828132.0|24.66
