093500|20.25|20.26|20.07|20.08|7633.0|15396538.0|20.26
094000|20.07|20.14|19.96|20.08|8081.0|16187791.0|20.08
094500|20.09|20.16|20.07|20.12|5225.0|10509644.0|20.08
095000|20.14|20.25|20.11|20.18|4401.0|8885012.0|20.12
095500|20.18|20.2|20.08|20.11|3263.0|6579185.0|20.18
100000|20.08|20.19|20.08|20.18|2157.0|4338344.0|20.11
100500|20.17|20.24|20.13|20.24|3390.0|6839444.0|20.18
101000|20.24|20.28|20.2|20.22|3374.0|6827629.0|20.24
101500|20.24|20.25|20.13|20.13|1727.0|3490168.0|20.22
102000|20.12|20.15|20.06|20.06|13068.0|26181086.0|20.13
102500|20.06|20.1|20.03|20.08|3623.0|7265851.0|20.06
103000|20.1|20.1|20.06|20.07|1874.0|3763258.0|20.08
103500|20.07|20.08|20.0|20.03|4515.0|9048232.0|20.07
104000|20.02|20.09|20.01|20.07|2868.0|5751812.0|20.03
104500|20.08|20.14|20.07|20.12|1445.0|2904943.0|20.07
105000|20.13|20.21|20.13|20.21|1989.0|4015098.0|20.12
105500|20.21|20.24|20.18|20.18|1794.0|3627811.0|20.21
110000|20.19|20.35|20.19|20.34|5644.0|11445317.0|20.18
110500|20.34|20.42|20.32|20.41|4411.0|8988831.0|20.34
111000|20.41|20.48|20.41|20.44|3969.0|8114516.0|20.41
111500|20.43|20.44|20.39|20.41|2083.0|4252192.0|20.44
112000|20.4|20.54|20.4|20.49|4520.0|9262704.0|20.41
112500|20.48|20.52|20.42|20.42|3125.0|6397895.0|20.49
113000|20.41|20.48|20.36|20.36|1823.0|3719465.0|20.42
130500|20.33|20.4|20.32|20.37|3257.0|6625014.0|20.36
131000|20.37|20.37|20.27|20.28|1303.0|2647569.0|20.37
131500|20.28|20.31|20.26|20.26|1484.0|3009143.0|20.28
132000|20.26|20.27|20.23|20.25|1609.0|3257976.0|20.26
132500|20.25|20.26|20.23|20.25|1580.0|3198443.0|20.25
133000|20.26|20.26|20.21|20.24|1562.0|3159441.0|20.25
133500|20.25|20.25|20.17|20.17|2012.0|4065046.0|20.24
134000|20.17|20.21|20.17|20.2|990.0|1998288.0|20.17
134500|20.2|20.26|20.2|20.24|2072.0|4189586.0|20.2
135000|20.23|20.26|20.22|20.25|801.0|1620657.0|20.24
135500|20.26|20.3|20.24|20.3|2468.0|5001611.0|20.25
140000|20.3|20.37|20.29|20.34|2487.0|5059422.0|20.3
140500|20.33|20.34|20.28|20.29|1736.0|3524624.0|20.34
141000|20.29|20.29|20.24|20.25|1194.0|2419582.0|20.29
141500|20.25|20.26|20.21|20.25|1411.0|2855141.0|20.25
142000|20.24|20.28|20.21|20.27|1995.0|4039945.0|20.25
142500|20.27|20.31|20.27|20.3|1555.0|3155875.0|20.27
143000|20.29|20.3|20.24|20.24|1289.0|2611757.0|20.3
143500|20.24|20.29|20.23|20.26|2091.0|4237774.0|20.24
144000|20.25|20.27|20.21|20.22|1781.0|3605869.0|20.26
144500|20.21|20.23|20.17|20.18|2276.0|4596906.0|20.22
145000|20.18|20.18|20.11|20.15|2726.0|5490937.0|20.18
145500|20.13|20.21|20.13|20.2|2936.0|5922391.0|20.15
150000|20.2|20.23|20.19|20.19|1630.0|3292820.0|20.2
