09350000|73.3343997000|73.3343997000|71.3873874600|71.3873874600|487900|38389400.0000|71.3873874600
09400000|71.4792276600|71.9751647400|71.3139153000|71.5894359000|339200|26471988.0000|71.5894359000
09450000|71.5894359000|72.1772131800|71.3598354000|72.0670049400|221800|17298568.0000|72.0670049400
09500000|72.0394528800|72.4619178000|71.9935327800|72.2231332800|188400|14832232.0000|72.2231332800
09550000|72.0945570000|72.9854069400|71.8190364000|72.7925425200|130800|10312056.0000|72.7925425200
10000000|72.8751987000|72.9211188000|72.6088621200|72.9027507600|168000|13315328.0000|72.9027507600
10050000|72.8935667400|73.1966394000|72.6364141800|73.1415352800|126900|10067944.0000|73.1415352800
10100000|73.1415352800|73.9038089400|73.1415352800|73.5456321600|238400|19098080.0000|73.5456321600
10150000|73.6099203000|73.9221769800|73.2976636200|73.2976636200|153100|12279984.0000|73.2976636200
10200000|73.2976636200|73.3803198000|73.0864311600|73.2058234200|75200|5996976.0000|73.2058234200
10250000|73.2058234200|73.3803198000|72.9945909600|73.0129590000|85000|6770816.0000|73.0129590000
10300000|73.0313270400|73.4721600000|73.0313270400|73.2976636200|129600|10329280.0000|73.2976636200
10350000|73.3160316600|73.7384965800|73.2976636200|73.5915522600|122200|9779584.0000|73.5915522600
10400000|73.5456321600|74.1517774800|73.4354239200|73.9497290400|191800|15402176.0000|73.9497290400
10450000|73.9497290400|74.6477145600|73.7017605000|74.6477145600|182300|14715616.0000|74.6477145600
10500000|74.6385305400|74.9048671200|74.5099542600|74.8497630000|240100|19543664.0000|74.8497630000
10550000|74.8038429000|75.0242593800|74.3905620000|74.4089300400|188700|15371968.0000|74.4089300400
11000000|74.4181140600|74.6568985800|74.3905620000|74.5283223000|150300|12186064.0000|74.5283223000
11050000|74.5007702400|74.5007702400|74.1150414000|74.2987218000|75400|6098464.0000|74.2987218000
11100000|74.2068816000|74.3997460200|74.0783053200|74.0874893400|104700|8467872.0000|74.0874893400
11150000|74.1976975800|74.1976975800|73.9680970800|74.0874893400|37500|3023712.0000|74.0874893400
11200000|74.0599372800|74.2528017000|73.9864651200|74.1701455200|47400|3823264.0000|74.1701455200
11250000|74.1609615000|74.2160656200|74.0874893400|74.1425934600|52600|4247904.0000|74.1425934600
11300000|74.2252496400|74.4456661200|74.1425934600|74.3905620000|75900|6142144.0000|74.3905620000
13050000|74.4364821000|74.4364821000|74.0232012000|74.1058573800|128800|10413920.0000|74.1058573800
13100000|74.1058573800|74.2068816000|73.9405450200|74.0415692400|89400|7210592.0000|74.0415692400
13150000|74.0507532600|74.1885135600|74.0323852200|74.1150414000|66800|5391808.0000|74.1150414000
13200000|74.1150414000|74.3721939600|74.1058573800|74.2528017000|78100|6314688.0000|74.2528017000
13250000|74.2528017000|74.3538259200|74.1885135600|74.2803537600|59700|4829472.0000|74.2803537600
13300000|74.2987218000|74.3354578800|74.1334094400|74.3262738600|54000|4365664.0000|74.3262738600
13350000|74.3262738600|74.3630099400|74.2160656200|74.2895377800|64200|5191456.0000|74.2895377800
13400000|74.2803537600|74.2803537600|73.6374723600|74.2160656200|137400|11086208.0000|74.2160656200
13450000|74.2068816000|74.2068816000|73.9680970800|74.0415692400|35000|2823104.0000|74.0415692400
13500000|74.0415692400|74.1517774800|74.0232012000|74.0415692400|30600|2468640.0000|74.0415692400
13550000|74.0507532600|74.1885135600|73.9497290400|74.1150414000|50200|4046592.0000|74.1150414000
14000000|74.1150414000|74.1885135600|74.0691213000|74.0691213000|96800|7811776.0000|74.0691213000
14050000|74.0691213000|74.2344336600|74.0691213000|74.2344336600|155300|12534368.0000|74.2344336600
14100000|74.2068816000|74.3446419000|74.1517774800|74.3446419000|69100|5585472.0000|74.3446419000
14150000|74.3630099400|74.4915862200|74.2803537600|74.4915862200|96900|7848800.0000|74.4915862200
14200000|74.4732181800|74.4824022000|74.2803537600|74.4732181800|42500|3443488.0000|74.4732181800
14250000|74.4548501400|74.5099542600|74.1793295400|74.3079058200|76600|6200128.0000|74.3079058200
14300000|74.3170898400|74.5558743600|74.2160656200|74.4548501400|173100|14015488.0000|74.4548501400
14350000|74.5650583800|74.6568985800|74.4640341600|74.5650583800|55100|4474816.0000|74.5650583800
14400000|74.5375063200|74.6477145600|74.3905620000|74.6477145600|83100|6747552.0000|74.6477145600
14450000|74.6477145600|74.8773150600|74.6477145600|74.8773150600|120900|9842496.0000|74.8773150600
14500000|74.8497630000|74.9048671200|74.5742424000|74.6201625000|143400|11673856.0000|74.6201625000
14550000|74.6201625000|74.6201625000|74.3721939600|74.4915862200|118000|9577248.0000|74.4915862200
15000000|74.4824022000|74.5742424000|74.4824022000|74.5099542600|85700|6953440.0000|74.5099542600
