093500|3.6100|3.6200|3.6000|3.6200|7418500|26792259.0000|3.6200
094000|3.6200|3.6300|3.6100|3.6200|4154600|15046609.0000|3.6200
094500|3.6200|3.6300|3.6100|3.6200|1035700|3749238.0000|3.6200
095000|3.6200|3.6300|3.6200|3.6200|1489500|5403105.0000|3.6200
095500|3.6200|3.6300|3.6200|3.6200|973000|3528367.0000|3.6200
100000|3.6300|3.6300|3.6200|3.6200|2334800|8464084.0000|3.6200
100500|3.6200|3.6300|3.6200|3.6200|2079066|7540270.0000|3.6200
101000|3.6200|3.6300|3.6200|3.6300|3075400|11135486.0000|3.6300
101500|3.6300|3.6300|3.6200|3.6300|835100|3030627.0000|3.6300
102000|3.6300|3.6400|3.6200|3.6300|1363438|4949837.0000|3.6300
102500|3.6400|3.6400|3.6300|3.6300|1299800|4718815.0000|3.6300
103000|3.6200|3.6300|3.6200|3.6200|1034800|3755040.0000|3.6200
103500|3.6200|3.6300|3.6200|3.6200|513200|1860063.0000|3.6200
104000|3.6300|3.6300|3.6200|3.6200|324400|1177166.0000|3.6200
104500|3.6300|3.6400|3.6200|3.6400|1123500|4079528.0000|3.6400
105000|3.6400|3.6400|3.6200|3.6300|1773300|6440977.0000|3.6300
105500|3.6300|3.6400|3.6200|3.6200|695600|2523650.0000|3.6200
110000|3.6200|3.6300|3.6200|3.6200|847200|3071677.0000|3.6200
110500|3.6200|3.6300|3.6200|3.6200|560300|2029692.0000|3.6200
111000|3.6200|3.6300|3.6200|3.6200|374000|1354690.0000|3.6200
111500|3.6200|3.6400|3.6200|3.6300|1819400|6603943.0000|3.6300
112000|3.6300|3.6400|3.6300|3.6300|386000|1403118.0000|3.6300
112500|3.6400|3.6500|3.6300|3.6400|5974461|21747325.0000|3.6400
113000|3.6500|3.6500|3.6400|3.6400|1028600|3748268.0000|3.6400
130500|3.6500|3.6500|3.6400|3.6500|1731300|6311899.0000|3.6500
131000|3.6400|3.6500|3.6400|3.6400|2048400|7461106.0000|3.6400
131500|3.6400|3.6500|3.6400|3.6400|3408000|12409190.0000|3.6400
132000|3.6400|3.6500|3.6300|3.6400|1425300|5188892.0000|3.6400
132500|3.6500|3.6500|3.6400|3.6500|538800|1963372.0000|3.6500
133000|3.6400|3.6500|3.6400|3.6500|616700|2246663.0000|3.6500
133500|3.6500|3.6500|3.6400|3.6500|1558600|5686074.0000|3.6500
134000|3.6500|3.6500|3.6400|3.6400|1195500|4362767.0000|3.6400
134500|3.6400|3.6600|3.6400|3.6600|5655675|20645680.0000|3.6600
135000|3.6500|3.6600|3.6500|3.6600|711000|2596402.0000|3.6600
135500|3.6600|3.6600|3.6500|3.6500|434800|1588040.0000|3.6500
140000|3.6500|3.6600|3.6500|3.6500|744700|2719504.0000|3.6500
140500|3.6500|3.6600|3.6500|3.6600|361900|1321923.0000|3.6600
141000|3.6500|3.6600|3.6400|3.6500|3265300|11916068.0000|3.6500
141500|3.6400|3.6500|3.6400|3.6500|340500|1242582.0000|3.6500
142000|3.6400|3.6500|3.6400|3.6500|385400|1404939.0000|3.6500
142500|3.6400|3.6500|3.6400|3.6500|1322300|4824931.0000|3.6500
143000|3.6400|3.6500|3.6400|3.6500|1259100|4594004.0000|3.6500
143500|3.6400|3.6600|3.6400|3.6500|1193948|4357141.0000|3.6500
144000|3.6600|3.6600|3.6400|3.6500|1329000|4850095.0000|3.6500
144500|3.6500|3.6600|3.6400|3.6600|1230200|4492021.0000|3.6600
145000|3.6500|3.6600|3.6500|3.6500|1188400|4339065.0000|3.6500
145500|3.6500|3.6600|3.6400|3.6500|2297200|8383536.0000|3.6500
150000|3.6400|3.6600|3.6400|3.6500|1947300|7105216.0000|3.6500
