093500|5.24|5.25|5.21|5.22|12549.0|6558333.0|5.22
094000|5.22|5.23|5.21|5.22|9284.0|4846703.0|5.22
094500|5.22|5.24|5.21|5.23|9685.0|5064567.0|5.22
095000|5.23|5.24|5.22|5.22|2859.0|1493699.0|5.23
095500|5.22|5.23|5.22|5.22|4431.0|2313157.0|5.22
100000|5.22|5.23|5.22|5.22|2986.0|1559600.0|5.22
100500|5.23|5.24|5.22|5.23|11500.0|6014041.0|5.22
101000|5.23|5.33|5.22|5.31|47653.0|25110426.0|5.23
101500|5.31|5.31|5.26|5.27|52405.0|27716505.0|5.31
102000|5.26|5.3|5.26|5.29|23706.0|12535079.0|5.27
102500|5.28|5.3|5.27|5.3|11528.0|6091533.0|5.29
103000|5.3|5.32|5.29|5.3|24619.0|13066101.0|5.3
103500|5.3|5.31|5.27|5.28|10183.0|5391268.0|5.3
104000|5.27|5.28|5.26|5.27|7844.0|4134811.0|5.28
104500|5.27|5.28|5.26|5.27|4060.0|2139717.0|5.27
105000|5.27|5.28|5.27|5.27|2956.0|1559898.0|5.27
105500|5.27|5.28|5.26|5.27|7710.0|4061165.0|5.27
110000|5.27|5.28|5.27|5.28|4640.0|2447106.0|5.27
110500|5.28|5.28|5.26|5.26|6341.0|3340851.0|5.28
111000|5.26|5.27|5.25|5.26|6257.0|3292916.0|5.26
111500|5.26|5.27|5.25|5.25|5183.0|2727855.0|5.26
112000|5.25|5.26|5.25|5.26|1496.0|786413.0|5.25
112500|5.25|5.26|5.25|5.25|1744.0|917082.0|5.26
113000|5.26|5.26|5.25|5.25|3767.0|1980820.0|5.25
130500|5.26|5.26|5.24|5.24|6981.0|3665915.0|5.25
131000|5.25|5.25|5.24|5.24|1312.0|687783.0|5.24
131500|5.24|5.25|5.24|5.24|1899.0|995485.0|5.24
132000|5.25|5.25|5.24|5.24|1359.0|712458.0|5.24
132500|5.24|5.25|5.24|5.24|1090.0|571690.0|5.24
133000|5.25|5.25|5.24|5.24|1279.0|670643.0|5.24
133500|5.24|5.25|5.24|5.24|2248.0|1179079.0|5.24
134000|5.24|5.25|5.24|5.25|1651.0|865568.0|5.24
134500|5.25|5.25|5.24|5.25|2114.0|1107793.0|5.25
135000|5.25|5.25|5.24|5.25|1290.0|676365.0|5.25
135500|5.25|5.25|5.24|5.24|1555.0|815053.0|5.25
140000|5.24|5.25|5.24|5.24|6115.0|3204344.0|5.24
140500|5.24|5.25|5.24|5.24|1211.0|634787.0|5.24
141000|5.24|5.25|5.24|5.25|1742.0|914112.0|5.24
141500|5.25|5.25|5.24|5.25|4187.0|2197578.0|5.25
142000|5.25|5.25|5.24|5.25|1664.0|873234.0|5.25
142500|5.24|5.26|5.24|5.26|2309.0|1211676.0|5.25
143000|5.26|5.26|5.25|5.25|1604.0|843073.0|5.26
143500|5.25|5.26|5.25|5.25|2886.0|1516334.0|5.25
144000|5.25|5.26|5.24|5.25|3040.0|1595850.0|5.25
144500|5.24|5.25|5.24|5.25|3300.0|1730613.0|5.25
145000|5.24|5.25|5.24|5.25|4526.0|2375130.0|5.25
145500|5.25|5.26|5.25|5.25|3515.0|1846047.0|5.25
150000|5.25|5.26|5.25|5.25|7265.0|3815006.0|5.25
