093500|19.49|19.5|19.41|19.42|3108.0|6044049.0|19.51
094000|19.42|19.47|19.41|19.44|1832.0|3562686.0|19.42
094500|19.43|19.46|19.41|19.42|1121.0|2177931.0|19.44
095000|19.41|19.41|19.36|19.37|2959.0|5737331.0|19.42
095500|19.37|19.39|19.34|19.36|2583.0|5002281.0|19.37
100000|19.36|19.37|19.34|19.36|841.0|1627900.0|19.36
100500|19.36|19.37|19.34|19.35|1131.0|2189015.0|19.36
101000|19.36|19.37|19.34|19.37|1144.0|2213645.0|19.35
101500|19.36|19.38|19.35|19.36|2331.0|4514875.0|19.37
102000|19.36|19.36|19.34|19.35|1231.0|2381979.0|19.36
102500|19.35|19.37|19.34|19.36|716.0|1385572.0|19.35
103000|19.37|19.39|19.37|19.39|368.0|713070.0|19.36
103500|19.39|19.4|19.37|19.37|1251.0|2426087.0|19.39
104000|19.37|19.38|19.35|19.36|728.0|1409110.0|19.37
104500|19.35|19.38|19.35|19.37|790.0|1530019.0|19.36
105000|19.36|19.41|19.35|19.41|1095.0|2123159.0|19.37
105500|19.41|19.41|19.37|19.37|598.0|1159569.0|19.41
110000|19.37|19.38|19.36|19.37|397.0|768936.0|19.37
110500|19.37|19.37|19.35|19.36|293.0|567183.0|19.37
111000|19.36|19.38|19.35|19.38|1115.0|2160341.0|19.36
111500|19.41|19.41|19.37|19.38|810.0|1571158.0|19.38
112000|19.35|19.39|19.35|19.38|620.0|1200156.0|19.38
112500|19.38|19.38|19.36|19.36|274.0|530660.0|19.38
113000|19.36|19.37|19.32|19.34|2377.0|4596180.0|19.36
130500|19.34|19.36|19.31|19.33|1470.0|2840715.0|19.34
131000|19.33|19.33|19.31|19.32|520.0|1004657.0|19.33
131500|19.32|19.33|19.31|19.32|808.0|1561937.0|19.32
132000|19.33|19.33|19.31|19.31|804.0|1552938.0|19.32
132500|19.31|19.31|19.27|19.3|3270.0|6307672.0|19.31
133000|19.29|19.32|19.28|19.3|1470.0|2838297.0|19.3
133500|19.33|19.33|19.31|19.32|1153.0|2227103.0|19.3
134000|19.32|19.35|19.32|19.35|852.0|1646487.0|19.32
134500|19.35|19.35|19.31|19.31|443.0|856640.0|19.35
135000|19.31|19.34|19.31|19.33|360.0|695536.0|19.31
135500|19.32|19.34|19.32|19.32|432.0|835151.0|19.33
140000|19.32|19.32|19.31|19.31|149.0|287256.0|19.32
140500|19.31|19.35|19.31|19.34|827.0|1599209.0|19.31
141000|19.33|19.35|19.33|19.33|574.0|1109820.0|19.34
141500|19.33|19.34|19.32|19.32|667.0|1289158.0|19.33
142000|19.32|19.32|19.28|19.28|1655.0|3193040.0|19.32
142500|19.28|19.29|19.25|19.26|2648.0|5103235.0|19.28
143000|19.27|19.28|19.24|19.27|1869.0|3597781.0|19.26
143500|19.28|19.33|19.26|19.31|1409.0|2719681.0|19.27
144000|19.29|19.32|19.28|19.29|771.0|1488877.0|19.31
144500|19.29|19.3|19.27|19.27|1164.0|2245453.0|19.29
145000|19.28|19.31|19.26|19.26|1889.0|3642084.0|19.27
145500|19.28|19.29|19.25|19.26|3238.0|6235996.0|19.26
150000|19.26|19.27|19.25|19.25|1763.0|3394447.0|19.26
