09350000|17.6656657800|17.7970090200|17.6187574800|17.6656657800|551000|10388000.0000|17.6656657800
09400000|17.6656657800|17.7219557400|17.6093758200|17.6469024600|238300|4486104.0000|17.6469024600
09450000|17.6469024600|17.6844291000|17.6093758200|17.6844291000|231400|4352992.0000|17.6844291000
09500000|17.6844291000|17.8063906800|17.6656657800|17.7782457000|176600|3340072.0000|17.7782457000
09550000|17.7782457000|17.8439173200|17.7594823800|17.7782457000|162000|3074118.0000|17.7782457000
10000000|17.7782457000|17.8345356600|17.7501007200|17.8157723400|149500|2835530.0000|17.8157723400
10050000|17.8157723400|17.8345356600|17.7501007200|17.8157723400|264000|5005950.0000|17.8157723400
10100000|17.8157723400|17.9002072800|17.8063906800|17.8439173200|230400|4379652.0000|17.8439173200
10150000|17.8439173200|17.8908256200|17.8251540000|17.8251540000|156300|2973548.0000|17.8251540000
10200000|17.8251540000|17.8908256200|17.8157723400|17.8345356600|222700|4234388.0000|17.8345356600
10250000|17.8345356600|17.8814439600|17.7970090200|17.8532989800|151900|2888504.0000|17.8532989800
10300000|17.8532989800|17.8720623000|17.8157723400|17.8345356600|124000|2357808.0000|17.8345356600
10350000|17.8345356600|17.8720623000|17.8157723400|17.8251540000|110300|2096624.0000|17.8251540000
10400000|17.8251540000|17.8626806400|17.7876273600|17.8345356600|144300|2741284.0000|17.8345356600
10450000|17.8345356600|17.8626806400|17.8251540000|17.8532989800|85900|1633084.0000|17.8532989800
10500000|17.8532989800|17.8532989800|17.7970090200|17.8251540000|95000|1804804.0000|17.8251540000
10550000|17.8251540000|17.8345356600|17.7970090200|17.8063906800|131700|2500176.0000|17.8063906800
11000000|17.8063906800|17.8063906800|17.7782457000|17.7876273600|144900|2749132.0000|17.7876273600
11050000|17.7970090200|17.8157723400|17.7876273600|17.8063906800|56900|1079904.0000|17.8063906800
11100000|17.7970090200|17.8345356600|17.7688640400|17.8251540000|129700|2460248.0000|17.8251540000
11150000|17.8157723400|17.8814439600|17.8157723400|17.8345356600|192700|3664584.0000|17.8345356600
11200000|17.8345356600|17.8720623000|17.8251540000|17.8626806400|41000|780328.0000|17.8626806400
11250000|17.8626806400|17.9095889400|17.8532989800|17.8814439600|159300|3036608.0000|17.8814439600
11300000|17.8814439600|17.8908256200|17.8626806400|17.8720623000|40000|762336.0000|17.8720623000
13050000|17.8814439600|17.8908256200|17.8251540000|17.8626806400|122400|2328984.0000|17.8626806400
13100000|17.8626806400|17.8626806400|17.7970090200|17.8251540000|173000|3287312.0000|17.8251540000
13150000|17.8251540000|17.8439173200|17.8157723400|17.8157723400|115000|2185264.0000|17.8157723400
13200000|17.8157723400|17.8157723400|17.7970090200|17.8063906800|54300|1030544.0000|17.8063906800
13250000|17.7970090200|17.8157723400|17.7876273600|17.8063906800|53000|1005496.0000|17.8063906800
13300000|17.8063906800|17.8345356600|17.7970090200|17.8063906800|54400|1033184.0000|17.8063906800
13350000|17.8157723400|17.8439173200|17.8063906800|17.8345356600|82600|1569472.0000|17.8345356600
13400000|17.8345356600|17.8626806400|17.8063906800|17.8532989800|64000|1216584.0000|17.8532989800
13450000|17.8532989800|17.8626806400|17.8439173200|17.8439173200|87300|1661392.0000|17.8439173200
13500000|17.8439173200|17.8908256200|17.8439173200|17.8908256200|111100|2117160.0000|17.8908256200
13550000|17.8908256200|17.9471155800|17.8814439600|17.9095889400|144200|2753312.0000|17.9095889400
14000000|17.9095889400|17.9377339200|17.9002072800|17.9283522600|68100|1300608.0000|17.9283522600
14050000|17.9283522600|17.9658789000|17.9283522600|17.9377339200|119700|2289792.0000|17.9377339200
14100000|17.9377339200|17.9471155800|17.9002072800|17.9471155800|104800|2001960.0000|17.9471155800
14150000|17.9471155800|17.9846422200|17.9471155800|17.9752605600|75900|1453488.0000|17.9752605600
14200000|17.9752605600|17.9940238800|17.9564972400|17.9940238800|91100|1745992.0000|17.9940238800
14250000|17.9940238800|18.0315505200|17.9752605600|18.0315505200|163200|3133496.0000|18.0315505200
14300000|18.0315505200|18.0409321800|18.0127872000|18.0409321800|106700|2050912.0000|18.0409321800
14350000|18.0409321800|18.0503138400|17.9940238800|17.9940238800|82900|1591992.0000|17.9940238800
14400000|17.9940238800|18.0315505200|17.9658789000|18.0127872000|82300|1578968.0000|18.0127872000
14450000|18.0127872000|18.0878404800|18.0127872000|18.0878404800|298300|5743376.0000|18.0878404800
14500000|18.0878404800|18.0878404800|18.0596955000|18.0784588200|373200|7188280.0000|18.0784588200
14550000|18.0784588200|18.0784588200|18.0503138400|18.0690771600|329700|6348864.0000|18.0690771600
15000000|18.0690771600|18.0784588200|18.0596955000|18.0784588200|154000|2966192.0000|18.0784588200
