093500|35.58|35.92|35.49|35.8|1384.0|4948658.0|35.58
094000|35.8|36.12|35.74|35.98|1524.0|5469726.0|35.8
094500|35.96|36.2|35.68|35.8|2449.0|8792677.0|35.98
095000|35.9|36.12|35.75|36.01|1093.0|3920669.0|35.8
095500|36.12|36.87|35.95|36.66|3167.0|11527839.0|36.01
100000|36.7|36.7|36.09|36.13|1023.0|3729251.0|36.66
100500|36.1|36.36|36.07|36.26|397.0|1436395.0|36.13
101000|36.25|36.25|36.1|36.1|302.0|1090330.0|36.26
101500|36.22|36.36|36.17|36.26|208.0|752993.0|36.1
102000|36.27|36.28|36.2|36.26|48.0|174054.0|36.26
102500|36.26|36.36|36.18|36.35|221.0|801144.0|36.26
103000|36.37|36.37|36.19|36.3|36.0|130577.0|36.35
103500|36.3|36.5|36.29|36.48|740.0|2698314.0|36.3
104000|36.48|36.74|36.48|36.64|1498.0|5479536.0|36.48
104500|36.63|36.63|36.37|36.43|348.0|1269873.0|36.64
105000|36.43|36.43|36.31|36.36|187.0|680375.0|36.43
105500|36.36|36.36|36.26|36.26|216.0|784099.0|36.36
110000|36.26|36.27|36.24|36.27|121.0|438651.0|36.26
110500|36.29|36.34|36.27|36.34|121.0|439096.0|36.27
111000|36.33|36.34|36.3|36.33|51.0|185284.0|36.34
111500|36.33|36.45|36.3|36.44|202.0|734061.0|36.33
112000|36.4|36.4|36.31|36.4|148.0|538048.0|36.44
112500|36.4|36.44|36.31|36.44|191.0|694801.0|36.4
113000|36.5|36.5|36.43|36.49|91.0|331806.0|36.44
130500|36.5|36.63|36.49|36.55|854.0|3124819.0|36.49
131000|36.58|36.64|36.36|36.46|217.0|793443.0|36.55
131500|36.49|36.55|36.32|36.34|300.0|1092755.0|36.46
132000|36.35|36.38|36.32|36.32|93.0|338126.0|36.34
132500|36.32|36.35|36.24|36.26|286.0|1037982.0|36.32
133000|36.27|36.39|36.27|36.36|125.0|454093.0|36.26
133500|36.35|36.36|36.29|36.29|223.0|809957.0|36.36
134000|36.26|36.26|36.12|36.22|346.0|1251562.0|36.29
134500|36.22|36.22|36.08|36.08|195.0|704383.0|36.22
135000|36.08|36.12|36.03|36.08|224.0|808099.0|36.08
135500|36.09|36.09|35.82|35.83|837.0|3012172.0|36.08
140000|35.83|35.92|35.76|35.89|328.0|1175966.0|35.83
140500|35.82|35.94|35.79|35.93|153.0|548268.0|35.89
141000|35.93|36.04|35.91|35.92|172.0|618426.0|35.93
141500|35.93|35.99|35.92|35.99|212.0|762258.0|35.92
142000|35.98|36.19|35.98|36.19|318.0|1148561.0|35.99
142500|36.19|36.3|36.16|36.29|59.0|213801.0|36.19
143000|36.29|36.35|36.27|36.27|222.0|805810.0|36.29
143500|36.28|36.35|36.25|36.35|325.0|1179936.0|36.27
144000|36.33|36.44|36.28|36.3|429.0|1559395.0|36.35
144500|36.32|36.39|36.3|36.3|461.0|1675714.0|36.3
145000|36.3|36.3|36.23|36.23|621.0|2252788.0|36.3
145500|36.24|36.25|36.23|36.24|254.0|920472.0|36.23
150000|36.24|36.24|36.2|36.23|394.0|1426989.0|36.24
