09350000|26.2032473800|26.2032473800|25.8350285600|25.8449804200|924500|24118344.0000|25.8449804200
09400000|25.8449804200|25.8648841400|25.7852692600|25.7952211200|694000|18005883.0000|25.7952211200
09450000|25.8051729800|25.9743546000|25.7852692600|25.9444990200|429600|11156792.0000|25.9444990200
09500000|25.9245953000|26.0738732000|25.9245953000|26.0141620400|280200|7317631.0000|26.0141620400
09550000|26.0042101800|26.1236325000|25.9743546000|26.1037287800|323200|8464501.0000|26.1037287800
10000000|26.0838250600|26.1932955200|26.0838250600|26.1335843600|402700|10576685.0000|26.1335843600
10050000|26.1335843600|26.3226697000|25.9644027400|26.2729104000|399400|10506124.0000|26.2729104000
10100000|26.2629585400|26.3624771400|26.2032473800|26.3624771400|410200|10825967.0000|26.3624771400
10150000|26.3525252800|26.5217069000|26.3226697000|26.4122364400|854823|22707747.0000|26.4122364400
10200000|26.4122364400|26.4818994600|26.3923327200|26.4420920200|488200|12975452.0000|26.4420920200
10250000|26.4420920200|26.5515624800|26.4221883000|26.4619957400|631100|16796420.0000|26.4619957400
10300000|26.4619957400|26.7207441000|26.4321401600|26.7207441000|1460440|39032395.0000|26.7207441000
10350000|26.7207441000|27.1387222200|26.7207441000|27.0192999000|3058722|82788619.0000|27.0192999000
10400000|27.0292517600|27.1088666400|26.9695406000|27.0292517600|1767100|48010496.0000|27.0292517600
10450000|26.9894443200|27.0790110600|26.9297331600|27.0093480400|936400|25401472.0000|27.0093480400
10500000|27.0192999000|27.0292517600|26.9496368800|26.9993961800|574900|15592560.0000|26.9993961800
10550000|26.9894443200|27.1188185000|26.9794924600|27.0192999000|985000|26776992.0000|27.0192999000
11000000|27.0292517600|27.1188185000|27.0093480400|27.0192999000|861600|23444320.0000|27.0192999000
11050000|27.0093480400|27.1188185000|26.9993961800|27.1088666400|720466|19594336.0000|27.1088666400
11100000|27.1088666400|27.1188185000|27.0491554800|27.0989147800|480400|13077856.0000|27.0989147800
11150000|27.0989147800|27.1088666400|27.0392036200|27.0690592000|395069|10751920.0000|27.0690592000
11200000|27.0690592000|27.0989147800|26.9794924600|27.0292517600|434300|11803360.0000|27.0292517600
11250000|27.0292517600|27.0690592000|27.0292517600|27.0591073400|287451|7815168.0000|27.0591073400
11300000|27.0491554800|27.0790110600|27.0292517600|27.0591073400|291800|7933920.0000|27.0591073400
13050000|27.0690592000|27.0790110600|27.0292517600|27.0690592000|343400|9335680.0000|27.0690592000
13100000|27.0690592000|27.0989147800|27.0591073400|27.0790110600|350000|9525760.0000|27.0790110600
13150000|27.0790110600|27.0790110600|27.0491554800|27.0690592000|302500|8225504.0000|27.0690592000
13200000|27.0690592000|27.1387222200|27.0690592000|27.1088666400|874000|23815440.0000|27.1088666400
13250000|27.1088666400|27.1586259400|27.1088666400|27.1486740800|578600|15782752.0000|27.1486740800
13300000|27.1486740800|27.1685778000|27.1387222200|27.1486740800|679900|18554000.0000|27.1486740800
13350000|27.1486740800|27.1586259400|27.0889629200|27.0889629200|305400|8326592.0000|27.0889629200
13400000|27.0790110600|27.0889629200|27.0292517600|27.0690592000|617400|16788256.0000|27.0690592000
13450000|27.0790110600|27.1884815200|27.0690592000|27.1785296600|972985|26547088.0000|27.1785296600
13500000|27.1586259400|27.2282889600|27.1586259400|27.1984333800|576300|15751024.0000|27.1984333800
13550000|27.1984333800|27.2282889600|27.1884815200|27.2083852400|509500|13933184.0000|27.2083852400
14000000|27.2083852400|27.2680964000|27.1984333800|27.2581445400|601100|16454512.0000|27.2581445400
14050000|27.2680964000|27.5268447600|27.2581445400|27.4472298800|1808589|49785648.0000|27.4472298800
14100000|27.4472298800|27.4472298800|27.2183371000|27.2581445400|769000|21100528.0000|27.2581445400
14150000|27.2581445400|27.2581445400|27.1685778000|27.1984333800|614800|16806272.0000|27.1984333800
14200000|27.2083852400|27.2780482600|27.1785296600|27.1785296600|603800|16529824.0000|27.1785296600
14250000|27.1984333800|27.1984333800|27.1685778000|27.1685778000|713900|19495712.0000|27.1685778000
14300000|27.1685778000|27.2282889600|27.1685778000|27.2183371000|382500|10457232.0000|27.2183371000
14350000|27.2183371000|27.2581445400|27.2183371000|27.2282889600|443400|12138448.0000|27.2282889600
14400000|27.2382408200|27.2382408200|27.1785296600|27.1785296600|258100|7055504.0000|27.1785296600
14450000|27.1884815200|27.2382408200|27.1685778000|27.2083852400|743300|20309472.0000|27.2083852400
14500000|27.2083852400|27.2083852400|27.1785296600|27.1785296600|385400|10531744.0000|27.1785296600
14550000|27.1785296600|27.2083852400|27.1685778000|27.2083852400|787300|21507888.0000|27.2083852400
15000000|27.2083852400|27.2183371000|27.1984333800|27.2083852400|540900|14788864.0000|27.2083852400
