093500|79.95|80.15|79.31|79.62|21497.0|171598399.0|79.94
094000|79.61|80.68|79.55|80.61|14523.0|116336306.0|79.62
094500|80.59|80.6|80.02|80.03|12041.0|96819889.0|80.61
095000|80.03|80.14|79.55|79.65|9821.0|78316822.0|80.03
095500|79.66|79.98|79.55|79.91|5475.0|43638287.0|79.65
100000|79.91|80.15|79.73|79.76|4925.0|39355834.0|79.91
100500|79.7|79.91|79.5|79.51|6519.0|51916985.0|79.76
101000|79.51|79.55|79.38|79.42|5374.0|42695656.0|79.51
101500|79.49|79.65|79.1|79.15|7274.0|57666498.0|79.42
102000|79.15|79.17|78.9|78.91|10650.0|84134269.0|79.15
102500|78.91|79.15|78.86|78.95|6178.0|48772777.0|78.91
103000|78.94|78.95|78.88|78.89|4391.0|34650536.0|78.95
103500|78.89|79.15|78.79|78.93|6178.0|48753533.0|78.89
104000|78.91|78.95|78.8|78.91|3595.0|28352252.0|78.93
104500|78.91|79.14|78.91|79.1|3187.0|25180034.0|78.91
105000|79.1|79.29|79.09|79.1|2234.0|17689367.0|79.1
105500|79.1|79.61|79.1|79.49|3489.0|27705474.0|79.1
110000|79.46|79.58|79.23|79.24|2230.0|17717742.0|79.49
110500|79.24|79.47|79.19|79.3|2091.0|16581423.0|79.24
111000|79.3|79.3|79.04|79.06|2065.0|16336009.0|79.3
111500|79.05|79.12|79.04|79.1|1392.0|11007033.0|79.06
112000|79.1|79.29|79.06|79.08|1789.0|14155475.0|79.1
112500|79.07|79.29|79.06|79.13|1291.0|10218983.0|79.08
113000|79.13|79.3|79.07|79.24|1434.0|11348094.0|79.13
130500|79.22|79.22|78.81|78.86|4638.0|36604727.0|79.24
131000|78.86|78.98|78.83|78.91|2624.0|20697944.0|78.86
131500|78.9|78.91|78.81|78.83|2683.0|21152942.0|78.91
132000|78.83|78.85|78.52|78.55|6772.0|53310424.0|78.83
132500|78.55|78.67|78.4|78.61|5325.0|41813338.0|78.55
133000|78.6|78.82|78.56|78.68|2443.0|19220263.0|78.61
133500|78.69|78.76|78.51|78.51|3139.0|24680621.0|78.68
134000|78.52|78.52|78.37|78.38|3732.0|29271185.0|78.51
134500|78.38|78.42|78.34|78.4|3173.0|24867381.0|78.38
135000|78.4|78.55|78.37|78.44|2480.0|19449352.0|78.4
135500|78.44|78.44|78.15|78.2|4692.0|36726350.0|78.44
140000|78.21|78.24|78.1|78.15|3818.0|29844749.0|78.2
140500|78.16|78.18|78.0|78.12|5355.0|41811642.0|78.15
141000|78.14|78.34|78.03|78.31|3091.0|24159613.0|78.12
141500|78.33|78.33|78.04|78.17|3059.0|23898040.0|78.31
142000|78.17|78.4|78.14|78.23|3155.0|24697760.0|78.17
142500|78.23|78.48|78.23|78.48|3549.0|27807164.0|78.23
143000|78.43|78.48|78.24|78.24|2647.0|20750918.0|78.48
143500|78.24|78.32|78.18|78.3|3535.0|27662657.0|78.24
144000|78.32|78.4|78.2|78.35|3030.0|23717915.0|78.3
144500|78.34|78.35|78.2|78.22|4065.0|31803371.0|78.35
145000|78.23|78.23|78.1|78.14|5309.0|41493537.0|78.22
145500|78.15|78.2|78.15|78.18|6044.0|47250133.0|78.14
150000|78.2|78.3|78.19|78.29|4602.0|36004287.0|78.18
