133500|12.25|12.31|12.24|12.3|6033.0|7487985.0|12.23
134000|12.28|12.3|12.27|12.28|2841.0|3530303.0|12.3
134500|12.27|12.28|12.25|12.26|1933.0|2397361.0|12.28
135000|12.25|12.26|12.25|12.25|1305.0|1617438.0|12.26
135500|12.25|12.26|12.23|12.23|1528.0|1891967.0|12.25
140000|12.24|12.25|12.22|12.22|2292.0|2835368.0|12.23
140500|12.22|12.23|12.18|12.2|4711.0|5811563.0|12.22
141000|12.2|12.21|12.12|12.17|7891.0|9702092.0|12.2
141500|12.18|12.2|12.16|12.2|2400.0|2953915.0|12.17
142000|12.19|12.2|12.17|12.19|2044.0|2518963.0|12.2
142500|12.19|12.21|12.18|12.2|2237.0|2760325.0|12.19
143000|12.21|12.24|12.2|12.23|1634.0|2018983.0|12.2
143500|12.23|12.23|12.18|12.19|2115.0|2610094.0|12.23
144000|12.19|12.2|12.17|12.18|3277.0|4037614.0|12.19
144500|12.18|12.2|12.18|12.2|2523.0|3110089.0|12.18
145000|12.2|12.2|12.17|12.19|4613.0|5684867.0|12.2
145500|12.18|12.21|12.18|12.2|6297.0|7766706.0|12.19
150000|12.19|12.2|12.18|12.19|9012.0|11110770.0|12.2
