093500|43.73|44.5|43.46|43.57|6428.0|28834103.0|44.34
094000|43.54|43.96|43.54|43.7|4282.0|19120461.0|43.57
094500|43.71|43.91|43.56|43.76|4026.0|17958955.0|43.7
095000|43.72|43.8|43.61|43.63|3609.0|16082118.0|43.76
095500|43.65|43.78|43.57|43.75|3133.0|13960726.0|43.63
100000|43.73|43.8|43.57|43.75|2600.0|11590728.0|43.75
100500|43.72|44.19|43.72|44.19|3952.0|17734520.0|43.75
101000|44.19|44.49|44.12|44.45|2819.0|12727794.0|44.19
101500|44.44|44.59|44.35|44.53|3063.0|13895311.0|44.45
102000|44.5|44.61|44.41|44.51|2455.0|11147059.0|44.53
102500|44.51|45.1|44.49|44.82|4189.0|19135440.0|44.51
103000|44.84|45.16|44.72|44.96|7226.0|33174889.0|44.82
103500|44.96|45.19|44.93|45.18|3488.0|16029478.0|44.96
104000|45.14|45.48|45.01|45.38|5884.0|27161207.0|45.18
104500|45.37|45.45|44.85|45.06|4077.0|18788439.0|45.38
105000|45.06|45.1|44.9|44.92|3449.0|15823254.0|45.06
105500|44.92|44.92|44.66|44.75|2009.0|9173031.0|44.92
110000|44.71|44.75|44.59|44.68|1114.0|5077676.0|44.75
110500|44.68|44.72|44.56|44.56|677.0|3084421.0|44.68
111000|44.56|44.65|44.44|44.46|1392.0|6323423.0|44.56
111500|44.46|44.65|44.46|44.59|909.0|4131281.0|44.46
112000|44.58|44.58|44.42|44.42|962.0|4364845.0|44.59
112500|44.38|44.39|44.13|44.15|2505.0|11314666.0|44.42
113000|44.18|44.46|44.18|44.4|957.0|4325335.0|44.15
130500|44.35|44.41|44.13|44.17|1841.0|8317490.0|44.4
131000|44.27|44.56|44.23|44.35|1374.0|6219091.0|44.17
131500|44.35|44.61|44.34|44.61|1228.0|5561902.0|44.35
132000|44.57|44.76|44.41|44.41|2149.0|9779189.0|44.61
132500|44.4|44.49|44.32|44.36|1156.0|5234506.0|44.41
133000|44.36|44.41|44.17|44.18|1222.0|5517350.0|44.36
133500|44.18|44.35|44.18|44.24|880.0|3975094.0|44.18
134000|44.24|44.3|44.07|44.14|1930.0|8695118.0|44.24
134500|44.14|44.21|44.12|44.21|1387.0|6244839.0|44.14
135000|44.21|44.21|44.04|44.05|1324.0|5954922.0|44.21
135500|44.04|44.16|44.02|44.12|1272.0|5719875.0|44.05
140000|44.12|44.24|44.01|44.24|3308.0|14894333.0|44.12
140500|44.2|44.29|44.17|44.22|1139.0|5137784.0|44.24
141000|44.21|44.45|44.21|44.36|2429.0|10975839.0|44.22
141500|44.36|44.69|44.34|44.61|3627.0|16474669.0|44.36
142000|44.63|44.63|44.14|44.18|2474.0|11186439.0|44.61
142500|44.18|44.26|44.15|44.26|1500.0|6763697.0|44.18
143000|44.27|44.34|44.19|44.28|1562.0|7051511.0|44.26
143500|44.25|44.31|44.21|44.26|1763.0|7960085.0|44.28
144000|44.27|44.29|44.23|44.26|2001.0|9034388.0|44.26
144500|44.27|44.49|44.27|44.38|3690.0|16705984.0|44.26
145000|44.37|44.42|44.34|44.34|2614.0|11828817.0|44.38
145500|44.36|44.37|44.24|44.32|3449.0|15588629.0|44.34
150000|44.29|44.36|44.29|44.36|3613.0|16339039.0|44.32
