093500|7.7600|7.7600|7.7200|7.7200|746700|5781795.0000|7.7200
094000|7.7200|7.7400|7.7100|7.7100|826700|6380726.0000|7.7100
094500|7.7100|7.7600|7.7100|7.7400|657300|5082329.0000|7.7400
095000|7.7400|7.7700|7.7400|7.7400|438900|3403762.0000|7.7400
095500|7.7500|7.7800|7.7400|7.7700|340300|2642074.0000|7.7700
100000|7.7700|7.7700|7.7600|7.7700|314900|2445640.0000|7.7700
100500|7.7700|7.7700|7.7400|7.7400|446300|3457904.0000|7.7400
101000|7.7400|7.7700|7.7400|7.7700|635000|4926508.0000|7.7700
101500|7.7700|7.8000|7.7500|7.8000|440700|3424760.0000|7.8000
102000|7.8000|7.8300|7.7900|7.8100|669600|5223240.0000|7.8100
102500|7.8100|7.8100|7.7800|7.8000|458400|3576088.0000|7.8000
103000|7.8000|7.8000|7.7900|7.8000|134200|1046392.0000|7.8000
103500|7.7900|7.8300|7.7900|7.8200|459600|3589072.0000|7.8200
104000|7.8200|7.8500|7.8000|7.8100|719800|5631288.0000|7.8100
104500|7.8100|7.8400|7.8100|7.8200|350000|2738872.0000|7.8200
105000|7.8200|7.8300|7.8100|7.8200|174400|1364356.0000|7.8200
105500|7.8200|7.8200|7.7900|7.8100|496000|3872932.0000|7.8100
110000|7.8100|7.8100|7.7900|7.7900|155700|1214432.0000|7.7900
110500|7.8000|7.8000|7.7900|7.7900|74600|581512.0000|7.7900
111000|7.7900|7.8000|7.7900|7.8000|112400|876276.0000|7.8000
111500|7.8000|7.8000|7.7900|7.8000|91700|714688.0000|7.8000
112000|7.8000|7.8300|7.7900|7.8200|423000|3303888.0000|7.8200
112500|7.8100|7.8300|7.8100|7.8300|178400|1395456.0000|7.8300
113000|7.8300|7.8300|7.8100|7.8200|223100|1746136.0000|7.8200
130500|7.8100|7.8100|7.7900|7.8000|218800|1706256.0000|7.8000
131000|7.8000|7.8000|7.7900|7.8000|128800|1004000.0000|7.8000
131500|7.7900|7.8100|7.7900|7.8000|222000|1731568.0000|7.8000
132000|7.7900|7.8100|7.7900|7.8000|220400|1719040.0000|7.8000
132500|7.8000|7.8100|7.7900|7.8100|339600|2649640.0000|7.8100
133000|7.8000|7.8300|7.8000|7.8200|442800|3462152.0000|7.8200
133500|7.8200|7.8200|7.8000|7.8000|192400|1501968.0000|7.8000
134000|7.8100|7.8200|7.8000|7.8100|168000|1311280.0000|7.8100
134500|7.8100|7.8200|7.7900|7.8000|298400|2329936.0000|7.8000
135000|7.8100|7.8200|7.8000|7.8200|243900|1904424.0000|7.8200
135500|7.8200|7.8200|7.7900|7.7900|155100|1210744.0000|7.7900
140000|7.8000|7.8000|7.7900|7.8000|66400|518016.0000|7.8000
140500|7.8000|7.8000|7.7800|7.8000|685500|5338112.0000|7.8000
141000|7.8000|7.8100|7.7800|7.8000|286600|2233808.0000|7.8000
141500|7.8000|7.8100|7.7900|7.8000|150900|1177088.0000|7.8000
142000|7.8000|7.8100|7.8000|7.8100|148300|1157832.0000|7.8100
142500|7.8100|7.8200|7.7900|7.8000|628700|4907488.0000|7.8000
143000|7.7900|7.8000|7.7900|7.8000|473800|3693792.0000|7.8000
143500|7.8000|7.8000|7.7900|7.8000|493700|3847520.0000|7.8000
144000|7.7900|7.8000|7.7800|7.7900|434300|3382760.0000|7.7900
144500|7.7900|7.7900|7.7700|7.7900|869100|6763936.0000|7.7900
145000|7.7900|7.7900|7.7700|7.7700|358800|2792960.0000|7.7700
145500|7.7700|7.7900|7.7400|7.7500|566400|4394184.0000|7.7500
150000|7.7500|7.7700|7.7400|7.7500|404300|3134960.0000|7.7500
