09350000|44.8930346800|44.9803374700|44.1655114300|44.4468204200|241288|11057983.0000|44.4468204200
09400000|44.3983188700|44.4080191800|43.8065999600|43.8065999600|221024|10042685.0000|43.8065999600
09450000|43.8065999600|44.1752117400|43.7483981000|43.9909058500|147400|6676445.0000|43.9909058500
09500000|44.0394074000|44.1170098800|43.7483981000|43.7483981000|185300|8383351.0000|43.7483981000
09550000|43.7289974800|43.9424043000|43.3797863200|43.6610953100|264715|11913781.0000|43.6610953100
10000000|43.6610953100|43.6610953100|43.3894866300|43.5446915900|126900|5689248.0000|43.5446915900
10050000|43.5737925200|43.7871993400|43.5640922100|43.6804959300|128400|5779123.0000|43.6804959300
10100000|43.6707956200|44.0006061600|43.6222940700|43.8357008900|65900|2976052.0000|43.8357008900
10150000|43.8260005800|43.8939027500|43.6804959300|43.7968996500|49300|2225509.0000|43.7968996500
10200000|43.7871993400|44.0491077100|43.7677987200|44.0394074000|63700|2884071.0000|44.0394074000
10250000|44.0394074000|44.3110160800|44.0394074000|44.2237132900|54600|2486415.0000|44.2237132900
10300000|44.2237132900|44.5244229000|44.2237132900|44.5244229000|85949|3935660.0000|44.5244229000
10350000|44.4759213500|44.9124353000|44.4759213500|44.8057318900|98100|4522368.0000|44.8057318900
10400000|44.7669306500|44.8930346800|44.7087287900|44.7184291000|91300|4215876.0000|44.7184291000
10450000|44.6893281700|44.7766309600|44.4759213500|44.6311263100|93500|4300711.0000|44.6311263100
10500000|44.6311263100|44.8639337500|44.5729244500|44.5729244500|29600|1364424.0000|44.5729244500
10550000|44.5632241400|44.6990284800|44.4953219700|44.5826247600|41600|1912608.0000|44.5826247600
11000000|44.5826247600|44.7766309600|44.5826247600|44.6408266200|70800|3262587.0000|44.6408266200
11050000|44.6117256900|44.8542334400|44.4953219700|44.7281294100|58100|2672843.0000|44.7281294100
11100000|44.7281294100|44.8057318900|44.4953219700|44.5050222800|32600|1499922.0000|44.5050222800
11150000|44.5147225900|44.5438235200|44.4177194900|44.4371201100|24400|1119102.0000|44.4371201100
11200000|44.4371201100|44.4953219700|44.3789182500|44.4274198000|14100|645733.0000|44.4274198000
11250000|44.4177194900|44.7475300300|44.3789182500|44.5826247600|29100|1338070.0000|44.5826247600
11300000|44.5826247600|44.8542334400|44.5826247600|44.8542334400|28600|1319894.0000|44.8542334400
13050000|44.8639337500|45.0482396400|44.8639337500|44.9706371600|83010|3848234.0000|44.9706371600
13100000|44.9706371600|44.9706371600|44.8154322000|44.9124353000|32300|1494180.0000|44.9124353000
13150000|44.9124353000|44.9803374700|44.8542334400|44.8639337500|42614|1974090.0000|44.8639337500
13200000|44.8833343700|44.9609368500|44.8445331300|44.8639337500|25900|1198284.0000|44.8639337500
13250000|44.8736340600|44.9221356100|44.7184291000|44.7378297200|27500|1270690.0000|44.7378297200
13300000|44.7378297200|44.7475300300|44.6020253800|44.6602272400|25300|1165181.0000|44.6602272400
13350000|44.6602272400|44.7378297200|44.6214260000|44.6408266200|30500|1404589.0000|44.6408266200
13400000|44.6408266200|44.8348328200|44.6408266200|44.7281294100|24300|1120214.0000|44.7281294100
13450000|44.7281294100|44.7863312700|44.6699275500|44.7087287900|44000|2026897.0000|44.7087287900
13500000|44.7087287900|44.7087287900|44.5244229000|44.5341232100|30500|1402139.0000|44.5341232100
13550000|44.5244229000|44.5244229000|44.3983188700|44.4759213500|29400|1347030.0000|44.4759213500
14000000|44.4274198000|44.5050222800|44.4274198000|44.4468204200|32900|1507679.0000|44.4468204200
14050000|44.4662210400|44.6020253800|44.2237132900|44.2334136000|53800|2461819.0000|44.2334136000
14100000|44.2334136000|44.3110160800|44.1849120500|44.2140129800|58700|2676876.0000|44.2140129800
14150000|44.2043126700|44.4177194900|44.2043126700|44.4177194900|30900|1411856.0000|44.4177194900
14200000|44.4177194900|44.6020253800|44.4080191800|44.6020253800|19200|880405.0000|44.6020253800
14250000|44.5826247600|44.5826247600|44.3983188700|44.5341232100|46500|2132519.0000|44.5341232100
14300000|44.5341232100|44.7087287900|44.4662210400|44.5244229000|46100|2117159.0000|44.5244229000
14350000|44.5244229000|44.6020253800|44.4953219700|44.5147225900|26300|1207994.0000|44.5147225900
14400000|44.5147225900|44.5438235200|44.3789182500|44.3983188700|69500|3187287.0000|44.3983188700
14450000|44.3886185600|44.4177194900|44.3304167000|44.3983188700|88300|4039164.0000|44.3983188700
14500000|44.3983188700|44.4856216600|44.3692179400|44.4274198000|55300|2532947.0000|44.4274198000
14550000|44.4274198000|44.4371201100|44.3304167000|44.3595176300|130045|5951768.0000|44.3595176300
15000000|44.3498173200|44.4662210400|44.3498173200|44.4080191800|79000|3615901.0000|44.4080191800
