09350000|52.4786771000|52.5271786500|51.4116430000|51.5959488900|434500|23277517.0000|51.5959488900
09400000|51.5959488900|51.7317532300|51.1788355600|51.5474473400|319500|16928135.0000|51.5474473400
09450000|51.5668479600|52.1003650100|51.4019426900|51.4019426900|135100|7208551.0000|51.4019426900
09500000|51.4310436200|51.7220529200|51.2176368000|51.5765482700|250800|13300594.0000|51.5765482700
09550000|51.5474473400|51.6929519900|51.1303340100|51.2758386600|172700|9147634.0000|51.2758386600
10000000|51.1691352500|51.4989457900|50.9266275000|51.3825420700|185400|9790602.0000|51.3825420700
10050000|51.4116430000|51.7511538500|51.3243402100|51.4213433100|99000|5259365.0000|51.4213433100
10100000|51.5086461000|52.2652702800|51.4213433100|52.1876678000|155152|8290710.0000|52.1876678000
10150000|52.1876678000|52.2652702800|51.9257594300|51.9354597400|113000|6074952.0000|51.9354597400
10200000|51.9257594300|52.6435823700|51.7608541600|52.0906647000|197617|10650423.0000|52.0906647000
10250000|52.0809643900|52.3816740000|51.9645606700|52.1003650100|102000|5476704.0000|52.1003650100
10300000|52.1003650100|52.6532826800|52.0421631500|52.5756802000|68700|3701293.0000|52.5756802000
10350000|52.5950808200|53.3420046900|52.5368789600|53.1770994200|133600|7296776.0000|53.1770994200
10400000|53.1673991100|53.5457112000|53.1576988000|53.2159006600|163000|8965033.0000|53.2159006600
10450000|53.2159006600|53.3420046900|53.1091972500|53.1576988000|106277|5829378.0000|53.1576988000
10500000|53.1576988000|53.6427143000|53.0800963200|53.4875093400|143100|7875939.0000|53.4875093400
10550000|53.3808059300|53.7494177100|53.2159006600|53.3517050000|72500|4002226.0000|53.3517050000
11000000|53.4584084100|53.5845124400|53.2353012800|53.4681087200|95200|5248197.0000|53.4681087200
11050000|53.4875093400|53.5457112000|53.2062003500|53.2256009700|110500|6075961.0000|53.2256009700
11100000|53.2256009700|53.3614053100|52.8860901200|52.9830932200|75600|4141428.0000|52.9830932200
11150000|52.9830932200|53.1188975600|52.8569891900|52.9248913600|83700|4568853.0000|52.9248913600
11200000|52.9927935300|53.1382981800|52.8666895000|52.9248913600|54600|2981220.0000|52.9248913600
11250000|53.0121941500|53.2547019000|52.8472888800|53.2547019000|65600|3587859.0000|53.2547019000
11300000|53.2547019000|53.3323043800|53.0218944600|53.0800963200|65500|3589676.0000|53.0800963200
13050000|53.1188975600|53.1576988000|52.8666895000|53.0703960100|96800|5293657.0000|53.0703960100
13100000|53.0509953900|53.2062003500|52.9248913600|53.1867997300|60640|3315817.0000|53.1867997300
13150000|53.1867997300|53.1867997300|52.7696864000|52.8860901200|76100|4153386.0000|52.8860901200
13200000|52.8666895000|53.1479984900|52.8375885700|53.1285978700|59800|3269720.0000|53.1285978700
13250000|53.1285978700|53.1770994200|52.8763898100|53.0412950800|43500|2376872.0000|53.0412950800
13300000|53.0412950800|53.0994969400|52.9054907400|52.9054907400|37000|2021613.0000|52.9054907400
13350000|52.9151910500|53.0121941500|52.6144814400|53.0024938400|82900|4512518.0000|53.0024938400
13400000|52.9927935300|53.1479984900|52.8084876400|52.8181879500|45074|2460998.0000|52.8181879500
13450000|52.8181879500|52.8375885700|52.5465792700|52.5853805100|54600|2963406.0000|52.5853805100
13500000|52.5853805100|52.7017842300|52.5271786500|52.6532826800|79500|4313294.0000|52.6532826800
13550000|52.6241817500|52.6629829900|52.3331724500|52.3331724500|64400|3484384.0000|52.3331724500
14000000|52.3331724500|52.6532826800|52.3331724500|52.4980777200|59800|3235096.0000|52.4980777200
14050000|52.3816740000|52.5756802000|52.2846709000|52.4495761700|48800|2636646.0000|52.4495761700
14100000|52.4495761700|52.6532826800|52.1003650100|52.6144814400|73100|3951300.0000|52.6144814400
14150000|52.5950808200|52.8569891900|52.4786771000|52.4786771000|79642|4324396.0000|52.4786771000
14200000|52.4786771000|52.7793867100|52.4689767900|52.7017842300|71300|3869852.0000|52.7017842300
14250000|52.6338820600|52.7017842300|52.2555699700|52.3525730700|51800|2803148.0000|52.3525730700
14300000|52.3622733800|52.3816740000|52.0906647000|52.1100653200|57600|3101205.0000|52.1100653200
14350000|52.1197656300|52.1779674900|51.9257594300|52.0227625300|96500|5175736.0000|52.0227625300
14400000|51.9645606700|52.1779674900|51.7511538500|51.7511538500|152300|8160549.0000|51.7511538500
14450000|51.7317532300|51.9936616000|51.3922423800|51.6541507500|198363|10550181.0000|51.6541507500
14500000|51.6444504400|51.7317532300|51.3340405200|51.5086461000|138909|7373264.0000|51.5086461000
14550000|51.5377470300|51.5377470300|51.2758386600|51.2952392800|131700|6975024.0000|51.2952392800
15000000|51.3243402100|51.3631414500|50.9751290500|51.1206337000|213770|11270816.0000|51.1206337000
