093500|10.7095785500|10.8027053200|10.6757142700|10.7857731800|7442524|94511338.0000|10.7857731800
094000|10.7857731800|10.8196374600|10.7603749700|10.7857731800|5077600|64711550.0000|10.7857731800
094500|10.7857731800|10.7857731800|10.7180446200|10.7265106900|2751600|34904389.0000|10.7265106900
095000|10.7265106900|10.7265106900|10.6672482000|10.6757142700|2079576|26268238.0000|10.6757142700
095500|10.6841803400|10.6926464100|10.6503160600|10.6757142700|3752900|47298032.0000|10.6757142700
100000|10.6672482000|10.6841803400|10.6418499900|10.6672482000|3015700|37988117.0000|10.6672482000
100500|10.6587821300|10.6672482000|10.6249178500|10.6333839200|3207761|40345088.0000|10.6333839200
101000|10.6333839200|10.6418499900|10.6164517800|10.6249178500|2298500|28856224.0000|10.6249178500
101500|10.6249178500|10.6249178500|10.5910535700|10.5995196400|3653200|45772880.0000|10.5995196400
102000|10.5995196400|10.6164517800|10.5910535700|10.6164517800|3290962|41195440.0000|10.6164517800
102500|10.6164517800|10.6249178500|10.5825875000|10.5995196400|1990038|24913728.0000|10.5995196400
103000|10.6079857100|10.6333839200|10.5995196400|10.6333839200|1450000|18177904.0000|10.6333839200
103500|10.6333839200|10.6841803400|10.6333839200|10.6587821300|1770320|22307264.0000|10.6587821300
104000|10.6587821300|10.6926464100|10.6503160600|10.6926464100|1240500|15633280.0000|10.6926464100
104500|10.6926464100|10.6926464100|10.6249178500|10.6333839200|1181100|14876144.0000|10.6333839200
105000|10.6333839200|10.6503160600|10.6249178500|10.6418499900|557800|7006208.0000|10.6418499900
105500|10.6503160600|10.6503160600|10.6249178500|10.6418499900|755300|9489584.0000|10.6418499900
110000|10.6418499900|10.6587821300|10.6333839200|10.6418499900|963900|12115648.0000|10.6418499900
110500|10.6418499900|10.6418499900|10.6079857100|10.6164517800|928900|11656960.0000|10.6164517800
111000|10.6079857100|10.6333839200|10.6079857100|10.6249178500|558900|7010160.0000|10.6249178500
111500|10.6249178500|10.6418499900|10.6164517800|10.6164517800|992900|12459472.0000|10.6164517800
112000|10.6079857100|10.6164517800|10.5995196400|10.6164517800|942000|11803968.0000|10.6164517800
112500|10.6164517800|10.6333839200|10.6079857100|10.6164517800|783100|9824528.0000|10.6164517800
113000|10.6249178500|10.6249178500|10.5995196400|10.6079857100|1032600|12944784.0000|10.6079857100
130500|10.6079857100|10.6249178500|10.5995196400|10.6249178500|1211460|15180544.0000|10.6249178500
131000|10.6164517800|10.6249178500|10.6079857100|10.6164517800|543100|6811248.0000|10.6164517800
131500|10.6164517800|10.6249178500|10.6079857100|10.6164517800|796400|9986320.0000|10.6164517800
132000|10.6249178500|10.6672482000|10.6164517800|10.6672482000|1309844|16473216.0000|10.6672482000
132500|10.6672482000|10.6757142700|10.6503160600|10.6672482000|963700|12142304.0000|10.6672482000
133000|10.6757142700|10.7095785500|10.6757142700|10.6757142700|1482300|18712672.0000|10.6757142700
133500|10.6757142700|10.7180446200|10.6757142700|10.7011124800|2498000|31570880.0000|10.7011124800
134000|10.6926464100|10.7011124800|10.6757142700|10.6926464100|1141100|14402832.0000|10.6926464100
134500|10.6841803400|10.6926464100|10.6503160600|10.6587821300|1347600|16980176.0000|10.6587821300
135000|10.6503160600|10.6757142700|10.6503160600|10.6672482000|879340|11075088.0000|10.6672482000
135500|10.6672482000|10.6841803400|10.6587821300|10.6757142700|735300|9272224.0000|10.6757142700
140000|10.6672482000|10.6841803400|10.6587821300|10.6587821300|846600|10670752.0000|10.6587821300
140500|10.6757142700|10.7011124800|10.6672482000|10.6926464100|1728927|21813200.0000|10.6926464100
141000|10.6841803400|10.7095785500|10.6841803400|10.7011124800|994400|12565264.0000|10.7011124800
141500|10.6926464100|10.7095785500|10.6841803400|10.7095785500|1278300|16152560.0000|10.7095785500
142000|10.7011124800|10.7095785500|10.6926464100|10.7011124800|747200|9443616.0000|10.7011124800
142500|10.7011124800|10.7265106900|10.6926464100|10.7180446200|1191434|15075376.0000|10.7180446200
143000|10.7180446200|10.7349767600|10.7180446200|10.7349767600|1372500|17391472.0000|10.7349767600
143500|10.7349767600|10.7349767600|10.7095785500|10.7265106900|1600600|20271776.0000|10.7265106900
144000|10.7180446200|10.7265106900|10.7095785500|10.7180446200|1077900|13648320.0000|10.7180446200
144500|10.7265106900|10.7434428300|10.7180446200|10.7265106900|1555194|19713696.0000|10.7265106900
145000|10.7349767600|10.7349767600|10.7180446200|10.7180446200|1744055|22093072.0000|10.7180446200
145500|10.7265106900|10.7603749700|10.7180446200|10.7519089000|3444382|43694912.0000|10.7519089000
150000|10.7519089000|10.7519089000|10.7349767600|10.7519089000|1867000|23701616.0000|10.7519089000
