093500|8.4035362200|8.4468981200|8.3601743200|8.3948638400|27164200|263369600.0000|8.3948638400
094000|8.3948638400|8.4035362200|8.3341571800|8.3601743200|13735000|132584144.0000|8.3601743200
094500|8.3601743200|8.4035362200|8.3601743200|8.3688467000|6420100|62092704.0000|8.3688467000
095000|8.3688467000|8.3775190800|8.3515019400|8.3515019400|5030300|48489760.0000|8.3515019400
095500|8.3515019400|8.3688467000|8.3428295600|8.3688467000|2826600|27241504.0000|8.3688467000
100000|8.3688467000|8.3861914600|8.3601743200|8.3775190800|3590000|34653854.0000|8.3775190800
100500|8.3775190800|8.3775190800|8.3601743200|8.3688467000|2892900|27908730.0000|8.3688467000
101000|8.3688467000|8.3688467000|8.3515019400|8.3515019400|2659900|25641475.0000|8.3515019400
101500|8.3515019400|8.3601743200|8.3428295600|8.3428295600|3354000|32282751.0000|8.3428295600
102000|8.3428295600|8.3601743200|8.3254848000|8.3341571800|5046400|48537670.0000|8.3341571800
102500|8.3341571800|8.3341571800|8.3081400400|8.3254848000|4907700|47079488.0000|8.3254848000
103000|8.3254848000|8.3515019400|8.3254848000|8.3341571800|2256800|21697464.0000|8.3341571800
103500|8.3341571800|8.3515019400|8.3254848000|8.3428295600|2534000|24364043.0000|8.3428295600
104000|8.3428295600|8.3601743200|8.3428295600|8.3515019400|1644500|15836985.0000|8.3515019400
104500|8.3515019400|8.3861914600|8.3515019400|8.3688467000|3074000|29683080.0000|8.3688467000
105000|8.3688467000|8.3948638400|8.3688467000|8.3948638400|2298100|22214205.0000|8.3948638400
105500|8.3948638400|8.4035362200|8.3775190800|8.3775190800|3545200|34295555.0000|8.3775190800
110000|8.3775190800|8.3861914600|8.3688467000|8.3861914600|1586400|15329666.0000|8.3861914600
110500|8.3861914600|8.4295533600|8.3861914600|8.4208809800|7081200|68697344.0000|8.4208809800
111000|8.4208809800|8.4208809800|8.3948638400|8.4035362200|1751100|16980543.0000|8.4035362200
111500|8.4035362200|8.4642428800|8.4035362200|8.4555705000|9340300|90956987.0000|8.4555705000
112000|8.4555705000|8.4642428800|8.4382257400|8.4382257400|5075700|49443962.0000|8.4382257400
112500|8.4382257400|8.4902600200|8.4382257400|8.4902600200|7029200|68621440.0000|8.4902600200
113000|8.4902600200|8.5162771600|8.4815876400|8.5162771600|10560700|103541254.0000|8.5162771600
130500|8.5249495400|8.5683114400|8.5249495400|8.5422943000|19787100|194948224.0000|8.5422943000
131000|8.5422943000|8.5422943000|8.4989324000|8.4989324000|7169500|70400128.0000|8.4989324000
131500|8.4989324000|8.5076047800|8.4815876400|8.5076047800|3406000|33356416.0000|8.5076047800
132000|8.5076047800|8.5162771600|8.4902600200|8.4989324000|4173700|40926336.0000|8.4989324000
132500|8.4989324000|8.4989324000|8.4382257400|8.4468981200|5577200|54433664.0000|8.4468981200
133000|8.4468981200|8.4902600200|8.4468981200|8.4815876400|4515500|44118272.0000|8.4815876400
133500|8.4815876400|8.4902600200|8.4642428800|8.4729152600|5228100|51111808.0000|8.4729152600
134000|8.4729152600|8.4729152600|8.4468981200|8.4642428800|2576500|25120892.0000|8.4642428800
134500|8.4642428800|8.4902600200|8.4642428800|8.4902600200|2498000|24417540.0000|8.4902600200
135000|8.4902600200|8.4989324000|8.4815876400|8.4815876400|1703500|16674688.0000|8.4815876400
135500|8.4815876400|8.4989324000|8.4642428800|8.4729152600|1886600|18456960.0000|8.4729152600
140000|8.4729152600|8.4902600200|8.4642428800|8.4729152600|3160500|30891392.0000|8.4729152600
140500|8.4729152600|8.4815876400|8.4295533600|8.4295533600|3186400|31060480.0000|8.4295533600
141000|8.4295533600|8.4729152600|8.4295533600|8.4642428800|1968500|19195776.0000|8.4642428800
141500|8.4642428800|8.4729152600|8.4555705000|8.4555705000|2936800|28665600.0000|8.4555705000
142000|8.4555705000|8.4729152600|8.4468981200|8.4729152600|2411900|23523968.0000|8.4729152600
142500|8.4729152600|8.4989324000|8.4642428800|8.4989324000|3338100|32665600.0000|8.4989324000
143000|8.4989324000|8.5076047800|8.4815876400|8.4989324000|2865100|28073472.0000|8.4989324000
143500|8.4989324000|8.5076047800|8.4902600200|8.4989324000|3294200|32290304.0000|8.4989324000
144000|8.4989324000|8.5076047800|8.4815876400|8.4902600200|2912900|28540928.0000|8.4902600200
144500|8.4902600200|8.4989324000|8.4729152600|8.4815876400|2952700|28898048.0000|8.4815876400
145000|8.4815876400|8.4902600200|8.4642428800|8.4729152600|3865000|37774592.0000|8.4729152600
145500|8.4729152600|8.4729152600|8.4295533600|8.4382257400|7344100|71495420.0000|8.4382257400
150000|8.4382257400|8.4382257400|8.4122086000|8.4122086000|5678500|55132416.0000|8.4122086000
