093500|9.99|10.0|9.92|9.98|7243.0|7216225.0|9.97
094000|9.99|10.0|9.95|9.98|3889.0|3881773.0|9.98
094500|9.98|9.99|9.93|9.94|5665.0|5638526.0|9.98
095000|9.94|9.97|9.94|9.94|5398.0|5368113.0|9.94
095500|9.94|9.95|9.9|9.92|4236.0|4203024.0|9.94
100000|9.92|9.94|9.91|9.92|2531.0|2511352.0|9.92
100500|9.92|9.98|9.92|9.96|2842.0|2829745.0|9.92
101000|9.96|9.99|9.95|9.99|4928.0|4911494.0|9.96
101500|9.98|10.0|9.97|9.99|7817.0|7806926.0|9.99
102000|9.99|10.03|9.99|10.01|11254.0|11264505.0|9.99
102500|10.02|10.02|9.99|9.99|6941.0|6946823.0|10.01
103000|10.0|10.0|9.99|10.0|1257.0|1256853.0|9.99
103500|9.99|10.01|9.99|10.01|2168.0|2168300.0|10.0
104000|10.01|10.02|10.0|10.0|3483.0|3486473.0|10.01
104500|10.0|10.01|9.99|10.0|2047.0|2046113.0|10.0
105000|10.0|10.02|10.0|10.01|5234.0|5240815.0|10.0
105500|10.02|10.02|10.0|10.01|2433.0|2435129.0|10.01
110000|10.01|10.01|9.99|10.0|2350.0|2350900.0|10.01
110500|10.0|10.01|9.99|10.0|1134.0|1133899.0|10.0
111000|10.0|10.02|9.99|10.01|4221.0|4226643.0|10.0
111500|10.02|10.04|10.01|10.02|5787.0|5802272.0|10.01
112000|10.03|10.03|10.01|10.03|2753.0|2760063.0|10.02
112500|10.04|10.05|10.01|10.01|3258.0|3269898.0|10.03
113000|10.02|10.02|10.01|10.01|1761.0|1763178.0|10.01
130500|10.02|10.02|9.98|9.99|1893.0|1892254.0|10.01
131000|9.99|10.01|9.98|10.01|1649.0|1648341.0|9.99
131500|10.01|10.02|9.99|9.99|1367.0|1367447.0|10.01
132000|9.99|10.11|9.98|10.11|17716.0|17781906.0|9.99
132500|10.08|10.17|10.08|10.12|28582.0|28933980.0|10.11
133000|10.13|10.15|10.06|10.06|9703.0|9818389.0|10.12
133500|10.06|10.09|10.06|10.07|2725.0|2747055.0|10.06
134000|10.08|10.08|10.06|10.06|1844.0|1857115.0|10.07
134500|10.06|10.09|10.06|10.09|1965.0|1979586.0|10.06
135000|10.09|10.09|10.08|10.08|1775.0|1790484.0|10.09
135500|10.08|10.1|10.08|10.09|1718.0|1733265.0|10.08
140000|10.09|10.1|10.08|10.09|958.0|966666.0|10.09
140500|10.1|10.11|10.08|10.09|1911.0|1929208.0|10.09
141000|10.09|10.11|10.08|10.11|2222.0|2243667.0|10.09
141500|10.1|10.12|10.09|10.11|3208.0|3240604.0|10.11
142000|10.11|10.12|10.1|10.12|3795.0|3838658.0|10.11
142500|10.12|10.14|10.1|10.14|4641.0|4695638.0|10.12
143000|10.13|10.15|10.13|10.13|8791.0|8916892.0|10.14
143500|10.13|10.13|10.11|10.13|3580.0|3624925.0|10.13
144000|10.13|10.14|10.13|10.13|3692.0|3741110.0|10.13
144500|10.12|10.14|10.12|10.13|2826.0|2862057.0|10.13
145000|10.13|10.13|10.12|10.13|3391.0|3433345.0|10.13
145500|10.13|10.13|10.12|10.12|5580.0|5650237.0|10.13
150000|10.12|10.13|10.12|10.13|5589.0|5660307.0|10.12
