09350000|6.2070820000|6.2780200800|6.2070820000|6.2691528200|10785200|76136304.0000|6.2691528200
09400000|6.2691528200|6.2868873400|6.2602855600|6.2868873400|6786900|48027040.0000|6.2868873400
09450000|6.2868873400|6.2868873400|6.2691528200|6.2691528200|2940000|20821704.0000|6.2691528200
09500000|6.2691528200|6.2868873400|6.2691528200|6.2780200800|4304900|30468944.0000|6.2780200800
09550000|6.2780200800|6.2868873400|6.2691528200|6.2780200800|1848000|13081920.0000|6.2780200800
10000000|6.2780200800|6.2957546000|6.2780200800|6.2957546000|3648700|25871168.0000|6.2957546000
10050000|6.2957546000|6.2957546000|6.2691528200|6.2868873400|2534300|17962976.0000|6.2868873400
10100000|6.2780200800|6.2868873400|6.2780200800|6.2780200800|1481900|10495600.0000|6.2780200800
10150000|6.2780200800|6.2868873400|6.2691528200|6.2780200800|1318100|9336112.0000|6.2780200800
10200000|6.2868873400|6.2868873400|6.2691528200|6.2780200800|841800|5959600.0000|6.2780200800
10250000|6.2780200800|6.2780200800|6.2691528200|6.2691528200|867900|6142032.0000|6.2691528200
10300000|6.2780200800|6.2780200800|6.2514183000|6.2602855600|2358800|16666240.0000|6.2602855600
10350000|6.2602855600|6.2691528200|6.2602855600|6.2691528200|763100|5391776.0000|6.2691528200
10400000|6.2602855600|6.2780200800|6.2602855600|6.2780200800|1198500|8479264.0000|6.2780200800
10450000|6.2691528200|6.2780200800|6.2691528200|6.2780200800|1095000|7750400.0000|6.2780200800
10500000|6.2780200800|6.2868873400|6.2691528200|6.2868873400|1349000|9555488.0000|6.2868873400
10550000|6.2868873400|6.2868873400|6.2780200800|6.2868873400|841200|5963264.0000|6.2868873400
11000000|6.2868873400|6.2957546000|6.2780200800|6.2868873400|3107900|22040448.0000|6.2868873400
11050000|6.2957546000|6.2957546000|6.2868873400|6.2868873400|1754400|12446176.0000|6.2868873400
11100000|6.2868873400|6.2957546000|6.2868873400|6.2868873400|459600|3261536.0000|6.2868873400
11150000|6.2957546000|6.2957546000|6.2868873400|6.2868873400|524600|3721728.0000|6.2868873400
11200000|6.2957546000|6.2957546000|6.2868873400|6.2868873400|802800|5693792.0000|6.2868873400
11250000|6.2868873400|6.2957546000|6.2868873400|6.2868873400|1230400|8725280.0000|6.2868873400
11300000|6.2868873400|6.2868873400|6.2780200800|6.2868873400|429900|3047136.0000|6.2868873400
13050000|6.2868873400|6.2868873400|6.2780200800|6.2868873400|1394900|9887200.0000|6.2868873400
13100000|6.2868873400|6.2868873400|6.2780200800|6.2780200800|1111600|7874880.0000|6.2780200800
13150000|6.2780200800|6.2868873400|6.2780200800|6.2868873400|571800|4050464.0000|6.2868873400
13200000|6.2868873400|6.2868873400|6.2780200800|6.2780200800|477700|3384352.0000|6.2780200800
13250000|6.2780200800|6.2780200800|6.2602855600|6.2602855600|2488500|17603872.0000|6.2602855600
13300000|6.2602855600|6.2691528200|6.2602855600|6.2602855600|818200|5779904.0000|6.2602855600
13350000|6.2602855600|6.2691528200|6.2514183000|6.2602855600|1074800|7589536.0000|6.2602855600
13400000|6.2514183000|6.2691528200|6.2514183000|6.2602855600|732300|5172896.0000|6.2602855600
13450000|6.2602855600|6.2691528200|6.2514183000|6.2514183000|940800|6642720.0000|6.2514183000
13500000|6.2514183000|6.2602855600|6.2336837800|6.2336837800|2008800|14153760.0000|6.2336837800
13550000|6.2425510400|6.2425510400|6.2248165200|6.2248165200|2529400|17779584.0000|6.2248165200
14000000|6.2336837800|6.2336837800|6.2248165200|6.2336837800|1753200|12313120.0000|6.2336837800
14050000|6.2248165200|6.2336837800|6.2070820000|6.2248165200|6774200|47466912.0000|6.2248165200
14100000|6.2159492600|6.2248165200|6.2159492600|6.2248165200|856900|6007840.0000|6.2248165200
14150000|6.2159492600|6.2248165200|6.2159492600|6.2159492600|913200|6404856.0000|6.2159492600
14200000|6.2159492600|6.2248165200|6.2159492600|6.2248165200|1713800|12027712.0000|6.2248165200
14250000|6.2248165200|6.2425510400|6.2248165200|6.2336837800|1060100|7451398.0000|6.2336837800
14300000|6.2336837800|6.2425510400|6.2248165200|6.2425510400|640300|4501257.0000|6.2425510400
14350000|6.2336837800|6.2336837800|6.2248165200|6.2336837800|774700|5441905.0000|6.2336837800
14400000|6.2336837800|6.2425510400|6.2248165200|6.2425510400|1295600|9108936.0000|6.2425510400
14450000|6.2336837800|6.2425510400|6.2248165200|6.2336837800|1339700|9416512.0000|6.2336837800
14500000|6.2248165200|6.2336837800|6.2159492600|6.2159492600|972800|6833412.0000|6.2159492600
14550000|6.2159492600|6.2336837800|6.2159492600|6.2248165200|1724400|12098043.0000|6.2248165200
15000000|6.2248165200|6.2336837800|6.2248165200|6.2336837800|829300|5827776.0000|6.2336837800
