093500|9.46|9.5|9.43|9.44|28069.0|27115889.0|9.46
094000|9.44|9.45|9.42|9.42|21533.0|20734451.0|9.44
094500|9.43|9.45|9.42|9.45|19995.0|19255115.0|9.42
095000|9.45|9.48|9.44|9.48|15548.0|15019904.0|9.45
095500|9.47|9.48|9.45|9.48|14206.0|13733151.0|9.48
100000|9.47|9.48|9.46|9.46|13553.0|13104782.0|9.48
100500|9.46|9.48|9.46|9.47|18866.0|18245673.0|9.46
101000|9.46|9.49|9.45|9.48|23425.0|22657656.0|9.47
101500|9.48|9.5|9.47|9.49|25289.0|24501299.0|9.48
102000|9.48|9.49|9.47|9.48|20030.0|19388835.0|9.49
102500|9.48|9.5|9.48|9.5|21068.0|20423188.0|9.48
103000|9.49|9.5|9.49|9.5|6100.0|5915087.0|9.5
103500|9.49|9.5|9.46|9.48|18230.0|17645387.0|9.5
104000|9.47|9.49|9.47|9.48|6394.0|6190108.0|9.48
104500|9.48|9.48|9.46|9.47|4695.0|4541162.0|9.48
105000|9.47|9.48|9.46|9.48|5028.0|4862881.0|9.47
105500|9.47|9.48|9.47|9.47|4921.0|4762487.0|9.48
110000|9.48|9.48|9.47|9.48|4402.0|4259505.0|9.47
110500|9.48|9.48|9.47|9.47|3867.0|3741900.0|9.48
111000|9.47|9.49|9.47|9.48|10271.0|9943478.0|9.47
111500|9.48|9.5|9.48|9.49|16654.0|16135812.0|9.48
112000|9.5|9.5|9.48|9.49|3586.0|3472767.0|9.49
112500|9.49|9.49|9.48|9.49|1361.0|1318219.0|9.49
113000|9.49|9.49|9.46|9.46|7207.0|6971071.0|9.49
130500|9.47|9.47|9.45|9.46|20095.0|19412960.0|9.46
131000|9.46|9.47|9.45|9.47|3523.0|3402278.0|9.46
131500|9.47|9.47|9.46|9.46|3274.0|3163765.0|9.47
132000|9.46|9.48|9.46|9.48|7697.0|7442774.0|9.46
132500|9.47|9.48|9.46|9.47|6265.0|6056690.0|9.48
133000|9.47|9.47|9.46|9.47|4889.0|4725621.0|9.47
133500|9.47|9.47|9.46|9.47|5431.0|5249274.0|9.47
134000|9.46|9.48|9.46|9.46|6709.0|6483908.0|9.47
134500|9.46|9.47|9.46|9.46|6133.0|5929197.0|9.46
135000|9.46|9.47|9.46|9.47|2907.0|2809183.0|9.46
135500|9.47|9.47|9.46|9.47|7755.0|7496448.0|9.47
140000|9.47|9.47|9.45|9.46|12484.0|12060231.0|9.47
140500|9.45|9.46|9.45|9.46|4419.0|4267978.0|9.46
141000|9.46|9.46|9.45|9.45|4181.0|4035588.0|9.46
141500|9.46|9.46|9.45|9.46|5789.0|5590163.0|9.45
142000|9.45|9.46|9.44|9.45|15799.0|15246510.0|9.46
142500|9.45|9.46|9.44|9.45|12275.0|11842484.0|9.45
143000|9.44|9.45|9.44|9.44|4894.0|4720183.0|9.45
143500|9.44|9.45|9.44|9.45|8407.0|8108354.0|9.44
144000|9.44|9.46|9.44|9.45|16730.0|16149047.0|9.45
144500|9.45|9.47|9.45|9.46|5977.0|5774608.0|9.45
145000|9.46|9.47|9.46|9.47|8878.0|8579973.0|9.46
145500|9.46|9.47|9.46|9.47|17623.0|17030934.0|9.47
150000|9.46|9.47|9.46|9.46|20323.0|19636130.0|9.47
