093500|8.81|8.82|8.76|8.77|69227.0|60808807.0|8.84
094000|8.77|8.8|8.77|8.79|37904.0|33270816.0|8.77
094500|8.8|8.8|8.76|8.77|56372.0|49429150.0|8.79
095000|8.76|8.78|8.76|8.78|30977.0|27157537.0|8.77
095500|8.78|8.82|8.76|8.82|34853.0|30610709.0|8.78
100000|8.82|8.84|8.8|8.83|41148.0|36276998.0|8.82
100500|8.84|8.88|8.83|8.85|36838.0|32618571.0|8.83
101000|8.86|8.86|8.82|8.82|14861.0|13129871.0|8.85
101500|8.82|8.83|8.81|8.83|16550.0|14596063.0|8.82
102000|8.83|8.86|8.82|8.85|25424.0|22476352.0|8.83
102500|8.84|8.86|8.83|8.83|20768.0|18368578.0|8.85
103000|8.83|8.83|8.81|8.83|19341.0|17060238.0|8.83
103500|8.82|8.84|8.81|8.82|26550.0|23431602.0|8.83
104000|8.82|8.85|8.82|8.85|23086.0|20399075.0|8.82
104500|8.84|8.86|8.83|8.84|30256.0|26761377.0|8.85
105000|8.84|8.85|8.82|8.83|9175.0|8105397.0|8.84
105500|8.83|8.84|8.82|8.83|12632.0|11154412.0|8.83
110000|8.83|8.84|8.82|8.82|7003.0|6181341.0|8.83
110500|8.83|8.83|8.81|8.83|19949.0|17593668.0|8.82
111000|8.82|8.83|8.81|8.81|7868.0|6937258.0|8.83
111500|8.81|8.82|8.8|8.82|5926.0|5221670.0|8.81
112000|8.81|8.82|8.81|8.81|13393.0|11798037.0|8.82
112500|8.82|8.82|8.8|8.81|8938.0|7874225.0|8.81
113000|8.8|8.83|8.8|8.83|8838.0|7789595.0|8.81
130500|8.82|8.83|8.81|8.82|10459.0|9226779.0|8.83
131000|8.83|8.83|8.82|8.83|5643.0|4978508.0|8.82
131500|8.83|8.84|8.82|8.83|17172.0|15164460.0|8.83
132000|8.82|8.84|8.82|8.82|10392.0|9174352.0|8.83
132500|8.83|8.83|8.82|8.82|3374.0|2977047.0|8.82
133000|8.83|8.83|8.81|8.81|9010.0|7944372.0|8.82
133500|8.82|8.83|8.81|8.82|6446.0|5685374.0|8.81
134000|8.83|8.83|8.82|8.82|3036.0|2679291.0|8.82
134500|8.83|8.84|8.82|8.84|11851.0|10465425.0|8.82
135000|8.83|8.85|8.83|8.84|18329.0|16200837.0|8.84
135500|8.83|8.84|8.83|8.84|4495.0|3970562.0|8.84
140000|8.84|8.84|8.83|8.83|5769.0|5095043.0|8.84
140500|8.84|8.84|8.82|8.83|12458.0|10991873.0|8.83
141000|8.82|8.84|8.82|8.83|9058.0|7998323.0|8.83
141500|8.84|8.84|8.83|8.83|8910.0|7868539.0|8.83
142000|8.83|8.85|8.83|8.83|16163.0|14281682.0|8.83
142500|8.84|8.85|8.83|8.84|9360.0|8271742.0|8.83
143000|8.84|8.85|8.84|8.84|17310.0|15312936.0|8.84
143500|8.84|8.85|8.84|8.84|8816.0|7795098.0|8.84
144000|8.85|8.85|8.84|8.84|20944.0|18529121.0|8.84
144500|8.85|8.86|8.84|8.86|24113.0|21344032.0|8.84
145000|8.85|8.86|8.85|8.85|13677.0|12115957.0|8.86
145500|8.85|8.86|8.85|8.86|19546.0|17309821.0|8.85
150000|8.86|8.86|8.85|8.86|13853.0|12272365.0|8.86
