09350000|4.4503047300|4.4692019900|4.4408561000|4.4597533600|1115512|5260867.0000|4.4597533600
09400000|4.4597533600|4.4692019900|4.4597533600|4.4597533600|329900|1559675.0000|4.4597533600
09450000|4.4597533600|4.4692019900|4.4597533600|4.4692019900|309491|1462369.0000|4.4692019900
09500000|4.4597533600|4.4692019900|4.4503047300|4.4503047300|578509|2729023.0000|4.4503047300
09550000|4.4503047300|4.4692019900|4.4503047300|4.4597533600|409200|1931804.0000|4.4597533600
10000000|4.4597533600|4.4692019900|4.4503047300|4.4692019900|224210|1058039.0000|4.4692019900
10050000|4.4692019900|4.4692019900|4.4503047300|4.4597533600|399490|1886034.0000|4.4597533600
10100000|4.4597533600|4.4692019900|4.4597533600|4.4692019900|237695|1122427.0000|4.4692019900
10150000|4.4692019900|4.4692019900|4.4597533600|4.4597533600|158400|747787.0000|4.4597533600
10200000|4.4597533600|4.4692019900|4.4503047300|4.4503047300|274200|1293468.0000|4.4503047300
10250000|4.4597533600|4.4692019900|4.4503047300|4.4692019900|270000|1274294.0000|4.4692019900
10300000|4.4692019900|4.4692019900|4.4503047300|4.4692019900|368641|1740227.0000|4.4692019900
10350000|4.4597533600|4.4692019900|4.4597533600|4.4692019900|402500|1902039.0000|4.4692019900
10400000|4.4692019900|4.4786506200|4.4597533600|4.4692019900|220800|1044835.0000|4.4692019900
10450000|4.4692019900|4.4786506200|4.4597533600|4.4692019900|259900|1229492.0000|4.4692019900
10500000|4.4692019900|4.4692019900|4.4597533600|4.4692019900|174900|827189.0000|4.4692019900
10550000|4.4692019900|4.4786506200|4.4597533600|4.4786506200|288400|1363763.0000|4.4786506200
11000000|4.4786506200|4.4786506200|4.4597533600|4.4597533600|315501|1489645.0000|4.4597533600
11050000|4.4597533600|4.4692019900|4.4597533600|4.4597533600|224597|1060504.0000|4.4597533600
11100000|4.4503047300|4.4692019900|4.4503047300|4.4597533600|160400|757106.0000|4.4597533600
11150000|4.4597533600|4.4692019900|4.4503047300|4.4597533600|74900|353426.0000|4.4597533600
11200000|4.4597533600|4.4597533600|4.4503047300|4.4503047300|86300|406934.0000|4.4503047300
11250000|4.4503047300|4.4692019900|4.4503047300|4.4692019900|60000|283214.0000|4.4692019900
11300000|4.4692019900|4.4692019900|4.4597533600|4.4597533600|33000|155991.0000|4.4597533600
13050000|4.4597533600|4.4692019900|4.4597533600|4.4597533600|198700|938776.0000|4.4597533600
13100000|4.4597533600|4.4692019900|4.4597533600|4.4597533600|103700|489787.0000|4.4597533600
13150000|4.4597533600|4.4692019900|4.4597533600|4.4692019900|108300|511586.0000|4.4692019900
13200000|4.4692019900|4.4786506200|4.4597533600|4.4692019900|382900|1811091.0000|4.4692019900
13250000|4.4692019900|4.4786506200|4.4597533600|4.4692019900|208411|985967.0000|4.4692019900
13300000|4.4692019900|4.4692019900|4.4597533600|4.4692019900|150200|709434.0000|4.4692019900
13350000|4.4692019900|4.4692019900|4.4597533600|4.4692019900|75800|358307.0000|4.4692019900
13400000|4.4597533600|4.4786506200|4.4597533600|4.4692019900|168100|794762.0000|4.4692019900
13450000|4.4692019900|4.4786506200|4.4597533600|4.4692019900|115300|545556.0000|4.4692019900
13500000|4.4692019900|4.4692019900|4.4597533600|4.4692019900|56000|264691.0000|4.4692019900
13550000|4.4692019900|4.4692019900|4.4597533600|4.4692019900|118800|561724.0000|4.4692019900
14000000|4.4692019900|4.4786506200|4.4503047300|4.4692019900|1193800|5631067.0000|4.4692019900
14050000|4.4692019900|4.4692019900|4.4597533600|4.4597533600|238500|1127600.0000|4.4597533600
14100000|4.4597533600|4.4692019900|4.4597533600|4.4597533600|202800|957826.0000|4.4597533600
14150000|4.4597533600|4.4786506200|4.4597533600|4.4692019900|331400|1565226.0000|4.4692019900
14200000|4.4692019900|4.4786506200|4.4692019900|4.4692019900|170000|805491.0000|4.4692019900
14250000|4.4692019900|4.4786506200|4.4692019900|4.4692019900|587100|2782575.0000|4.4692019900
14300000|4.4692019900|4.4786506200|4.4692019900|4.4786506200|274100|1298874.0000|4.4786506200
14350000|4.4786506200|4.4786506200|4.4692019900|4.4786506200|287200|1359765.0000|4.4786506200
14400000|4.4786506200|4.4880992500|4.4692019900|4.4786506200|231300|1097090.0000|4.4786506200
14450000|4.4880992500|4.4880992500|4.4692019900|4.4786506200|159100|753910.0000|4.4786506200
14500000|4.4880992500|4.4880992500|4.4692019900|4.4786506200|138100|654765.0000|4.4786506200
14550000|4.4786506200|4.4786506200|4.4692019900|4.4786506200|560361|2654379.0000|4.4786506200
15000000|4.4786506200|4.4880992500|4.4692019900|4.4880992500|720300|3417109.0000|4.4880992500
