09350000|3.4109554300|3.4109554300|3.3920581700|3.3920581700|1898800|6838172.0000|3.3920581700
09400000|3.4015068000|3.4015068000|3.3826095400|3.3920581700|593700|2131899.0000|3.3920581700
09450000|3.3920581700|3.4015068000|3.3826095400|3.3826095400|569500|2045823.0000|3.3826095400
09500000|3.3826095400|3.4015068000|3.3826095400|3.3920581700|350227|1257041.0000|3.3920581700
09550000|3.4015068000|3.4015068000|3.3826095400|3.3920581700|471800|1694333.0000|3.3920581700
10000000|3.3920581700|3.4015068000|3.3826095400|3.3826095400|552500|1982198.0000|3.3826095400
10050000|3.3826095400|3.3920581700|3.3731609100|3.3731609100|787173|2819364.0000|3.3731609100
10100000|3.3731609100|3.3826095400|3.3731609100|3.3826095400|207600|742209.0000|3.3826095400
10150000|3.3731609100|3.3826095400|3.3731609100|3.3731609100|635200|2268645.0000|3.3731609100
10200000|3.3731609100|3.3920581700|3.3637122800|3.3826095400|848619|3034719.0000|3.3826095400
10250000|3.3826095400|3.3920581700|3.3731609100|3.3731609100|502500|1798296.0000|3.3731609100
10300000|3.3731609100|3.3826095400|3.3731609100|3.3826095400|314400|1124109.0000|3.3826095400
10350000|3.3826095400|3.4015068000|3.3826095400|3.4015068000|352200|1264771.0000|3.4015068000
10400000|3.4015068000|3.4015068000|3.3731609100|3.3920581700|371700|1331744.0000|3.3920581700
10450000|3.3826095400|3.3826095400|3.3731609100|3.3826095400|114700|409873.0000|3.3826095400
10500000|3.3826095400|3.3826095400|3.3731609100|3.3731609100|325900|1164014.0000|3.3731609100
10550000|3.3731609100|3.3826095400|3.3731609100|3.3826095400|108300|387011.0000|3.3826095400
11000000|3.3826095400|3.3826095400|3.3731609100|3.3731609100|462400|1654890.0000|3.3731609100
11050000|3.3826095400|3.3920581700|3.3826095400|3.3920581700|283100|1013723.0000|3.3920581700
11100000|3.3920581700|3.3920581700|3.3826095400|3.3920581700|46400|166365.0000|3.3920581700
11150000|3.3920581700|3.3920581700|3.3731609100|3.3731609100|243100|870066.0000|3.3731609100
11200000|3.3731609100|3.3826095400|3.3637122800|3.3637122800|808600|2886603.0000|3.3637122800
11250000|3.3637122800|3.3731609100|3.3637122800|3.3637122800|464000|1652144.0000|3.3637122800
11300000|3.3637122800|3.3637122800|3.3448150200|3.3448150200|721400|2561396.0000|3.3448150200
13050000|3.3542636500|3.3542636500|3.3353663900|3.3542636500|892100|3156695.0000|3.3542636500
13100000|3.3542636500|3.3542636500|3.3448150200|3.3448150200|171000|605982.0000|3.3448150200
13150000|3.3448150200|3.3637122800|3.3448150200|3.3637122800|375300|1332132.0000|3.3637122800
13200000|3.3637122800|3.3637122800|3.3448150200|3.3637122800|204400|724281.0000|3.3637122800
13250000|3.3637122800|3.3637122800|3.3542636500|3.3637122800|78900|280542.0000|3.3637122800
13300000|3.3637122800|3.3637122800|3.3542636500|3.3637122800|195800|696322.0000|3.3637122800
13350000|3.3637122800|3.3637122800|3.3542636500|3.3637122800|66100|234895.0000|3.3637122800
13400000|3.3637122800|3.3637122800|3.3542636500|3.3637122800|182358|647781.0000|3.3637122800
13450000|3.3637122800|3.3637122800|3.3542636500|3.3637122800|82600|293984.0000|3.3637122800
13500000|3.3542636500|3.3637122800|3.3542636500|3.3542636500|78400|278484.0000|3.3542636500
13550000|3.3637122800|3.3637122800|3.3542636500|3.3542636500|319700|1135611.0000|3.3542636500
14000000|3.3637122800|3.3637122800|3.3448150200|3.3448150200|162300|575286.0000|3.3448150200
14050000|3.3448150200|3.3542636500|3.3448150200|3.3448150200|429900|1522747.0000|3.3448150200
14100000|3.3448150200|3.3542636500|3.3353663900|3.3353663900|224400|794443.0000|3.3353663900
14150000|3.3353663900|3.3448150200|3.3259177600|3.3353663900|501100|1768962.0000|3.3353663900
14200000|3.3353663900|3.3448150200|3.3353663900|3.3353663900|102600|362411.0000|3.3353663900
14250000|3.3448150200|3.3448150200|3.3353663900|3.3353663900|124800|441016.0000|3.3353663900
14300000|3.3353663900|3.3448150200|3.3164691300|3.3353663900|1334600|4703131.0000|3.3353663900
14350000|3.3353663900|3.3448150200|3.3259177600|3.3448150200|341300|1205038.0000|3.3448150200
14400000|3.3353663900|3.3448150200|3.3353663900|3.3448150200|249200|880735.0000|3.3448150200
14450000|3.3448150200|3.3448150200|3.3353663900|3.3448150200|185700|656162.0000|3.3448150200
14500000|3.3353663900|3.3448150200|3.3353663900|3.3353663900|340900|1204356.0000|3.3353663900
14550000|3.3448150200|3.3448150200|3.3259177600|3.3448150200|933200|3293414.0000|3.3448150200
15000000|3.3353663900|3.3448150200|3.3353663900|3.3353663900|491000|1734252.0000|3.3353663900
