09350000|3.5534433000|3.5632324000|3.5436542000|3.5534433000|882100|3205063.0000|3.5534433000
09400000|3.5534433000|3.5534433000|3.5338651000|3.5338651000|1029400|3730323.0000|3.5338651000
09450000|3.5338651000|3.5436542000|3.5240760000|3.5240760000|825100|2978738.0000|3.5240760000
09500000|3.5240760000|3.5534433000|3.5240760000|3.5534433000|795400|2874491.0000|3.5534433000
09550000|3.5436542000|3.5534433000|3.5436542000|3.5534433000|191100|693089.0000|3.5534433000
10000000|3.5436542000|3.5534433000|3.5436542000|3.5534433000|331400|1201636.0000|3.5534433000
10050000|3.5436542000|3.5534433000|3.5338651000|3.5534433000|604700|2189316.0000|3.5534433000
10100000|3.5436542000|3.5534433000|3.5436542000|3.5534433000|182100|660334.0000|3.5534433000
10150000|3.5436542000|3.5730215000|3.5436542000|3.5730215000|1736500|6317212.0000|3.5730215000
10200000|3.5730215000|3.5730215000|3.5534433000|3.5632324000|650000|2363746.0000|3.5632324000
10250000|3.5632324000|3.5632324000|3.5436542000|3.5534433000|400400|1452788.0000|3.5534433000
10300000|3.5436542000|3.5534433000|3.5338651000|3.5436542000|520700|1885056.0000|3.5436542000
10350000|3.5436542000|3.5436542000|3.5338651000|3.5338651000|70500|254724.0000|3.5338651000
10400000|3.5338651000|3.5436542000|3.5338651000|3.5436542000|110300|398660.0000|3.5436542000
10450000|3.5436542000|3.5534433000|3.5338651000|3.5436542000|385400|1394402.0000|3.5436542000
10500000|3.5338651000|3.5436542000|3.5338651000|3.5338651000|148300|535800.0000|3.5338651000
10550000|3.5338651000|3.5534433000|3.5338651000|3.5534433000|269600|975798.0000|3.5534433000
11000000|3.5534433000|3.5534433000|3.5338651000|3.5534433000|331300|1198954.0000|3.5534433000
11050000|3.5338651000|3.5534433000|3.5338651000|3.5436542000|184500|667556.0000|3.5436542000
11100000|3.5436542000|3.5534433000|3.5338651000|3.5534433000|139800|505992.0000|3.5534433000
11150000|3.5534433000|3.5534433000|3.5338651000|3.5338651000|236800|857116.0000|3.5338651000
11200000|3.5338651000|3.5534433000|3.5338651000|3.5534433000|187100|677440.0000|3.5534433000
11250000|3.5436542000|3.5632324000|3.5436542000|3.5534433000|663500|2408392.0000|3.5534433000
11300000|3.5436542000|3.5534433000|3.5436542000|3.5436542000|386000|1397712.0000|3.5436542000
13050000|3.5436542000|3.5534433000|3.5338651000|3.5436542000|307900|1114600.0000|3.5436542000
13100000|3.5534433000|3.5534433000|3.5436542000|3.5534433000|242500|879248.0000|3.5534433000
13150000|3.5534433000|3.5534433000|3.5436542000|3.5436542000|127200|460972.0000|3.5436542000
13200000|3.5436542000|3.5534433000|3.5436542000|3.5436542000|241000|872600.0000|3.5436542000
13250000|3.5436542000|3.5534433000|3.5338651000|3.5436542000|214100|774408.0000|3.5436542000
13300000|3.5436542000|3.5534433000|3.5436542000|3.5436542000|45900|166372.0000|3.5436542000
13350000|3.5436542000|3.5534433000|3.5338651000|3.5436542000|162100|586528.0000|3.5436542000
13400000|3.5338651000|3.5534433000|3.5338651000|3.5436542000|86500|313216.0000|3.5436542000
13450000|3.5436542000|3.5534433000|3.5338651000|3.5534433000|109100|394912.0000|3.5534433000
13500000|3.5436542000|3.5534433000|3.5338651000|3.5338651000|165100|597568.0000|3.5338651000
13550000|3.5338651000|3.5436542000|3.5338651000|3.5436542000|65700|237528.0000|3.5436542000
14000000|3.5436542000|3.5534433000|3.5338651000|3.5534433000|65900|238560.0000|3.5534433000
14050000|3.5436542000|3.5534433000|3.5338651000|3.5338651000|151000|546212.0000|3.5338651000
14100000|3.5436542000|3.5534433000|3.5338651000|3.5436542000|256000|926288.0000|3.5436542000
14150000|3.5436542000|3.5534433000|3.5436542000|3.5436542000|159900|579796.0000|3.5436542000
14200000|3.5436542000|3.5534433000|3.5436542000|3.5534433000|186600|676588.0000|3.5534433000
14250000|3.5534433000|3.5534433000|3.5436542000|3.5436542000|55400|200752.0000|3.5436542000
14300000|3.5436542000|3.5534433000|3.5436542000|3.5534433000|181100|655988.0000|3.5534433000
14350000|3.5534433000|3.5534433000|3.5338651000|3.5436542000|308100|1115412.0000|3.5436542000
14400000|3.5436542000|3.5534433000|3.5338651000|3.5436542000|242000|876276.0000|3.5436542000
14450000|3.5436542000|3.5534433000|3.5436542000|3.5436542000|201400|730500.0000|3.5436542000
14500000|3.5436542000|3.5534433000|3.5436542000|3.5436542000|205300|743960.0000|3.5436542000
14550000|3.5436542000|3.5534433000|3.5436542000|3.5534433000|835300|3031392.0000|3.5534433000
15000000|3.5534433000|3.5632324000|3.5436542000|3.5534433000|402800|1462072.0000|3.5534433000
