09350000|13.6310815200|13.6503344600|13.4481785900|13.4770580000|2214800|31147528.0000|13.4770580000
09400000|13.4866844700|13.4963109400|13.3904197700|13.3904197700|1717300|23992244.0000|13.3904197700
09450000|13.4000462400|13.4674315300|13.3904197700|13.4385521200|1326300|18486940.0000|13.4385521200
09500000|13.4385521200|13.4578050600|13.4096727100|13.4481785900|862100|12031208.0000|13.4481785900
09550000|13.4481785900|13.4963109400|13.3807933000|13.4192991800|1636600|22797856.0000|13.4192991800
10000000|13.4192991800|13.4192991800|13.3519138900|13.3807933000|780500|10854272.0000|13.3807933000
10050000|13.3807933000|13.4096727100|13.3615403600|13.3711668300|593600|8248640.0000|13.3711668300
10100000|13.3615403600|13.4289256500|13.3519138900|13.4289256500|652900|9069088.0000|13.4289256500
10150000|13.4289256500|13.4674315300|13.4289256500|13.4481785900|341500|4769568.0000|13.4481785900
10200000|13.4481785900|13.4674315300|13.4096727100|13.4192991800|436300|6090752.0000|13.4192991800
10250000|13.4192991800|13.4481785900|13.4192991800|13.4385521200|250700|3499760.0000|13.4385521200
10300000|13.4481785900|13.4770580000|13.4481785900|13.4578050600|206700|2891296.0000|13.4578050600
10350000|13.4578050600|13.4963109400|13.4289256500|13.4963109400|178100|2490720.0000|13.4963109400
10400000|13.4963109400|13.5059374100|13.4866844700|13.4866844700|203200|2850256.0000|13.4866844700
10450000|13.4866844700|13.5251903500|13.4866844700|13.5059374100|185100|2596336.0000|13.5059374100
10500000|13.5059374100|13.5251903500|13.4963109400|13.5251903500|127100|1784128.0000|13.5251903500
10550000|13.5251903500|13.5251903500|13.5059374100|13.5155638800|187500|2632000.0000|13.5155638800
11000000|13.5251903500|13.5540697600|13.5155638800|13.5251903500|278600|3917760.0000|13.5251903500
11050000|13.5251903500|13.5348168200|13.4674315300|13.4963109400|399300|5596912.0000|13.4963109400
11100000|13.4866844700|13.4963109400|13.4674315300|13.4866844700|135300|1895152.0000|13.4866844700
11150000|13.4866844700|13.5059374100|13.4866844700|13.5059374100|129700|1818672.0000|13.5059374100
11200000|13.4963109400|13.5059374100|13.4866844700|13.5059374100|88100|1235136.0000|13.5059374100
11250000|13.5059374100|13.5155638800|13.4866844700|13.4963109400|342000|4797504.0000|13.4963109400
11300000|13.4963109400|13.5059374100|13.4481785900|13.4481785900|228400|3198512.0000|13.4481785900
13050000|13.4481785900|13.5059374100|13.4192991800|13.4866844700|331600|4636112.0000|13.4866844700
13100000|13.4866844700|13.5348168200|13.4866844700|13.5348168200|409300|5745168.0000|13.5348168200
13150000|13.5251903500|13.5540697600|13.5059374100|13.5155638800|310700|4364960.0000|13.5155638800
13200000|13.5251903500|13.5348168200|13.5059374100|13.5348168200|185200|2601104.0000|13.5348168200
13250000|13.5251903500|13.5444432900|13.5155638800|13.5251903500|290600|4082768.0000|13.5251903500
13300000|13.5155638800|13.5155638800|13.4481785900|13.4674315300|426800|5977584.0000|13.4674315300
13350000|13.4578050600|13.4770580000|13.4481785900|13.4674315300|202300|2828704.0000|13.4674315300
13400000|13.4578050600|13.4770580000|13.4385521200|13.4385521200|193900|2710272.0000|13.4385521200
13450000|13.4385521200|13.4674315300|13.4385521200|13.4385521200|281200|3929392.0000|13.4385521200
13500000|13.4578050600|13.4674315300|13.4481785900|13.4481785900|257500|3599456.0000|13.4481785900
13550000|13.4481785900|13.4674315300|13.4000462400|13.4000462400|403200|5629280.0000|13.4000462400
14000000|13.4096727100|13.4192991800|13.3904197700|13.4000462400|250100|3482720.0000|13.4000462400
14050000|13.3904197700|13.4481785900|13.3904197700|13.4385521200|259100|3614912.0000|13.4385521200
14100000|13.4385521200|13.4770580000|13.4385521200|13.4674315300|327300|4576832.0000|13.4674315300
14150000|13.4578050600|13.4770580000|13.4578050600|13.4674315300|237400|3322176.0000|13.4674315300
14200000|13.4770580000|13.4963109400|13.4385521200|13.4578050600|196500|2749584.0000|13.4578050600
14250000|13.4578050600|13.5251903500|13.4578050600|13.4963109400|291800|4091520.0000|13.4963109400
14300000|13.5059374100|13.5251903500|13.4963109400|13.5059374100|86800|1218240.0000|13.5059374100
14350000|13.5155638800|13.5155638800|13.4674315300|13.4674315300|178400|2499104.0000|13.4674315300
14400000|13.4674315300|13.4770580000|13.4385521200|13.4481785900|294900|4122544.0000|13.4481785900
14450000|13.4385521200|13.4963109400|13.4289256500|13.4866844700|435700|6089120.0000|13.4866844700
14500000|13.4866844700|13.4963109400|13.4770580000|13.4866844700|229700|3217632.0000|13.4866844700
14550000|13.4866844700|13.4866844700|13.4674315300|13.4866844700|556000|7781184.0000|13.4866844700
15000000|13.4770580000|13.4963109400|13.4770580000|13.4963109400|259500|3636096.0000|13.4963109400
