093500|32.5500|32.8400|31.8800|32.0000|293900|9456055.0000|32.0000
094000|32.0100|32.1000|31.9100|31.9300|227585|7280534.0000|31.9300
094500|31.9300|32.0800|31.7100|31.7400|253700|8083085.0000|31.7400
095000|31.7300|31.8000|31.6000|31.6500|226400|7174996.0000|31.6500
095500|31.6500|31.8600|31.6100|31.8400|143575|4549856.0000|31.8400
100000|31.8400|31.8400|31.6400|31.7000|97700|3099769.0000|31.7000
100500|31.7100|32.1500|31.7100|32.1500|113100|3614340.0000|32.1500
101000|32.1500|32.1700|31.9200|31.9700|90500|2901302.0000|31.9700
101500|31.9700|32.0500|31.9400|31.9400|28000|896561.0000|31.9400
102000|31.9300|31.9400|31.8900|31.9000|33820|1079244.0000|31.9000
102500|31.9000|31.9300|31.9000|31.9000|29800|951000.0000|31.9000
103000|31.9000|31.9200|31.7800|31.8000|38780|1234684.0000|31.8000
103500|31.8000|32.1000|31.8000|31.9400|52620|1680913.0000|31.9400
104000|31.9400|32.0100|31.9400|31.9800|10200|326109.0000|31.9800
104500|31.9800|32.0100|31.9200|31.9200|16985|543220.0000|31.9200
105000|31.9200|31.9800|31.8500|31.9800|20815|664128.0000|31.9800
105500|31.9800|31.9800|31.9000|31.9000|19020|607058.0000|31.9000
110000|31.9000|32.0100|31.9000|31.9700|17585|561516.0000|31.9700
110500|31.9700|31.9700|31.8900|31.8900|25700|820000.0000|31.8900
111000|31.9000|31.9600|31.8600|31.9100|25000|797911.0000|31.9100
111500|31.8900|31.9600|31.8800|31.8800|19700|628592.0000|31.8800
112000|31.8700|31.9800|31.8700|31.9800|9900|316149.0000|31.9800
112500|31.9700|31.9700|31.8000|31.8200|49500|1576407.0000|31.8200
113000|31.8100|31.9200|31.8100|31.8200|38600|1229100.0000|31.8200
130500|31.8200|31.8700|31.8100|31.8200|23500|747854.0000|31.8200
131000|31.8100|31.8500|31.7800|31.7900|43300|1376972.0000|31.7900
131500|31.7900|31.9000|31.7900|31.8500|22100|703552.0000|31.8500
132000|31.8500|31.8900|31.8200|31.8800|33100|1054000.0000|31.8800
132500|31.8800|31.8900|31.8500|31.8600|15800|503451.0000|31.8600
133000|31.8600|31.8700|31.8100|31.8200|29000|923509.0000|31.8200
133500|31.8200|32.0500|31.8100|31.9500|65600|2091515.0000|31.9500
134000|31.9500|32.0300|31.9500|32.0000|22700|726207.0000|32.0000
134500|31.9800|31.9900|31.8400|31.8600|61100|1950163.0000|31.8600
135000|31.8600|31.8900|31.8200|31.8400|25000|796207.0000|31.8400
135500|31.8900|31.8900|31.8000|31.8000|86600|2754759.0000|31.8000
140000|31.8000|31.8300|31.8000|31.8100|26700|849468.0000|31.8100
140500|31.8000|31.8000|31.7600|31.7600|65900|2094681.0000|31.7600
141000|31.7700|31.7800|31.7000|31.7000|52600|1669388.0000|31.7000
141500|31.7000|31.7700|31.7000|31.7100|35100|1113277.0000|31.7100
142000|31.7100|31.8300|31.7100|31.8100|29360|932712.0000|31.8100
142500|31.8100|31.8800|31.8000|31.8400|19500|620924.0000|31.8400
143000|31.8400|31.8700|31.8200|31.8500|22640|720736.0000|31.8500
143500|31.8300|31.8500|31.7300|31.7400|49760|1582228.0000|31.7400
144000|31.7400|31.7400|31.7100|31.7300|37800|1199090.0000|31.7300
144500|31.7300|31.7800|31.7200|31.7800|50800|1611987.0000|31.7800
145000|31.7800|31.8400|31.7800|31.8100|47020|1495865.0000|31.8100
145500|31.8100|31.9600|31.8100|31.9300|102600|3272504.0000|31.9300
150000|31.9100|31.9100|31.8800|31.8800|83551|2664296.0000|31.8800
