093500|28.6600|28.6600|28.1500|28.1700|234300|6637453.0000|28.1700
094000|28.1700|28.3500|28.1000|28.2900|133100|3757734.0000|28.2900
094500|28.3200|28.5500|28.2600|28.4800|233700|6626233.0000|28.4800
095000|28.4800|28.6500|28.3900|28.6200|172200|4910692.0000|28.6200
095500|28.6200|28.9600|28.5900|28.9200|203000|5841906.0000|28.9200
100000|28.9200|28.9200|28.8200|28.8800|314700|9079692.0000|28.8800
100500|28.8800|28.9900|28.8000|28.9800|287600|8310680.0000|28.9800
101000|28.9600|29.1400|28.8700|29.0900|203200|5894708.0000|29.0900
101500|29.1000|29.1300|29.0500|29.0600|269900|7854160.0000|29.0600
102000|29.0600|29.2800|29.0600|29.2000|241600|7049672.0000|29.2000
102500|29.1800|29.1800|28.9400|28.9400|86200|2505860.0000|28.9400
103000|28.9400|29.0800|28.9200|29.0800|95700|2777656.0000|29.0800
103500|29.0800|29.1900|29.0700|29.1800|123900|3610112.0000|29.1800
104000|29.1800|29.1800|28.9300|28.9700|83100|2415960.0000|28.9700
104500|28.9800|29.0200|28.9100|28.9100|81400|2357752.0000|28.9100
105000|28.9200|28.9200|28.8800|28.9000|54200|1565360.0000|28.9000
105500|28.8900|28.9100|28.8600|28.9100|33000|953872.0000|28.9100
110000|28.9200|28.9900|28.9000|28.9400|44100|1276232.0000|28.9400
110500|28.9800|28.9800|28.8900|28.8900|49900|1443128.0000|28.8900
111000|28.8900|28.9300|28.8600|28.9000|32600|941504.0000|28.9000
111500|28.8900|28.9100|28.8000|28.8100|35500|1023072.0000|28.8100
112000|28.8500|28.9200|28.8100|28.9200|45400|1310952.0000|28.9200
112500|28.9000|29.1200|28.9000|29.0600|86000|2496224.0000|29.0600
113000|29.0700|29.1200|29.0000|29.0500|104100|3026328.0000|29.0500
130500|29.0000|29.1400|28.9700|29.0900|146100|4246424.0000|29.0900
131000|29.0900|29.1400|28.9700|28.9700|69700|2026192.0000|28.9700
131500|28.9700|28.9800|28.9100|28.9400|38200|1105600.0000|28.9400
132000|28.9700|29.0000|28.9400|28.9800|37000|1073992.0000|28.9800
132500|28.9600|29.0800|28.9400|29.0500|47800|1384984.0000|29.0500
133000|29.0500|29.0800|29.0100|29.0500|47400|1376368.0000|29.0500
133500|29.0500|29.0800|29.0000|29.0400|93300|2710208.0000|29.0400
134000|29.0300|29.1600|29.0300|29.1600|121800|3542672.0000|29.1600
134500|29.1500|29.2100|29.1300|29.2100|135800|3963712.0000|29.2100
135000|29.2100|29.3600|29.2100|29.2700|390400|11438824.0000|29.2700
135500|29.2300|29.2800|29.2200|29.2400|79700|2330736.0000|29.2400
140000|29.2300|29.3600|29.2200|29.3200|201300|5895792.0000|29.3200
140500|29.3100|29.3100|29.1000|29.1400|136200|3976576.0000|29.1400
141000|29.1400|29.2500|29.1300|29.2000|113400|3307392.0000|29.2000
141500|29.2000|29.3000|29.1900|29.2900|111000|3246784.0000|29.2900
142000|29.2900|29.3000|29.1100|29.1600|155600|4542160.0000|29.1600
142500|29.1200|29.2400|29.1200|29.1400|84200|2457648.0000|29.1400
143000|29.1400|29.1700|29.0900|29.0900|129700|3778192.0000|29.0900
143500|29.0900|29.1300|29.0500|29.0900|137900|4012560.0000|29.0900
144000|29.0900|29.1600|29.0900|29.1400|153300|4466976.0000|29.1400
144500|29.1300|29.2000|29.1100|29.1900|137100|3995952.0000|29.1900
145000|29.1900|29.2500|29.1600|29.2300|189600|5538976.0000|29.2300
145500|29.2300|29.2500|29.1400|29.2400|234400|6843072.0000|29.2400
150000|29.2300|29.2300|29.1300|29.2100|100400|2931200.0000|29.2100
