093500|8.9900|9.0300|8.8900|9.0200|620925|5567984.0000|9.0200
094000|9.0100|9.0200|8.9600|8.9800|475900|4277878.0000|8.9800
094500|8.9700|8.9700|8.9400|8.9500|513600|4601067.0000|8.9500
095000|8.9500|8.9800|8.9500|8.9600|324800|2911273.0000|8.9600
095500|8.9600|8.9600|8.9300|8.9400|530900|4746374.0000|8.9400
100000|8.9400|8.9500|8.9200|8.9400|315200|2814854.0000|8.9400
100500|8.9400|8.9700|8.9400|8.9500|291115|2606522.0000|8.9500
101000|8.9500|9.0000|8.9400|9.0000|390700|3502226.0000|9.0000
101500|8.9900|9.0300|8.9900|9.0300|345000|3110023.0000|9.0300
102000|9.0200|9.0300|9.0100|9.0200|253300|2284488.0000|9.0200
102500|9.0100|9.0500|9.0100|9.0200|304000|2745224.0000|9.0200
103000|9.0200|9.0300|9.0100|9.0100|118000|1064305.0000|9.0100
103500|9.0100|9.0200|8.9900|9.0000|317700|2860001.0000|9.0000
104000|9.0000|9.0100|8.9900|9.0000|158900|1430725.0000|9.0000
104500|9.0000|9.0200|9.0000|9.0100|147300|1326449.0000|9.0100
105000|9.0100|9.0300|9.0000|9.0200|148800|1341388.0000|9.0200
105500|9.0200|9.0500|9.0100|9.0400|338311|3056232.0000|9.0400
110000|9.0400|9.0800|9.0400|9.0500|320600|2904715.0000|9.0500
110500|9.0400|9.0600|9.0300|9.0400|170500|1541491.0000|9.0400
111000|9.0400|9.0500|9.0300|9.0400|106700|964492.0000|9.0400
111500|9.0300|9.0400|9.0200|9.0200|203000|1832270.0000|9.0200
112000|9.0200|9.0300|9.0100|9.0200|117600|1060984.0000|9.0200
112500|9.0200|9.0400|9.0200|9.0300|157700|1423767.0000|9.0300
113000|9.0300|9.0500|9.0200|9.0400|115600|1044383.0000|9.0400
130500|9.0400|9.0400|9.0100|9.0200|142600|1286908.0000|9.0200
131000|9.0100|9.0300|9.0100|9.0200|151100|1363270.0000|9.0200
131500|9.0200|9.0300|9.0200|9.0200|130500|1177727.0000|9.0200
132000|9.0200|9.0300|9.0100|9.0200|166600|1502645.0000|9.0200
132500|9.0200|9.0400|9.0200|9.0300|167700|1513652.0000|9.0300
133000|9.0300|9.0400|9.0200|9.0200|128400|1158562.0000|9.0200
133500|9.0200|9.0200|9.0000|9.0100|197600|1780833.0000|9.0100
134000|9.0100|9.0200|9.0000|9.0200|231800|2087547.0000|9.0200
134500|9.0100|9.0200|9.0000|9.0100|158900|1430622.0000|9.0100
135000|9.0000|9.0100|9.0000|9.0000|159200|1433468.0000|9.0000
135500|9.0000|9.0200|9.0000|9.0100|210600|1898004.0000|9.0100
140000|9.0100|9.0200|9.0000|9.0100|156500|1410488.0000|9.0100
140500|9.0100|9.0200|9.0000|9.0100|236800|2134287.0000|9.0100
141000|9.0100|9.0100|9.0000|9.0000|204300|1839366.0000|9.0000
141500|9.0000|9.0000|8.9900|8.9900|278300|2503697.0000|8.9900
142000|8.9900|9.0100|8.9900|9.0100|262000|2356311.0000|9.0100
142500|9.0000|9.0100|9.0000|9.0000|164900|1484713.0000|9.0000
143000|9.0000|9.0100|9.0000|9.0000|171300|1542840.0000|9.0000
143500|9.0000|9.0300|9.0000|9.0100|392600|3541473.0000|9.0100
144000|9.0100|9.0200|9.0100|9.0100|215000|1938460.0000|9.0100
144500|9.0200|9.0300|9.0100|9.0100|280100|2526556.0000|9.0100
145000|9.0100|9.0300|9.0100|9.0100|306574|2764675.0000|9.0100
145500|9.0200|9.0400|9.0100|9.0200|505500|4560838.0000|9.0200
150000|9.0400|9.0400|9.0200|9.0300|235500|2127215.0000|9.0300
