093500|8.3900|8.4000|8.2500|8.3200|549400|4564065.0000|8.3200
094000|8.3100|8.3200|8.2600|8.2700|269100|2228672.0000|8.2700
094500|8.2700|8.3000|8.2600|8.2800|285600|2363736.0000|8.2800
095000|8.2800|8.2900|8.2300|8.2400|539300|4453114.0000|8.2400
095500|8.2400|8.2600|8.2300|8.2500|223000|1837401.0000|8.2500
100000|8.2600|8.2700|8.2400|8.2600|198600|1640838.0000|8.2600
100500|8.2500|8.2600|8.2400|8.2500|118200|975143.0000|8.2500
101000|8.2500|8.3200|8.2500|8.3000|264746|2191967.0000|8.3000
101500|8.3000|8.3200|8.2700|8.2900|142800|1185888.0000|8.2900
102000|8.2800|8.2800|8.2600|8.2600|78900|652606.0000|8.2600
102500|8.2800|8.2900|8.2700|8.2900|70400|582574.0000|8.2900
103000|8.2900|8.3000|8.2800|8.3000|73100|606095.0000|8.3000
103500|8.3000|8.3200|8.2900|8.3100|65600|544729.0000|8.3100
104000|8.3100|8.3100|8.2900|8.2900|116500|966836.0000|8.2900
104500|8.2900|8.3100|8.2900|8.3000|41100|341054.0000|8.3000
105000|8.3100|8.3100|8.2900|8.3000|93500|776326.0000|8.3000
105500|8.3000|8.3300|8.3000|8.3200|101300|842055.0000|8.3200
110000|8.3200|8.3400|8.3200|8.3300|73300|610293.0000|8.3300
110500|8.3300|8.3300|8.3000|8.3000|71500|594369.0000|8.3000
111000|8.3000|8.3100|8.2900|8.2900|82700|686388.0000|8.2900
111500|8.2900|8.3000|8.2900|8.2900|44200|366625.0000|8.2900
112000|8.3000|8.3300|8.3000|8.3200|104499|869233.0000|8.3200
112500|8.3200|8.3300|8.3200|8.3300|38600|321369.0000|8.3300
113000|8.3300|8.3300|8.3200|8.3200|42900|357144.0000|8.3200
130500|8.3300|8.3300|8.2900|8.3000|154200|1281279.0000|8.3000
131000|8.3000|8.3000|8.2600|8.2600|258101|2135732.0000|8.2600
131500|8.2700|8.2700|8.2600|8.2700|55100|455487.0000|8.2700
132000|8.2600|8.2700|8.2500|8.2600|600700|4960695.0000|8.2600
132500|8.2600|8.2600|8.2400|8.2600|85300|703892.0000|8.2600
133000|8.2600|8.2700|8.2500|8.2600|92500|763953.0000|8.2600
133500|8.2600|8.2700|8.2500|8.2600|85200|703719.0000|8.2600
134000|8.2600|8.2700|8.2500|8.2500|55300|456649.0000|8.2500
134500|8.2500|8.2800|8.2500|8.2700|117200|968849.0000|8.2700
135000|8.2800|8.2900|8.2700|8.2800|83200|688887.0000|8.2800
135500|8.2800|8.2900|8.2700|8.2700|54800|453595.0000|8.2700
140000|8.2700|8.2800|8.2700|8.2700|31800|263132.0000|8.2700
140500|8.2800|8.2800|8.2600|8.2700|123800|1024032.0000|8.2700
141000|8.2600|8.2700|8.2600|8.2600|42900|354611.0000|8.2600
141500|8.2700|8.2700|8.2500|8.2600|447800|3697943.0000|8.2600
142000|8.2600|8.2800|8.2600|8.2700|133100|1099857.0000|8.2700
142500|8.2700|8.2900|8.2600|8.2900|188800|1561905.0000|8.2900
143000|8.2800|8.2900|8.2700|8.2800|109400|906063.0000|8.2800
143500|8.2900|8.2900|8.2700|8.2800|107400|889174.0000|8.2800
144000|8.2800|8.3000|8.2700|8.2800|153500|1271294.0000|8.2800
144500|8.2800|8.3000|8.2800|8.2800|177000|1466872.0000|8.2800
145000|8.3000|8.3000|8.2800|8.2900|205200|1701331.0000|8.2900
145500|8.3000|8.3100|8.2800|8.3000|382900|3177328.0000|8.3000
150000|8.2900|8.3000|8.2800|8.2800|216600|1794175.0000|8.2800
