093500|8.3900|8.3900|8.3100|8.3600|246100|2055235.0000|8.3600
094000|8.3600|8.4300|8.3600|8.3600|145800|1222927.0000|8.3600
094500|8.3800|8.3800|8.3600|8.3800|68600|574436.0000|8.3800
095000|8.3800|8.4000|8.3800|8.3900|117100|982784.0000|8.3900
095500|8.3900|8.4200|8.3800|8.4200|202600|1701147.0000|8.4200
100000|8.4200|8.4500|8.4000|8.4300|197800|1666983.0000|8.4300
100500|8.4300|8.4600|8.4200|8.4600|213900|1805132.0000|8.4600
101000|8.4600|8.4600|8.4400|8.4600|261300|2208919.0000|8.4600
101500|8.4600|8.4900|8.4500|8.4900|312100|2644533.0000|8.4900
102000|8.4800|8.5000|8.4600|8.4600|299600|2542994.0000|8.4600
102500|8.4700|8.4700|8.4400|8.4400|155400|1313753.0000|8.4400
103000|8.4500|8.4500|8.4400|8.4400|82700|698348.0000|8.4400
103500|8.4500|8.4500|8.4300|8.4400|66977|565319.0000|8.4400
104000|8.4400|8.4700|8.4300|8.4700|80274|678664.0000|8.4700
104500|8.4700|8.4700|8.4500|8.4600|54600|461773.0000|8.4600
105000|8.4500|8.4600|8.4500|8.4600|84400|713777.0000|8.4600
105500|8.4500|8.4600|8.4500|8.4600|68300|577743.0000|8.4600
110000|8.4600|8.4800|8.4600|8.4700|140600|1190438.0000|8.4700
110500|8.4700|8.4800|8.4600|8.4800|53400|452488.0000|8.4800
111000|8.4800|8.4800|8.4700|8.4800|80300|680757.0000|8.4800
111500|8.4700|8.4900|8.4700|8.4800|147500|1251444.0000|8.4800
112000|8.4800|8.4900|8.4700|8.4900|54600|462922.0000|8.4900
112500|8.4800|8.4900|8.4800|8.4900|44100|374188.0000|8.4900
113000|8.4900|8.4900|8.4700|8.4800|69200|587032.0000|8.4800
130500|8.4700|8.4900|8.4700|8.4900|142400|1207881.0000|8.4900
131000|8.4900|8.4900|8.4800|8.4900|55500|471009.0000|8.4900
131500|8.4900|8.5000|8.4700|8.4900|404000|3428599.0000|8.4900
132000|8.4900|8.5200|8.4800|8.5200|439488|3737054.0000|8.5200
132500|8.5200|8.5200|8.5100|8.5100|135020|1149629.0000|8.5100
133000|8.5100|8.5200|8.5000|8.5100|71880|611596.0000|8.5100
133500|8.5100|8.5100|8.5000|8.5100|83500|710166.0000|8.5100
134000|8.5000|8.5100|8.5000|8.5100|82600|702471.0000|8.5100
134500|8.5000|8.5100|8.4900|8.5000|137100|1165022.0000|8.5000
135000|8.5000|8.5100|8.5000|8.5100|222600|1892953.0000|8.5100
135500|8.5100|8.5200|8.5000|8.5200|202000|1719933.0000|8.5200
140000|8.5100|8.5300|8.5100|8.5300|280600|2391924.0000|8.5300
140500|8.5300|8.5300|8.5100|8.5200|206600|1760942.0000|8.5200
141000|8.5200|8.5200|8.5100|8.5200|90000|766627.0000|8.5200
141500|8.5200|8.5200|8.5000|8.5100|114100|971175.0000|8.5100
142000|8.5200|8.5300|8.5100|8.5300|154000|1312451.0000|8.5300
142500|8.5300|8.5300|8.5200|8.5200|144400|1231485.0000|8.5200
143000|8.5300|8.5300|8.5100|8.5200|214400|1826523.0000|8.5200
143500|8.5100|8.5300|8.5100|8.5200|266200|2267827.0000|8.5200
144000|8.5200|8.5300|8.5100|8.5300|348795|2971335.0000|8.5300
144500|8.5300|8.5300|8.5100|8.5300|282500|2407568.0000|8.5300
145000|8.5300|8.5300|8.5200|8.5300|252000|2148488.0000|8.5300
145500|8.5300|8.5300|8.5200|8.5200|222900|1899585.0000|8.5200
150000|8.5300|8.5300|8.5200|8.5200|175900|1499522.0000|8.5200
