09350000|15.2558617300|15.3618721400|15.1402140100|15.3040482800|512500|8098087.0000|15.3040482800
09400000|15.3040482800|15.3618721400|15.2462244200|15.2847736600|125000|1984236.0000|15.2847736600
09450000|15.2847736600|15.3040482800|15.1594886300|15.1691259400|247300|3899841.0000|15.1691259400
09500000|15.1691259400|15.1980378700|15.0631155300|15.0727528400|287600|4517483.0000|15.0727528400
09550000|15.0727528400|15.2173124900|15.0727528400|15.1691259400|276100|4336662.0000|15.1691259400
10000000|15.1498513200|15.2173124900|15.1402140100|15.1884005600|130000|2046170.0000|15.1884005600
10050000|15.1884005600|15.2269498000|15.1402140100|15.1884005600|206200|3244772.0000|15.1884005600
10100000|15.1884005600|15.2269498000|15.1113020800|15.1113020800|155000|2435930.0000|15.1113020800
10150000|15.1113020800|15.1209393900|15.0534782200|15.0534782200|148700|2327507.0000|15.0534782200
10200000|15.0534782200|15.0631155300|15.0342036000|15.0342036000|182200|2844311.0000|15.0342036000
10250000|15.0342036000|15.1113020800|15.0245662900|15.0920274600|133400|2084179.0000|15.0920274600
10300000|15.0920274600|15.1498513200|15.0920274600|15.1305767000|141800|2226013.0000|15.1305767000
10350000|15.1305767000|15.1305767000|15.0534782200|15.0920274600|38300|599497.0000|15.0920274600
10400000|15.0920274600|15.1016647700|15.0534782200|15.0631155300|31300|489676.0000|15.0631155300
10450000|15.0631155300|15.0631155300|15.0149289800|15.0438409100|101400|1582060.0000|15.0438409100
10500000|15.0438409100|15.1113020800|15.0438409100|15.0438409100|134200|2100931.0000|15.0438409100
10550000|15.0438409100|15.0534782200|15.0342036000|15.0534782200|37600|586975.0000|15.0534782200
11000000|15.0438409100|15.0631155300|15.0342036000|15.0534782200|37800|590188.0000|15.0534782200
11050000|15.0534782200|15.0823901500|15.0438409100|15.0631155300|64800|1013256.0000|15.0631155300
11100000|15.0631155300|15.0631155300|14.9763797400|14.9860170500|102600|1598675.0000|14.9860170500
11150000|14.9763797400|15.0149289800|14.9763797400|15.0052916700|42900|667482.0000|15.0052916700
11200000|15.0052916700|15.0438409100|15.0052916700|15.0245662900|26800|417839.0000|15.0245662900
11250000|15.0245662900|15.0245662900|14.9667424300|15.0149289800|57300|891100.0000|15.0149289800
11300000|15.0149289800|15.0149289800|14.9571051200|14.9667424300|48000|746350.0000|14.9667424300
13050000|14.9956543600|14.9956543600|14.9378305000|14.9667424300|228353|3546180.0000|14.9667424300
13100000|14.9667424300|15.0149289800|14.9667424300|15.0052916700|22600|351469.0000|15.0052916700
13150000|15.0052916700|15.0149289800|14.9860170500|14.9956543600|51400|800135.0000|14.9956543600
13200000|14.9956543600|14.9956543600|14.9571051200|14.9571051200|68900|1070187.0000|14.9571051200
13250000|14.9571051200|14.9763797400|14.8896439500|14.8896439500|179200|2775866.0000|14.8896439500
13300000|14.8992812600|14.9185558800|14.8607320200|14.8992812600|121200|1873603.0000|14.8992812600
13350000|14.8992812600|14.9474678100|14.8510947100|14.9378305000|210400|3251534.0000|14.9378305000
13400000|14.9378305000|15.0149289800|14.9378305000|14.9956543600|84500|1313523.0000|14.9956543600
13450000|14.9956543600|15.0727528400|14.9956543600|15.0245662900|112700|1758746.0000|15.0245662900
13500000|15.0245662900|15.0823901500|15.0245662900|15.0534782200|53900|841898.0000|15.0534782200
13550000|15.0534782200|15.0727528400|15.0342036000|15.0438409100|121500|1897258.0000|15.0438409100
14000000|15.0438409100|15.0823901500|14.9956543600|15.0052916700|69304|1080700.0000|15.0052916700
14050000|15.0052916700|15.0149289800|14.9763797400|14.9763797400|84400|1313204.0000|14.9763797400
14100000|14.9763797400|15.0052916700|14.9667424300|14.9667424300|72600|1128364.0000|14.9667424300
14150000|14.9667424300|14.9956543600|14.9571051200|14.9860170500|36200|562552.0000|14.9860170500
14200000|14.9860170500|14.9860170500|14.9667424300|14.9860170500|42100|654296.0000|14.9860170500
14250000|14.9860170500|14.9860170500|14.9474678100|14.9860170500|27900|433351.0000|14.9860170500
14300000|14.9860170500|15.0052916700|14.9763797400|14.9763797400|69900|1087347.0000|14.9763797400
14350000|14.9763797400|15.0052916700|14.9667424300|14.9956543600|106000|1648348.0000|14.9956543600
14400000|14.9956543600|15.0052916700|14.9763797400|14.9956543600|166100|2583260.0000|14.9956543600
14450000|14.9956543600|15.1113020800|14.9956543600|15.1113020800|290400|4539626.0000|15.1113020800
14500000|15.1113020800|15.1305767000|15.0727528400|15.1016647700|351800|5514681.0000|15.1016647700
14550000|15.1016647700|15.1305767000|15.0149289800|15.0438409100|354100|5550735.0000|15.0438409100
15000000|15.0438409100|15.0823901500|15.0245662900|15.0245662900|122375|1909322.0000|15.0245662900
