093500|12.5200|12.5900|12.4600|12.5600|1453200|18205100.0000|12.5600
094000|12.5500|12.5800|12.4900|12.5100|1055300|13221540.0000|12.5100
094500|12.5200|12.5700|12.4900|12.5600|639200|8006390.0000|12.5600
095000|12.5700|12.6700|12.5500|12.6300|832800|10496176.0000|12.6300
095500|12.6300|12.7100|12.6200|12.6400|716000|9074829.0000|12.6400
100000|12.6400|12.8500|12.6300|12.8400|1305669|16649956.0000|12.8400
100500|12.8500|13.1000|12.8400|13.0100|2189113|28380966.0000|13.0100
101000|12.9900|13.0500|12.9400|13.0400|1124600|14617338.0000|13.0400
101500|13.0300|13.0300|12.8800|12.9200|753011|9753921.0000|12.9200
102000|12.9300|13.0500|12.8800|13.0200|1236000|15994681.0000|13.0200
102500|13.0100|13.1000|13.0000|13.0900|684064|8920262.0000|13.0900
103000|13.0900|13.1900|13.0900|13.1300|1488300|19555711.0000|13.1300
103500|13.1400|13.2100|13.1000|13.1600|1300000|17121471.0000|13.1600
104000|13.1500|13.1500|13.0600|13.0600|422000|5532253.0000|13.0600
104500|13.0800|13.1600|13.0600|13.1200|287200|3766143.0000|13.1200
105000|13.1200|13.1900|13.1200|13.1500|358814|4721847.0000|13.1500
105500|13.1600|13.2000|13.1000|13.1400|577300|7600143.0000|13.1400
110000|13.1400|13.1900|13.1000|13.1400|420900|5540859.0000|13.1400
110500|13.1000|13.1500|13.0800|13.1000|186800|2449925.0000|13.1000
111000|13.0700|13.1400|13.0700|13.1300|249900|3273459.0000|13.1300
111500|13.1300|13.1300|13.1000|13.1100|179500|2354405.0000|13.1100
112000|13.1100|13.1300|13.0900|13.1200|69300|909070.0000|13.1200
112500|13.1200|13.2400|13.1000|13.2200|734860|9689104.0000|13.2200
113000|13.2200|13.3600|13.1900|13.3600|948900|12606553.0000|13.3600
130500|13.3600|13.3900|13.3100|13.3700|826000|11033653.0000|13.3700
131000|13.3400|13.3700|13.3200|13.3300|521400|6956084.0000|13.3300
131500|13.3400|13.3400|13.2700|13.3000|318000|4227697.0000|13.3000
132000|13.2800|13.3200|13.2100|13.2400|299700|3972672.0000|13.2400
132500|13.2300|13.2400|13.1800|13.1900|443400|5852704.0000|13.1900
133000|13.1900|13.2500|13.1900|13.2500|232300|3070192.0000|13.2500
133500|13.2400|13.2400|13.1800|13.1800|357300|4715472.0000|13.1800
134000|13.1900|13.2100|13.1400|13.1500|466559|6142240.0000|13.1500
134500|13.1200|13.1800|13.1200|13.1800|704600|9266928.0000|13.1800
135000|13.1800|13.2000|13.1500|13.1500|132700|1748976.0000|13.1500
135500|13.1500|13.2800|13.1500|13.2600|446200|5896784.0000|13.2600
140000|13.2700|13.3000|13.2400|13.2800|442600|5872032.0000|13.2800
140500|13.2600|13.3000|13.2400|13.3000|552771|7336496.0000|13.3000
141000|13.3000|13.3100|13.2200|13.2200|603629|8010544.0000|13.2200
141500|13.2300|13.2500|13.1800|13.2000|703171|9283360.0000|13.2000
142000|13.2000|13.2500|13.1900|13.2400|653100|8628624.0000|13.2400
142500|13.2500|13.2800|13.2200|13.2300|466400|6177392.0000|13.2300
143000|13.2400|13.2600|13.1800|13.1800|558100|7375504.0000|13.1800
143500|13.1800|13.2200|13.1500|13.2000|706400|9309968.0000|13.2000
144000|13.1800|13.2500|13.1700|13.2300|782900|10333872.0000|13.2300
144500|13.2300|13.2600|13.2000|13.2500|704900|9332672.0000|13.2500
145000|13.2500|13.3100|13.2200|13.2700|1020800|13541568.0000|13.2700
145500|13.2700|13.2700|13.2100|13.2200|677400|8972496.0000|13.2200
150000|13.2200|13.2400|13.2100|13.2100|435700|5759936.0000|13.2100
