093500|12.5000|12.6000|12.4200|12.5400|7256900|90770560.0000|12.5400
094000|12.5400|12.6300|12.5200|12.5400|4127400|51935632.0000|12.5400
094500|12.5400|12.5600|12.4700|12.5000|2581900|32304336.0000|12.5000
095000|12.5000|12.5000|12.3900|12.4300|3087100|38395920.0000|12.4300
095500|12.4300|12.4300|12.3500|12.3800|1773000|21949456.0000|12.3800
100000|12.3800|12.4700|12.3600|12.4300|1681000|20887904.0000|12.4300
100500|12.4300|12.4500|12.3900|12.4100|916000|11375792.0000|12.4100
101000|12.4100|12.4100|12.3500|12.3500|823800|10197200.0000|12.3500
101500|12.3500|12.4700|12.3500|12.4400|1227100|15235424.0000|12.4400
102000|12.4400|12.5500|12.4400|12.5300|1565300|19575264.0000|12.5300
102500|12.5300|12.5600|12.4900|12.5200|882800|11062240.0000|12.5200
103000|12.5200|12.5300|12.4800|12.4900|437700|5473280.0000|12.4900
103500|12.4900|12.5200|12.4700|12.4900|363800|4545984.0000|12.4900
104000|12.4900|12.4900|12.4200|12.4500|535300|6661728.0000|12.4500
104500|12.4500|12.5100|12.4500|12.4900|478900|5980480.0000|12.4900
105000|12.4900|12.5000|12.4600|12.4800|353600|4412832.0000|12.4800
105500|12.4800|12.5400|12.4800|12.5300|605600|7577728.0000|12.5300
110000|12.5300|12.6200|12.5200|12.5900|1588400|19980224.0000|12.5900
110500|12.5900|12.6800|12.5800|12.6000|1602300|20246176.0000|12.6000
111000|12.6000|12.6100|12.5800|12.5800|577200|7268160.0000|12.5800
111500|12.5800|12.6000|12.5700|12.5800|331700|4173760.0000|12.5800
112000|12.5800|12.5900|12.5600|12.5800|302300|3801472.0000|12.5800
112500|12.5800|12.5800|12.5400|12.5400|342600|4303488.0000|12.5400
113000|12.5300|12.5500|12.5200|12.5300|387200|4851648.0000|12.5300
130500|12.5300|12.5300|12.4800|12.4800|563100|7040128.0000|12.4800
131000|12.4800|12.5200|12.4600|12.5000|341300|4260256.0000|12.5000
131500|12.5000|12.5300|12.4800|12.5000|373800|4673920.0000|12.5000
132000|12.5000|12.5100|12.4600|12.4900|368700|4603616.0000|12.4900
132500|12.4900|12.4900|12.4300|12.4400|421600|5254560.0000|12.4400
133000|12.4400|12.4700|12.4200|12.4500|412900|5137216.0000|12.4500
133500|12.4500|12.4900|12.4500|12.4700|253300|3159136.0000|12.4700
134000|12.4700|12.4700|12.4000|12.4100|662300|8226464.0000|12.4100
134500|12.4100|12.4900|12.3900|12.4800|432800|5381248.0000|12.4800
135000|12.4800|12.5200|12.4700|12.5000|963000|12036640.0000|12.5000
135500|12.5000|12.5100|12.4500|12.5100|521500|6515520.0000|12.5100
140000|12.5000|12.5300|12.5000|12.5100|355200|4446048.0000|12.5100
140500|12.5100|12.5500|12.5100|12.5400|453200|5678976.0000|12.5400
141000|12.5400|12.5400|12.4800|12.5100|707200|8840704.0000|12.5100
141500|12.5100|12.5400|12.5000|12.5400|328900|4118016.0000|12.5400
142000|12.5400|12.5400|12.5200|12.5300|384700|4818880.0000|12.5300
142500|12.5300|12.5300|12.4800|12.4900|570400|7131232.0000|12.4900
143000|12.4900|12.5200|12.4900|12.5100|583600|7298944.0000|12.5100
143500|12.5100|12.5500|12.5000|12.5500|842500|10548960.0000|12.5500
144000|12.5500|12.5700|12.5300|12.5400|746000|9361796.0000|12.5400
144500|12.5400|12.5600|12.5300|12.5500|628300|7884160.0000|12.5500
145000|12.5500|12.5500|12.5300|12.5400|565600|7094262.0000|12.5400
145500|12.5400|12.5600|12.5400|12.5400|749100|9399366.0000|12.5400
150000|12.5400|12.5500|12.5300|12.5500|901000|11305991.0000|12.5500
