093500|3.12|3.12|3.11|3.12|12413.0|3866944.0|3.11
094000|3.11|3.12|3.1|3.11|18955.0|5894038.0|3.12
094500|3.11|3.11|3.1|3.1|8939.0|2775437.0|3.11
095000|3.11|3.11|3.1|3.1|5709.0|1771857.0|3.1
095500|3.1|3.12|3.1|3.11|25510.0|7932932.0|3.1
100000|3.1|3.12|3.1|3.11|13911.0|4327349.0|3.11
100500|3.12|3.12|3.11|3.12|5048.0|1570800.0|3.11
101000|3.12|3.12|3.11|3.11|7444.0|2316512.0|3.12
101500|3.11|3.12|3.11|3.11|3280.0|1020303.0|3.11
102000|3.11|3.12|3.11|3.11|1493.0|464779.0|3.11
102500|3.12|3.12|3.11|3.11|1082.0|336683.0|3.11
103000|3.11|3.12|3.11|3.11|2850.0|886731.0|3.11
103500|3.12|3.12|3.11|3.11|2435.0|757564.0|3.11
104000|3.11|3.12|3.11|3.11|2121.0|660151.0|3.11
104500|3.11|3.12|3.11|3.12|6888.0|2143386.0|3.11
105000|3.11|3.12|3.11|3.12|4662.0|1453452.0|3.12
105500|3.11|3.12|3.11|3.11|1083.0|337142.0|3.12
110000|3.11|3.12|3.11|3.12|8244.0|2568971.0|3.11
110500|3.12|3.13|3.11|3.12|34451.0|10750556.0|3.12
111000|3.12|3.13|3.11|3.12|8592.0|2681068.0|3.12
111500|3.12|3.12|3.11|3.12|2483.0|774570.0|3.12
112000|3.11|3.13|3.11|3.13|7753.0|2419140.0|3.12
112500|3.13|3.13|3.12|3.12|1464.0|457258.0|3.13
113000|3.12|3.13|3.12|3.12|1594.0|498263.0|3.12
130500|3.12|3.13|3.12|3.12|15164.0|4731867.0|3.12
131000|3.12|3.13|3.12|3.12|8204.0|2560265.0|3.12
131500|3.12|3.13|3.12|3.13|2632.0|821793.0|3.12
132000|3.13|3.13|3.12|3.12|3430.0|1071951.0|3.13
132500|3.13|3.13|3.12|3.13|2901.0|905659.0|3.12
133000|3.12|3.13|3.12|3.12|3819.0|1193279.0|3.13
133500|3.12|3.13|3.12|3.12|3877.0|1210840.0|3.12
134000|3.12|3.13|3.12|3.12|4325.0|1350790.0|3.12
134500|3.13|3.13|3.12|3.13|2827.0|884084.0|3.12
135000|3.12|3.13|3.12|3.13|1942.0|607211.0|3.13
135500|3.13|3.13|3.12|3.12|4178.0|1306794.0|3.13
140000|3.12|3.13|3.12|3.13|3692.0|1154425.0|3.12
140500|3.13|3.13|3.12|3.13|4179.0|1305697.0|3.13
141000|3.13|3.13|3.12|3.12|5276.0|1646762.0|3.13
141500|3.12|3.13|3.12|3.13|5870.0|1835197.0|3.12
142000|3.13|3.13|3.12|3.12|10891.0|3402770.0|3.13
142500|3.13|3.14|3.13|3.14|54277.0|17001654.0|3.12
143000|3.14|3.14|3.13|3.13|2921.0|915499.0|3.14
143500|3.14|3.14|3.13|3.13|6816.0|2133978.0|3.13
144000|3.13|3.14|3.13|3.13|4453.0|1396764.0|3.13
144500|3.13|3.14|3.13|3.14|8255.0|2591238.0|3.13
145000|3.14|3.14|3.13|3.13|14199.0|4455685.0|3.14
145500|3.14|3.14|3.13|3.14|20472.0|6414619.0|3.13
150000|3.13|3.14|3.13|3.13|24891.0|7795570.0|3.14
