093500|68.44|68.5|67.55|68.05|7338.0|50014371.0|67.39
094000|68.09|68.34|68.01|68.34|3125.0|21307809.0|68.05
094500|68.34|68.35|68.08|68.25|2850.0|19440661.0|68.34
095000|68.25|68.27|67.87|67.87|3252.0|22122731.0|68.25
095500|67.85|68.14|67.78|67.96|1758.0|11941892.0|67.87
100000|67.97|68.09|67.71|67.74|1994.0|13535648.0|67.96
100500|67.75|67.91|67.45|67.77|2715.0|18362406.0|67.74
101000|67.77|68.01|67.64|67.64|1723.0|11693850.0|67.77
101500|67.64|67.71|67.54|67.54|1817.0|12284735.0|67.64
102000|67.54|67.55|67.36|67.36|2153.0|14523943.0|67.54
102500|67.38|67.42|67.21|67.42|1368.0|9208125.0|67.36
103000|67.42|67.5|67.38|67.41|1018.0|6864103.0|67.42
103500|67.39|67.65|67.35|67.62|838.0|5652639.0|67.41
104000|67.62|67.75|67.48|67.5|618.0|4178593.0|67.62
104500|67.48|67.5|67.33|67.34|982.0|6618029.0|67.5
105000|67.33|67.34|67.12|67.24|1560.0|10487695.0|67.34
105500|67.24|67.39|67.24|67.31|681.0|4585209.0|67.24
110000|67.33|67.48|67.32|67.45|506.0|3411147.0|67.31
110500|67.46|67.47|67.33|67.42|518.0|3491386.0|67.45
111000|67.42|67.66|67.4|67.56|731.0|4939329.0|67.42
111500|67.56|67.7|67.53|67.54|360.0|2433919.0|67.56
112000|67.53|67.59|67.41|67.59|413.0|2787005.0|67.54
112500|67.57|67.65|67.56|67.65|277.0|1876181.0|67.59
113000|67.65|67.7|67.59|67.65|367.0|2482573.0|67.65
130500|67.67|67.78|67.53|67.54|957.0|6472250.0|67.65
131000|67.55|67.77|67.51|67.74|629.0|4258081.0|67.54
131500|67.75|67.89|67.74|67.82|856.0|5802106.0|67.74
132000|67.83|67.84|67.61|67.61|576.0|3902551.0|67.82
132500|67.61|67.64|67.55|67.55|383.0|2588829.0|67.61
133000|67.55|67.7|67.55|67.64|953.0|6443276.0|67.55
133500|67.64|67.7|67.64|67.69|700.0|4737026.0|67.64
134000|67.69|67.74|67.65|67.68|455.0|3079263.0|67.69
134500|67.69|67.75|67.63|67.63|483.0|3264777.0|67.68
135000|67.63|67.68|67.63|67.67|362.0|2448884.0|67.63
135500|67.66|67.66|67.56|67.56|758.0|5126059.0|67.67
140000|67.56|67.56|67.37|67.38|916.0|6179305.0|67.56
140500|67.39|67.5|67.38|67.48|638.0|4301781.0|67.38
141000|67.49|67.64|67.44|67.6|521.0|3517947.0|67.48
141500|67.64|67.65|67.6|67.61|393.0|2657943.0|67.6
142000|67.61|67.86|67.61|67.73|1082.0|7330062.0|67.61
142500|67.73|67.75|67.67|67.68|761.0|5150936.0|67.73
143000|67.68|67.68|67.62|67.64|609.0|4120174.0|67.68
143500|67.64|67.68|67.63|67.65|679.0|4593965.0|67.64
144000|67.64|67.65|67.47|67.47|1247.0|8425816.0|67.65
144500|67.46|67.61|67.45|67.6|660.0|4458568.0|67.47
145000|67.6|67.61|67.52|67.53|1039.0|7020914.0|67.6
145500|67.54|67.58|67.52|67.58|1633.0|11029877.0|67.53
150000|67.58|67.75|67.57|67.74|2048.0|13862958.0|67.58
