093500|13.8400|13.9100|13.8000|13.8200|196200|2716649.0000|13.8200
094000|13.8200|13.9200|13.8000|13.8300|158000|2189626.0000|13.8300
094500|13.8500|13.8500|13.7600|13.7600|150000|2071022.0000|13.7600
095000|13.7600|13.8600|13.7600|13.8500|110600|1528297.0000|13.8500
095500|13.8600|13.9200|13.8600|13.8600|187200|2601103.0000|13.8600
100000|13.8600|13.8800|13.8100|13.8500|137700|1905721.0000|13.8500
100500|13.8500|13.8700|13.7800|13.7800|127000|1756783.0000|13.7800
101000|13.7800|13.8000|13.7400|13.7800|122300|1683844.0000|13.7800
101500|13.7900|13.7900|13.6800|13.7300|171600|2357023.0000|13.7300
102000|13.7300|13.8000|13.7200|13.7900|86000|1183468.0000|13.7900
102500|13.7900|13.8000|13.7200|13.7600|85500|1176320.0000|13.7600
103000|13.7500|13.8300|13.7500|13.7800|105000|1447708.0000|13.7800
103500|13.7700|13.8100|13.7500|13.7700|66500|916250.0000|13.7700
104000|13.7700|13.8100|13.7300|13.7600|72900|1003714.0000|13.7600
104500|13.7600|13.8000|13.7500|13.7600|67600|930872.0000|13.7600
105000|13.7500|13.8000|13.7300|13.7600|78800|1084274.0000|13.7600
105500|13.7700|13.7900|13.7700|13.7900|41200|567806.0000|13.7900
110000|13.7900|13.8000|13.7400|13.7700|63200|870912.0000|13.7700
110500|13.7700|13.8200|13.7400|13.8200|50100|690644.0000|13.8200
111000|13.8200|13.8700|13.7800|13.7800|144500|1995988.0000|13.7800
111500|13.7800|13.7900|13.7700|13.7700|38300|527866.0000|13.7700
112000|13.7800|13.7800|13.7200|13.7200|103900|1427646.0000|13.7200
112500|13.7300|13.7800|13.7200|13.7800|61200|841540.0000|13.7800
113000|13.7800|13.7800|13.7600|13.7600|24500|337316.0000|13.7600
130500|13.7700|13.7700|13.7300|13.7300|90700|1246904.0000|13.7300
131000|13.7400|13.7700|13.7300|13.7400|44000|605036.0000|13.7400
131500|13.7400|13.7900|13.7300|13.7800|62200|856360.0000|13.7800
132000|13.7800|13.8200|13.7800|13.8000|47900|660960.0000|13.8000
132500|13.8000|13.8300|13.7600|13.7700|90600|1249936.0000|13.7700
133000|13.7700|13.8100|13.7700|13.7900|48900|674124.0000|13.7900
133500|13.7900|13.7900|13.7400|13.7700|120200|1654220.0000|13.7700
134000|13.7700|13.7800|13.7400|13.7500|48200|663172.0000|13.7500
134500|13.7500|13.7800|13.7500|13.7600|45500|626372.0000|13.7600
135000|13.7600|13.8000|13.7600|13.7900|83300|1148164.0000|13.7900
135500|13.7800|13.7800|13.7300|13.7300|96100|1322332.0000|13.7300
140000|13.7300|13.7600|13.7200|13.7500|76200|1046564.0000|13.7500
140500|13.7600|13.7700|13.7000|13.7200|155300|2131728.0000|13.7200
141000|13.7200|13.7600|13.7200|13.7500|50100|688292.0000|13.7500
141500|13.7600|13.7700|13.7500|13.7500|43900|603972.0000|13.7500
142000|13.7500|13.8000|13.7300|13.7900|131500|1807428.0000|13.7900
142500|13.7900|13.8000|13.7500|13.7500|63800|878532.0000|13.7500
143000|13.7400|13.7800|13.7400|13.7700|95600|1314804.0000|13.7700
143500|13.7700|13.8000|13.7600|13.7900|127800|1760664.0000|13.7900
144000|13.7900|13.8100|13.7800|13.7900|84900|1171536.0000|13.7900
144500|13.8000|13.8000|13.7700|13.7900|111600|1538028.0000|13.7900
145000|13.7900|13.8100|13.7800|13.8000|97600|1346116.0000|13.8000
145500|13.7900|13.8300|13.7900|13.8100|106600|1472064.0000|13.8100
150000|13.8100|13.8300|13.8000|13.8100|126900|1753064.0000|13.8100
