093500|39.6000|39.6000|38.7300|39.2700|8536323|334213804.0000|39.2700
094000|39.2800|39.5100|38.9800|39.3800|3289300|129065211.0000|39.3800
094500|39.2800|39.4500|39.0300|39.1400|1968267|77149039.0000|39.1400
095000|39.1500|39.4400|38.9700|39.4100|1404400|54902510.0000|39.4100
095500|39.4000|39.5200|39.2900|39.4400|1761100|69462878.0000|39.4400
100000|39.4200|39.4500|39.2300|39.2800|1513005|59429954.0000|39.2800
100500|39.3300|39.9500|39.3300|39.9400|2632400|104515271.0000|39.9400
101000|39.9400|40.0900|39.7300|39.8000|2611900|104205452.0000|39.8000
101500|39.8100|40.6200|39.8100|40.6000|3510850|141540204.0000|40.6000
102000|40.5800|41.0800|40.5800|40.7400|3885055|158925452.0000|40.7400
102500|40.7200|40.8900|40.6900|40.8600|1341119|54704815.0000|40.8600
103000|40.8500|41.0500|40.7800|40.8200|1431000|58595720.0000|40.8200
103500|40.8100|40.9200|40.6800|40.8100|864736|35283241.0000|40.8100
104000|40.8000|41.0000|40.7000|40.9800|1025300|41903650.0000|40.9800
104500|40.9800|41.3500|40.9200|41.3000|2248050|92442826.0000|41.3000
105000|41.3300|41.3300|40.8700|41.1300|1550700|63723630.0000|41.1300
105500|41.1300|41.1900|40.9900|41.0000|956200|39287415.0000|41.0000
110000|40.9900|40.9900|40.7800|40.8300|756200|30912998.0000|40.8300
110500|40.8300|40.9300|40.6500|40.6800|629695|25708646.0000|40.6800
111000|40.6600|40.6600|40.5000|40.5000|805400|32674721.0000|40.5000
111500|40.5400|40.5900|40.2500|40.2500|769300|31065730.0000|40.2500
112000|40.2400|40.4000|40.2000|40.3700|830800|33482653.0000|40.3700
112500|40.3700|40.4200|40.2000|40.2100|486800|19617933.0000|40.2100
113000|40.2000|40.2400|40.1400|40.1700|352500|14166905.0000|40.1700
130500|40.1700|40.2900|39.9400|40.2900|621868|24936782.0000|40.2900
131000|40.3000|40.3300|40.2200|40.3100|412900|16629063.0000|40.3100
131500|40.3000|40.4500|40.2700|40.4300|374400|15109123.0000|40.4300
132000|40.4400|40.7200|40.4300|40.5600|690700|28038080.0000|40.5600
132500|40.5600|40.6000|40.4300|40.5500|277600|11244251.0000|40.5500
133000|40.5500|40.5900|40.3900|40.4900|393000|15902902.0000|40.4900
133500|40.4900|40.7100|40.4600|40.5700|595900|24193177.0000|40.5700
134000|40.5700|40.7200|40.5500|40.6300|812810|33030093.0000|40.6300
134500|40.6500|40.9400|40.6300|40.9200|1056400|43133902.0000|40.9200
135000|40.9400|41.3300|40.8900|41.1400|2297996|94552322.0000|41.1400
135500|41.1200|41.4900|41.0800|41.4900|1433100|59164074.0000|41.4900
140000|41.5000|41.5400|41.3700|41.4000|876700|36321560.0000|41.4000
140500|41.4000|41.4000|41.1200|41.2100|826700|34103001.0000|41.2100
141000|41.2200|41.3800|41.1600|41.2300|1011700|41731518.0000|41.2300
141500|41.2100|41.2100|41.0500|41.0700|548800|22563545.0000|41.0700
142000|41.0800|41.0800|40.8900|40.9800|640900|26261933.0000|40.9800
142500|40.9800|41.0200|40.9100|40.9100|333600|13665950.0000|40.9100
143000|40.9100|40.9500|40.8700|40.9100|345800|14146038.0000|40.9100
143500|40.9000|41.2000|40.9000|41.1800|541900|22235430.0000|41.1800
144000|41.1800|41.2800|41.1500|41.2100|891100|36733533.0000|41.2100
144500|41.2600|41.3600|41.1700|41.3300|1015500|41901490.0000|41.3300
145000|41.3400|41.3500|41.2300|41.2400|740800|30590544.0000|41.2400
145500|41.2400|41.2400|41.1300|41.1300|671200|27628537.0000|41.1300
150000|41.1300|41.1900|41.1100|41.1700|826000|33997628.0000|41.1700
