093500|3.1200|3.1500|3.1200|3.1300|3308800|10364694.0000|3.1300
094000|3.1300|3.1400|3.1200|3.1300|1433600|4485747.0000|3.1300
094500|3.1300|3.1300|3.1000|3.1100|2005200|6237540.0000|3.1100
095000|3.1000|3.1200|3.1000|3.1100|1362600|4236852.0000|3.1100
095500|3.1100|3.1100|3.0900|3.0900|1607200|4980534.0000|3.0900
100000|3.1000|3.1100|3.0900|3.1100|635400|1970038.0000|3.1100
100500|3.1100|3.1200|3.1000|3.1000|1047200|3256262.0000|3.1000
101000|3.1000|3.1100|3.1000|3.1100|417600|1295280.0000|3.1100
101500|3.1100|3.1100|3.1000|3.1100|382400|1186208.0000|3.1100
102000|3.1100|3.1100|3.1000|3.1100|708300|2198276.0000|3.1100
102500|3.1100|3.1100|3.0900|3.0900|2416800|7481880.0000|3.0900
103000|3.0900|3.1100|3.0900|3.1100|592100|1835800.0000|3.1100
103500|3.1100|3.1200|3.1000|3.1000|844800|2625260.0000|3.1000
104000|3.1000|3.1200|3.1000|3.1100|699000|2173852.0000|3.1100
104500|3.1100|3.1200|3.1100|3.1200|880500|2744620.0000|3.1200
105000|3.1200|3.1200|3.1000|3.1100|767700|2387540.0000|3.1100
105500|3.1100|3.1200|3.1000|3.1100|238100|740048.0000|3.1100
110000|3.1100|3.1200|3.1000|3.1100|484700|1507120.0000|3.1100
110500|3.1000|3.1100|3.1000|3.1000|461700|1432428.0000|3.1000
111000|3.1100|3.1100|3.0900|3.1000|1483100|4595272.0000|3.1000
111500|3.1000|3.1000|3.0900|3.1000|665000|2058680.0000|3.1000
112000|3.1000|3.1100|3.0900|3.1100|876200|2716920.0000|3.1100
112500|3.1100|3.1100|3.1000|3.1000|542200|1683880.0000|3.1000
113000|3.1000|3.1100|3.1000|3.1000|240600|747608.0000|3.1000
130500|3.1000|3.1200|3.1000|3.1200|488500|1519800.0000|3.1200
131000|3.1200|3.1300|3.1100|3.1200|693600|2164616.0000|3.1200
131500|3.1200|3.1300|3.1200|3.1300|690400|2159416.0000|3.1300
132000|3.1300|3.1400|3.1300|3.1400|864200|2707304.0000|3.1400
132500|3.1400|3.1400|3.1200|3.1400|534300|1672344.0000|3.1400
133000|3.1400|3.1400|3.1300|3.1400|453400|1419976.0000|3.1400
133500|3.1400|3.1500|3.1300|3.1400|1868700|5868896.0000|3.1400
134000|3.1400|3.1500|3.1400|3.1500|195500|614528.0000|3.1500
134500|3.1500|3.1500|3.1300|3.1300|631900|1982712.0000|3.1300
135000|3.1400|3.1500|3.1300|3.1500|1302300|4094432.0000|3.1500
135500|3.1500|3.1600|3.1400|3.1600|1426300|4492568.0000|3.1600
140000|3.1600|3.1600|3.1400|3.1600|1461700|4604952.0000|3.1600
140500|3.1600|3.1700|3.1500|3.1600|2226700|7032376.0000|3.1600
141000|3.1600|3.1700|3.1500|3.1600|898100|2838200.0000|3.1600
141500|3.1600|3.1800|3.1600|3.1700|1515700|4802912.0000|3.1700
142000|3.1600|3.1700|3.1600|3.1600|783800|2482048.0000|3.1600
142500|3.1700|3.1800|3.1600|3.1700|1334200|4230832.0000|3.1700
143000|3.1700|3.1800|3.1700|3.1800|343000|1088984.0000|3.1800
143500|3.1800|3.1900|3.1700|3.1900|1311500|4172760.0000|3.1900
144000|3.1900|3.1900|3.1800|3.1900|1209900|3849440.0000|3.1900
144500|3.1900|3.1900|3.1700|3.1700|999900|3179104.0000|3.1700
145000|3.1700|3.1800|3.1700|3.1800|937700|2978400.0000|3.1800
145500|3.1800|3.1900|3.1700|3.1800|1191400|3787504.0000|3.1800
150000|3.1800|3.1900|3.1800|3.1900|1086300|3463376.0000|3.1900
