093500|59.0800|59.2200|58.7200|59.0900|69892|4118530.0000|59.0900
094000|59.0800|59.0800|58.3200|58.4100|58760|3443871.0000|58.4100
094500|58.4100|58.8100|58.4000|58.8100|24420|1430803.0000|58.8100
095000|58.7200|59.4900|58.7200|59.4900|33540|1978085.0000|59.4900
095500|59.4900|60.2300|59.3100|60.2300|101580|6068854.0000|60.2300
100000|60.2300|60.2300|59.8000|59.8000|52340|3138911.0000|59.8000
100500|59.8000|60.7900|59.7000|60.4800|127880|7720854.0000|60.4800
101000|60.4800|60.4800|60.0000|60.0400|35080|2112348.0000|60.0400
101500|60.0400|60.2000|60.0000|60.0200|29574|1775581.0000|60.0200
102000|60.0100|60.0800|59.9000|59.9000|73726|4424312.0000|59.9000
102500|59.8000|59.9800|59.7400|59.9600|26700|1598732.0000|59.9600
103000|59.9600|60.2600|59.8700|60.2500|11480|689334.0000|60.2500
103500|60.2500|60.4800|60.0700|60.4800|14380|867301.0000|60.4800
104000|60.4800|60.6800|60.3000|60.3500|27800|1682385.0000|60.3500
104500|60.3500|60.6600|60.3300|60.3900|47520|2877455.0000|60.3900
105000|60.3900|60.4200|60.3700|60.3800|7420|448101.0000|60.3800
105500|60.3700|60.5400|60.3700|60.4200|13480|814660.0000|60.4200
110000|60.4200|60.7500|60.4200|60.7100|23060|1397873.0000|60.7100
110500|60.7100|60.9800|60.6100|60.7000|46860|2850769.0000|60.7000
111000|60.7000|60.9300|60.5900|60.9300|17115|1041349.0000|60.9300
111500|60.9300|61.1800|60.9300|61.1200|30480|1859700.0000|61.1200
112000|61.0900|61.0900|60.7900|60.7900|17180|1048645.0000|60.7900
112500|60.7900|60.9200|60.7900|60.8500|7900|480676.0000|60.8500
113000|60.8200|60.8200|60.5000|60.5200|23345|1416445.0000|60.5200
130500|60.5300|60.5300|60.3500|60.5100|15760|952600.0000|60.5100
131000|60.5100|60.5100|60.3000|60.3000|8540|515545.0000|60.3000
131500|60.3000|60.3000|60.1400|60.1600|7620|458487.0000|60.1600
132000|60.1600|60.1900|60.0400|60.0400|9480|570062.0000|60.0400
132500|60.0400|60.2000|59.9500|60.0400|40540|2432779.0000|60.0400
133000|60.0400|60.2000|60.0000|60.2000|15100|907139.0000|60.2000
133500|60.1200|60.3100|60.1200|60.3100|11320|681925.0000|60.3100
134000|60.2900|60.2900|60.0700|60.0700|13740|826667.0000|60.0700
134500|60.0700|60.2200|60.0700|60.2200|4840|291024.0000|60.2200
135000|60.2200|60.2300|60.1100|60.1100|3000|180466.0000|60.1100
135500|60.1000|60.1000|60.0300|60.0300|4860|291957.0000|60.0300
140000|60.0300|60.0500|59.9000|59.9000|15060|903635.0000|59.9000
140500|59.9000|59.9500|59.8600|59.9000|9060|542695.0000|59.9000
141000|59.9000|59.9000|59.8600|59.8700|6700|401254.0000|59.8700
141500|59.8700|59.8800|59.7500|59.8800|13840|827921.0000|59.8800
142000|59.8800|59.9600|59.8700|59.9000|11072|663248.0000|59.9000
142500|59.9000|59.9600|59.8900|59.9600|2220|132992.0000|59.9600
143000|59.9600|59.9600|59.8700|59.8800|10940|655474.0000|59.8800
143500|59.8800|59.9600|59.8800|59.9000|7480|447987.0000|59.9000
144000|59.9000|60.0000|59.8900|60.0000|6800|407437.0000|60.0000
144500|60.0000|60.1100|59.9800|60.1100|6660|399689.0000|60.1100
145000|60.0000|60.1400|60.0000|60.0200|12612|757627.0000|60.0200
145500|60.0700|60.0700|59.9300|59.9700|26040|1562673.0000|59.9700
150000|59.9700|59.9700|59.9400|59.9500|37421|2243360.0000|59.9500
