093500|18.0|18.08|17.88|17.94|78055.0|140203624.0|18.18
094000|17.96|18.01|17.89|17.95|41754.0|74850631.0|17.94
094500|17.95|17.96|17.81|17.83|38779.0|69409670.0|17.95
095000|17.83|17.93|17.77|17.9|52267.0|93095592.0|17.83
095500|17.9|17.94|17.85|17.91|19814.0|35437653.0|17.9
100000|17.91|17.91|17.82|17.86|22430.0|40032265.0|17.91
100500|17.86|17.91|17.8|17.91|23344.0|41665058.0|17.86
101000|17.92|17.92|17.8|17.84|14601.0|26050729.0|17.91
101500|17.85|17.88|17.82|17.88|13475.0|24037259.0|17.84
102000|17.87|17.88|17.85|17.88|8830.0|15778671.0|17.88
102500|17.88|17.95|17.85|17.94|12469.0|22320906.0|17.88
103000|17.94|17.99|17.9|17.93|9759.0|17517701.0|17.94
103500|17.93|17.93|17.87|17.87|8751.0|15660817.0|17.93
104000|17.87|17.88|17.84|17.85|8169.0|14582445.0|17.87
104500|17.84|17.9|17.84|17.88|6121.0|10931101.0|17.85
105000|17.88|17.92|17.86|17.89|5898.0|10551243.0|17.88
105500|17.89|17.95|17.89|17.92|5732.0|10273206.0|17.89
110000|17.91|17.94|17.88|17.88|7153.0|12805813.0|17.92
110500|17.88|17.88|17.84|17.85|7020.0|12534159.0|17.88
111000|17.85|17.85|17.82|17.84|6668.0|11890550.0|17.85
111500|17.83|17.86|17.82|17.84|4639.0|8273941.0|17.84
112000|17.84|17.9|17.83|17.86|6587.0|11766158.0|17.84
112500|17.85|17.87|17.84|17.86|3285.0|5864506.0|17.86
113000|17.85|17.86|17.81|17.81|5690.0|10146552.0|17.86
130500|17.81|17.82|17.77|17.82|16735.0|29782070.0|17.81
131000|17.81|17.83|17.8|17.81|4914.0|8753535.0|17.82
131500|17.8|17.81|17.77|17.79|13047.0|23202684.0|17.81
132000|17.79|17.82|17.77|17.82|7524.0|13385841.0|17.79
132500|17.81|17.92|17.81|17.92|11056.0|19768920.0|17.82
133000|17.91|17.92|17.89|17.9|6025.0|10786479.0|17.92
133500|17.91|17.91|17.89|17.89|5057.0|9051733.0|17.9
134000|17.89|17.9|17.84|17.89|5256.0|9396079.0|17.89
134500|17.89|18.08|17.88|18.03|36771.0|66189159.0|17.89
135000|18.03|18.03|17.95|17.97|12312.0|22161635.0|18.03
135500|17.97|18.03|17.97|18.02|8736.0|15730023.0|17.97
140000|18.03|18.04|17.98|17.98|7304.0|13156712.0|18.02
140500|17.99|18.0|17.92|17.93|6083.0|10921898.0|17.98
141000|17.93|17.96|17.92|17.92|7888.0|14144768.0|17.93
141500|17.92|17.95|17.91|17.95|3761.0|6743107.0|17.92
142000|17.96|17.97|17.92|17.93|3477.0|6240173.0|17.95
142500|17.93|17.95|17.91|17.94|5734.0|10280814.0|17.93
143000|17.94|17.94|17.91|17.92|6611.0|11850820.0|17.94
143500|17.91|17.97|17.91|17.94|8448.0|15156850.0|17.92
144000|17.94|17.98|17.94|17.95|8175.0|14684485.0|17.94
144500|17.95|17.96|17.93|17.95|8754.0|15707034.0|17.95
145000|17.95|17.95|17.92|17.92|11081.0|19877086.0|17.95
145500|17.92|17.95|17.92|17.94|15150.0|27171560.0|17.92
150000|17.94|17.96|17.93|17.95|13019.0|23362655.0|17.94
