093500|46.8000|47.0900|46.5700|46.5700|2230729|104516770.0000|46.5700
094000|46.5800|46.5800|46.2000|46.3200|2282200|105890410.0000|46.3200
094500|46.3000|46.3300|46.1200|46.1600|2790500|128923524.0000|46.1600
095000|46.1800|46.1900|45.9000|45.9400|3305200|152073584.0000|45.9400
095500|45.9400|45.9500|45.8400|45.9100|2593700|119071088.0000|45.9100
100000|45.9100|46.0400|45.8800|45.9800|1601600|73575440.0000|45.9800
100500|45.9700|46.0000|45.9200|45.9300|1374300|63149472.0000|45.9300
101000|45.9300|45.9300|45.8000|45.8200|1943451|89113696.0000|45.8200
101500|45.8200|45.9000|45.8200|45.8800|1094050|50170544.0000|45.8800
102000|45.9100|46.0700|45.9000|46.0100|830065|38172304.0000|46.0100
102500|46.0100|46.0200|45.8700|45.8700|775100|35627760.0000|45.8700
103000|45.8800|46.0700|45.8800|46.0700|512000|23534624.0000|46.0700
103500|46.0600|46.1700|46.0600|46.1700|853886|39381728.0000|46.1700
104000|46.1500|46.2400|46.1000|46.2000|737800|34053040.0000|46.2000
104500|46.1900|46.3300|46.1600|46.3100|902695|41770032.0000|46.3100
105000|46.3000|46.3500|46.2600|46.2700|587500|27202848.0000|46.2700
105500|46.2500|46.4100|46.2100|46.3800|719700|33320496.0000|46.3800
110000|46.3700|46.4200|46.3100|46.4200|442900|20531712.0000|46.4200
110500|46.4300|46.4300|46.3100|46.3200|430400|19964224.0000|46.3200
111000|46.3200|46.4200|46.3200|46.4200|404000|18735888.0000|46.4200
111500|46.4200|46.5100|46.3400|46.3600|751400|34904432.0000|46.3600
112000|46.3900|46.4700|46.3600|46.4500|347238|16117632.0000|46.4500
112500|46.4600|46.5400|46.4300|46.5200|747300|34733408.0000|46.5200
113000|46.5200|46.5200|46.3600|46.3600|230300|10697248.0000|46.3600
130500|46.3700|46.5000|46.3400|46.4200|702000|32577296.0000|46.4200
131000|46.4200|46.4700|46.3400|46.3400|278700|12932768.0000|46.3400
131500|46.3400|46.4500|46.3300|46.4300|386400|17913264.0000|46.4300
132000|46.4300|46.4300|46.3100|46.3600|263900|12234528.0000|46.3600
132500|46.3400|46.4500|46.3100|46.4100|465538|21583312.0000|46.4100
133000|46.4100|46.4700|46.3900|46.4500|274800|12757008.0000|46.4500
133500|46.4500|46.4600|46.3400|46.3900|435400|20199712.0000|46.3900
134000|46.4000|46.4900|46.3900|46.4000|395900|18382608.0000|46.4000
134500|46.4000|46.5000|46.3700|46.3900|747400|34695648.0000|46.3900
135000|46.3800|46.4800|46.3600|46.4800|269300|12505776.0000|46.4800
135500|46.5000|46.5000|46.4600|46.4900|301100|13995008.0000|46.4900
140000|46.4900|46.4900|46.4500|46.4500|224400|10427280.0000|46.4500
140500|46.4500|46.4700|46.4200|46.4300|237900|11048016.0000|46.4300
141000|46.4300|46.5300|46.4300|46.5100|501800|23328016.0000|46.5100
141500|46.5100|46.5300|46.4700|46.4800|330400|15366656.0000|46.4800
142000|46.4900|46.5600|46.4900|46.5200|532700|24783568.0000|46.5200
142500|46.5200|46.5400|46.4800|46.5200|417536|19420176.0000|46.5200
143000|46.5100|46.5400|46.4500|46.4600|443736|20623728.0000|46.4600
143500|46.4700|46.4700|46.4000|46.4000|771500|35826864.0000|46.4000
144000|46.4000|46.4700|46.3900|46.4300|509940|23680160.0000|46.4300
144500|46.4300|46.4400|46.3800|46.4000|853400|39601216.0000|46.4000
145000|46.4000|46.4400|46.3900|46.4300|762400|35383920.0000|46.4300
145500|46.4200|46.4300|46.3700|46.4000|1026851|47632128.0000|46.4000
150000|46.4000|46.4300|46.3800|46.4300|781080|36254432.0000|46.4300
