093500|4.75|4.77|4.69|4.72|92900.0|43929245.0|4.89
094000|4.72|4.76|4.66|4.75|64517.0|30323590.0|4.72
094500|4.76|4.77|4.71|4.73|36001.0|17048150.0|4.75
095000|4.73|4.77|4.73|4.76|40296.0|19147462.0|4.73
095500|4.76|4.76|4.73|4.74|20616.0|9779205.0|4.76
100000|4.73|4.78|4.73|4.77|21832.0|10371251.0|4.74
100500|4.77|4.8|4.76|4.79|17326.0|8274899.0|4.77
101000|4.79|4.83|4.79|4.81|23878.0|11494106.0|4.79
101500|4.81|4.84|4.81|4.83|18435.0|8902438.0|4.81
102000|4.83|4.85|4.81|4.85|20913.0|10095476.0|4.83
102500|4.85|4.85|4.83|4.83|15336.0|7416509.0|4.85
103000|4.82|4.83|4.8|4.8|10487.0|5051514.0|4.83
103500|4.81|4.81|4.79|4.79|8255.0|3959675.0|4.8
104000|4.79|4.79|4.77|4.77|9089.0|4342126.0|4.79
104500|4.78|4.78|4.77|4.78|5141.0|2454649.0|4.77
105000|4.78|4.79|4.76|4.76|14603.0|6975500.0|4.78
105500|4.77|4.78|4.73|4.74|21819.0|10356294.0|4.76
110000|4.73|4.76|4.73|4.75|14427.0|6838543.0|4.74
110500|4.76|4.78|4.74|4.77|13144.0|6247281.0|4.75
111000|4.78|4.78|4.75|4.75|3322.0|1582250.0|4.77
111500|4.76|4.76|4.74|4.75|3903.0|1853295.0|4.75
112000|4.74|4.76|4.74|4.74|2190.0|1039410.0|4.75
112500|4.74|4.76|4.74|4.75|4632.0|2197515.0|4.74
113000|4.75|4.75|4.73|4.74|3467.0|1643750.0|4.75
130500|4.74|4.8|4.73|4.79|14379.0|6853945.0|4.74
131000|4.78|4.79|4.74|4.75|9499.0|4533364.0|4.79
131500|4.75|4.75|4.72|4.75|10588.0|5014005.0|4.75
132000|4.75|4.75|4.72|4.73|6450.0|3051436.0|4.75
132500|4.72|4.73|4.71|4.72|11100.0|5240902.0|4.73
133000|4.72|4.73|4.7|4.71|13088.0|6171002.0|4.72
133500|4.72|4.72|4.7|4.71|11010.0|5186234.0|4.71
134000|4.71|4.75|4.71|4.72|10101.0|4772618.0|4.71
134500|4.72|4.72|4.7|4.7|17799.0|8372668.0|4.72
135000|4.7|4.71|4.69|4.69|8299.0|3898850.0|4.7
135500|4.69|4.7|4.68|4.7|12487.0|5859592.0|4.69
140000|4.7|4.72|4.69|4.71|6422.0|3022509.0|4.7
140500|4.7|4.71|4.68|4.68|12876.0|6040332.0|4.71
141000|4.69|4.69|4.67|4.69|15846.0|7410119.0|4.68
141500|4.69|4.7|4.68|4.69|10920.0|5116580.0|4.69
142000|4.69|4.69|4.67|4.69|10892.0|5097391.0|4.69
142500|4.69|4.7|4.66|4.7|25018.0|11693188.0|4.69
143000|4.69|4.72|4.69|4.7|15057.0|7084874.0|4.7
143500|4.7|4.71|4.67|4.67|9980.0|4677663.0|4.7
144000|4.67|4.68|4.66|4.68|17108.0|7989002.0|4.67
144500|4.68|4.7|4.67|4.67|12650.0|5921000.0|4.68
145000|4.67|4.68|4.63|4.64|36001.0|16763203.0|4.67
145500|4.64|4.66|4.61|4.65|26713.0|12375836.0|4.64
150000|4.65|4.66|4.64|4.65|13664.0|6352284.0|4.65
