09350000|14.0672604800|14.1445531200|14.0286141600|14.0962452200|1281381|18695015.0000|14.0962452200
09400000|14.1059068000|14.1348915400|14.0479373200|14.0672604800|801845|11683079.0000|14.0672604800
09450000|14.0672604800|14.0865836400|14.0382757400|14.0672604800|679900|9897028.0000|14.0672604800
09500000|14.0575989000|14.0769220600|13.9706446800|14.0092910000|733700|10651406.0000|14.0092910000
09550000|14.0092910000|14.1735378600|14.0092910000|14.1638762800|890600|12987591.0000|14.1638762800
10000000|14.1638762800|14.1831994400|14.1348915400|14.1445531200|609000|8928161.0000|14.1445531200
10050000|14.1445531200|14.1928610200|14.1155683800|14.1445531200|686200|10052906.0000|14.1445531200
10100000|14.1542147000|14.1735378600|14.1059068000|14.1155683800|347300|5077720.0000|14.1155683800
10150000|14.1059068000|14.1059068000|14.0382757400|14.0672604800|587200|8550153.0000|14.0672604800
10200000|14.0769220600|14.1252299600|14.0769220600|14.0962452200|199000|2905810.0000|14.0962452200
10250000|14.1059068000|14.1348915400|14.0769220600|14.1252299600|202500|2956125.0000|14.1252299600
10300000|14.1252299600|14.1348915400|14.0865836400|14.1155683800|279300|4078151.0000|14.1155683800
10350000|14.1155683800|14.2025226000|14.1155683800|14.1445531200|693100|10160283.0000|14.1445531200
10400000|14.1445531200|14.2315073400|14.1348915400|14.2218457600|375800|5513364.0000|14.2218457600
10450000|14.2315073400|14.2508305000|14.1638762800|14.2025226000|727900|10709108.0000|14.2025226000
10500000|14.2025226000|14.2025226000|14.1542147000|14.1638762800|189000|2772917.0000|14.1638762800
10550000|14.1735378600|14.1831994400|14.1542147000|14.1735378600|139100|2039880.0000|14.1735378600
11000000|14.1831994400|14.2121841800|14.1542147000|14.1735378600|221000|3242455.0000|14.1735378600
11050000|14.1638762800|14.2315073400|14.1638762800|14.1735378600|294900|4333219.0000|14.1735378600
11100000|14.1831994400|14.2025226000|14.1638762800|14.1831994400|294900|4327048.0000|14.1831994400
11150000|14.1928610200|14.2508305000|14.1735378600|14.2121841800|607100|8929621.0000|14.2121841800
11200000|14.2025226000|14.2218457600|14.1735378600|14.1928610200|113700|1670322.0000|14.1928610200
11250000|14.1928610200|14.1928610200|14.1638762800|14.1928610200|157800|2315776.0000|14.1928610200
11300000|14.1928610200|14.2315073400|14.1831994400|14.2025226000|254500|3743466.0000|14.2025226000
13050000|14.2315073400|14.2701536600|14.1348915400|14.1638762800|557300|8196922.0000|14.1638762800
13100000|14.1638762800|14.1638762800|14.1445531200|14.1542147000|126100|1847208.0000|14.1542147000
13150000|14.1542147000|14.1638762800|14.1252299600|14.1252299600|621300|9099984.0000|14.1252299600
13200000|14.1252299600|14.1542147000|14.1252299600|14.1445531200|223086|3264837.0000|14.1445531200
13250000|14.1445531200|14.1928610200|14.1252299600|14.1831994400|375646|5503567.0000|14.1831994400
13300000|14.1831994400|14.2121841800|14.1638762800|14.1735378600|194200|2850891.0000|14.1735378600
13350000|14.1638762800|14.1831994400|14.1445531200|14.1638762800|238000|3487963.0000|14.1638762800
13400000|14.1638762800|14.1831994400|14.1542147000|14.1735378600|147000|2155700.0000|14.1735378600
13450000|14.1735378600|14.2218457600|14.1638762800|14.2025226000|280100|4114769.0000|14.2025226000
13500000|14.2025226000|14.2121841800|14.1638762800|14.1638762800|219100|3217463.0000|14.1638762800
13550000|14.1638762800|14.1735378600|14.1348915400|14.1542147000|309800|4539186.0000|14.1542147000
14000000|14.1542147000|14.1542147000|14.1155683800|14.1252299600|262600|3842775.0000|14.1252299600
14050000|14.1252299600|14.1348915400|14.0962452200|14.1059068000|397100|5801655.0000|14.1059068000
14100000|14.1059068000|14.1155683800|14.0962452200|14.1059068000|232900|3400137.0000|14.1059068000
14150000|14.1059068000|14.1252299600|14.0769220600|14.0865836400|385800|5627930.0000|14.0865836400
14200000|14.0865836400|14.0962452200|14.0769220600|14.0962452200|209100|3048694.0000|14.0962452200
14250000|14.0962452200|14.0962452200|14.0769220600|14.0769220600|257100|3748634.0000|14.0769220600
14300000|14.0865836400|14.0865836400|14.0672604800|14.0769220600|188300|2744212.0000|14.0769220600
14350000|14.0865836400|14.0865836400|14.0575989000|14.0769220600|300600|4376434.0000|14.0769220600
14400000|14.0769220600|14.0769220600|14.0575989000|14.0672604800|324900|4729118.0000|14.0672604800
14450000|14.0672604800|14.0865836400|14.0575989000|14.0769220600|308600|4494782.0000|14.0769220600
14500000|14.0672604800|14.0769220600|14.0382757400|14.0672604800|478800|6967037.0000|14.0672604800
14550000|14.0479373200|14.1059068000|14.0479373200|14.0865836400|362273|5278202.0000|14.0865836400
15000000|14.0769220600|14.0962452200|14.0672604800|14.0672604800|286807|4178704.0000|14.0672604800
