093500|21.58|21.68|21.01|21.01|216691.0|462657545.0|20.9
094000|20.97|21.02|20.77|20.79|99992.0|209142850.0|21.01
094500|20.79|20.82|20.39|20.49|94016.0|193671058.0|20.79
095000|20.51|20.6|20.24|20.25|85084.0|173874318.0|20.49
095500|20.25|20.3|20.03|20.04|114771.0|231619510.0|20.25
100000|20.03|20.23|20.02|20.06|82258.0|165422757.0|20.04
100500|20.06|20.11|19.92|19.96|82591.0|165233498.0|20.06
101000|19.96|19.96|19.61|19.68|105603.0|208603493.0|19.96
101500|19.68|19.81|19.63|19.72|64681.0|127443328.0|19.68
102000|19.74|19.84|19.71|19.84|42942.0|84960760.0|19.72
102500|19.85|19.86|19.71|19.71|37062.0|73256644.0|19.84
103000|19.71|19.73|19.56|19.61|53333.0|104751836.0|19.71
103500|19.6|19.63|19.51|19.52|36333.0|71089859.0|19.61
104000|19.52|19.53|19.33|19.37|73391.0|142761221.0|19.52
104500|19.36|19.53|19.36|19.47|38762.0|75410330.0|19.37
105000|19.46|19.58|19.38|19.38|25579.0|49807351.0|19.47
105500|19.38|19.38|19.03|19.24|99434.0|190930906.0|19.38
110000|19.25|19.48|19.25|19.48|28155.0|54656068.0|19.24
110500|19.46|19.56|19.45|19.45|26913.0|52500157.0|19.48
111000|19.44|19.5|19.38|19.44|21136.0|41055938.0|19.45
111500|19.44|19.48|19.29|19.32|17279.0|33439180.0|19.44
112000|19.33|19.34|19.24|19.33|22009.0|42451722.0|19.32
112500|19.33|19.36|19.24|19.28|15355.0|29655184.0|19.33
113000|19.28|19.29|19.21|19.29|12633.0|24315044.0|19.28
130500|19.29|19.36|19.21|19.21|29226.0|56380028.0|19.29
131000|19.21|19.43|19.21|19.43|16374.0|31610136.0|19.21
131500|19.43|19.48|19.36|19.44|23706.0|46041209.0|19.43
132000|19.41|19.49|19.3|19.32|18865.0|36593852.0|19.44
132500|19.32|19.39|19.27|19.3|14145.0|27339001.0|19.32
133000|19.3|19.35|19.25|19.25|14972.0|28885379.0|19.3
133500|19.26|19.32|19.22|19.28|18844.0|36282091.0|19.25
134000|19.28|19.29|19.21|19.25|15385.0|29594088.0|19.28
134500|19.22|19.24|19.18|19.24|22511.0|43234856.0|19.25
135000|19.23|19.29|19.17|19.19|12760.0|24531430.0|19.24
135500|19.19|19.31|19.18|19.3|13816.0|26593701.0|19.19
140000|19.3|19.36|19.23|19.23|19190.0|37040468.0|19.3
140500|19.24|19.29|19.18|19.18|18056.0|34722027.0|19.23
141000|19.19|19.24|19.15|19.18|17279.0|33127267.0|19.18
141500|19.18|19.18|19.06|19.1|31713.0|60563447.0|19.18
142000|19.1|19.11|19.03|19.06|25666.0|48936685.0|19.1
142500|19.06|19.07|18.96|18.97|56799.0|107957498.0|19.06
143000|18.98|19.05|18.9|19.03|45312.0|85863074.0|18.97
143500|19.04|19.04|18.88|18.89|39573.0|74993520.0|19.03
144000|18.88|18.96|18.82|18.94|41710.0|78667076.0|18.89
144500|18.95|19.21|18.93|19.21|24820.0|47325382.0|18.94
145000|19.21|19.28|19.08|19.23|36671.0|70362768.0|19.21
145500|19.22|19.29|19.18|19.21|27265.0|52417699.0|19.23
150000|19.22|19.29|19.2|19.29|22865.0|44059305.0|19.21
