09350000|8.8979865000|9.0440047400|8.8979865000|9.0166263200|2693900|26528288.0000|9.0166263200
09400000|9.0075001800|9.0440047400|8.9892479000|9.0257524600|2086500|20615580.0000|9.0257524600
09450000|9.0257524600|9.0348786000|8.9983740400|9.0166263200|1509100|14914868.0000|9.0166263200
09500000|9.0166263200|9.0622570200|9.0075001800|9.0257524600|1366900|13533256.0000|9.0257524600
09550000|9.0166263200|9.0440047400|9.0166263200|9.0257524600|635000|6282264.0000|9.0257524600
10000000|9.0257524600|9.0531308800|9.0166263200|9.0348786000|1380900|13676776.0000|9.0348786000
10050000|9.0348786000|9.0440047400|9.0166263200|9.0166263200|743800|7361016.0000|9.0166263200
10100000|9.0166263200|9.0531308800|9.0166263200|9.0531308800|781000|7735264.0000|9.0531308800
10150000|9.0531308800|9.0531308800|9.0166263200|9.0257524600|607500|6010568.0000|9.0257524600
10200000|9.0257524600|9.0713831600|9.0257524600|9.0622570200|1794800|17811920.0000|9.0622570200
10250000|9.0622570200|9.0713831600|9.0531308800|9.0622570200|826500|8207360.0000|9.0622570200
10300000|9.0622570200|9.0713831600|9.0531308800|9.0622570200|513400|5097440.0000|9.0622570200
10350000|9.0622570200|9.0622570200|9.0440047400|9.0531308800|404200|4009616.0000|9.0531308800
10400000|9.0531308800|9.0531308800|9.0348786000|9.0440047400|648200|6423888.0000|9.0440047400
10450000|9.0440047400|9.0622570200|9.0257524600|9.0531308800|761100|7538960.0000|9.0531308800
10500000|9.0531308800|9.0622570200|9.0348786000|9.0440047400|275000|2726384.0000|9.0440047400
10550000|9.0440047400|9.0440047400|9.0348786000|9.0348786000|248400|2459408.0000|9.0348786000
11000000|9.0348786000|9.0440047400|9.0257524600|9.0348786000|496900|4918704.0000|9.0348786000
11050000|9.0348786000|9.0531308800|9.0348786000|9.0440047400|571600|5662512.0000|9.0440047400
11100000|9.0531308800|9.0713831600|9.0440047400|9.0713831600|1100600|10924368.0000|9.0713831600
11150000|9.0713831600|9.0713831600|9.0440047400|9.0440047400|626100|6219008.0000|9.0440047400
11200000|9.0531308800|9.0531308800|9.0257524600|9.0348786000|328200|3250336.0000|9.0348786000
11250000|9.0348786000|9.0440047400|9.0257524600|9.0257524600|316300|3130768.0000|9.0257524600
11300000|9.0348786000|9.0440047400|9.0257524600|9.0348786000|328800|3255136.0000|9.0348786000
13050000|9.0348786000|9.0805093000|9.0348786000|9.0622570200|1089600|10818592.0000|9.0622570200
13100000|9.0622570200|9.0713831600|9.0531308800|9.0713831600|337500|3351552.0000|9.0713831600
13150000|9.0622570200|9.0805093000|9.0531308800|9.0713831600|771000|7660944.0000|9.0713831600
13200000|9.0805093000|9.0896354400|9.0713831600|9.0896354400|1053500|10483104.0000|9.0896354400
13250000|9.0896354400|9.0896354400|9.0713831600|9.0805093000|556200|5533152.0000|9.0805093000
13300000|9.0713831600|9.0805093000|9.0531308800|9.0531308800|555400|5517104.0000|9.0531308800
13350000|9.0531308800|9.0805093000|9.0440047400|9.0531308800|619600|6153216.0000|9.0531308800
13400000|9.0531308800|9.0622570200|9.0166263200|9.0166263200|706800|6996704.0000|9.0166263200
13450000|9.0166263200|9.0348786000|8.9983740400|9.0166263200|746900|7380944.0000|9.0166263200
13500000|9.0075001800|9.0166263200|8.9983740400|9.0166263200|391700|3866592.0000|9.0166263200
13550000|9.0166263200|9.0257524600|9.0166263200|9.0257524600|228900|2262048.0000|9.0257524600
14000000|9.0257524600|9.0257524600|9.0075001800|9.0075001800|417800|4128576.0000|9.0075001800
14050000|9.0166263200|9.0166263200|8.9709956200|8.9709956200|720700|7102272.0000|8.9709956200
14100000|8.9709956200|8.9892479000|8.9527433400|8.9527433400|777600|7640416.0000|8.9527433400
14150000|8.9618694800|8.9801217600|8.9527433400|8.9618694800|691100|6785760.0000|8.9618694800
14200000|8.9527433400|8.9527433400|8.9344910600|8.9344910600|1123700|11010944.0000|8.9344910600
14250000|8.9344910600|8.9618694800|8.9253649200|8.9527433400|984300|9647392.0000|8.9527433400
14300000|8.9527433400|8.9618694800|8.9344910600|8.9344910600|857000|8400288.0000|8.9344910600
14350000|8.9436172000|8.9527433400|8.9344910600|8.9436172000|791400|7752704.0000|8.9436172000
14400000|8.9344910600|8.9436172000|8.9162387800|8.9253649200|984400|9632608.0000|8.9253649200
14450000|8.9162387800|8.9436172000|8.9071126400|8.9162387800|1060800|10372576.0000|8.9162387800
14500000|8.9162387800|8.9527433400|8.9071126400|8.9436172000|670400|6560032.0000|8.9436172000
14550000|8.9527433400|8.9618694800|8.9436172000|8.9618694800|618100|6063360.0000|8.9618694800
15000000|8.9527433400|8.9618694800|8.9436172000|8.9436172000|1153200|11305664.0000|8.9436172000
