09350000|4.6893530400|4.7092231800|4.6794179700|4.6992881100|2062400|9742187.0000|4.6992881100
09400000|4.6893530400|4.6992881100|4.6794179700|4.6893530400|837400|3948980.0000|4.6893530400
09450000|4.6893530400|4.6992881100|4.6794179700|4.6992881100|721600|3408260.0000|4.6992881100
09500000|4.6992881100|4.6992881100|4.6794179700|4.6794179700|553800|2612877.0000|4.6794179700
09550000|4.6893530400|4.6893530400|4.6694829000|4.6794179700|948700|4464739.0000|4.6794179700
10000000|4.6794179700|4.6794179700|4.6694829000|4.6794179700|179300|843214.0000|4.6794179700
10050000|4.6694829000|4.6794179700|4.6694829000|4.6694829000|465400|2188929.0000|4.6694829000
10100000|4.6595478300|4.6694829000|4.6297426200|4.6694829000|1917200|8970675.0000|4.6694829000
10150000|4.6694829000|4.6694829000|4.6496127600|4.6595478300|202000|947560.0000|4.6595478300
10200000|4.6694829000|4.6694829000|4.6595478300|4.6595478300|253900|1192356.0000|4.6595478300
10250000|4.6694829000|4.6694829000|4.6595478300|4.6694829000|198600|933059.0000|4.6694829000
10300000|4.6694829000|4.6794179700|4.6595478300|4.6794179700|146600|689352.0000|4.6794179700
10350000|4.6794179700|4.6794179700|4.6595478300|4.6694829000|213500|1003621.0000|4.6694829000
10400000|4.6595478300|4.6694829000|4.6595478300|4.6694829000|235500|1104857.0000|4.6694829000
10450000|4.6694829000|4.6694829000|4.6496127600|4.6496127600|732800|3432631.0000|4.6496127600
10500000|4.6496127600|4.6595478300|4.6496127600|4.6496127600|82500|386390.0000|4.6496127600
10550000|4.6496127600|4.6595478300|4.6496127600|4.6496127600|182800|855793.0000|4.6496127600
11000000|4.6595478300|4.6595478300|4.6496127600|4.6595478300|149000|697835.0000|4.6595478300
11050000|4.6595478300|4.6595478300|4.6496127600|4.6496127600|264400|1237595.0000|4.6496127600
11100000|4.6595478300|4.6595478300|4.6496127600|4.6595478300|91200|427680.0000|4.6595478300
11150000|4.6595478300|4.6694829000|4.6496127600|4.6595478300|236100|1107267.0000|4.6595478300
11200000|4.6595478300|4.6595478300|4.6496127600|4.6595478300|284900|1333890.0000|4.6595478300
11250000|4.6595478300|4.6595478300|4.6496127600|4.6595478300|35400|165799.0000|4.6595478300
11300000|4.6595478300|4.6595478300|4.6496127600|4.6595478300|33100|155188.0000|4.6595478300
13050000|4.6496127600|4.6595478300|4.6396776900|4.6496127600|658900|3084047.0000|4.6496127600
13100000|4.6595478300|4.6595478300|4.6396776900|4.6496127600|362700|1696223.0000|4.6496127600
13150000|4.6595478300|4.6595478300|4.6496127600|4.6595478300|73100|342529.0000|4.6595478300
13200000|4.6496127600|4.6595478300|4.6496127600|4.6496127600|233800|1094990.0000|4.6496127600
13250000|4.6496127600|4.6694829000|4.6496127600|4.6694829000|329300|1544742.0000|4.6694829000
13300000|4.6694829000|4.6694829000|4.6595478300|4.6694829000|304000|1426351.0000|4.6694829000
13350000|4.6694829000|4.6694829000|4.6595478300|4.6595478300|137400|644911.0000|4.6595478300
13400000|4.6694829000|4.6694829000|4.6595478300|4.6595478300|122100|573791.0000|4.6595478300
13450000|4.6694829000|4.6694829000|4.6595478300|4.6694829000|175500|823508.0000|4.6694829000
13500000|4.6694829000|4.6694829000|4.6595478300|4.6694829000|137800|647550.0000|4.6694829000
13550000|4.6694829000|4.6794179700|4.6595478300|4.6694829000|459400|2159398.0000|4.6694829000
14000000|4.6794179700|4.6794179700|4.6694829000|4.6794179700|194900|916299.0000|4.6794179700
14050000|4.6794179700|4.6794179700|4.6595478300|4.6694829000|165500|777689.0000|4.6694829000
14100000|4.6694829000|4.6694829000|4.6496127600|4.6496127600|698600|3274991.0000|4.6496127600
14150000|4.6595478300|4.6595478300|4.6396776900|4.6496127600|287500|1344497.0000|4.6496127600
14200000|4.6496127600|4.6595478300|4.6396776900|4.6595478300|432600|2026487.0000|4.6595478300
14250000|4.6496127600|4.6595478300|4.6496127600|4.6496127600|67900|318173.0000|4.6496127600
14300000|4.6595478300|4.6595478300|4.6496127600|4.6496127600|165900|776713.0000|4.6496127600
14350000|4.6595478300|4.6595478300|4.6396776900|4.6496127600|763000|3570001.0000|4.6496127600
14400000|4.6496127600|4.6595478300|4.6396776900|4.6496127600|381500|1785229.0000|4.6496127600
14450000|4.6496127600|4.6595478300|4.6396776900|4.6496127600|398400|1863339.0000|4.6496127600
14500000|4.6496127600|4.6595478300|4.6396776900|4.6496127600|292900|1370903.0000|4.6496127600
14550000|4.6595478300|4.6595478300|4.6496127600|4.6595478300|332700|1558678.0000|4.6595478300
15000000|4.6595478300|4.6595478300|4.6396776900|4.6496127600|544900|2551138.0000|4.6496127600
