09350000|4.8001010200|4.8200598600|4.6603891400|4.6803479800|4557600|21549740.0000|4.6803479800
09400000|4.6703685600|4.7202656600|4.6005126200|4.7202656600|4890400|22722196.0000|4.7202656600
09450000|4.7102862400|4.7601833400|4.7003068200|4.7601833400|2229300|10573840.0000|4.7601833400
09500000|4.7502039200|4.7502039200|4.7003068200|4.7102862400|749300|3553152.0000|4.7102862400
09550000|4.7102862400|4.7202656600|4.6803479800|4.6903274000|1789800|8397652.0000|4.6903274000
10000000|4.6903274000|4.7202656600|4.6803479800|4.6903274000|792200|3724200.0000|4.6903274000
10050000|4.6903274000|4.7003068200|4.6803479800|4.6803479800|548700|2576464.0000|4.6803479800
10100000|4.6803479800|4.6903274000|4.6703685600|4.6903274000|590400|2771912.0000|4.6903274000
10150000|4.6903274000|4.7003068200|4.6803479800|4.6903274000|227100|1067368.0000|4.6903274000
10200000|4.7003068200|4.7202656600|4.6903274000|4.7102862400|652100|3076992.0000|4.7102862400
10250000|4.7102862400|4.7102862400|4.7003068200|4.7003068200|134000|632080.0000|4.7003068200
10300000|4.7102862400|4.7102862400|4.7003068200|4.7003068200|208400|983296.0000|4.7003068200
10350000|4.7102862400|4.7102862400|4.7003068200|4.7102862400|123800|583728.0000|4.7102862400
10400000|4.7102862400|4.7202656600|4.7003068200|4.7202656600|435900|2058416.0000|4.7202656600
10450000|4.7202656600|4.7202656600|4.7003068200|4.7202656600|127500|602024.0000|4.7202656600
10500000|4.7202656600|4.7202656600|4.7102862400|4.7102862400|228400|1080144.0000|4.7102862400
10550000|4.7102862400|4.7302450800|4.7102862400|4.7302450800|233700|1105176.0000|4.7302450800
11000000|4.7302450800|4.7402245000|4.7202656600|4.7302450800|409200|1939544.0000|4.7302450800
11050000|4.7302450800|4.7302450800|4.7202656600|4.7302450800|138800|657808.0000|4.7302450800
11100000|4.7202656600|4.7302450800|4.7102862400|4.7202656600|390600|1847344.0000|4.7202656600
11150000|4.7102862400|4.7202656600|4.7003068200|4.7102862400|282300|1332488.0000|4.7102862400
11200000|4.7102862400|4.7102862400|4.7003068200|4.7102862400|172600|813752.0000|4.7102862400
11250000|4.7003068200|4.7102862400|4.6903274000|4.7003068200|235800|1111544.0000|4.7003068200
11300000|4.7003068200|4.7003068200|4.6903274000|4.7003068200|94200|443056.0000|4.7003068200
13050000|4.7003068200|4.7302450800|4.7003068200|4.7102862400|380200|1794440.0000|4.7102862400
13100000|4.7202656600|4.7402245000|4.7003068200|4.7302450800|326500|1545496.0000|4.7302450800
13150000|4.7202656600|4.7402245000|4.7202656600|4.7302450800|145300|688528.0000|4.7302450800
13200000|4.7302450800|4.7502039200|4.7302450800|4.7302450800|636400|3023008.0000|4.7302450800
13250000|4.7402245000|4.7402245000|4.7202656600|4.7302450800|380700|1804984.0000|4.7302450800
13300000|4.7302450800|4.7302450800|4.7102862400|4.7202656600|296300|1400000.0000|4.7202656600
13350000|4.7202656600|4.7202656600|4.7003068200|4.7003068200|154100|727792.0000|4.7003068200
13400000|4.7102862400|4.7102862400|4.7003068200|4.7003068200|64100|302208.0000|4.7003068200
13450000|4.7102862400|4.7202656600|4.7003068200|4.7003068200|216000|1019008.0000|4.7003068200
13500000|4.7102862400|4.7202656600|4.7003068200|4.7102862400|121900|575520.0000|4.7102862400
13550000|4.7202656600|4.7202656600|4.7003068200|4.7102862400|236700|1117664.0000|4.7102862400
14000000|4.7102862400|4.7302450800|4.7102862400|4.7202656600|136200|644104.0000|4.7202656600
14050000|4.7202656600|4.7302450800|4.7102862400|4.7302450800|811300|3835936.0000|4.7302450800
14100000|4.7302450800|4.7402245000|4.7202656600|4.7202656600|435800|2062952.0000|4.7202656600
14150000|4.7202656600|4.7402245000|4.7202656600|4.7302450800|756000|3579488.0000|4.7302450800
14200000|4.7302450800|4.7402245000|4.7003068200|4.7003068200|980000|4634432.0000|4.7003068200
14250000|4.7102862400|4.7202656600|4.6903274000|4.6903274000|806000|3798080.0000|4.6903274000
14300000|4.7003068200|4.7202656600|4.6903274000|4.7202656600|1747200|8236816.0000|4.7202656600
14350000|4.7202656600|4.7302450800|4.7102862400|4.7302450800|498100|2356192.0000|4.7302450800
14400000|4.7202656600|4.7302450800|4.7202656600|4.7202656600|179500|849424.0000|4.7202656600
14450000|4.7302450800|4.7601833400|4.7302450800|4.7502039200|1750600|8321472.0000|4.7502039200
14500000|4.7502039200|4.7701627600|4.7402245000|4.7701627600|1553400|7407312.0000|4.7701627600
14550000|4.7701627600|4.7701627600|4.7402245000|4.7402245000|766500|3654032.0000|4.7402245000
15000000|4.7402245000|4.7502039200|4.7302450800|4.7402245000|329000|1563136.0000|4.7402245000
