093500|13.9300|14.0800|13.9300|14.0500|1128760|15833101.0000|14.0500
094000|14.0600|14.0800|14.0400|14.0500|739300|10395155.0000|14.0500
094500|14.0600|14.1500|14.0500|14.1100|1616537|22794313.0000|14.1100
095000|14.1200|14.1800|14.1000|14.1800|1303900|18436818.0000|14.1800
095500|14.1700|14.1900|14.1400|14.1600|921400|13055440.0000|14.1600
100000|14.1600|14.1900|14.1600|14.1900|713078|10111559.0000|14.1900
100500|14.1900|14.2400|14.1800|14.2200|1571300|22331352.0000|14.2200
101000|14.2100|14.2200|14.1700|14.2000|624994|8870908.0000|14.2000
101500|14.1900|14.2100|14.1800|14.1900|646500|9180859.0000|14.1900
102000|14.1900|14.2100|14.1900|14.1900|383700|5448000.0000|14.1900
102500|14.2000|14.2100|14.1900|14.1900|662600|9409013.0000|14.1900
103000|14.2000|14.2000|14.1400|14.1500|745306|10560313.0000|14.1500
103500|14.1400|14.1500|14.1100|14.1400|535700|7568465.0000|14.1400
104000|14.1300|14.1400|14.1000|14.1200|475100|6703099.0000|14.1200
104500|14.1200|14.1400|14.1100|14.1300|398900|5632105.0000|14.1300
105000|14.1300|14.1300|14.0800|14.1000|444800|6271352.0000|14.1000
105500|14.1000|14.1300|14.0900|14.1100|348800|4919117.0000|14.1100
110000|14.1100|14.1200|14.0700|14.0800|420700|5926847.0000|14.0800
110500|14.0800|14.0900|14.0600|14.0900|394600|5552106.0000|14.0900
111000|14.0700|14.0900|14.0500|14.0500|378600|5326124.0000|14.0500
111500|14.0500|14.0800|14.0500|14.0500|338700|4761384.0000|14.0500
112000|14.0400|14.0500|14.0200|14.0300|317800|4459583.0000|14.0300
112500|14.0300|14.0500|14.0100|14.0200|319300|4476567.0000|14.0200
113000|14.0200|14.0200|13.9900|14.0000|535500|7498186.0000|14.0000
130500|14.0200|14.0300|13.9900|14.0000|332500|4656910.0000|14.0000
131000|14.0000|14.0400|13.9900|14.0300|225900|3166178.0000|14.0300
131500|14.0200|14.0300|14.0200|14.0300|113300|1589201.0000|14.0300
132000|14.0300|14.0300|14.0000|14.0200|197700|2769722.0000|14.0200
132500|14.0200|14.0900|14.0100|14.0800|233400|3281104.0000|14.0800
133000|14.0800|14.0900|14.0700|14.0800|110200|1551828.0000|14.0800
133500|14.0800|14.1200|14.0400|14.1200|493300|6948813.0000|14.1200
134000|14.1200|14.1400|14.1200|14.1300|415600|5872238.0000|14.1300
134500|14.1400|14.1400|14.1100|14.1100|222700|3145411.0000|14.1100
135000|14.1200|14.1200|14.1000|14.1100|114797|1619738.0000|14.1100
135500|14.1100|14.1100|14.0800|14.0800|235300|3315836.0000|14.0800
140000|14.0800|14.0800|14.0300|14.0400|296700|4167350.0000|14.0400
140500|14.0400|14.0600|14.0200|14.0400|259100|3635841.0000|14.0400
141000|14.0400|14.0400|14.0100|14.0300|295500|4143856.0000|14.0300
141500|14.0200|14.0300|14.0100|14.0200|378600|5306992.0000|14.0200
142000|14.0200|14.0400|14.0100|14.0200|326800|4581008.0000|14.0200
142500|14.0200|14.0500|14.0100|14.0500|145300|2039072.0000|14.0500
143000|14.0600|14.0600|14.0500|14.0600|148600|2089024.0000|14.0600
143500|14.0600|14.0700|14.0100|14.0500|319500|4485456.0000|14.0500
144000|14.0400|14.0600|14.0300|14.0300|118700|1666912.0000|14.0300
144500|14.0300|14.0600|14.0300|14.0600|276400|3882208.0000|14.0600
145000|14.0600|14.0800|14.0500|14.0800|358700|5043296.0000|14.0800
145500|14.0800|14.0900|14.0700|14.0800|619400|8720032.0000|14.0800
150000|14.0900|14.0900|14.0700|14.0800|668000|9407296.0000|14.0800
