093500|13.1|13.15|12.96|13.12|16341.0|21302133.0|13.23
094000|13.11|13.12|13.05|13.1|3950.0|5165094.0|13.12
094500|13.1|13.17|13.09|13.16|3267.0|4293285.0|13.1
095000|13.15|13.21|13.15|13.2|2629.0|3464151.0|13.16
095500|13.2|13.21|13.15|13.16|1805.0|2378306.0|13.2
100000|13.15|13.16|13.11|13.12|2423.0|3180967.0|13.16
100500|13.12|13.13|13.07|13.07|2294.0|3003712.0|13.12
101000|13.08|13.11|13.05|13.1|2864.0|3744358.0|13.07
101500|13.09|13.14|13.09|13.14|966.0|1267168.0|13.1
102000|13.14|13.22|13.12|13.21|3854.0|5074164.0|13.14
102500|13.21|13.24|13.17|13.18|2942.0|3885641.0|13.21
103000|13.17|13.17|13.1|13.1|1609.0|2111725.0|13.18
103500|13.1|13.11|13.06|13.07|2365.0|3093510.0|13.1
104000|13.07|13.15|13.07|13.14|1540.0|2020043.0|13.07
104500|13.13|13.17|13.13|13.14|1887.0|2483338.0|13.14
105000|13.14|13.16|13.12|13.15|1194.0|1569180.0|13.14
105500|13.14|13.14|13.12|13.12|900.0|1181547.0|13.15
110000|13.12|13.15|13.12|13.15|837.0|1100020.0|13.12
110500|13.15|13.23|13.14|13.21|2415.0|3188398.0|13.15
111000|13.2|13.23|13.19|13.22|2262.0|2990046.0|13.21
111500|13.22|13.27|13.22|13.25|3541.0|4686401.0|13.22
112000|13.25|13.28|13.24|13.28|1434.0|1901487.0|13.25
112500|13.28|13.3|13.27|13.3|2748.0|3649317.0|13.28
113000|13.3|13.3|13.27|13.3|1973.0|2623088.0|13.3
130500|13.3|13.34|13.29|13.33|2918.0|3884796.0|13.3
131000|13.31|13.33|13.29|13.33|1808.0|2406998.0|13.33
131500|13.33|13.33|13.28|13.31|1468.0|1953590.0|13.33
132000|13.32|13.35|13.31|13.34|2495.0|3326183.0|13.31
132500|13.34|13.35|13.31|13.33|2098.0|2797667.0|13.34
133000|13.33|13.42|13.33|13.4|8057.0|10779671.0|13.33
133500|13.41|13.45|13.41|13.44|5512.0|7402594.0|13.4
134000|13.45|13.48|13.45|13.46|6607.0|8896934.0|13.44
134500|13.46|13.49|13.45|13.48|4315.0|5812874.0|13.46
135000|13.49|13.5|13.47|13.48|5424.0|7317113.0|13.48
135500|13.49|13.51|13.47|13.48|5383.0|7262933.0|13.48
140000|13.49|13.49|13.46|13.47|3158.0|4257279.0|13.48
140500|13.48|13.48|13.46|13.48|4286.0|5775016.0|13.47
141000|13.48|13.49|13.47|13.47|3671.0|4948190.0|13.48
141500|13.47|13.49|13.46|13.48|3180.0|4286457.0|13.47
142000|13.48|13.5|13.48|13.48|3448.0|4652210.0|13.48
142500|13.49|13.49|13.47|13.48|1961.0|2644076.0|13.48
143000|13.49|13.5|13.48|13.49|2167.0|2924102.0|13.48
143500|13.5|13.5|13.47|13.49|3650.0|4923549.0|13.49
144000|13.49|13.5|13.47|13.48|3007.0|4056543.0|13.49
144500|13.47|13.49|13.45|13.46|3891.0|5242790.0|13.48
145000|13.46|13.49|13.42|13.44|4570.0|6152222.0|13.46
145500|13.45|13.45|13.43|13.43|2904.0|3901777.0|13.44
150000|13.42|13.43|13.41|13.42|2320.0|3113335.0|13.43
