09350000|7.5685974000|7.5880040600|7.5491907400|7.5588940700|345600|2696575.0000|7.5588940700
09400000|7.5588940700|7.5880040600|7.5491907400|7.5588940700|394600|3075743.0000|7.5588940700
09450000|7.5588940700|7.5588940700|7.5200807500|7.5297840800|270500|2102248.0000|7.5297840800
09500000|7.5297840800|7.5297840800|7.5103774200|7.5200807500|328300|2544715.0000|7.5200807500
09550000|7.5200807500|7.5200807500|7.4909707600|7.4909707600|245000|1895352.0000|7.4909707600
10000000|7.4909707600|7.5006740900|7.4812674300|7.4909707600|203500|1570888.0000|7.4909707600
10050000|7.4909707600|7.5200807500|7.4909707600|7.5200807500|203800|1578421.0000|7.5200807500
10100000|7.5297840800|7.5588940700|7.5297840800|7.5588940700|208100|1617635.0000|7.5588940700
10150000|7.5588940700|7.5588940700|7.5491907400|7.5491907400|74200|577619.0000|7.5491907400
10200000|7.5588940700|7.5685974000|7.5491907400|7.5588940700|125900|981120.0000|7.5588940700
10250000|7.5588940700|7.5880040600|7.5394874100|7.5588940700|114100|887828.0000|7.5588940700
10300000|7.5588940700|7.5685974000|7.5588940700|7.5685974000|50800|395950.0000|7.5685974000
10350000|7.5685974000|7.5685974000|7.5394874100|7.5491907400|96700|752856.0000|7.5491907400
10400000|7.5491907400|7.5685974000|7.5491907400|7.5588940700|42300|329334.0000|7.5588940700
10450000|7.5588940700|7.5783007300|7.5588940700|7.5588940700|47900|373616.0000|7.5588940700
10500000|7.5588940700|7.5783007300|7.5588940700|7.5685974000|98200|765664.0000|7.5685974000
10550000|7.5685974000|7.5977073900|7.5588940700|7.5783007300|72100|563272.0000|7.5783007300
11000000|7.5783007300|7.5977073900|7.5783007300|7.5977073900|64200|502436.0000|7.5977073900
11050000|7.5977073900|7.6171140500|7.5977073900|7.6074107200|102600|804846.0000|7.6074107200
11100000|7.6074107200|7.6171140500|7.5977073900|7.6074107200|85200|668180.0000|7.6074107200
11150000|7.6074107200|7.6171140500|7.5977073900|7.6074107200|32000|250808.0000|7.6074107200
11200000|7.5977073900|7.6171140500|7.5977073900|7.6171140500|55800|437558.0000|7.6171140500
11250000|7.6074107200|7.6171140500|7.5977073900|7.6074107200|33500|262706.0000|7.6074107200
11300000|7.6074107200|7.6074107200|7.5880040600|7.5977073900|29200|228662.0000|7.5977073900
13050000|7.6074107200|7.6268173800|7.6074107200|7.6268173800|77300|606312.0000|7.6268173800
13100000|7.6268173800|7.6365207100|7.6171140500|7.6268173800|82200|646058.0000|7.6268173800
13150000|7.6171140500|7.6268173800|7.6074107200|7.6074107200|55300|434076.0000|7.6074107200
13200000|7.6171140500|7.6268173800|7.6074107200|7.6074107200|24400|191520.0000|7.6074107200
13250000|7.6171140500|7.6171140500|7.5977073900|7.5977073900|44300|347212.0000|7.5977073900
13300000|7.6074107200|7.6074107200|7.5880040600|7.5977073900|55400|433660.0000|7.5977073900
13350000|7.5977073900|7.6074107200|7.5880040600|7.5977073900|62300|486984.0000|7.5977073900
13400000|7.5977073900|7.5977073900|7.5880040600|7.5880040600|29900|234020.0000|7.5880040600
13450000|7.5880040600|7.6074107200|7.5880040600|7.5977073900|116900|915632.0000|7.5977073900
13500000|7.6074107200|7.6074107200|7.5880040600|7.5977073900|64500|504708.0000|7.5977073900
13550000|7.5977073900|7.5977073900|7.5880040600|7.5977073900|92900|726902.0000|7.5977073900
14000000|7.5977073900|7.5977073900|7.5783007300|7.5783007300|71800|561390.0000|7.5783007300
14050000|7.5783007300|7.5880040600|7.5685974000|7.5685974000|138900|1084808.0000|7.5685974000
14100000|7.5783007300|7.5880040600|7.5685974000|7.5880040600|58700|458186.0000|7.5880040600
14150000|7.5783007300|7.5977073900|7.5783007300|7.5880040600|73800|577004.0000|7.5880040600
14200000|7.5880040600|7.6074107200|7.5880040600|7.5977073900|142500|1117248.0000|7.5977073900
14250000|7.5977073900|7.6074107200|7.5880040600|7.5977073900|44400|347728.0000|7.5977073900
14300000|7.5977073900|7.6074107200|7.5880040600|7.5977073900|62100|486296.0000|7.5977073900
14350000|7.6074107200|7.6074107200|7.5977073900|7.6074107200|59600|466928.0000|7.6074107200
14400000|7.6074107200|7.6171140500|7.5977073900|7.6074107200|101800|798084.0000|7.6074107200
14450000|7.6074107200|7.6171140500|7.5977073900|7.6074107200|62900|493104.0000|7.6074107200
14500000|7.6074107200|7.6074107200|7.5880040600|7.5977073900|132800|1039896.0000|7.5977073900
14550000|7.5977073900|7.5977073900|7.5880040600|7.5977073900|124600|974956.0000|7.5977073900
15000000|7.5977073900|7.6074107200|7.5880040600|7.5977073900|51200|400824.0000|7.5977073900
