09350000|153.0903953800|154.0583194800|152.7120250500|153.8207381100|1097609|191528441.0000|153.8207381100
09400000|153.8119388000|154.6038767000|153.3719733000|154.6038767000|699103|122391095.0000|154.6038767000
09450000|154.6654718700|155.2990221900|154.3662953300|154.4102918800|980800|172625376.0000|154.4102918800
09500000|154.4190911900|154.4190911900|153.5479595000|153.8119388000|569400|99663184.0000|153.8119388000
09550000|153.8823332800|154.1639112000|153.4159698500|153.7415443200|476400|83302672.0000|153.7415443200
10000000|153.6535512200|154.1199146500|153.6535512200|153.6711498400|320001|55962992.0000|153.6711498400
10050000|153.4599664000|153.6447519100|153.3279767500|153.6095546700|258110|45030336.0000|153.6095546700
10100000|153.6271532900|154.5334822200|153.4423677800|154.2607036100|365700|64023120.0000|154.2607036100
10150000|154.2607036100|154.2607036100|153.8119388000|154.1991084400|216600|37914192.0000|154.1991084400
10200000|154.2079077500|154.7534649700|154.0935167200|154.3222987800|346200|60757872.0000|154.3222987800
10250000|154.2959008500|154.2959008500|153.7239457000|153.7327450100|226800|39675920.0000|153.7327450100
10300000|153.7415443200|153.7415443200|153.2047864100|153.2399836500|244000|42544752.0000|153.2399836500
10350000|153.2575822700|153.2575822700|152.8088174600|152.8440147000|419400|72919744.0000|152.8440147000
10400000|152.8440147000|152.8616133200|152.6768278100|152.7384229800|275300|47802352.0000|152.7384229800
10450000|152.8000181500|153.1959871000|152.8000181500|153.1255926200|151900|26417984.0000|153.1255926200
10500000|153.1431912400|153.1431912400|152.7472222900|152.7824195300|145900|25345344.0000|152.7824195300
10550000|152.7824195300|152.7824195300|152.4920423000|152.5096409200|291100|50471840.0000|152.5096409200
11000000|152.5008416100|152.6944264300|152.5008416100|152.5624367800|140100|24292288.0000|152.5624367800
11050000|152.5800354000|152.6856271200|152.5712360900|152.6592291900|105600|18315824.0000|152.6592291900
11100000|152.6592291900|152.8968105600|152.5976340200|152.8528140100|93300|16198448.0000|152.8528140100
11150000|152.8528140100|152.8528140100|152.6240319500|152.6328312600|105200|18259504.0000|152.6328312600
11200000|152.6328312600|152.6416305700|152.4832429900|152.4920423000|120400|20873328.0000|152.4920423000
11250000|152.4920423000|152.5096409200|152.2720595500|152.4832429900|150554|26071584.0000|152.4832429900
11300000|152.4832429900|152.6680285000|152.4832429900|152.6680285000|99600|17268464.0000|152.6680285000
13050000|152.6592291900|152.6680285000|152.2984574800|152.3424540300|203339|35231648.0000|152.3424540300
13100000|152.4480457500|152.6416305700|152.3336547200|152.4480457500|127100|22023872.0000|152.4480457500
13150000|152.4480457500|152.4568450600|152.3248554100|152.3248554100|125279|21692960.0000|152.3248554100
13200000|152.3248554100|152.3336547200|152.2984574800|152.3160561000|133900|23178448.0000|152.3160561000
13250000|152.3160561000|152.3424540300|152.0608761100|152.0696754200|286782|49621664.0000|152.0696754200
13300000|152.0608761100|152.2632602400|152.0520768000|152.2632602400|112400|19435584.0000|152.2632602400
13350000|152.2544609300|152.2720595500|151.9464850800|151.9464850800|175500|30329712.0000|151.9464850800
13400000|151.9288864600|152.1928657600|151.8760906000|152.1664678300|146800|25349680.0000|152.1664678300
13450000|152.1664678300|152.1664678300|151.9728830100|151.9728830100|134300|23201456.0000|151.9728830100
13500000|151.9816823200|152.1312705900|151.9728830100|152.0608761100|191072|33017024.0000|152.0608761100
13550000|152.0608761100|152.0696754200|151.9640837000|152.0432774900|170022|29371776.0000|152.0432774900
14000000|152.0432774900|152.0608761100|151.9200871500|151.9464850800|167200|28878944.0000|151.9464850800
14050000|151.9728830100|152.0960733500|151.9288864600|152.0608761100|95700|16535168.0000|152.0608761100
14100000|152.0696754200|152.0784747300|152.0520768000|152.0696754200|100200|17315712.0000|152.0696754200
14150000|152.0784747300|152.0960733500|152.0608761100|152.0608761100|116600|20152192.0000|152.0608761100
14200000|152.0608761100|152.0608761100|151.9288864600|151.9376857700|170900|29521712.0000|151.9376857700
14250000|151.9288864600|151.9904816300|151.9288864600|151.9904816300|161303|27854624.0000|151.9904816300
14300000|151.9816823200|152.0960733500|151.9728830100|151.9904816300|152299|26310384.0000|151.9904816300
14350000|152.0080802500|152.0432774900|151.7880975000|151.7968968100|400837|69192448.0000|151.7968968100
14400000|151.7880975000|151.9024885300|151.7880975000|151.7968968100|206100|35559936.0000|151.7968968100
14450000|151.8144954300|151.8144954300|151.5329175100|151.6209106100|296900|51173040.0000|151.6209106100
14500000|151.6121113000|151.6913050900|151.6121113000|151.6385092300|248300|42794272.0000|151.6385092300
14550000|151.6385092300|151.7089037100|151.6209106100|151.7089037100|258726|44595664.0000|151.7089037100
15000000|151.7001044000|151.8496926700|151.7001044000|151.8496926700|208995|36051408.0000|151.8496926700
