093500|7.08|7.17|7.08|7.16|12508.0|8906450.0|7.07
094000|7.17|7.24|7.17|7.17|17037.0|12262028.0|7.16
094500|7.18|7.18|7.13|7.16|6453.0|4615295.0|7.17
095000|7.15|7.18|7.15|7.16|5593.0|4008364.0|7.16
095500|7.16|7.17|7.15|7.16|3608.0|2582849.0|7.16
100000|7.16|7.17|7.15|7.16|2643.0|1892794.0|7.16
100500|7.16|7.18|7.16|7.17|2680.0|1920300.0|7.16
101000|7.18|7.18|7.16|7.17|2425.0|1738926.0|7.17
101500|7.16|7.17|7.15|7.15|1904.0|1363277.0|7.17
102000|7.15|7.17|7.15|7.15|1643.0|1176228.0|7.15
102500|7.15|7.18|7.15|7.16|3756.0|2688761.0|7.15
103000|7.17|7.18|7.16|7.17|1022.0|732720.0|7.16
103500|7.18|7.18|7.16|7.17|3547.0|2544176.0|7.17
104000|7.17|7.17|7.16|7.16|404.0|289513.0|7.17
104500|7.17|7.17|7.16|7.16|1691.0|1212324.0|7.16
105000|7.16|7.17|7.16|7.16|2521.0|1805958.0|7.16
105500|7.16|7.17|7.15|7.17|965.0|691214.0|7.16
110000|7.17|7.17|7.16|7.17|360.0|257906.0|7.17
110500|7.17|7.18|7.17|7.17|983.0|705398.0|7.17
111000|7.18|7.2|7.18|7.19|2836.0|2039634.0|7.17
111500|7.19|7.19|7.18|7.18|1548.0|1112356.0|7.19
112000|7.17|7.18|7.17|7.17|399.0|286340.0|7.18
112500|7.18|7.18|7.16|7.17|1564.0|1121482.0|7.17
113000|7.17|7.18|7.16|7.17|1530.0|1096928.0|7.17
130500|7.17|7.17|7.14|7.14|3437.0|2459174.0|7.17
131000|7.15|7.15|7.14|7.14|1097.0|783608.0|7.14
131500|7.14|7.14|7.13|7.14|1627.0|1161099.0|7.14
132000|7.13|7.14|7.13|7.13|873.0|623013.0|7.14
132500|7.14|7.15|7.14|7.14|1318.0|941264.0|7.13
133000|7.15|7.15|7.14|7.14|1101.0|786629.0|7.14
133500|7.15|7.15|7.13|7.13|800.0|571154.0|7.14
134000|7.13|7.14|7.13|7.13|428.0|305320.0|7.13
134500|7.13|7.14|7.13|7.13|574.0|409509.0|7.13
135000|7.13|7.14|7.12|7.12|1994.0|1421238.0|7.13
135500|7.12|7.13|7.12|7.13|2708.0|1928816.0|7.12
140000|7.13|7.13|7.12|7.12|1697.0|1209253.0|7.13
140500|7.12|7.12|7.1|7.1|4057.0|2884173.0|7.12
141000|7.1|7.11|7.1|7.1|3240.0|2300899.0|7.1
141500|7.09|7.11|7.09|7.1|1803.0|1279940.0|7.1
142000|7.09|7.1|7.08|7.09|3390.0|2404132.0|7.1
142500|7.1|7.11|7.09|7.1|4183.0|2967682.0|7.09
143000|7.1|7.1|7.07|7.07|3099.0|2195470.0|7.1
143500|7.08|7.09|7.07|7.07|3764.0|2663950.0|7.07
144000|7.08|7.09|7.07|7.08|1951.0|1381487.0|7.07
144500|7.08|7.11|7.08|7.09|4288.0|3042218.0|7.08
145000|7.08|7.09|7.07|7.07|3916.0|2772869.0|7.09
145500|7.07|7.08|7.06|7.07|6295.0|4450163.0|7.07
150000|7.06|7.07|7.06|7.06|3410.0|2408506.0|7.07
