093500|6.0400|6.0800|6.0200|6.0800|809874|4908354.0000|6.0800
094000|6.0700|6.1000|6.0600|6.0600|735026|4471481.0000|6.0600
094500|6.0700|6.1100|6.0600|6.0900|554947|3380801.0000|6.0900
095000|6.0900|6.1000|6.0800|6.0900|250180|1523563.0000|6.0900
095500|6.0900|6.0900|6.0500|6.0700|384420|2331991.0000|6.0700
100000|6.0700|6.0800|6.0500|6.0700|181700|1102362.0000|6.0700
100500|6.0700|6.0800|6.0400|6.0500|256600|1554339.0000|6.0500
101000|6.0400|6.0600|6.0400|6.0500|198600|1201571.0000|6.0500
101500|6.0500|6.0500|6.0200|6.0200|429800|2593581.0000|6.0200
102000|6.0200|6.0300|5.9900|6.0000|712900|4283975.0000|6.0000
102500|5.9900|6.0000|5.9700|5.9900|565600|3384258.0000|5.9900
103000|5.9900|6.0100|5.9600|5.9800|862000|5158910.0000|5.9800
103500|5.9700|5.9800|5.9600|5.9700|358800|2140643.0000|5.9700
104000|5.9700|6.0000|5.9600|5.9800|149300|893355.0000|5.9800
104500|5.9800|5.9900|5.9700|5.9900|232700|1391170.0000|5.9900
105000|5.9900|6.0000|5.9800|6.0000|260700|1563077.0000|6.0000
105500|5.9900|6.0000|5.9700|5.9800|105900|633468.0000|5.9800
110000|5.9800|5.9800|5.9600|5.9700|171100|1021725.0000|5.9700
110500|5.9700|5.9700|5.9500|5.9600|389800|2323284.0000|5.9600
111000|5.9600|5.9800|5.9600|5.9700|140200|837243.0000|5.9700
111500|5.9700|5.9800|5.9600|5.9600|90500|539621.0000|5.9600
112000|5.9600|5.9700|5.9500|5.9500|243100|1448515.0000|5.9500
112500|5.9600|5.9600|5.9200|5.9400|366200|2175800.0000|5.9400
113000|5.9300|5.9400|5.9200|5.9300|180000|1067767.0000|5.9300
130500|5.9300|6.0000|5.9300|6.0000|403920|2405899.0000|6.0000
131000|6.0000|6.0100|5.9700|6.0000|376200|2254335.0000|6.0000
131500|6.0000|6.0200|6.0000|6.0200|120800|726178.0000|6.0200
132000|6.0200|6.0400|6.0200|6.0400|180600|1089411.0000|6.0400
132500|6.0400|6.0600|6.0300|6.0400|342000|2068182.0000|6.0400
133000|6.0500|6.0500|6.0300|6.0300|188200|1136975.0000|6.0300
133500|6.0300|6.0500|6.0200|6.0400|124800|753152.0000|6.0400
134000|6.0400|6.0400|6.0100|6.0100|148400|892775.0000|6.0100
134500|6.0100|6.0200|5.9900|6.0000|182900|1098080.0000|6.0000
135000|6.0000|6.0000|5.9900|5.9900|89000|533383.0000|5.9900
135500|5.9900|6.0000|5.9700|5.9700|171600|1026974.0000|5.9700
140000|5.9800|6.0000|5.9700|5.9900|167600|1002910.0000|5.9900
140500|5.9900|5.9900|5.9700|5.9800|247800|1482015.0000|5.9800
141000|5.9800|5.9900|5.9700|5.9800|84114|502998.0000|5.9800
141500|5.9800|6.0000|5.9800|5.9900|142700|854740.0000|5.9900
142000|5.9900|6.0300|5.9900|6.0300|293100|1761092.0000|6.0300
142500|6.0300|6.0300|5.9900|6.0000|286000|1718849.0000|6.0000
143000|6.0000|6.0100|5.9900|6.0000|100640|603848.0000|6.0000
143500|6.0000|6.0000|5.9700|5.9800|285460|1708885.0000|5.9800
144000|5.9800|5.9900|5.9700|5.9800|115400|690307.0000|5.9800
144500|5.9800|5.9900|5.9600|5.9700|282600|1688273.0000|5.9700
145000|5.9700|5.9800|5.9500|5.9700|326800|1949522.0000|5.9700
145500|5.9700|5.9800|5.9500|5.9600|302100|1802211.0000|5.9600
150000|5.9600|5.9700|5.9500|5.9700|299620|1786266.0000|5.9700
