093500|6.1800|6.2000|6.1600|6.1700|1038600|6420629.0000|6.1700
094000|6.1700|6.2400|6.1700|6.2300|1817100|11283373.0000|6.2300
094500|6.2300|6.2500|6.2100|6.2300|954000|5945772.0000|6.2300
095000|6.2300|6.2300|6.2000|6.2000|710100|4413034.0000|6.2000
095500|6.2100|6.2200|6.1900|6.2200|446100|2769906.0000|6.2200
100000|6.2200|6.2200|6.1900|6.2000|245900|1525904.0000|6.2000
100500|6.2000|6.2100|6.1800|6.1800|364300|2256932.0000|6.1800
101000|6.1900|6.1900|6.1700|6.1800|313100|1935088.0000|6.1800
101500|6.1800|6.1900|6.1700|6.1900|72100|445620.0000|6.1900
102000|6.1900|6.2000|6.1800|6.1900|358900|2221812.0000|6.1900
102500|6.1900|6.2100|6.1900|6.2000|335900|2082888.0000|6.2000
103000|6.2000|6.2000|6.1900|6.2000|243700|1510340.0000|6.2000
103500|6.2000|6.2000|6.1900|6.2000|110300|683352.0000|6.2000
104000|6.1900|6.2000|6.1900|6.2000|11600|71844.0000|6.2000
104500|6.2000|6.2000|6.1800|6.2000|214000|1324660.0000|6.2000
105000|6.2000|6.2000|6.1800|6.1800|219300|1356976.0000|6.1800
105500|6.1900|6.1900|6.1800|6.1800|133700|826400.0000|6.1800
110000|6.1800|6.1900|6.1800|6.1800|32500|201100.0000|6.1800
110500|6.1900|6.2000|6.1800|6.1900|281700|1743716.0000|6.1900
111000|6.2000|6.2000|6.1800|6.1900|235600|1458064.0000|6.1900
111500|6.1900|6.2000|6.1700|6.1700|183100|1132004.0000|6.1700
112000|6.1800|6.1800|6.1700|6.1800|178200|1099592.0000|6.1800
112500|6.1700|6.1700|6.1600|6.1600|106400|656180.0000|6.1600
113000|6.1600|6.1800|6.1600|6.1800|144000|887548.0000|6.1800
130500|6.1800|6.1900|6.1600|6.1800|275100|1699588.0000|6.1800
131000|6.1800|6.1900|6.1800|6.1900|76900|475532.0000|6.1900
131500|6.1900|6.1900|6.1800|6.1900|37000|228924.0000|6.1900
132000|6.1900|6.1900|6.1700|6.1800|98900|611132.0000|6.1800
132500|6.1800|6.1800|6.1700|6.1700|18800|116160.0000|6.1700
133000|6.1700|6.1800|6.1600|6.1600|268100|1653808.0000|6.1600
133500|6.1600|6.1700|6.1500|6.1500|355100|2187472.0000|6.1500
134000|6.1500|6.1600|6.1500|6.1500|93000|572360.0000|6.1500
134500|6.1500|6.1600|6.1500|6.1600|43200|265764.0000|6.1600
135000|6.1500|6.1600|6.1500|6.1500|51300|315384.0000|6.1500
135500|6.1600|6.1600|6.1500|6.1600|72600|446556.0000|6.1600
140000|6.1600|6.1600|6.1400|6.1500|210500|1294524.0000|6.1500
140500|6.1500|6.1600|6.1400|6.1400|391400|2404652.0000|6.1400
141000|6.1400|6.1500|6.1400|6.1500|60600|372164.0000|6.1500
141500|6.1500|6.1500|6.1300|6.1300|100200|614996.0000|6.1300
142000|6.1400|6.1400|6.1300|6.1300|31700|194344.0000|6.1300
142500|6.1300|6.1300|6.1100|6.1100|631200|3864240.0000|6.1100
143000|6.1100|6.1300|6.1100|6.1300|634100|3881120.0000|6.1300
143500|6.1300|6.1400|6.1200|6.1300|200200|1226680.0000|6.1300
144000|6.1300|6.1400|6.1200|6.1200|340300|2083224.0000|6.1200
144500|6.1200|6.1300|6.1100|6.1100|242400|1483144.0000|6.1100
145000|6.1100|6.1200|6.1100|6.1100|156300|955688.0000|6.1100
145500|6.1200|6.1200|6.1100|6.1200|98100|599656.0000|6.1200
150000|6.1200|6.1200|6.1100|6.1100|229400|1401352.0000|6.1100
