093500|14.0800|14.0800|13.8900|14.0700|2370973|33156055.0000|14.0700
094000|14.0700|14.2500|13.9900|14.2300|2085050|29442429.0000|14.2300
094500|14.2300|14.3000|14.1900|14.2100|1206700|17192758.0000|14.2100
095000|14.1900|14.4300|14.1600|14.4300|1484400|21215371.0000|14.4300
095500|14.4800|14.5000|14.3700|14.4400|2299135|33220568.0000|14.4400
100000|14.4400|14.5500|14.4100|14.5000|2062604|29879489.0000|14.5000
100500|14.5200|14.5900|14.4500|14.5500|1845200|26807424.0000|14.5500
101000|14.5400|14.7200|14.5300|14.7100|2552962|37322854.0000|14.7100
101500|14.7100|14.7600|14.6400|14.6400|1594000|23459029.0000|14.6400
102000|14.6500|14.6500|14.5500|14.5700|958100|13966219.0000|14.5700
102500|14.5800|14.6500|14.5000|14.5400|689300|10042236.0000|14.5400
103000|14.5500|14.5800|14.5100|14.5800|582400|8473264.0000|14.5800
103500|14.6000|14.6200|14.5000|14.5000|1105100|16071616.0000|14.5000
104000|14.5000|14.5100|14.4700|14.5000|473200|6855104.0000|14.5000
104500|14.5000|14.5100|14.4300|14.4600|445000|6437136.0000|14.4600
105000|14.4600|14.4800|14.4200|14.4800|378400|5463344.0000|14.4800
105500|14.4800|14.4900|14.4400|14.4500|292500|4230016.0000|14.4500
110000|14.4400|14.4800|14.4300|14.4400|221500|3201696.0000|14.4400
110500|14.4300|14.4400|14.4100|14.4200|240500|3468176.0000|14.4200
111000|14.4100|14.5000|14.3800|14.4900|601801|8680560.0000|14.4900
111500|14.4800|14.5400|14.4500|14.5300|629400|9121152.0000|14.5300
112000|14.5400|14.5400|14.4800|14.4900|237100|3439312.0000|14.4900
112500|14.5000|14.5100|14.4400|14.4500|223900|3242016.0000|14.4500
113000|14.4600|14.5000|14.4000|14.4400|685600|9891424.0000|14.4400
130500|14.4400|14.5300|14.4400|14.5100|353700|5124736.0000|14.5100
131000|14.5100|14.5800|14.5000|14.5500|599652|8720080.0000|14.5500
131500|14.5300|14.5500|14.4900|14.5100|483452|7015664.0000|14.5100
132000|14.5100|14.5100|14.4500|14.4900|313848|4543952.0000|14.4900
132500|14.5000|14.5300|14.4800|14.5100|304352|4415072.0000|14.5100
133000|14.5100|14.5700|14.5000|14.5500|496700|7223856.0000|14.5500
133500|14.5500|14.6000|14.5400|14.5900|460100|6703552.0000|14.5900
134000|14.5900|14.5900|14.5300|14.5300|399599|5819232.0000|14.5300
134500|14.5300|14.5300|14.4600|14.4800|951100|13799024.0000|14.4800
135000|14.4800|14.5100|14.4300|14.4400|783293|11330640.0000|14.4400
135500|14.4300|14.4800|14.4300|14.4500|418800|6052736.0000|14.4500
140000|14.4500|14.4600|14.3800|14.4200|777100|11203952.0000|14.4200
140500|14.4300|14.4400|14.4000|14.4200|368500|5313440.0000|14.4200
141000|14.4200|14.4400|14.4100|14.4300|291900|4211024.0000|14.4300
141500|14.4200|14.4500|14.4200|14.4500|562550|8122288.0000|14.4500
142000|14.4400|14.4500|14.3900|14.3900|660200|9518512.0000|14.3900
142500|14.3900|14.4200|14.3900|14.4200|347750|5007872.0000|14.4200
143000|14.4200|14.4200|14.3900|14.3900|336100|4838480.0000|14.3900
143500|14.3900|14.4000|14.3400|14.3700|802600|11530208.0000|14.3700
144000|14.3700|14.3700|14.3000|14.3100|1469500|21046528.0000|14.3100
144500|14.3100|14.3200|14.2700|14.2800|1093676|15636544.0000|14.2800
145000|14.2800|14.3100|14.2400|14.3000|1334850|19052048.0000|14.3000
145500|14.3000|14.3100|14.2000|14.2200|2187750|31144192.0000|14.2200
150000|14.2300|14.2800|14.2100|14.2300|2268953|32305904.0000|14.2300
