093500|11.3100|11.3700|11.2900|11.3200|863600|9783967.0000|11.3200
094000|11.3200|11.3500|11.3000|11.3000|518800|5875115.0000|11.3000
094500|11.3000|11.3400|11.2900|11.3100|789400|8933719.0000|11.3100
095000|11.3100|11.3300|11.2800|11.2900|735800|8320990.0000|11.2900
095500|11.2900|11.3100|11.2800|11.3100|376200|4249988.0000|11.3100
100000|11.3100|11.3200|11.2900|11.3100|322400|3643396.0000|11.3100
100500|11.3100|11.3500|11.3000|11.3400|427900|4846948.0000|11.3400
101000|11.3400|11.3800|11.3300|11.3600|539800|6131912.0000|11.3600
101500|11.3500|11.4000|11.3500|11.3800|473700|5389692.0000|11.3800
102000|11.3800|11.3900|11.3700|11.3700|138800|1578956.0000|11.3700
102500|11.3700|11.3900|11.3700|11.3900|256100|2914732.0000|11.3900
103000|11.3900|11.4000|11.3600|11.3900|507900|5784472.0000|11.3900
103500|11.3900|11.4100|11.3900|11.4100|359200|4094384.0000|11.4100
104000|11.4100|11.4500|11.4000|11.4300|463300|5293296.0000|11.4300
104500|11.4300|11.4400|11.4200|11.4400|196500|2246160.0000|11.4400
105000|11.4400|11.4400|11.4100|11.4200|204500|2335320.0000|11.4200
105500|11.4200|11.4200|11.4100|11.4200|201700|2301480.0000|11.4200
110000|11.4200|11.4200|11.4000|11.4100|88400|1008672.0000|11.4100
110500|11.4000|11.4200|11.3900|11.3900|209200|2385680.0000|11.3900
111000|11.3900|11.4100|11.3900|11.4100|98900|1127112.0000|11.4100
111500|11.4100|11.4100|11.3900|11.4000|1224000|13925448.0000|11.4000
112000|11.4000|11.4300|11.3900|11.4300|1910200|21752608.0000|11.4300
112500|11.4300|11.4400|11.4300|11.4400|211200|2415024.0000|11.4400
113000|11.4400|11.4400|11.4100|11.4200|163700|1872104.0000|11.4200
130500|11.4200|11.4400|11.3900|11.3900|278600|3180512.0000|11.3900
131000|11.4000|11.4100|11.3800|11.4100|427300|4867096.0000|11.4100
131500|11.4100|11.4200|11.4000|11.4000|258300|2946784.0000|11.4000
132000|11.4000|11.4100|11.3900|11.4000|345200|3934832.0000|11.4000
132500|11.4000|11.4000|11.3900|11.3900|69700|794352.0000|11.3900
133000|11.3900|11.4000|11.3900|11.4000|51700|589184.0000|11.4000
133500|11.4000|11.4100|11.3900|11.4000|364500|4155152.0000|11.4000
134000|11.4000|11.4300|11.4000|11.4200|381500|4354528.0000|11.4200
134500|11.4200|11.4200|11.4100|11.4200|215000|2454256.0000|11.4200
135000|11.4200|11.4200|11.4000|11.4100|160000|1825680.0000|11.4100
135500|11.4100|11.4100|11.4000|11.4000|125800|1434448.0000|11.4000
140000|11.4100|11.4100|11.4000|11.4000|92400|1054000.0000|11.4000
140500|11.4000|11.4100|11.4000|11.4100|204500|2333104.0000|11.4100
141000|11.4100|11.4200|11.4100|11.4100|302200|3448928.0000|11.4100
141500|11.4100|11.4200|11.4000|11.4100|216600|2471280.0000|11.4100
142000|11.4100|11.4200|11.4000|11.4100|420000|4791488.0000|11.4100
142500|11.4100|11.4200|11.4000|11.4000|785400|8959264.0000|11.4000
143000|11.4000|11.4100|11.3900|11.3900|248700|2834752.0000|11.3900
143500|11.3900|11.4000|11.3700|11.3800|514200|5852896.0000|11.3800
144000|11.3800|11.3900|11.3600|11.3800|662000|7524400.0000|11.3800
144500|11.3800|11.3900|11.3700|11.3800|159800|1817984.0000|11.3800
145000|11.3800|11.3800|11.3400|11.3500|740200|8403504.0000|11.3500
145500|11.3500|11.3600|11.3500|11.3500|296100|3361920.0000|11.3500
150000|11.3500|11.3700|11.3500|11.3500|415000|4712192.0000|11.3500
