093500|10.5600|10.6000|10.4700|10.4800|1664800|17533888.0000|10.4800
094000|10.4800|10.5400|10.4700|10.5300|515300|5411260.0000|10.5300
094500|10.5300|10.5400|10.4600|10.4800|1135400|11904256.0000|10.4800
095000|10.4800|10.5100|10.4600|10.4700|361900|3793804.0000|10.4700
095500|10.4700|10.4900|10.4400|10.4700|737700|7717812.0000|10.4700
100000|10.4700|10.4800|10.4300|10.4700|424500|4437760.0000|10.4700
100500|10.4700|10.4800|10.4600|10.4700|433500|4541172.0000|10.4700
101000|10.4700|10.5000|10.4600|10.4800|732800|7678356.0000|10.4800
101500|10.4800|10.5000|10.4700|10.4900|438900|4599292.0000|10.4900
102000|10.4900|10.5100|10.4700|10.5000|787300|8263664.0000|10.5000
102500|10.5000|10.5200|10.4800|10.5200|708500|7438592.0000|10.5200
103000|10.5200|10.5200|10.4500|10.4500|1426500|14950280.0000|10.4500
103500|10.4500|10.4700|10.4300|10.4500|944600|9874464.0000|10.4500
104000|10.4500|10.4900|10.4300|10.4700|700600|7325024.0000|10.4700
104500|10.4700|10.5400|10.4600|10.5400|1131700|11904304.0000|10.5400
105000|10.5400|10.5500|10.5100|10.5200|568100|5979832.0000|10.5200
105500|10.5200|10.5300|10.5100|10.5200|215100|2262928.0000|10.5200
110000|10.5200|10.5200|10.4900|10.5100|303900|3191472.0000|10.5100
110500|10.5100|10.5100|10.4800|10.5100|311500|3270112.0000|10.5100
111000|10.5100|10.5100|10.4900|10.5100|190500|2000560.0000|10.5100
111500|10.5100|10.5100|10.4800|10.4800|225900|2370400.0000|10.4800
112000|10.4800|10.5000|10.4800|10.4800|125900|1320432.0000|10.4800
112500|10.4800|10.4800|10.4200|10.4500|2552300|26655920.0000|10.4500
113000|10.4500|10.4700|10.4100|10.4400|912300|9518128.0000|10.4400
130500|10.4400|10.4800|10.4400|10.4600|367600|3842272.0000|10.4600
131000|10.4600|10.4600|10.4300|10.4500|223400|2334016.0000|10.4500
131500|10.4500|10.4900|10.4500|10.4700|213900|2240944.0000|10.4700
132000|10.4700|10.4800|10.4500|10.4500|303000|3171104.0000|10.4500
132500|10.4500|10.4600|10.4200|10.4200|503800|5257216.0000|10.4200
133000|10.4200|10.4300|10.4100|10.4200|363300|3784464.0000|10.4200
133500|10.4200|10.4300|10.4100|10.4300|156600|1631936.0000|10.4300
134000|10.4200|10.4300|10.4100|10.4200|250500|2609808.0000|10.4200
134500|10.4200|10.4200|10.4000|10.4200|297800|3100976.0000|10.4200
135000|10.4200|10.4400|10.4100|10.4400|210000|2189632.0000|10.4400
135500|10.4400|10.5000|10.4300|10.4900|995000|10426704.0000|10.4900
140000|10.4900|10.5200|10.4800|10.5000|547100|5744208.0000|10.5000
140500|10.5000|10.5500|10.4900|10.5400|761000|8011632.0000|10.5400
141000|10.5400|10.5600|10.5300|10.5400|654900|6906624.0000|10.5400
141500|10.5400|10.5500|10.5200|10.5200|1301000|13683840.0000|10.5200
142000|10.5200|10.5300|10.4600|10.4800|2100100|21999904.0000|10.4800
142500|10.4800|10.4900|10.4500|10.4600|735700|7694176.0000|10.4600
143000|10.4600|10.4900|10.4600|10.4900|208500|2184768.0000|10.4900
143500|10.4900|10.5200|10.4800|10.4900|1381900|14505824.0000|10.4900
144000|10.4900|10.5200|10.4900|10.5200|619700|6516128.0000|10.5200
144500|10.5200|10.5200|10.4600|10.4800|3287900|34416928.0000|10.4800
145000|10.4800|10.4800|10.4300|10.4600|4148700|43317792.0000|10.4600
145500|10.4600|10.5200|10.4200|10.5200|3408300|35694912.0000|10.5200
150000|10.5200|10.5200|10.4900|10.5200|1222600|12855008.0000|10.5200
