093500|19.8000|19.8100|19.6000|19.6100|952860|18768255.0000|19.6100
094000|19.6000|19.7400|19.6000|19.7400|355680|6986150.0000|19.7400
094500|19.7400|19.8200|19.6700|19.8200|369460|7301382.0000|19.8200
095000|19.8200|19.8500|19.7200|19.8100|342310|6779574.0000|19.8100
095500|19.8100|19.9500|19.8000|19.9100|710100|14126509.0000|19.9100
100000|19.9200|20.1000|19.9000|20.0400|960000|19199268.0000|20.0400
100500|20.0400|20.0900|20.0100|20.0500|911988|18288978.0000|20.0500
101000|20.0400|20.0500|19.9900|19.9900|513400|10276873.0000|19.9900
101500|19.9900|20.0100|19.9600|20.0000|362300|7241686.0000|20.0000
102000|19.9900|20.1800|19.9900|20.1300|1187200|23859770.0000|20.1300
102500|20.1300|20.1300|20.0800|20.0900|607900|12222644.0000|20.0900
103000|20.0900|20.1300|20.0800|20.1200|704220|14159625.0000|20.1200
103500|20.1200|20.1600|20.0700|20.1500|403100|8111933.0000|20.1500
104000|20.1400|20.1400|20.0600|20.0700|234200|4708656.0000|20.0700
104500|20.0700|20.1100|20.0400|20.0400|147300|2958131.0000|20.0400
105000|20.0400|20.0600|20.0200|20.0300|104200|2088425.0000|20.0300
105500|20.0300|20.0800|20.0200|20.0700|221160|4434653.0000|20.0700
110000|20.0600|20.1300|20.0500|20.0900|242700|4879198.0000|20.0900
110500|20.0900|20.1000|20.0600|20.0700|223100|4480225.0000|20.0700
111000|20.0700|20.0900|20.0600|20.0800|180600|3625241.0000|20.0800
111500|20.0800|20.1000|20.0400|20.0700|169400|3399598.0000|20.0700
112000|20.0700|20.1300|20.0700|20.0900|411040|8266075.0000|20.0900
112500|20.0800|20.1100|20.0700|20.0700|199800|4014066.0000|20.0700
113000|20.0700|20.0700|19.9800|19.9900|381853|7646678.0000|19.9900
130500|19.9800|20.5600|19.9800|20.4900|3376664|68696455.0000|20.4900
131000|20.4900|20.4900|20.3100|20.4100|1141842|23271088.0000|20.4100
131500|20.3900|20.5200|20.3600|20.4100|1146000|23414784.0000|20.4100
132000|20.4100|20.4300|20.3300|20.4300|567900|11579392.0000|20.4300
132500|20.4200|20.4300|20.3800|20.3900|513200|10468592.0000|20.3900
133000|20.4000|20.4100|20.3500|20.4000|424700|8659936.0000|20.4000
133500|20.4000|20.4300|20.3500|20.3700|524100|10691552.0000|20.3700
134000|20.3700|20.3700|20.2500|20.2700|288100|5849312.0000|20.2700
134500|20.2800|20.3000|20.2700|20.3000|278300|5646288.0000|20.3000
135000|20.2900|20.3200|20.2600|20.2900|423700|8598912.0000|20.2900
135500|20.3000|20.3200|20.2800|20.3000|121700|2470544.0000|20.3000
140000|20.3000|20.3600|20.2700|20.3300|379758|7714848.0000|20.3300
140500|20.3400|20.3400|20.2100|20.2400|332593|6736880.0000|20.2400
141000|20.2300|20.2500|20.2100|20.2500|194700|3938800.0000|20.2500
141500|20.2500|20.2600|20.2300|20.2400|133200|2696608.0000|20.2400
142000|20.2400|20.2400|20.1600|20.1800|444300|8975408.0000|20.1800
142500|20.1800|20.2300|20.1700|20.2200|134100|2709680.0000|20.2200
143000|20.2200|20.2300|20.2000|20.2100|145500|2940976.0000|20.2100
143500|20.2100|20.2300|20.1600|20.2000|227175|4588032.0000|20.2000
144000|20.2000|20.2100|20.1800|20.2100|232500|4695136.0000|20.2100
144500|20.2100|20.2300|20.2000|20.2100|288500|5830224.0000|20.2100
145000|20.2200|20.2200|20.1400|20.1400|793857|16022176.0000|20.1400
145500|20.1700|20.1800|20.1200|20.1500|577970|11645040.0000|20.1500
150000|20.1500|20.1800|20.1400|20.1500|513588|10351808.0000|20.1500
