093500|18.1100|18.3600|18.0700|18.3400|2883781|52553737.0000|18.3400
094000|18.3600|18.4500|18.3300|18.3400|1698822|31265482.0000|18.3400
094500|18.3500|18.3800|18.2400|18.2500|1308606|23962410.0000|18.2500
095000|18.2600|18.2700|18.1900|18.2300|610001|11113875.0000|18.2300
095500|18.2500|18.2700|18.1400|18.1600|634300|11537937.0000|18.1600
100000|18.1700|18.2300|18.1200|18.2100|410100|7446332.0000|18.2100
100500|18.2000|18.2000|18.1400|18.1800|250980|4562854.0000|18.1800
101000|18.1800|18.1800|18.1400|18.1400|287860|5227272.0000|18.1400
101500|18.1500|18.1500|18.1200|18.1300|263360|4775547.0000|18.1300
102000|18.1300|18.1400|18.0300|18.0800|756800|13687060.0000|18.0800
102500|18.0800|18.1000|18.0500|18.1000|185691|3356679.0000|18.1000
103000|18.1000|18.1200|18.0700|18.0800|174101|3149298.0000|18.0800
103500|18.0800|18.0900|18.0200|18.0200|290599|5242808.0000|18.0200
104000|18.0300|18.0800|18.0200|18.0300|171200|3088839.0000|18.0300
104500|18.0300|18.0800|18.0100|18.0800|215500|3886789.0000|18.0800
105000|18.0800|18.0900|18.0500|18.0900|85400|1543559.0000|18.0900
105500|18.0900|18.0900|18.0000|18.0300|311500|5612652.0000|18.0300
110000|18.0300|18.0600|17.9100|17.9500|380600|6837543.0000|17.9500
110500|17.9500|18.0200|17.9500|17.9700|169900|3055005.0000|17.9700
111000|17.9700|17.9700|17.9200|17.9600|420900|7546380.0000|17.9600
111500|17.9600|17.9800|17.9200|17.9400|576000|10326367.0000|17.9400
112000|17.9400|17.9400|17.8400|17.8900|717600|12828087.0000|17.8900
112500|17.8600|17.9300|17.8400|17.9000|394000|7038896.0000|17.9000
113000|17.9100|17.9700|17.8300|17.8400|766135|13679348.0000|17.8400
130500|17.8400|17.8700|17.7500|17.7500|485600|8643862.0000|17.7500
131000|17.7400|17.7700|17.7000|17.7400|575080|10191270.0000|17.7400
131500|17.7400|17.8500|17.7300|17.8000|274400|4880304.0000|17.8000
132000|17.8200|17.8200|17.7500|17.7500|268500|4771968.0000|17.7500
132500|17.7500|17.7700|17.7200|17.7500|212800|3775200.0000|17.7500
133000|17.7400|17.7500|17.7000|17.7300|251600|4458432.0000|17.7300
133500|17.7400|17.8300|17.7400|17.8200|113800|2022592.0000|17.8200
134000|17.8200|17.8500|17.8000|17.8100|193700|3452560.0000|17.8100
134500|17.8200|17.8200|17.7700|17.7800|146900|2613232.0000|17.7800
135000|17.7900|17.8500|17.7800|17.8500|124156|2211216.0000|17.8500
135500|17.8500|17.8500|17.8000|17.8100|279300|4977776.0000|17.8100
140000|17.8100|17.8900|17.8100|17.8700|179596|3207680.0000|17.8700
140500|17.8800|17.9500|17.8800|17.9500|170400|3052224.0000|17.9500
141000|17.9400|17.9900|17.8100|17.8100|551200|9880448.0000|17.8100
141500|17.8500|17.9000|17.8200|17.8700|227900|4069040.0000|17.8700
142000|17.8700|17.8900|17.8300|17.8500|101900|1819232.0000|17.8500
142500|17.8500|17.8800|17.8400|17.8600|215601|3849088.0000|17.8600
143000|17.8600|17.8800|17.8300|17.8400|195499|3488720.0000|17.8400
143500|17.8400|17.8600|17.8100|17.8200|192800|3438576.0000|17.8200
144000|17.8100|17.8300|17.7600|17.7800|399900|7113968.0000|17.7800
144500|17.7800|17.7800|17.7200|17.7300|367887|6528096.0000|17.7300
145000|17.7400|17.7500|17.7100|17.7400|439314|7789152.0000|17.7400
145500|17.7500|17.7700|17.7000|17.7700|389520|6906192.0000|17.7700
150000|17.7600|17.7700|17.7600|17.7600|210592|3740464.0000|17.7600
