093500|24.0800|24.1800|24.0600|24.0900|1868500|45037352.0000|24.0900
094000|24.0900|24.1800|24.0400|24.1800|1283000|30933920.0000|24.1800
094500|24.1800|24.2300|24.1800|24.2200|1201700|29094584.0000|24.2200
095000|24.2200|24.3100|24.2100|24.2900|1428100|34659184.0000|24.2900
095500|24.2900|24.3200|24.2400|24.2900|1275600|30972224.0000|24.2900
100000|24.2800|24.3700|24.2800|24.3100|1481800|36052768.0000|24.3100
100500|24.3100|24.3600|24.2600|24.2900|1141600|27740464.0000|24.2900
101000|24.3000|24.3000|24.2300|24.2600|851400|20649072.0000|24.2600
101500|24.2600|24.2600|24.2200|24.2400|523000|12677392.0000|24.2400
102000|24.2400|24.2500|24.1900|24.2000|756700|18326944.0000|24.2000
102500|24.2100|24.2300|24.2000|24.2100|340500|8245184.0000|24.2100
103000|24.2100|24.2200|24.1800|24.1900|424200|10263232.0000|24.1900
103500|24.2000|24.2100|24.1800|24.1900|269300|6513728.0000|24.1900
104000|24.1800|24.2000|24.1500|24.2000|461900|11163424.0000|24.2000
104500|24.2000|24.2000|24.1800|24.2000|309500|7487264.0000|24.2000
105000|24.1800|24.2000|24.1700|24.1700|244300|5908384.0000|24.1700
105500|24.1700|24.1900|24.1500|24.1600|358700|8668416.0000|24.1600
110000|24.1500|24.1600|24.0600|24.0600|1679400|40464320.0000|24.0600
110500|24.0600|24.0800|24.0200|24.0700|1903000|45738048.0000|24.0700
111000|24.0800|24.1000|24.0500|24.0900|528200|12715200.0000|24.0900
111500|24.0900|24.1000|24.0800|24.0900|305000|7346944.0000|24.0900
112000|24.1000|24.1100|24.0800|24.1100|407700|9823488.0000|24.1100
112500|24.1200|24.1200|24.1100|24.1100|219200|5286432.0000|24.1100
113000|24.1100|24.1300|24.1000|24.1100|479900|11571968.0000|24.1100
130500|24.1100|24.1600|24.1000|24.1600|675200|16289344.0000|24.1600
131000|24.1600|24.1700|24.1000|24.1100|465600|11233408.0000|24.1100
131500|24.1100|24.1100|24.0800|24.0900|410300|9885664.0000|24.0900
132000|24.0800|24.1100|24.0600|24.0700|532100|12815296.0000|24.0700
132500|24.0700|24.0900|24.0500|24.0700|391000|9410368.0000|24.0700
133000|24.0700|24.1000|24.0600|24.1000|248600|5984640.0000|24.1000
133500|24.1000|24.1200|24.0800|24.1200|274600|6620602.0000|24.1200
134000|24.1100|24.1100|24.0700|24.0800|338900|8162631.0000|24.0800
134500|24.0800|24.0800|24.0600|24.0800|401500|9665019.0000|24.0800
135000|24.0700|24.1000|24.0700|24.0900|220000|5299134.0000|24.0900
135500|24.1000|24.1000|24.0800|24.0800|270400|6513664.0000|24.0800
140000|24.0800|24.1100|24.0800|24.0900|371500|8951552.0000|24.0900
140500|24.1000|24.1200|24.0800|24.1200|644900|15536000.0000|24.1200
141000|24.1200|24.1300|24.1100|24.1200|363900|8775687.0000|24.1200
141500|24.1100|24.1500|24.1100|24.1400|324700|7836537.0000|24.1400
142000|24.1400|24.1600|24.1100|24.1200|371000|8954507.0000|24.1200
142500|24.1100|24.1400|24.1100|24.1300|327200|7892732.0000|24.1300
143000|24.1300|24.1400|24.1200|24.1300|449500|10848895.0000|24.1300
143500|24.1300|24.1500|24.1200|24.1300|731100|17644419.0000|24.1300
144000|24.1400|24.1400|24.1200|24.1300|460200|11102713.0000|24.1300
144500|24.1200|24.1300|24.0900|24.1000|923700|22266882.0000|24.1000
145000|24.0900|24.1000|24.0800|24.0900|938800|22614850.0000|24.0900
145500|24.0900|24.1100|24.0900|24.1100|1060600|25557314.0000|24.1100
150000|24.1000|24.1200|24.1000|24.1100|734900|17716726.0000|24.1100
