093500|1.51|1.51|1.5|1.5|14855.0|2264331.0|1.51
094000|1.5|1.51|1.5|1.5|9300.0|1414610.0|1.5
094500|1.51|1.51|1.5|1.51|6036.0|919446.0|1.5
095000|1.5|1.51|1.5|1.5|11158.0|1699332.0|1.51
095500|1.51|1.51|1.5|1.51|6495.0|990297.0|1.5
100000|1.51|1.51|1.5|1.5|21888.0|3340540.0|1.51
100500|1.5|1.51|1.5|1.5|33849.0|5177559.0|1.5
101000|1.51|1.51|1.5|1.51|16467.0|2504585.0|1.5
101500|1.5|1.51|1.5|1.5|3219.0|490506.0|1.51
102000|1.5|1.51|1.5|1.51|1600.0|243712.0|1.5
102500|1.5|1.51|1.5|1.51|1969.0|300887.0|1.51
103000|1.51|1.51|1.5|1.5|5140.0|782783.0|1.51
103500|1.5|1.51|1.5|1.5|1106.0|168823.0|1.5
104000|1.51|1.51|1.5|1.5|1550.0|236123.0|1.5
104500|1.51|1.51|1.5|1.5|13028.0|1982330.0|1.5
105000|1.51|1.51|1.5|1.5|1929.0|293542.0|1.5
105500|1.51|1.51|1.5|1.5|1420.0|216197.0|1.5
110000|1.5|1.51|1.5|1.5|4522.0|688600.0|1.5
110500|1.5|1.51|1.5|1.5|2170.0|330245.0|1.5
111000|1.5|1.51|1.5|1.51|2568.0|390636.0|1.5
111500|1.5|1.51|1.5|1.51|4862.0|739281.0|1.51
112000|1.5|1.51|1.5|1.5|983.0|149620.0|1.51
112500|1.51|1.51|1.5|1.5|3108.0|474902.0|1.5
113000|1.51|1.51|1.5|1.5|2948.0|448790.0|1.5
130500|1.5|1.51|1.5|1.51|8045.0|1223604.0|1.5
131000|1.51|1.51|1.5|1.51|1484.0|226029.0|1.51
131500|1.51|1.51|1.5|1.5|924.0|140627.0|1.51
132000|1.51|1.51|1.5|1.51|4671.0|710855.0|1.5
132500|1.51|1.51|1.5|1.51|11444.0|1745560.0|1.51
133000|1.5|1.51|1.5|1.51|5871.0|896028.0|1.51
133500|1.5|1.51|1.5|1.5|12705.0|1940425.0|1.51
134000|1.5|1.51|1.5|1.51|4048.0|617402.0|1.5
134500|1.5|1.51|1.5|1.5|5184.0|790640.0|1.51
135000|1.5|1.51|1.49|1.5|164717.0|25035728.0|1.5
135500|1.5|1.5|1.49|1.5|8012.0|1217560.0|1.5
140000|1.5|1.51|1.5|1.5|51337.0|7803466.0|1.5
140500|1.5|1.51|1.5|1.51|1174.0|178822.0|1.5
141000|1.5|1.51|1.5|1.51|955.0|145578.0|1.51
141500|1.51|1.51|1.5|1.5|988.0|150742.0|1.51
142000|1.5|1.51|1.5|1.5|914.0|139460.0|1.5
142500|1.5|1.51|1.5|1.5|2759.0|419732.0|1.5
143000|1.51|1.51|1.5|1.5|5751.0|874493.0|1.5
143500|1.51|1.51|1.5|1.5|2685.0|408323.0|1.5
144000|1.51|1.51|1.5|1.5|1027.0|156473.0|1.5
144500|1.5|1.51|1.5|1.51|7382.0|1123965.0|1.5
145000|1.5|1.51|1.5|1.5|4892.0|744534.0|1.51
145500|1.5|1.51|1.5|1.5|10673.0|1624647.0|1.5
150000|1.5|1.51|1.5|1.5|20724.0|3150572.0|1.5
