093500|1.58|1.59|1.58|1.58|67492.0|10677451.0|1.59
094000|1.59|1.59|1.58|1.58|17280.0|2738304.0|1.58
094500|1.58|1.6|1.58|1.58|150948.0|23997783.0|1.58
095000|1.59|1.6|1.58|1.6|45339.0|7211742.0|1.58
095500|1.6|1.6|1.59|1.59|6325.0|1008084.0|1.6
100000|1.59|1.6|1.58|1.6|53240.0|8461405.0|1.59
100500|1.59|1.6|1.58|1.59|24624.0|3915853.0|1.6
101000|1.59|1.6|1.58|1.59|13230.0|2104280.0|1.59
101500|1.59|1.6|1.58|1.59|23853.0|3791628.0|1.59
102000|1.59|1.6|1.59|1.59|8096.0|1287994.0|1.59
102500|1.59|1.6|1.59|1.59|10497.0|1676413.0|1.59
103000|1.6|1.6|1.59|1.59|9112.0|1452591.0|1.59
103500|1.59|1.6|1.59|1.59|11108.0|1770512.0|1.59
104000|1.59|1.6|1.59|1.59|6013.0|956631.0|1.59
104500|1.59|1.6|1.59|1.59|5721.0|910395.0|1.59
105000|1.59|1.6|1.59|1.59|8293.0|1319369.0|1.59
105500|1.59|1.6|1.59|1.59|11648.0|1853116.0|1.59
110000|1.59|1.6|1.59|1.59|6821.0|1085461.0|1.59
110500|1.59|1.6|1.58|1.58|32505.0|5166989.0|1.59
111000|1.59|1.59|1.58|1.58|3158.0|499691.0|1.58
111500|1.59|1.59|1.58|1.58|29376.0|4668748.0|1.58
112000|1.58|1.6|1.58|1.58|26066.0|4141811.0|1.58
112500|1.59|1.59|1.58|1.59|9522.0|1512364.0|1.58
113000|1.58|1.59|1.58|1.59|5455.0|864756.0|1.59
130500|1.58|1.59|1.58|1.59|7096.0|1126120.0|1.59
131000|1.59|1.59|1.58|1.58|4164.0|659519.0|1.59
131500|1.58|1.59|1.58|1.58|6657.0|1056314.0|1.58
132000|1.59|1.6|1.58|1.59|43345.0|6893064.0|1.58
132500|1.59|1.6|1.59|1.59|4418.0|703122.0|1.59
133000|1.59|1.6|1.59|1.6|12153.0|1934910.0|1.59
133500|1.59|1.6|1.59|1.6|10984.0|1751209.0|1.6
134000|1.59|1.6|1.59|1.6|11177.0|1781990.0|1.6
134500|1.6|1.6|1.59|1.6|17917.0|2860904.0|1.6
135000|1.59|1.61|1.59|1.6|225634.0|36100021.0|1.6
135500|1.6|1.6|1.59|1.6|11360.0|1811134.0|1.6
140000|1.6|1.6|1.59|1.59|13916.0|2217821.0|1.6
140500|1.59|1.6|1.59|1.6|10949.0|1742315.0|1.59
141000|1.59|1.6|1.59|1.6|14081.0|2245972.0|1.6
141500|1.6|1.61|1.59|1.61|29033.0|4643899.0|1.6
142000|1.61|1.61|1.59|1.6|16206.0|2591283.0|1.61
142500|1.6|1.6|1.59|1.59|18872.0|3009835.0|1.6
143000|1.6|1.6|1.59|1.6|14085.0|2245035.0|1.59
143500|1.59|1.6|1.59|1.6|25330.0|4045233.0|1.6
144000|1.59|1.6|1.59|1.6|17984.0|2870564.0|1.6
144500|1.6|1.61|1.59|1.59|20134.0|3218887.0|1.6
145000|1.6|1.61|1.59|1.6|15238.0|2438574.0|1.59
145500|1.6|1.61|1.6|1.61|16688.0|2679478.0|1.6
150000|1.6|1.61|1.6|1.6|23732.0|3800015.0|1.61
