093500|3.99|4.0|3.95|3.95|249515.0|99071527.0|3.97
094000|3.95|3.98|3.95|3.96|166505.0|66064754.0|3.95
094500|3.97|3.97|3.95|3.96|139535.0|55287230.0|3.96
095000|3.95|4.1|3.95|4.08|724771.0|292664181.0|3.96
095500|4.09|4.14|4.06|4.11|1108712.0|454074853.0|4.08
100000|4.11|4.14|4.08|4.12|635165.0|261513442.0|4.11
100500|4.11|4.12|4.07|4.09|350709.0|143595961.0|4.12
101000|4.1|4.15|4.09|4.12|674209.0|278322594.0|4.09
101500|4.12|4.13|4.1|4.1|240023.0|98841796.0|4.12
102000|4.1|4.13|4.1|4.12|174560.0|71913770.0|4.1
102500|4.12|4.15|4.11|4.15|230085.0|95130569.0|4.12
103000|4.15|4.15|4.11|4.12|149888.0|61899375.0|4.15
103500|4.11|4.12|4.11|4.11|98623.0|40567994.0|4.12
104000|4.12|4.18|4.11|4.15|811118.0|336623988.0|4.11
104500|4.17|4.17|4.11|4.12|324474.0|134264913.0|4.15
105000|4.12|4.13|4.12|4.12|168274.0|69366993.0|4.12
105500|4.12|4.12|4.1|4.11|168128.0|69098130.0|4.12
110000|4.12|4.12|4.1|4.11|93824.0|38565499.0|4.11
110500|4.11|4.11|4.09|4.09|153983.0|63151754.0|4.11
111000|4.1|4.11|4.09|4.11|94023.0|38516596.0|4.09
111500|4.11|4.11|4.1|4.11|63463.0|26050145.0|4.11
112000|4.11|4.11|4.09|4.11|118783.0|48692467.0|4.11
112500|4.11|4.11|4.09|4.09|98826.0|40518642.0|4.11
113000|4.1|4.11|4.09|4.1|50589.0|20736976.0|4.09
130500|4.11|4.12|4.1|4.11|120127.0|49342029.0|4.1
131000|4.1|4.11|4.09|4.11|116622.0|47796661.0|4.11
131500|4.1|4.11|4.08|4.09|115023.0|47065199.0|4.11
132000|4.09|4.1|4.08|4.09|81831.0|33442962.0|4.09
132500|4.09|4.09|4.07|4.08|125143.0|51073131.0|4.09
133000|4.07|4.08|4.07|4.08|67928.0|27681739.0|4.08
133500|4.07|4.09|4.07|4.07|72138.0|29419455.0|4.08
134000|4.08|4.09|4.07|4.08|54497.0|22229257.0|4.07
134500|4.09|4.09|4.07|4.07|53427.0|21803263.0|4.08
135000|4.08|4.08|4.07|4.08|35551.0|14493295.0|4.07
135500|4.08|4.08|4.07|4.07|44445.0|18107436.0|4.08
140000|4.08|4.08|4.07|4.08|81845.0|33370796.0|4.07
140500|4.08|4.09|4.08|4.08|68262.0|27871067.0|4.08
141000|4.08|4.09|4.08|4.09|38917.0|15888890.0|4.08
141500|4.08|4.09|4.07|4.08|78762.0|32123845.0|4.09
142000|4.08|4.08|4.07|4.08|56124.0|22874863.0|4.08
142500|4.08|4.08|4.06|4.06|210529.0|85602771.0|4.08
143000|4.05|4.07|4.05|4.05|117485.0|47658127.0|4.06
143500|4.05|4.06|4.05|4.06|77899.0|31578723.0|4.05
144000|4.06|4.07|4.05|4.07|134947.0|54766648.0|4.06
144500|4.06|4.07|4.06|4.07|100324.0|40799224.0|4.07
145000|4.07|4.08|4.06|4.08|132145.0|53790735.0|4.07
145500|4.07|4.08|4.06|4.06|215766.0|87721920.0|4.08
150000|4.06|4.07|4.06|4.06|190485.0|77401533.0|4.06
