09350000|98.5918557000|99.2067531000|98.2348185000|99.1274115000|422203|42040336.0000|99.1274115000
09400000|99.1373292000|99.5737080000|98.6315265000|99.5538726000|354080|35356891.0000|99.5538726000
09450000|99.5737080000|101.1605400000|99.5241195000|101.1506223000|1175940|119190745.0000|101.1506223000
09500000|101.1506223000|103.0250676000|101.1506223000|101.8349436000|1596342|164476060.0000|101.8349436000
09550000|101.9539560000|102.4300056000|101.2101285000|101.3588940000|566800|58106176.0000|101.3588940000
10000000|101.3489763000|101.4580710000|100.9125975000|100.9125975000|369430|37704416.0000|100.9125975000
10050000|100.8828444000|100.8927621000|100.5258072000|100.6646550000|354040|35949920.0000|100.6646550000
10100000|100.6646550000|100.7142435000|100.3076178000|100.4663010000|228200|23122272.0000|100.4663010000
10150000|100.5654780000|101.4481533000|100.4663010000|101.2894701000|445190|45392288.0000|101.2894701000
10200000|101.2894701000|101.8051905000|100.8233382000|101.7556020000|432232|44130032.0000|101.7556020000
10250000|101.8051905000|102.3903348000|101.6663427000|102.3506640000|760943|78292144.0000|102.3506640000
10300000|102.3506640000|102.6481950000|101.8646967000|102.6184419000|960994|99215984.0000|102.6184419000
10350000|102.6779481000|103.9176606000|102.6779481000|103.3027632000|1820539|189643024.0000|103.3027632000
10400000|103.3225986000|103.9771668000|103.1143269000|103.9672491000|1003439|104830944.0000|103.9672491000
10450000|103.9672491000|104.6813235000|103.9672491000|104.6813235000|1463960|154063088.0000|104.6813235000
10500000|104.6912412000|104.7110766000|103.6598004000|104.3342040000|886085|93192256.0000|104.3342040000
10550000|104.3837925000|105.4251510000|104.3540394000|104.8003359000|1041250|110212560.0000|104.8003359000
11000000|104.8003359000|105.4449864000|104.7309120000|105.4152333000|655000|69480048.0000|105.4152333000
11050000|105.4053156000|106.8334644000|105.3259740000|105.7226820000|919575|98240544.0000|105.7226820000
11100000|105.6929289000|107.0119830000|105.6929289000|106.9623945000|779635|83854624.0000|106.9623945000
11150000|106.9623945000|108.4004610000|106.8136290000|108.4004610000|3186592|347685776.0000|108.4004610000
11200000|108.4004610000|108.4004610000|108.4004610000|108.4004610000|421956|46119792.0000|108.4004610000
11250000|108.4004610000|108.4004610000|108.4004610000|108.4004610000|194685|21279056.0000|108.4004610000
11300000|108.4004610000|108.4004610000|108.4004610000|108.4004610000|267628|29251744.0000|108.4004610000
13050000|108.4004610000|108.4004610000|108.4004610000|108.4004610000|1142890|124917872.0000|108.4004610000
13100000|108.4004610000|108.4004610000|106.3078263000|106.6648635000|1537465|166684576.0000|106.6648635000
13150000|106.6450281000|107.6169627000|106.6152750000|107.3591025000|773612|83478688.0000|107.3591025000
13200000|107.3888556000|107.3888556000|106.7442051000|106.8632175000|450337|48601856.0000|106.8632175000
13250000|106.8632175000|107.4880326000|106.8632175000|106.9425591000|348083|37617872.0000|106.9425591000
13300000|106.9326414000|107.1111600000|106.6251927000|106.9028883000|345500|37229040.0000|106.9028883000
13350000|106.9128060000|107.4086910000|106.7838759000|107.4086910000|367150|39634576.0000|107.4086910000
13400000|107.4285264000|107.4880326000|106.8929706000|106.9028883000|317900|34333392.0000|106.9028883000
13450000|106.9326414000|107.1210777000|106.8731352000|106.9921476000|244910|26420800.0000|106.9921476000
13500000|106.9921476000|107.6070450000|106.8929706000|107.6070450000|381600|41235376.0000|107.6070450000
13550000|107.6070450000|107.6467158000|106.9128060000|107.0516538000|294600|31876304.0000|107.0516538000
14000000|107.0417361000|107.0516538000|106.7442051000|106.8929706000|278800|30039632.0000|106.8929706000
14050000|106.8632175000|107.0913246000|106.8632175000|106.8830529000|153600|16561936.0000|106.8830529000
14100000|106.8731352000|106.9128060000|106.6351104000|106.8929706000|343535|36979440.0000|106.8929706000
14150000|106.8136290000|106.9227237000|106.7243697000|106.7541228000|168988|18203984.0000|106.7541228000
14200000|106.7541228000|106.8037113000|106.7144520000|106.7739582000|189700|20418736.0000|106.7739582000
14250000|106.7739582000|106.7739582000|106.5855219000|106.5855219000|159812|17193024.0000|106.5855219000
14300000|106.5855219000|106.5855219000|105.8813652000|105.8912829000|450200|48170768.0000|105.8912829000
14350000|105.8813652000|106.1491431000|105.8416944000|105.8813652000|351440|37560656.0000|105.8813652000
14400000|105.8813652000|106.2681555000|105.8218590000|106.2284847000|317565|33957792.0000|106.2284847000
14450000|106.2284847000|106.2681555000|105.3755625000|105.3854802000|441915|47129264.0000|105.3854802000
14500000|105.3755625000|105.5243280000|105.3061386000|105.3061386000|561562|59686448.0000|105.3061386000
14550000|105.2863032000|105.3656448000|105.0879492000|105.2763855000|743199|78871344.0000|105.2763855000
15000000|105.2863032000|105.8912829000|105.2863032000|105.8218590000|418683|44628704.0000|105.8218590000
