093500|2.2900|2.3100|2.2900|2.3100|2636300|6072336.0000|2.3100
094000|2.3000|2.3200|2.3000|2.3100|4264200|9849315.0000|2.3100
094500|2.3200|2.3200|2.3000|2.3200|1024900|2368657.0000|2.3200
095000|2.3100|2.3200|2.3100|2.3100|391600|907950.0000|2.3100
095500|2.3100|2.3200|2.3100|2.3200|4354700|10098764.0000|2.3200
100000|2.3200|2.3300|2.3200|2.3300|977900|2274082.0000|2.3300
100500|2.3300|2.3300|2.3200|2.3200|576600|1342472.0000|2.3200
101000|2.3200|2.3300|2.3200|2.3300|2681900|6223496.0000|2.3300
101500|2.3300|2.3300|2.3200|2.3300|423200|983696.0000|2.3300
102000|2.3300|2.3300|2.3200|2.3300|696800|1619836.0000|2.3300
102500|2.3300|2.3300|2.3200|2.3200|426100|991956.0000|2.3200
103000|2.3300|2.3300|2.3200|2.3300|1047700|2439624.0000|2.3300
103500|2.3300|2.3300|2.3200|2.3200|394300|917392.0000|2.3200
104000|2.3300|2.3300|2.3200|2.3300|408300|950292.0000|2.3300
104500|2.3200|2.3300|2.3200|2.3300|282700|657908.0000|2.3300
105000|2.3300|2.3400|2.3200|2.3400|3500900|8161184.0000|2.3400
105500|2.3400|2.3500|2.3300|2.3400|3176400|7433828.0000|2.3400
110000|2.3400|2.3500|2.3300|2.3400|835100|1955756.0000|2.3400
110500|2.3500|2.3500|2.3300|2.3500|639400|1497880.0000|2.3500
111000|2.3500|2.3500|2.3400|2.3400|392300|920320.0000|2.3400
111500|2.3400|2.3500|2.3400|2.3400|250000|586496.0000|2.3400
112000|2.3400|2.3500|2.3400|2.3500|271800|637488.0000|2.3500
112500|2.3500|2.3500|2.3400|2.3400|297600|698464.0000|2.3400
113000|2.3500|2.3500|2.3300|2.3500|536000|1255784.0000|2.3500
130500|2.3400|2.3500|2.3300|2.3400|1009700|2367216.0000|2.3400
131000|2.3400|2.3500|2.3300|2.3500|1896000|4444344.0000|2.3500
131500|2.3500|2.3500|2.3400|2.3500|323000|758600.0000|2.3500
132000|2.3500|2.3500|2.3400|2.3500|179300|421064.0000|2.3500
132500|2.3500|2.3600|2.3500|2.3600|1566100|3682032.0000|2.3600
133000|2.3600|2.3600|2.3500|2.3600|264000|621816.0000|2.3600
133500|2.3600|2.3600|2.3400|2.3500|1385400|3257216.0000|2.3500
134000|2.3500|2.3600|2.3500|2.3600|448700|1057528.0000|2.3600
134500|2.3600|2.3600|2.3500|2.3500|813300|1918680.0000|2.3500
135000|2.3500|2.3600|2.3500|2.3600|393700|927672.0000|2.3600
135500|2.3600|2.3600|2.3500|2.3500|546000|1286496.0000|2.3500
140000|2.3500|2.3600|2.3400|2.3400|2300500|5407048.0000|2.3400
140500|2.3500|2.3500|2.3400|2.3400|305600|717504.0000|2.3400
141000|2.3500|2.3500|2.3400|2.3400|349200|818736.0000|2.3400
141500|2.3400|2.3500|2.3400|2.3400|182000|427040.0000|2.3400
142000|2.3400|2.3500|2.3400|2.3400|622100|1461336.0000|2.3400
142500|2.3400|2.3500|2.3400|2.3400|192700|452008.0000|2.3400
143000|2.3500|2.3500|2.3400|2.3400|495200|1162288.0000|2.3400
143500|2.3500|2.3500|2.3400|2.3400|455600|1068320.0000|2.3400
144000|2.3400|2.3500|2.3400|2.3500|557300|1308472.0000|2.3500
144500|2.3400|2.3500|2.3400|2.3500|1051100|2466888.0000|2.3500
145000|2.3400|2.3500|2.3400|2.3400|926700|2172656.0000|2.3400
145500|2.3400|2.3500|2.3400|2.3500|1581200|3710248.0000|2.3500
150000|2.3500|2.3600|2.3400|2.3600|5953700|14029888.0000|2.3600
