09350000|32.9572608000|33.0178440000|32.2605540000|32.3665746000|510640|21995828.0000|32.3665746000
09400000|32.3438559000|32.4877410000|32.2756998000|32.2756998000|524960|22435474.0000|32.2756998000
09450000|32.2832727000|32.7679383000|32.2832727000|32.7452196000|253015|10845389.0000|32.7452196000
09500000|32.7679383000|32.8512402000|32.6467719000|32.7225009000|189740|8206429.0000|32.7225009000
09550000|32.7225009000|32.7225009000|32.4877410000|32.5483242000|140500|6043169.0000|32.5483242000
10000000|32.5558971000|32.5558971000|32.3741475000|32.3741475000|252300|10809486.0000|32.3741475000
10050000|32.3741475000|32.4271578000|32.2984185000|32.2984185000|312600|13360819.0000|32.2984185000
10100000|32.2984185000|32.3135643000|32.1848250000|32.1923979000|373680|15899901.0000|32.1923979000
10150000|32.1848250000|32.1848250000|32.0636586000|32.0939502000|336420|14266750.0000|32.0939502000
10200000|32.0939502000|32.2756998000|32.0863773000|32.2605540000|129700|5512230.0000|32.2605540000
10250000|32.2756998000|32.2908456000|32.2681269000|32.2832727000|84350|3595097.0000|32.2832727000
10300000|32.2832727000|32.3135643000|32.2756998000|32.3135643000|70282|2997044.0000|32.3135643000
10350000|32.2984185000|32.3211372000|32.2681269000|32.2681269000|71500|3048751.0000|32.2681269000
10400000|32.2681269000|32.2832727000|32.2605540000|32.2832727000|69200|2949035.0000|32.2832727000
10450000|32.2832727000|32.3135643000|32.2605540000|32.2681269000|41800|1781546.0000|32.2681269000
10500000|32.2681269000|32.2984185000|32.2226895000|32.2378353000|76900|3274904.0000|32.2378353000
10550000|32.2302624000|32.3287101000|32.2075437000|32.2984185000|68960|2935114.0000|32.2984185000
11000000|32.2984185000|32.3590017000|32.2529811000|32.2529811000|54000|2304992.0000|32.2529811000
11050000|32.2529811000|32.3059914000|32.2226895000|32.2908456000|32800|1397068.0000|32.2908456000
11100000|32.2908456000|32.3514288000|32.2681269000|32.3059914000|49600|2116451.0000|32.3059914000
11150000|32.2681269000|32.3211372000|32.2605540000|32.2984185000|51900|2213296.0000|32.2984185000
11200000|32.2984185000|32.3665746000|32.2908456000|32.3135643000|63400|2707561.0000|32.3135643000
11250000|32.3059914000|32.3590017000|32.2681269000|32.2681269000|49900|2129867.0000|32.2681269000
11300000|32.2681269000|32.3590017000|32.2681269000|32.2984185000|45920|1960073.0000|32.2984185000
13050000|32.2681269000|32.3362830000|32.2681269000|32.3287101000|110380|4707456.0000|32.3287101000
13100000|32.3287101000|32.3287101000|32.2378353000|32.2529811000|100400|4278592.0000|32.2529811000
13150000|32.2605540000|32.2605540000|32.1923979000|32.2529811000|129325|5502264.0000|32.2529811000
13200000|32.2529811000|32.2605540000|32.2151166000|32.2151166000|122100|5198395.0000|32.2151166000
13250000|32.2151166000|32.3438559000|32.2075437000|32.3211372000|125900|5367690.0000|32.3211372000
13300000|32.3211372000|32.3287101000|32.2605540000|32.3287101000|87700|3739765.0000|32.3287101000
13350000|32.3211372000|32.3287101000|32.2908456000|32.3059914000|95800|4087382.0000|32.3059914000
13400000|32.3059914000|32.3438559000|32.3059914000|32.3135643000|87600|3739054.0000|32.3135643000
13450000|32.3135643000|32.3741475000|32.3059914000|32.3590017000|73960|3157651.0000|32.3590017000
13500000|32.3514288000|32.3590017000|32.2378353000|32.2378353000|73400|3129677.0000|32.2378353000
13550000|32.2378353000|32.2454082000|32.2151166000|32.2226895000|94600|4025319.0000|32.2226895000
14000000|32.2226895000|32.2302624000|32.2151166000|32.2226895000|87300|3714492.0000|32.2226895000
14050000|32.2226895000|32.2605540000|32.1848250000|32.1923979000|190415|8098198.0000|32.1923979000
14100000|32.1923979000|32.1999708000|32.1772521000|32.1772521000|106260|4516179.0000|32.1772521000
14150000|32.1772521000|32.2226895000|32.1696792000|32.2226895000|125730|5346006.0000|32.2226895000
14200000|32.2226895000|32.2605540000|32.2226895000|32.2529811000|109600|4665408.0000|32.2529811000
14250000|32.2529811000|32.2756998000|32.2378353000|32.2529811000|122100|5201123.0000|32.2529811000
14300000|32.2454082000|32.3514288000|32.2454082000|32.3514288000|118340|5047520.0000|32.3514288000
14350000|32.3514288000|32.3514288000|32.2302624000|32.2681269000|117177|4992438.0000|32.2681269000
14400000|32.2681269000|32.2681269000|32.2302624000|32.2302624000|116600|4966784.0000|32.2302624000
14450000|32.2454082000|32.2605540000|32.2226895000|32.2605540000|93400|3976747.0000|32.2605540000
14500000|32.2605540000|32.2681269000|32.2378353000|32.2529811000|141400|6022031.0000|32.2529811000
14550000|32.2454082000|32.2756998000|32.2454082000|32.2605540000|149560|6370787.0000|32.2605540000
15000000|32.2605540000|32.2908456000|32.2605540000|32.2681269000|154802|6596096.0000|32.2681269000
