09350000|33.0000000000|33.0000000000|32.6200000000|32.6800000000|1649200|54018880.0000|32.6800000000
09400000|32.6800000000|32.9200000000|32.6800000000|32.8100000000|809400|26552976.0000|32.8100000000
09450000|32.8200000000|32.8200000000|32.6800000000|32.6900000000|1246900|40817344.0000|32.6900000000
09500000|32.6900000000|32.7000000000|32.5300000000|32.5300000000|1836200|59879216.0000|32.5300000000
09550000|32.5300000000|32.7100000000|32.5300000000|32.7100000000|682400|22245872.0000|32.7100000000
10000000|32.6900000000|32.7600000000|32.6600000000|32.6900000000|519900|17005216.0000|32.6900000000
10050000|32.7000000000|32.7800000000|32.6800000000|32.7800000000|484900|15863056.0000|32.7800000000
10100000|32.8000000000|32.8000000000|32.7100000000|32.7400000000|405300|13267760.0000|32.7400000000
10150000|32.7400000000|32.7700000000|32.6800000000|32.6800000000|368400|12054832.0000|32.6800000000
10200000|32.6800000000|32.8000000000|32.6800000000|32.6900000000|443800|14529728.0000|32.6900000000
10250000|32.6900000000|32.7100000000|32.6400000000|32.6400000000|479100|15657056.0000|32.6400000000
10300000|32.6500000000|32.6500000000|32.6000000000|32.6200000000|543700|17733312.0000|32.6200000000
10350000|32.6100000000|32.6200000000|32.5400000000|32.5400000000|803800|26183104.0000|32.5400000000
10400000|32.5400000000|32.6500000000|32.5300000000|32.6500000000|471000|15339200.0000|32.6500000000
10450000|32.6300000000|32.6300000000|32.5800000000|32.6000000000|295300|9627552.0000|32.6000000000
10500000|32.6000000000|32.7400000000|32.6000000000|32.6700000000|282400|9223712.0000|32.6700000000
10550000|32.6700000000|32.7000000000|32.6500000000|32.6800000000|246900|8066976.0000|32.6800000000
11000000|32.6600000000|32.7300000000|32.6600000000|32.7100000000|177400|5801440.0000|32.7100000000
11050000|32.7100000000|32.7700000000|32.6800000000|32.7400000000|376300|12308960.0000|32.7400000000
11100000|32.7300000000|32.7400000000|32.6700000000|32.6800000000|230600|7542976.0000|32.6800000000
11150000|32.6700000000|32.7100000000|32.6200000000|32.6600000000|486800|15889888.0000|32.6600000000
11200000|32.6500000000|32.6500000000|32.5800000000|32.5800000000|477700|15575456.0000|32.5800000000
11250000|32.5700000000|32.5700000000|32.5300000000|32.5500000000|616400|20064480.0000|32.5500000000
11300000|32.5400000000|32.5500000000|32.4200000000|32.4400000000|1914500|62210976.0000|32.4400000000
13050000|32.4300000000|32.4500000000|32.3700000000|32.3800000000|1082200|35063360.0000|32.3800000000
13100000|32.3600000000|32.3600000000|32.3100000000|32.3200000000|925900|29933376.0000|32.3200000000
13150000|32.3200000000|32.3200000000|32.2400000000|32.2500000000|1213700|39181822.0000|32.2500000000
13200000|32.2400000000|32.3300000000|32.2400000000|32.2600000000|649100|20955134.0000|32.2600000000
13250000|32.2600000000|32.3300000000|32.2400000000|32.2600000000|803800|25939524.0000|32.2600000000
13300000|32.2500000000|32.2700000000|32.2200000000|32.2500000000|625900|20176186.0000|32.2500000000
13350000|32.2500000000|32.3200000000|32.2100000000|32.3200000000|810800|26143040.0000|32.3200000000
13400000|32.3200000000|32.3600000000|32.2200000000|32.2300000000|556800|17977990.0000|32.2300000000
13450000|32.2200000000|32.2500000000|32.2200000000|32.2200000000|624500|20127616.0000|32.2200000000
13500000|32.2200000000|32.2300000000|32.1700000000|32.1800000000|924000|29751873.0000|32.1800000000
13550000|32.1700000000|32.2800000000|32.1700000000|32.2500000000|578900|18644351.0000|32.2500000000
14000000|32.2400000000|32.3500000000|32.2200000000|32.2300000000|589900|19036160.0000|32.2300000000
14050000|32.2300000000|32.2300000000|32.1500000000|32.1500000000|1038400|33407866.0000|32.1500000000
14100000|32.1800000000|32.2300000000|32.1000000000|32.2000000000|1644600|52885321.0000|32.2000000000
14150000|32.2000000000|32.3100000000|32.2000000000|32.2800000000|780100|25171384.0000|32.2800000000
14200000|32.2700000000|32.3000000000|32.1900000000|32.2300000000|872200|28103679.0000|32.2300000000
14250000|32.2200000000|32.2300000000|32.1700000000|32.2000000000|724100|23311427.0000|32.2000000000
14300000|32.2100000000|32.2800000000|32.2000000000|32.2500000000|1123700|36226374.0000|32.2500000000
14350000|32.2700000000|32.2700000000|32.2200000000|32.2300000000|661200|21322051.0000|32.2300000000
14400000|32.2200000000|32.2300000000|32.1200000000|32.1200000000|886400|28510010.0000|32.1200000000
14450000|32.1300000000|32.1300000000|32.0500000000|32.0600000000|1980000|63520896.0000|32.0600000000
14500000|32.0700000000|32.1400000000|32.0700000000|32.1100000000|879300|28233600.0000|32.1100000000
14550000|32.1200000000|32.1700000000|32.1100000000|32.1700000000|910800|29275776.0000|32.1700000000
15000000|32.1700000000|32.1700000000|32.1500000000|32.1600000000|919700|29576448.0000|32.1600000000
