09350000|23.5000000000|23.6200000000|23.3400000000|23.4400000000|8515800|199745824.0000|23.4400000000
09400000|23.4500000000|23.5000000000|23.3100000000|23.3100000000|4693800|109807232.0000|23.3100000000
09450000|23.3200000000|23.3200000000|23.2000000000|23.2600000000|6412300|149135904.0000|23.2600000000
09500000|23.2600000000|23.2800000000|23.0500000000|23.0500000000|8965700|207492162.0000|23.0500000000
09550000|23.0500000000|23.2100000000|23.0500000000|23.1600000000|3245900|75144246.0000|23.1600000000
10000000|23.1600000000|23.1900000000|23.1000000000|23.1400000000|2624700|60737408.0000|23.1400000000
10050000|23.1500000000|23.2200000000|23.1500000000|23.2200000000|1704100|39506632.0000|23.2200000000
10100000|23.2200000000|23.2600000000|23.1500000000|23.1500000000|1854800|43036536.0000|23.1500000000
10150000|23.1400000000|23.1500000000|23.1000000000|23.1400000000|2055300|47511688.0000|23.1400000000
10200000|23.1400000000|23.1400000000|23.0600000000|23.1000000000|2961600|68382075.0000|23.1000000000
10250000|23.1000000000|23.1800000000|23.0900000000|23.1500000000|1170000|27069693.0000|23.1500000000
10300000|23.1500000000|23.1600000000|23.1200000000|23.1200000000|932100|21571522.0000|23.1200000000
10350000|23.1200000000|23.1300000000|23.1100000000|23.1200000000|948700|21932222.0000|23.1200000000
10400000|23.1200000000|23.1700000000|23.1100000000|23.1400000000|747700|17307264.0000|23.1400000000
10450000|23.1500000000|23.1500000000|23.1200000000|23.1400000000|951100|22004108.0000|23.1400000000
10500000|23.1400000000|23.2700000000|23.1400000000|23.2300000000|1077300|25018368.0000|23.2300000000
10550000|23.2400000000|23.2400000000|23.1800000000|23.1800000000|855500|19855350.0000|23.1800000000
11000000|23.1800000000|23.2100000000|23.1600000000|23.1700000000|772000|17896322.0000|23.1700000000
11050000|23.1700000000|23.1800000000|23.1400000000|23.1600000000|789100|18273026.0000|23.1600000000
11100000|23.1600000000|23.2000000000|23.1500000000|23.1900000000|429200|9944072.0000|23.1900000000
11150000|23.1900000000|23.2000000000|23.1600000000|23.1900000000|719300|16671097.0000|23.1900000000
11200000|23.2000000000|23.2100000000|23.1800000000|23.1900000000|548000|12709501.0000|23.1900000000
11250000|23.1900000000|23.1900000000|23.1700000000|23.1900000000|493500|11440764.0000|23.1900000000
11300000|23.2000000000|23.2100000000|23.1900000000|23.2000000000|522400|12117899.0000|23.2000000000
13050000|23.2100000000|23.3000000000|23.2000000000|23.3000000000|1270100|29546997.0000|23.3000000000
13100000|23.2900000000|23.3000000000|23.2400000000|23.2400000000|653900|15209994.0000|23.2400000000
13150000|23.2400000000|23.2400000000|23.1800000000|23.2000000000|865400|20075268.0000|23.2000000000
13200000|23.2000000000|23.2000000000|23.1600000000|23.1700000000|888800|20598785.0000|23.1700000000
13250000|23.1800000000|23.2100000000|23.1600000000|23.1900000000|683600|15849209.0000|23.1900000000
13300000|23.2000000000|23.2100000000|23.1700000000|23.2000000000|787500|18260864.0000|23.2000000000
13350000|23.2000000000|23.2200000000|23.1800000000|23.2100000000|698800|16209662.0000|23.2100000000
13400000|23.2200000000|23.2600000000|23.2100000000|23.2100000000|698800|16236802.0000|23.2100000000
13450000|23.2200000000|23.2200000000|23.2000000000|23.2200000000|666500|15465856.0000|23.2200000000
13500000|23.2100000000|23.2300000000|23.2100000000|23.2200000000|660400|15331324.0000|23.2200000000
13550000|23.2200000000|23.3800000000|23.2200000000|23.3500000000|2131800|49695494.0000|23.3500000000
14000000|23.3600000000|23.3600000000|23.2800000000|23.2800000000|1085400|25300345.0000|23.2800000000
14050000|23.2800000000|23.3000000000|23.2500000000|23.3000000000|643300|14970243.0000|23.3000000000
14100000|23.3000000000|23.3200000000|23.2800000000|23.3200000000|613700|14298758.0000|23.3200000000
14150000|23.3300000000|23.3400000000|23.3000000000|23.3300000000|799300|18643575.0000|23.3300000000
14200000|23.3300000000|23.3300000000|23.3100000000|23.3200000000|580000|13527049.0000|23.3200000000
14250000|23.3100000000|23.3200000000|23.3000000000|23.3100000000|764600|17825792.0000|23.3100000000
14300000|23.3100000000|23.3400000000|23.3100000000|23.3300000000|721500|16833526.0000|23.3300000000
14350000|23.3200000000|23.4500000000|23.3200000000|23.3900000000|2094300|48998662.0000|23.3900000000
14400000|23.4000000000|23.4600000000|23.3900000000|23.4200000000|1482500|34738944.0000|23.4200000000
14450000|23.4200000000|23.4400000000|23.4000000000|23.4000000000|1839500|43080960.0000|23.4000000000
14500000|23.4000000000|23.4100000000|23.3800000000|23.3800000000|2150300|50298368.0000|23.3800000000
14550000|23.3900000000|23.4600000000|23.3800000000|23.4400000000|4445600|104182144.0000|23.4400000000
15000000|23.4400000000|23.4400000000|23.4200000000|23.4300000000|2534900|59402880.0000|23.4300000000
