093500|22.64|22.9|22.63|22.78|33225.0|75591974.0|22.77
094000|22.78|22.83|22.73|22.74|17617.0|40125327.0|22.78
094500|22.74|22.87|22.73|22.85|18164.0|41404163.0|22.74
095000|22.84|22.84|22.76|22.78|12461.0|28404656.0|22.85
095500|22.78|22.82|22.77|22.77|9467.0|21572008.0|22.78
100000|22.77|22.8|22.77|22.78|9303.0|21193747.0|22.77
100500|22.78|22.79|22.72|22.75|12379.0|28164601.0|22.78
101000|22.75|22.75|22.7|22.7|8956.0|20340457.0|22.75
101500|22.7|22.71|22.66|22.68|12698.0|28794093.0|22.7
102000|22.7|22.75|22.69|22.69|6130.0|13918993.0|22.68
102500|22.69|22.72|22.67|22.68|5064.0|11490508.0|22.69
103000|22.69|22.69|22.65|22.66|6149.0|13934475.0|22.68
103500|22.66|22.66|22.6|22.6|10938.0|24758111.0|22.66
104000|22.6|22.64|22.58|22.64|9697.0|21915407.0|22.6
104500|22.65|22.69|22.59|22.67|6255.0|14150860.0|22.64
105000|22.67|22.67|22.6|22.6|2684.0|6070721.0|22.67
105500|22.61|22.62|22.52|22.52|9509.0|21468304.0|22.6
110000|22.53|22.54|22.51|22.52|8153.0|18361085.0|22.52
110500|22.52|22.58|22.51|22.53|5649.0|12736872.0|22.52
111000|22.55|22.55|22.44|22.44|12432.0|27963654.0|22.53
111500|22.45|22.49|22.42|22.47|6887.0|15462138.0|22.44
112000|22.47|22.48|22.41|22.42|4864.0|10918663.0|22.47
112500|22.42|22.47|22.39|22.47|7089.0|15888519.0|22.42
113000|22.47|22.47|22.44|22.46|2522.0|5661191.0|22.47
130500|22.46|22.46|22.31|22.32|9091.0|20353761.0|22.46
131000|22.32|22.38|22.31|22.34|5643.0|12602225.0|22.32
131500|22.33|22.35|22.32|22.33|4532.0|10122530.0|22.34
132000|22.34|22.48|22.33|22.47|4961.0|11111890.0|22.33
132500|22.47|22.51|22.45|22.48|4149.0|9329574.0|22.47
133000|22.47|22.5|22.45|22.45|2865.0|6440492.0|22.48
133500|22.46|22.6|22.45|22.48|5546.0|12504958.0|22.45
134000|22.48|22.5|22.42|22.42|2241.0|5032591.0|22.48
134500|22.44|22.44|22.4|22.43|3130.0|7013883.0|22.42
135000|22.41|22.43|22.38|22.42|3633.0|8138583.0|22.43
135500|22.41|22.42|22.39|22.4|2880.0|6451026.0|22.42
140000|22.4|22.4|22.35|22.36|4514.0|10098468.0|22.4
140500|22.35|22.36|22.33|22.34|5187.0|11588328.0|22.36
141000|22.34|22.38|22.33|22.33|3313.0|7405753.0|22.34
141500|22.33|22.35|22.33|22.34|3739.0|8351343.0|22.33
142000|22.34|22.35|22.31|22.31|7496.0|16733874.0|22.34
142500|22.31|22.32|22.31|22.31|6102.0|13615784.0|22.31
143000|22.32|22.34|22.3|22.34|7192.0|16045813.0|22.31
143500|22.35|22.41|22.33|22.34|4663.0|10430121.0|22.34
144000|22.34|22.35|22.3|22.31|5980.0|13345658.0|22.34
144500|22.31|22.32|22.2|22.22|19146.0|42614264.0|22.31
145000|22.22|22.28|22.2|22.28|10294.0|22876171.0|22.22
145500|22.28|22.28|22.24|22.25|9417.0|20961899.0|22.28
150000|22.25|22.25|22.22|22.22|12139.0|26979537.0|22.25
