09350000|47.8739520000|47.9238207000|47.1458689800|47.5148973600|416400|19793474.0000|47.5148973600
09400000|47.5148973600|47.6545297200|46.6272345000|46.7469193800|477200|22474542.0000|46.7469193800
09450000|46.7469193800|46.9463941800|46.1185737600|46.2482323800|449500|20954032.0000|46.2482323800
09500000|46.2482323800|46.4776284000|46.1385212400|46.2881273400|328200|15235848.0000|46.2881273400
09550000|46.2881273400|47.0162103600|46.2781536000|46.8765780000|229600|10705944.0000|46.8765780000
10000000|46.8765780000|46.9962628800|46.6372082400|46.6471819800|130600|6131576.0000|46.6471819800
10050000|46.6471819800|46.7169981600|46.4776284000|46.6372082400|138000|6444720.0000|46.6372082400
10100000|46.6372082400|46.8666042600|46.5075496200|46.5873395400|123400|5775744.0000|46.5873395400
10150000|46.5873395400|46.6272345000|46.4776284000|46.5274971000|62200|2904320.0000|46.5274971000
10200000|46.5274971000|46.5374708400|46.3878647400|46.3978384800|82200|3830944.0000|46.3978384800
10250000|46.3978384800|46.5474445800|46.2781536000|46.5075496200|131600|6117440.0000|46.5075496200
10300000|46.5075496200|46.6471819800|46.5075496200|46.5374708400|50900|2381296.0000|46.5374708400
10350000|46.5374708400|46.5374708400|46.3280223000|46.3579435200|63000|2932392.0000|46.3579435200
10400000|46.3080748200|46.4975758800|46.2781536000|46.4177859600|83600|3888488.0000|46.4177859600
10450000|46.4776284000|46.6072870200|46.4177859600|46.4277597000|144000|6707408.0000|46.4277597000
10500000|46.4277597000|46.5374708400|46.3978384800|46.4078122200|75800|3531472.0000|46.4078122200
10550000|46.4078122200|46.4776284000|46.4078122200|46.4477071800|25800|1199536.0000|46.4477071800
11000000|46.4477071800|46.5075496200|46.3978384800|46.4576809200|49500|2306688.0000|46.4576809200
11050000|46.4576809200|46.4576809200|46.3080748200|46.3878647400|51800|2410000.0000|46.3878647400
11100000|46.3978384800|46.5274971000|46.3878647400|46.5075496200|35600|1656544.0000|46.5075496200
11150000|46.5075496200|46.6771032000|46.5075496200|46.5873395400|25600|1198448.0000|46.5873395400
11200000|46.5873395400|46.9463941800|46.5873395400|46.9463941800|54200|2537568.0000|46.9463941800
11250000|46.9463941800|46.9463941800|46.7868143400|46.8366830400|46200|2174496.0000|46.8366830400
11300000|46.8366830400|46.8566305200|46.7269719000|46.7967880800|22400|1050720.0000|46.7967880800
13050000|46.8067618200|46.8067618200|46.5673920600|46.5873395400|70500|3297008.0000|46.5873395400
13100000|46.5873395400|46.9663416600|46.5175233600|46.9463941800|117300|5501136.0000|46.9463941800
13150000|46.9463941800|47.1259215000|46.7269719000|47.0561053200|61200|2881344.0000|47.0561053200
13200000|47.0561053200|47.1558427200|46.8965254800|47.1159477600|88700|4185040.0000|47.1159477600
13250000|47.1159477600|47.2855013400|47.1159477600|47.1857639400|61300|2900448.0000|47.1857639400
13300000|47.1957376800|47.4251337000|47.0760528000|47.4251337000|81400|3853664.0000|47.4251337000
13350000|47.4251337000|47.4550549200|47.1757902000|47.1757902000|28100|1336912.0000|47.1757902000
13400000|47.1757902000|47.2256589000|46.9763154000|47.0860265400|44300|2094432.0000|47.0860265400
13450000|47.0860265400|47.1957376800|46.9763154000|47.0261841000|39000|1839840.0000|47.0261841000
13500000|47.0162103600|47.0760528000|46.9264467000|46.9862891400|29300|1379360.0000|46.9862891400
13550000|46.9862891400|46.9862891400|46.7568931200|46.7967880800|152200|7149504.0000|46.7967880800
14000000|46.8267093000|46.9164729600|46.8267093000|46.8765780000|52600|2471888.0000|46.8765780000
14050000|46.8765780000|46.9962628800|46.8466567800|46.9962628800|44300|2084304.0000|46.9962628800
14100000|46.9962628800|47.0660790600|46.9264467000|47.0660790600|36200|1704288.0000|47.0660790600
14150000|47.0660790600|47.1957376800|47.0461315800|47.1259215000|49000|2315200.0000|47.1259215000
14200000|47.1259215000|47.1259215000|46.9364204400|47.0760528000|38000|1793808.0000|47.0760528000
14250000|47.0760528000|47.0760528000|47.0062366200|47.0361578400|51100|2408912.0000|47.0361578400
14300000|47.0361578400|47.2057114200|47.0261841000|47.1957376800|60200|2840528.0000|47.1957376800
14350000|47.1957376800|47.2456063800|47.1757902000|47.2256589000|70200|3324656.0000|47.2256589000
14400000|47.2256589000|47.3553175200|47.1757902000|47.2954750800|79100|3748464.0000|47.2954750800
14450000|47.2954750800|47.4151599600|47.2755276000|47.3553175200|95900|4553136.0000|47.3553175200
14500000|47.3553175200|47.5348448400|47.2755276000|47.5248711000|100600|4780400.0000|47.5248711000
14550000|47.5248711000|47.5248711000|47.4051862200|47.4750024000|113000|5381840.0000|47.4750024000
15000000|47.4750024000|47.5348448400|47.4750024000|47.4849761400|120400|5732032.0000|47.4849761400
