09350000|37.3683198000|38.2166358000|36.8381223000|38.1954279000|417600|22158528.0000|38.1954279000
09400000|38.1954279000|38.2731902000|37.7854085000|38.1459428000|219100|11793008.0000|38.1459428000
09450000|38.1459428000|39.2204764000|38.0893884000|39.1992685000|290800|15890844.0000|39.1992685000
09500000|39.1992685000|39.7436046000|39.1780606000|39.1921992000|377000|21025548.0000|39.1921992000
09550000|39.1921992000|39.9415450000|39.0649518000|39.8213669000|218400|12243128.0000|39.8213669000
10000000|39.8213669000|40.3020793000|39.8213669000|40.3020793000|221200|12553912.0000|40.3020793000
10050000|40.3020793000|40.4010495000|39.6022186000|39.7223967000|223500|12671088.0000|39.7223967000
10100000|39.7223967000|39.8001590000|39.3618624000|39.4749712000|110600|6191336.0000|39.4749712000
10150000|39.4749712000|39.9344757000|39.3123773000|39.8991292000|92000|5142272.0000|39.8991292000
10200000|39.8991292000|40.0617231000|39.5951493000|39.8142976000|43300|2438608.0000|39.8142976000
10250000|39.8142976000|39.9556836000|39.7294660000|39.8213669000|96500|5441376.0000|39.8213669000
10300000|39.8213669000|39.8849906000|39.5173870000|39.7577432000|53400|2995792.0000|39.7577432000
10350000|39.7577432000|39.8920599000|39.6870502000|39.8001590000|38300|2153496.0000|39.8001590000
10400000|39.8001590000|39.8284362000|39.4466940000|39.4466940000|40700|2278832.0000|39.4466940000
10450000|39.4466940000|39.5668721000|39.1073676000|39.2911694000|76300|4243104.0000|39.2911694000
10500000|39.3760010000|39.4184168000|39.1921992000|39.2558229000|58100|3228672.0000|39.2558229000
10550000|39.2487536000|39.4679019000|39.1497834000|39.3194466000|100200|5565312.0000|39.3194466000
11000000|39.3194466000|39.3547931000|39.1992685000|39.3406545000|107500|5974016.0000|39.3406545000
11050000|39.3406545000|39.4042782000|39.1285755000|39.1285755000|42000|2331264.0000|39.1285755000
11100000|39.1215062000|39.1356448000|39.0225360000|39.0578825000|40000|2210720.0000|39.0578825000
11150000|39.0578825000|39.2204764000|38.9942588000|39.2204764000|65300|3610320.0000|39.2204764000
11200000|39.1639220000|39.4608326000|39.1639220000|39.4537633000|44500|2474720.0000|39.4537633000
11250000|39.4537633000|39.4608326000|39.2346150000|39.4537633000|53600|2983952.0000|39.4537633000
11300000|39.4184168000|39.4184168000|39.2416843000|39.2699615000|26900|1496432.0000|39.2699615000
13050000|39.2911694000|39.3194466000|38.7044175000|38.9659816000|98600|5444656.0000|38.9659816000
13100000|38.9942588000|38.9942588000|38.7892491000|38.9164965000|36400|2001776.0000|38.9164965000
13150000|38.9164965000|39.0578825000|38.7397640000|38.7397640000|46200|2540608.0000|38.7397640000
13200000|38.7397640000|38.8104570000|38.4428534000|38.4852692000|65400|3574816.0000|38.4852692000
13250000|38.4781999000|38.4781999000|38.0328340000|38.0540419000|95300|5157920.0000|38.0540419000
13300000|38.0540419000|38.0964577000|37.9338638000|38.0469726000|84400|4537792.0000|38.0469726000
13350000|38.0469726000|38.4075069000|38.0469726000|38.2873288000|64400|3484608.0000|38.2873288000
13400000|38.2802595000|38.3509525000|38.1318042000|38.3297446000|33000|1784752.0000|38.3297446000
13450000|38.3297446000|38.3862990000|38.1600814000|38.3297446000|45900|2486528.0000|38.3297446000
13500000|38.3156060000|38.6902789000|38.3156060000|38.6407938000|73100|3980480.0000|38.6407938000
13550000|38.6407938000|38.7114868000|38.4852692000|38.6973482000|61200|3342288.0000|38.6973482000
14000000|38.6973482000|38.6973482000|38.2731902000|38.3580218000|97300|5291296.0000|38.3580218000
14050000|38.3509525000|38.3792297000|38.1742200000|38.2873288000|61800|3345472.0000|38.2873288000
14100000|38.3085367000|38.5488929000|38.2519823000|38.5064771000|85500|4649904.0000|38.5064771000
14150000|38.5064771000|38.5135464000|38.3156060000|38.4640613000|57400|3122320.0000|38.4640613000
14200000|38.4711306000|38.4852692000|38.2519823000|38.3862990000|39700|2155152.0000|38.3862990000
14250000|38.3862990000|38.3862990000|38.1671507000|38.2095665000|62100|3366208.0000|38.2095665000
14300000|38.2095665000|38.2166358000|37.9621410000|38.0116261000|82400|4446320.0000|38.0116261000
14350000|38.0116261000|38.2024972000|37.9338638000|38.1247349000|72800|3924608.0000|38.1247349000
14400000|38.1247349000|38.3156060000|38.1247349000|38.3156060000|37400|2024000.0000|38.3156060000
14450000|38.3156060000|38.8882193000|38.2802595000|38.7751105000|120200|6576672.0000|38.7751105000
14500000|38.7751105000|38.7892491000|38.5276850000|38.6054473000|65200|3562960.0000|38.6054473000
14550000|38.5630315000|38.6690710000|38.4852692000|38.6690710000|76400|4173552.0000|38.6690710000
15000000|38.6690710000|38.7751105000|38.6620017000|38.7185561000|59400|3252288.0000|38.7185561000
