093500|129.75|129.75|122.68|122.71|14084.0|177839370.0|132.25
094000|122.71|128.24|122.71|128.24|11922.0|149540235.0|122.71
094500|128.64|128.7|126.03|128.26|5744.0|73291112.0|128.24
095000|128.46|129.47|127.61|128.15|4168.0|53637592.0|128.26
095500|128.79|129.14|127.94|128.06|2155.0|27775329.0|128.15
100000|128.07|128.52|126.55|128.52|2382.0|30419059.0|128.06
100500|128.5|128.66|127.78|128.17|1786.0|22974415.0|128.52
101000|128.18|129.66|128.11|129.16|2624.0|34008118.0|128.17
101500|129.31|132.04|129.31|131.24|2457.0|32286368.0|129.16
102000|131.24|131.47|130.54|131.04|1112.0|14599787.0|131.24
102500|131.16|131.32|130.56|130.76|1320.0|17345724.0|131.04
103000|130.76|132.65|130.36|132.14|2531.0|33437578.0|130.76
103500|132.15|135.44|131.95|135.44|3370.0|45151646.0|132.14
104000|135.62|137.82|135.3|137.05|7751.0|106120125.0|135.44
104500|137.01|137.03|134.16|134.27|2285.0|31091465.0|137.05
105000|134.29|136.38|134.29|135.14|1435.0|19495314.0|134.27
105500|135.15|135.74|134.66|135.74|1042.0|14121230.0|135.14
110000|135.71|136.64|135.67|136.64|1033.0|14099495.0|135.74
110500|136.63|136.65|135.29|135.63|1989.0|27170873.0|136.64
111000|135.63|135.64|134.65|135.16|753.0|10209178.0|135.63
111500|135.3|135.54|134.28|134.28|935.0|12638757.0|135.16
112000|134.29|134.29|133.23|133.23|797.0|10679215.0|134.28
112500|133.22|133.24|131.04|131.53|1515.0|20024739.0|133.23
113000|131.55|132.25|131.11|132.25|1010.0|13335792.0|131.53
130500|132.42|132.42|129.89|129.91|1118.0|14715624.0|132.25
131000|129.91|129.91|129.31|129.71|1259.0|16351784.0|129.91
131500|129.69|132.51|129.69|132.5|860.0|11321823.0|129.71
132000|132.52|132.52|130.66|130.82|520.0|6850590.0|132.5
132500|130.82|130.82|130.16|130.32|641.0|8391505.0|130.82
133000|130.32|130.47|130.32|130.44|613.0|8016017.0|130.32
133500|130.44|130.44|129.66|130.01|910.0|11870124.0|130.44
134000|130.01|131.32|129.99|131.32|567.0|7411858.0|130.01
134500|131.65|132.25|131.15|131.15|568.0|7505950.0|131.32
135000|131.14|131.65|131.06|131.65|227.0|2987191.0|131.15
135500|131.75|132.25|131.62|131.65|368.0|4869662.0|131.65
140000|131.63|131.63|130.64|130.65|260.0|3416066.0|131.65
140500|130.63|130.63|129.61|129.64|960.0|12508287.0|130.65
141000|129.66|131.62|129.65|130.6|873.0|11395000.0|129.64
141500|130.6|130.66|129.62|130.66|773.0|10069760.0|130.6
142000|130.11|131.45|130.11|131.01|346.0|4544180.0|130.66
142500|131.01|131.16|130.91|130.91|446.0|5859738.0|131.01
143000|130.91|130.94|130.33|130.37|653.0|8548713.0|130.91
143500|130.37|130.65|130.36|130.64|755.0|9880690.0|130.37
144000|130.66|131.13|130.66|131.06|811.0|10653886.0|130.64
144500|131.07|131.11|129.86|129.86|1083.0|14184015.0|131.06
145000|129.86|129.95|129.66|129.95|1293.0|16812630.0|129.86
145500|129.94|130.48|129.94|130.36|1690.0|22086191.0|129.95
150000|130.39|130.41|130.38|130.4|2205.0|28826250.0|130.36
