093500|119.98|120.77|119.58|120.25|6397.0|76750749.0|118.01
094000|120.28|120.78|120.0|120.62|3772.0|45414549.0|120.25
094500|120.62|120.8|120.0|120.61|3042.0|36655757.0|120.62
095000|120.58|120.58|119.0|119.11|2459.0|29439930.0|120.61
095500|119.11|119.84|118.9|119.21|1964.0|23429348.0|119.11
100000|119.21|119.52|118.53|118.77|1798.0|21408199.0|119.21
100500|118.6|118.9|118.0|118.85|2051.0|24284375.0|118.77
101000|118.76|119.2|118.62|118.62|1120.0|13319017.0|118.85
101500|118.62|119.12|118.6|118.71|1170.0|13907563.0|118.62
102000|118.71|118.95|118.31|118.38|1397.0|16555547.0|118.71
102500|118.38|118.38|118.01|118.24|1461.0|17256913.0|118.38
103000|118.28|118.5|118.15|118.15|899.0|10636932.0|118.24
103500|118.15|118.4|117.87|118.34|1016.0|11996954.0|118.15
104000|118.35|118.62|118.04|118.05|750.0|8871255.0|118.34
104500|118.0|118.14|117.8|117.85|1031.0|12160724.0|118.05
105000|117.85|118.33|117.68|118.16|1332.0|15705228.0|117.85
105500|118.13|118.25|117.9|118.13|370.0|4369366.0|118.16
110000|118.1|118.1|117.93|118.07|664.0|7836898.0|118.13
110500|118.07|118.2|117.83|118.2|503.0|5935182.0|118.07
111000|118.26|118.54|118.2|118.51|428.0|5069372.0|118.2
111500|118.52|118.71|118.41|118.64|664.0|7873658.0|118.51
112000|118.66|118.66|118.32|118.54|542.0|6422479.0|118.64
112500|118.53|118.9|118.52|118.79|402.0|4773052.0|118.54
113000|118.79|118.87|118.71|118.8|387.0|4596888.0|118.79
130500|118.87|118.87|118.5|118.62|701.0|8321253.0|118.8
131000|118.69|119.18|118.63|119.01|905.0|10765245.0|118.62
131500|119.01|119.12|118.65|118.65|501.0|5959218.0|119.01
132000|118.65|118.71|118.51|118.66|514.0|6095845.0|118.65
132500|118.66|118.86|118.62|118.8|263.0|3123865.0|118.66
133000|118.8|119.15|118.77|119.08|392.0|4663198.0|118.8
133500|119.04|119.05|118.88|118.93|341.0|4056627.0|119.08
134000|118.93|119.14|118.89|119.14|404.0|4807215.0|118.93
134500|119.1|119.1|118.89|119.0|400.0|4758772.0|119.14
135000|118.96|119.03|118.92|118.99|378.0|4497522.0|119.0
135500|118.98|119.0|118.57|118.58|664.0|7891318.0|118.99
140000|118.58|118.89|118.27|118.44|807.0|9561432.0|118.58
140500|118.35|118.98|118.35|118.87|583.0|6913690.0|118.44
141000|118.89|118.95|118.7|118.91|618.0|7344029.0|118.87
141500|118.9|119.14|118.86|118.93|750.0|8925907.0|118.91
142000|118.93|119.37|118.93|119.15|972.0|11585808.0|118.93
142500|119.15|119.26|119.02|119.02|530.0|6315093.0|119.15
143000|119.02|119.26|119.02|119.13|490.0|5839219.0|119.02
143500|119.13|119.3|119.0|119.2|753.0|8970390.0|119.13
144000|119.2|119.23|118.95|119.0|564.0|6714674.0|119.2
144500|118.99|119.14|118.98|119.13|843.0|10034367.0|119.0
145000|119.13|119.2|119.0|119.0|1159.0|13803745.0|119.13
145500|119.0|119.04|118.88|119.02|1565.0|18617273.0|119.0
150000|119.02|119.05|119.0|119.05|1605.0|19105662.0|119.02
