09350000|14.3280880000|14.3280880000|14.0128000000|14.1003800000|833000|13444985.0000|14.1003800000
09400000|14.1003800000|14.1704440000|14.0390740000|14.0478320000|946700|15255373.0000|14.0478320000
09450000|14.0215580000|14.0653480000|13.9952840000|14.0478320000|929650|14890808.0000|14.0478320000
09500000|14.0478320000|14.1529280000|14.0478320000|14.1529280000|227700|3661544.0000|14.1529280000
09550000|14.1529280000|14.1879600000|14.1178960000|14.1792020000|218500|3530033.0000|14.1792020000
10000000|14.1792020000|14.2317500000|14.1704440000|14.2142340000|224600|3644013.0000|14.2142340000
10050000|14.2229920000|14.2667820000|14.2054760000|14.2492660000|187400|3046107.0000|14.2492660000
10100000|14.2492660000|14.2492660000|14.1529280000|14.1529280000|268600|4351290.0000|14.1529280000
10150000|14.1529280000|14.1967180000|14.1441700000|14.1967180000|294400|4761449.0000|14.1967180000
10200000|14.1967180000|14.1967180000|14.1704440000|14.1704440000|80600|1304800.0000|14.1704440000
10250000|14.1704440000|14.1704440000|14.1178960000|14.1704440000|183000|2954800.0000|14.1704440000
10300000|14.1704440000|14.1967180000|14.1529280000|14.1529280000|61900|1002261.0000|14.1529280000
10350000|14.1529280000|14.1616860000|14.1003800000|14.1091380000|151800|2448640.0000|14.1091380000
10400000|14.1091380000|14.1354120000|14.1003800000|14.1266540000|94800|1526882.0000|14.1266540000
10450000|14.1266540000|14.1354120000|14.1091380000|14.1266540000|74000|1193377.0000|14.1266540000
10500000|14.1266540000|14.1704440000|14.1266540000|14.1266540000|78200|1263561.0000|14.1266540000
10550000|14.1354120000|14.1616860000|14.1266540000|14.1616860000|29800|481671.0000|14.1616860000
11000000|14.1879600000|14.2492660000|14.1879600000|14.2405080000|153000|2484942.0000|14.2405080000
11050000|14.2229920000|14.2492660000|14.2054760000|14.2229920000|129797|2106571.0000|14.2229920000
11100000|14.2229920000|14.2229920000|14.1967180000|14.1967180000|87600|1420287.0000|14.1967180000
11150000|14.2054760000|14.2054760000|14.1704440000|14.1704440000|108500|1757831.0000|14.1704440000
11200000|14.1704440000|14.2054760000|14.1529280000|14.1616860000|41700|674523.0000|14.1616860000
11250000|14.1616860000|14.1879600000|14.1441700000|14.1792020000|48900|790808.0000|14.1792020000
11300000|14.1879600000|14.2229920000|14.1704440000|14.2142340000|51200|829902.0000|14.2142340000
13050000|14.2142340000|14.2142340000|14.1704440000|14.2054760000|59700|967870.0000|14.2054760000
13100000|14.2054760000|14.2054760000|14.1266540000|14.1354120000|124900|2018471.0000|14.1354120000
13150000|14.1266540000|14.1354120000|14.0916220000|14.1091380000|142400|2293284.0000|14.1091380000
13200000|14.1091380000|14.1178960000|14.0916220000|14.1091380000|82200|1323752.0000|14.1091380000
13250000|14.1091380000|14.1266540000|14.0128000000|14.0565900000|470600|7545249.0000|14.0565900000
13300000|14.0741060000|14.1091380000|14.0741060000|14.1091380000|93700|1508147.0000|14.1091380000
13350000|14.1178960000|14.1616860000|14.1178960000|14.1616860000|113900|1838806.0000|14.1616860000
13400000|14.1704440000|14.1879600000|14.1354120000|14.1354120000|66100|1069100.0000|14.1354120000
13450000|14.1354120000|14.1529280000|14.1266540000|14.1441700000|106300|1715345.0000|14.1441700000
13500000|14.1354120000|14.1441700000|14.1178960000|14.1266540000|27100|437297.0000|14.1266540000
13550000|14.1441700000|14.1529280000|14.1091380000|14.1529280000|52900|853275.0000|14.1529280000
14000000|14.1529280000|14.1529280000|14.1003800000|14.1091380000|58800|947443.0000|14.1091380000
14050000|14.1178960000|14.1616860000|14.1091380000|14.1616860000|52200|842433.0000|14.1616860000
14100000|14.1616860000|14.1704440000|14.1441700000|14.1529280000|28700|463619.0000|14.1529280000
14150000|14.1529280000|14.1529280000|14.1441700000|14.1529280000|19200|310220.0000|14.1529280000
14200000|14.1529280000|14.1529280000|14.1441700000|14.1441700000|112000|1808997.0000|14.1441700000
14250000|14.1441700000|14.1529280000|14.1178960000|14.1266540000|74600|1203996.0000|14.1266540000
14300000|14.1178960000|14.1354120000|14.1091380000|14.1266540000|40100|646597.0000|14.1266540000
14350000|14.1266540000|14.1354120000|14.1091380000|14.1266540000|76200|1228214.0000|14.1266540000
14400000|14.1266540000|14.1354120000|14.1003800000|14.1091380000|62700|1010161.0000|14.1091380000
14450000|14.1091380000|14.1354120000|14.0828640000|14.0828640000|125100|2014612.0000|14.0828640000
14500000|14.0828640000|14.1178960000|14.0828640000|14.1178960000|73100|1177376.0000|14.1178960000
14550000|14.1178960000|14.1354120000|14.0916220000|14.1178960000|205900|3316682.0000|14.1178960000
15000000|14.1178960000|14.1441700000|14.1178960000|14.1441700000|227627|3674304.0000|14.1441700000
