093500|2.38|2.38|2.36|2.36|19074.0|4522026.0|2.39
094000|2.37|2.37|2.36|2.36|15166.0|3584785.0|2.36
094500|2.37|2.37|2.36|2.36|18524.0|4373168.0|2.36
095000|2.36|2.36|2.35|2.36|9735.0|2291149.0|2.36
095500|2.36|2.36|2.34|2.34|24500.0|5752853.0|2.36
100000|2.35|2.35|2.33|2.34|27344.0|6400707.0|2.34
100500|2.34|2.35|2.34|2.34|7878.0|1847453.0|2.34
101000|2.34|2.35|2.34|2.35|3257.0|763184.0|2.34
101500|2.34|2.35|2.34|2.35|4220.0|989539.0|2.35
102000|2.35|2.35|2.34|2.34|10825.0|2536837.0|2.35
102500|2.34|2.35|2.34|2.34|6218.0|1457236.0|2.34
103000|2.34|2.35|2.34|2.35|8462.0|1983782.0|2.34
103500|2.34|2.35|2.33|2.34|15894.0|3719437.0|2.35
104000|2.34|2.35|2.33|2.34|3140.0|734337.0|2.34
104500|2.34|2.34|2.33|2.34|8216.0|1920962.0|2.34
105000|2.34|2.35|2.33|2.34|7491.0|1754677.0|2.34
105500|2.34|2.35|2.33|2.33|14872.0|3467906.0|2.34
110000|2.34|2.34|2.33|2.33|3576.0|834021.0|2.33
110500|2.33|2.34|2.33|2.34|1577.0|368023.0|2.33
111000|2.33|2.34|2.33|2.34|4054.0|948616.0|2.34
111500|2.33|2.35|2.33|2.34|3610.0|844760.0|2.34
112000|2.33|2.34|2.33|2.34|1428.0|333929.0|2.34
112500|2.34|2.34|2.33|2.34|2435.0|569422.0|2.34
113000|2.33|2.35|2.33|2.34|3192.0|746763.0|2.34
130500|2.34|2.35|2.34|2.34|4085.0|955863.0|2.34
131000|2.34|2.34|2.33|2.33|4191.0|978901.0|2.34
131500|2.33|2.34|2.33|2.34|1425.0|332566.0|2.33
132000|2.33|2.34|2.33|2.34|2420.0|564285.0|2.34
132500|2.33|2.34|2.33|2.34|11223.0|2616041.0|2.34
133000|2.33|2.34|2.32|2.33|39577.0|9220960.0|2.34
133500|2.33|2.34|2.32|2.34|5340.0|1244234.0|2.33
134000|2.33|2.34|2.33|2.33|1940.0|452076.0|2.34
134500|2.33|2.34|2.33|2.34|8202.0|1911346.0|2.33
135000|2.34|2.34|2.33|2.33|527.0|122988.0|2.34
135500|2.33|2.34|2.33|2.33|1703.0|398287.0|2.33
140000|2.33|2.34|2.33|2.33|2294.0|536037.0|2.33
140500|2.33|2.34|2.33|2.34|6723.0|1566885.0|2.33
141000|2.33|2.34|2.33|2.34|2200.0|513133.0|2.34
141500|2.33|2.34|2.33|2.33|1905.0|443997.0|2.34
142000|2.34|2.34|2.33|2.33|7199.0|1677486.0|2.33
142500|2.33|2.34|2.32|2.33|11713.0|2726145.0|2.33
143000|2.33|2.34|2.32|2.33|10118.0|2357562.0|2.33
143500|2.33|2.34|2.32|2.34|11433.0|2656219.0|2.33
144000|2.33|2.33|2.32|2.32|7255.0|1687506.0|2.34
144500|2.33|2.33|2.32|2.32|10292.0|2392222.0|2.32
145000|2.33|2.33|2.32|2.32|11067.0|2568715.0|2.32
145500|2.33|2.33|2.31|2.32|27242.0|6321697.0|2.32
150000|2.32|2.33|2.31|2.32|16072.0|3729125.0|2.32
