093500|3.05|3.22|3.05|3.2|720318.0|226570079.0|3.02
094000|3.2|3.2|3.13|3.14|319540.0|101178094.0|3.2
094500|3.15|3.16|3.11|3.13|144899.0|45440116.0|3.14
095000|3.12|3.15|3.12|3.14|91821.0|28805129.0|3.13
095500|3.14|3.17|3.13|3.15|150129.0|47289701.0|3.14
100000|3.15|3.16|3.14|3.14|56295.0|17712992.0|3.15
100500|3.15|3.2|3.14|3.18|223558.0|71036920.0|3.14
101000|3.18|3.19|3.16|3.17|102405.0|32514715.0|3.18
101500|3.17|3.17|3.14|3.17|82122.0|25939991.0|3.17
102000|3.16|3.18|3.16|3.18|64313.0|20377344.0|3.17
102500|3.18|3.19|3.17|3.18|73443.0|23375951.0|3.18
103000|3.17|3.19|3.17|3.18|84179.0|26778430.0|3.18
103500|3.18|3.2|3.18|3.18|88411.0|28160460.0|3.18
104000|3.19|3.19|3.17|3.17|56292.0|17884350.0|3.18
104500|3.17|3.18|3.16|3.16|37111.0|11755172.0|3.17
105000|3.16|3.17|3.15|3.15|69539.0|21949635.0|3.16
105500|3.15|3.17|3.15|3.17|31768.0|10041838.0|3.15
110000|3.17|3.17|3.16|3.17|12319.0|3900070.0|3.17
110500|3.17|3.21|3.16|3.21|205276.0|65517607.0|3.17
111000|3.2|3.3|3.2|3.28|448586.0|146176538.0|3.21
111500|3.27|3.27|3.24|3.26|86457.0|28131393.0|3.28
112000|3.26|3.28|3.24|3.27|90710.0|29555068.0|3.26
112500|3.28|3.28|3.25|3.25|54473.0|17770301.0|3.27
113000|3.25|3.26|3.24|3.26|42054.0|13653663.0|3.25
130500|3.26|3.27|3.23|3.23|75396.0|24502631.0|3.26
131000|3.23|3.23|3.21|3.22|45716.0|14720474.0|3.23
131500|3.22|3.23|3.2|3.22|54254.0|17422758.0|3.22
132000|3.22|3.22|3.19|3.19|66832.0|21399698.0|3.22
132500|3.2|3.2|3.19|3.2|26897.0|8594027.0|3.19
133000|3.2|3.22|3.19|3.22|45629.0|14604302.0|3.2
133500|3.22|3.22|3.19|3.2|37640.0|12050534.0|3.22
134000|3.19|3.2|3.19|3.2|20329.0|6502313.0|3.2
134500|3.2|3.21|3.19|3.21|22937.0|7345967.0|3.2
135000|3.21|3.21|3.2|3.2|15042.0|4826433.0|3.21
135500|3.21|3.21|3.2|3.2|25181.0|8075561.0|3.2
140000|3.21|3.22|3.2|3.22|27834.0|8942620.0|3.2
140500|3.22|3.22|3.2|3.21|29133.0|9345161.0|3.22
141000|3.21|3.21|3.19|3.19|58787.0|18799076.0|3.21
141500|3.19|3.2|3.19|3.19|33777.0|10779946.0|3.19
142000|3.19|3.21|3.19|3.21|29002.0|9280330.0|3.19
142500|3.21|3.21|3.2|3.2|15261.0|4892572.0|3.21
143000|3.2|3.21|3.2|3.2|18092.0|5799881.0|3.2
143500|3.19|3.21|3.19|3.2|62820.0|20091258.0|3.2
144000|3.2|3.21|3.2|3.21|25853.0|8280348.0|3.2
144500|3.2|3.21|3.19|3.2|35095.0|11227283.0|3.21
145000|3.2|3.2|3.19|3.2|48156.0|15383185.0|3.2
145500|3.2|3.2|3.19|3.19|96276.0|30758721.0|3.2
150000|3.19|3.2|3.19|3.19|82168.0|26243155.0|3.19
