09350000|162.6318224000|163.4319560800|159.7476196000|162.2131478000|1179301|204636856.0000|162.2131478000
09400000|162.2317555600|162.5666952400|160.6687037200|161.1897210000|617200|107165416.0000|161.1897210000
09450000|161.3199753200|162.1201090000|161.1711132400|161.8968158800|370800|64433552.0000|161.8968158800
09500000|161.8875120000|161.8968158800|160.4733222400|161.1432016000|476184|82357072.0000|161.1432016000
09550000|161.1338977200|161.8037770800|160.5477532800|160.6780076000|218756|37860000.0000|160.6780076000
10000000|160.8640852000|161.3292792000|159.9336972000|159.9336972000|480538|82839952.0000|159.9336972000
10050000|159.8871778000|161.0501628000|159.6359730400|160.7431347600|441995|76129920.0000|160.7431347600
10100000|160.7524386400|161.1432016000|160.5756649200|161.1152899600|186900|32313824.0000|161.1152899600
10150000|161.1338977200|161.4502296400|160.4268028400|160.4733222400|153700|26581200.0000|160.4733222400
10200000|160.4733222400|160.7245270000|160.3058524000|160.3616756800|143600|24768560.0000|160.3616756800
10250000|160.3430679200|160.7617425200|160.3430679200|160.6966153600|91722|15829168.0000|160.6966153600
10300000|160.6966153600|160.7617425200|160.2500291200|160.3988912000|120100|20720816.0000|160.3988912000
10350000|160.3802834400|160.4454106000|159.9430010800|160.2500291200|225000|38717600.0000|160.2500291200
10400000|160.2686368800|160.2686368800|159.5615420000|159.8685700400|290500|49900304.0000|159.8685700400
10450000|159.8871778000|160.3244601600|159.8034428800|159.9150894400|153300|26364208.0000|159.9150894400
10500000|159.9150894400|160.2128136000|159.7569234800|159.8499622800|150500|25868592.0000|159.8499622800
10550000|159.9243933200|160.0267360000|159.8406584000|159.9988243600|82600|14200320.0000|159.9988243600
11000000|159.9430010800|160.2686368800|159.9336972000|160.0081282400|94200|16206064.0000|160.0081282400
11050000|159.9895204800|160.1755980800|159.6824924400|159.6917963200|116800|20069584.0000|159.6917963200
11100000|159.7011002000|159.9430010800|159.6452769200|159.7383157200|111998|19227472.0000|159.7383157200
11150000|159.7476196000|160.0732554000|159.7290118400|159.9336972000|57500|9884304.0000|159.9336972000
11200000|159.8871778000|160.3058524000|159.8871778000|160.3058524000|97700|16813488.0000|160.3058524000
11250000|160.3058524000|160.6593998400|160.2965485200|160.6314882000|75185|12971088.0000|160.6314882000
11300000|160.6314882000|160.6314882000|160.1849019600|160.3058524000|86800|14974960.0000|160.3058524000
13050000|160.3058524000|160.8640852000|159.9150894400|160.7710464000|172600|29770384.0000|160.7710464000
13100000|160.7617425200|160.9478201200|160.6407920800|160.8268696800|109300|18892128.0000|160.8268696800
13150000|160.7710464000|160.7710464000|160.2221174800|160.3058524000|74900|12913760.0000|160.3058524000
13200000|160.2407252400|160.7896541600|160.2407252400|160.6314882000|52900|9121200.0000|160.6314882000
13250000|160.6314882000|160.8175658000|160.3802834400|160.7524386400|63800|11017952.0000|160.7524386400
13300000|160.7524386400|160.9106046000|160.6314882000|160.6314882000|79100|13670064.0000|160.6314882000
13350000|160.6500959600|160.6780076000|160.2500291200|160.2779407600|82300|14193504.0000|160.2779407600
13400000|160.2500291200|160.4919300000|160.1476864400|160.2314213600|62500|10766960.0000|160.2314213600
13450000|160.2314213600|160.5384494000|160.2128136000|160.4547144800|67600|11652304.0000|160.4547144800
13500000|160.4547144800|160.4919300000|160.2035097200|160.2221174800|55400|9548288.0000|160.2221174800
13550000|160.1942058400|160.2965485200|160.0174321200|160.0174321200|121900|20978512.0000|160.0174321200
14000000|160.0174321200|160.3523718000|159.9336972000|160.1290786800|74300|12784320.0000|160.1290786800
14050000|160.1290786800|160.3616756800|159.9336972000|160.1383825600|105100|18084448.0000|160.1383825600
14100000|160.1383825600|160.1755980800|159.7104040800|159.7476196000|225500|38761056.0000|159.7476196000
14150000|159.7383157200|160.1290786800|159.7290118400|159.9336972000|184500|31724384.0000|159.9336972000
14200000|159.9243933200|160.1197748000|159.8313545200|160.0732554000|91500|15736992.0000|160.0732554000
14250000|160.0732554000|160.1197748000|159.9336972000|159.9523049600|85100|14635728.0000|159.9523049600
14300000|160.0081282400|160.3244601600|159.9523049600|160.2128136000|82600|14212032.0000|160.2128136000
14350000|160.1942058400|160.5384494000|160.0825592800|160.4174989600|119500|20597648.0000|160.4174989600
14400000|160.3244601600|160.4919300000|160.1290786800|160.3988912000|115600|19914160.0000|160.3988912000
14450000|160.3709795600|160.7338308800|160.2128136000|160.5384494000|159920|27590832.0000|160.5384494000
14500000|160.5105377600|161.0129472800|160.4919300000|160.8361735600|221000|38211280.0000|160.8361735600
14550000|160.7524386400|160.7710464000|160.4919300000|160.6314882000|173500|29956384.0000|160.6314882000
15000000|160.5849688000|160.6407920800|160.5291455200|160.5291455200|195200|33685760.0000|160.5291455200
