09350000|134.0203942800|134.0297985600|133.6066059600|133.8605215200|66400|9450009.0000|133.8605215200
09400000|133.9451600400|134.3589483600|133.8699258000|134.3589483600|51600|7358434.0000|134.3589483600
09450000|134.3683526400|134.3683526400|133.9733728800|134.2084798800|31600|4509911.0000|134.2084798800
09500000|134.1990756000|134.4529911600|134.0580114000|134.4529911600|35644|5085501.8000|134.4529911600
09550000|134.4623954400|135.2335464000|134.4529911600|135.1583121600|130482|18701890.3000|135.1583121600
10000000|135.1583121600|135.2147378400|134.7257152800|134.7257152800|65200|9359796.0000|134.7257152800
10050000|134.6786938800|134.7633324000|134.3871612000|134.4906082800|28900|4135057.0000|134.4906082800
10100000|134.5000125600|134.7633324000|134.3025226800|134.3025226800|31773|4545675.0000|134.3025226800
10150000|134.3025226800|134.4623954400|134.2084798800|134.3401398000|20200|2885808.0000|134.3401398000
10200000|134.3401398000|134.3401398000|134.1050328000|134.2366927200|22900|3268358.0000|134.2366927200
10250000|134.2460970000|134.2460970000|134.0203942800|134.1708627600|24300|3465383.0000|134.1708627600
10300000|134.1614584800|134.1708627600|134.0109900000|134.0580114000|16700|2381013.0000|134.0580114000
10350000|134.0580114000|134.2272884400|134.0297985600|134.0580114000|21500|3065734.0000|134.0580114000
10400000|134.0862242400|134.2178841600|134.0392028400|134.1426499200|13000|1853803.0000|134.1426499200
10450000|134.1426499200|134.1426499200|134.0956285200|134.1332456400|6500|927035.0000|134.1332456400
10500000|134.1426499200|134.4623954400|134.1426499200|134.3871612000|36400|5197948.0000|134.3871612000
10550000|134.3871612000|134.5940553600|134.3871612000|134.5752468000|14300|2044479.0000|134.5752468000
11000000|134.5752468000|134.6222682000|134.4247783200|134.5658425200|29200|4177550.0000|134.5658425200
11050000|134.5752468000|135.7507818000|134.5094168400|135.4310362800|197797|28434769.5100|135.4310362800
11100000|135.4310362800|135.7883989200|135.2335464000|135.4780576800|143200|20637457.0000|135.4780576800
11150000|135.5344833600|135.7037604000|135.2241421200|135.5626962000|87400|12595798.0000|135.5626962000
11200000|135.5626962000|135.6473347200|135.3275892000|135.6097176000|69700|10042864.0000|135.6097176000
11250000|135.5909090400|135.6191218800|135.2617592400|135.2617592400|32200|4639247.0000|135.2617592400
11300000|135.2617592400|135.2617592400|135.1583121600|135.1677164400|24600|3536254.0000|135.1677164400
13050000|135.1677164400|135.3087806400|135.0642693600|135.2899720800|25300|3636031.0000|135.2899720800
13100000|135.2899720800|135.3181849200|135.1583121600|135.3087806400|22450|3229575.5000|135.3087806400
13150000|135.3181849200|135.3181849200|135.2335464000|135.3087806400|32500|4675609.0000|135.3087806400
13200000|135.3087806400|135.3087806400|135.2335464000|135.2617592400|17900|2574613.0000|135.2617592400
13250000|135.2711635200|135.2711635200|135.1771207200|135.2523549600|17500|2516319.0000|135.2523549600
13300000|135.2617592400|135.4686534000|135.2241421200|135.4686534000|43295|6228389.7500|135.4686534000
13350000|135.4874619600|135.6191218800|135.3275892000|135.5250790800|59900|8634505.8000|135.5250790800
13400000|135.5250790800|135.5721004800|135.4592491200|135.5156748000|35864|5168596.1200|135.5156748000
13450000|135.5156748000|135.5344833600|135.4216320000|135.5156748000|31000|4466711.0000|135.5156748000
13500000|135.5156748000|135.5532919200|135.4310362800|135.5156748000|23600|3400592.0000|135.5156748000
13550000|135.5156748000|135.7319732400|135.5062705200|135.7319732400|51925|7488100.2500|135.7319732400
14000000|135.7225689600|135.7413775200|135.5344833600|135.5438876400|24700|3563716.0000|135.5438876400
14050000|135.5438876400|135.7037604000|135.5438876400|135.6379304400|20800|3000341.0000|135.6379304400
14100000|135.6379304400|135.6943561200|135.4686534000|135.4686534000|14400|2077008.0000|135.4686534000
14150000|135.4686534000|135.5438876400|135.4216320000|135.4780576800|15400|2218301.0000|135.4780576800
14200000|135.5250790800|135.5344833600|135.3087806400|135.4404405600|17900|2576866.0000|135.4404405600
14250000|135.4404405600|135.4404405600|135.2805678000|135.2805678000|8700|1252111.0000|135.2805678000
14300000|135.3087806400|135.3558020400|135.2523549600|135.3463977600|19090|2746235.8000|135.3463977600
14350000|135.3463977600|135.4216320000|135.2523549600|135.4216320000|17300|2489929.0000|135.4216320000
14400000|135.4216320000|135.5156748000|135.3087806400|135.4122277200|22000|3168866.0000|135.4122277200
14450000|135.3746106000|135.4498448400|135.3652063200|135.4216320000|17700|2548794.0000|135.4216320000
14500000|135.4216320000|135.4310362800|135.2805678000|135.2805678000|37600|5411734.0000|135.2805678000
14550000|135.2805678000|135.2993763600|135.1300993200|135.2899720800|46300|6657114.0000|135.2899720800
15000000|135.2993763600|135.4028234400|135.2053335600|135.2711635200|40220|5785642.8000|135.2711635200
