093500|3.4200|3.4200|3.4100|3.4200|450400|1539404.0000|3.4200
094000|3.4200|3.4200|3.4100|3.4100|384500|1313507.0000|3.4100
094500|3.4100|3.4300|3.4100|3.4200|504300|1725395.0000|3.4200
095000|3.4200|3.4300|3.4200|3.4200|242200|829102.0000|3.4200
095500|3.4300|3.4300|3.4200|3.4200|157100|538128.0000|3.4200
100000|3.4300|3.4300|3.4200|3.4200|336300|1152477.0000|3.4200
100500|3.4300|3.4300|3.4200|3.4300|472700|1618663.0000|3.4300
101000|3.4300|3.4300|3.4200|3.4200|143300|490785.0000|3.4200
101500|3.4200|3.4300|3.4200|3.4300|47100|161517.0000|3.4300
102000|3.4300|3.4300|3.4200|3.4300|136000|465953.0000|3.4300
102500|3.4200|3.4300|3.4200|3.4200|301700|1034461.0000|3.4200
103000|3.4300|3.4300|3.4200|3.4300|488100|1673692.0000|3.4300
103500|3.4300|3.4300|3.4200|3.4300|41300|141471.0000|3.4300
104000|3.4300|3.4300|3.4200|3.4200|108500|371344.0000|3.4200
104500|3.4300|3.4300|3.4200|3.4200|223700|765369.0000|3.4200
105000|3.4200|3.4300|3.4200|3.4200|204500|699889.0000|3.4200
105500|3.4200|3.4300|3.4200|3.4200|155100|530779.0000|3.4200
110000|3.4300|3.4300|3.4200|3.4200|164800|563805.0000|3.4200
110500|3.4200|3.4300|3.4200|3.4200|181500|620751.0000|3.4200
111000|3.4200|3.4300|3.4200|3.4200|74200|253784.0000|3.4200
111500|3.4300|3.4300|3.4200|3.4200|14700|50307.0000|3.4200
112000|3.4200|3.4300|3.4200|3.4200|155900|533179.0000|3.4200
112500|3.4200|3.4300|3.4100|3.4200|197500|675392.0000|3.4200
113000|3.4200|3.4200|3.4100|3.4100|106500|363539.0000|3.4100
130500|3.4200|3.4200|3.4100|3.4100|70900|242067.0000|3.4100
131000|3.4100|3.4200|3.4100|3.4100|171600|585650.0000|3.4100
131500|3.4200|3.4200|3.4100|3.4100|125200|427846.0000|3.4100
132000|3.4100|3.4200|3.4100|3.4100|44200|150828.0000|3.4100
132500|3.4100|3.4200|3.4100|3.4100|227600|777628.0000|3.4100
133000|3.4200|3.4200|3.4100|3.4100|120600|411539.0000|3.4100
133500|3.4100|3.4200|3.4100|3.4200|120800|412177.0000|3.4200
134000|3.4200|3.4200|3.4100|3.4100|50900|173698.0000|3.4100
134500|3.4100|3.4200|3.4100|3.4100|46500|158754.0000|3.4100
135000|3.4100|3.4200|3.4100|3.4100|92200|314445.0000|3.4100
135500|3.4200|3.4200|3.4100|3.4100|67200|229402.0000|3.4100
140000|3.4100|3.4200|3.4100|3.4100|184800|630239.0000|3.4100
140500|3.4100|3.4200|3.4100|3.4100|79300|270504.0000|3.4100
141000|3.4100|3.4200|3.4100|3.4100|174600|595508.0000|3.4100
141500|3.4100|3.4200|3.4100|3.4100|139718|476616.0000|3.4100
142000|3.4100|3.4200|3.4100|3.4200|303300|1034333.0000|3.4200
142500|3.4200|3.4200|3.4100|3.4200|49500|168845.0000|3.4200
143000|3.4100|3.4200|3.4100|3.4100|96800|330139.0000|3.4100
143500|3.4100|3.4200|3.4100|3.4100|247700|844748.0000|3.4100
144000|3.4200|3.4200|3.4100|3.4100|362000|1234837.0000|3.4100
144500|3.4100|3.4200|3.4100|3.4100|582941|1988046.0000|3.4100
145000|3.4100|3.4200|3.4000|3.4100|1239000|4222604.0000|3.4100
145500|3.4000|3.4100|3.4000|3.4000|232000|790269.0000|3.4000
150000|3.4000|3.4100|3.4000|3.4000|573600|1950796.0000|3.4000
