093500|3.6600|3.6700|3.6500|3.6600|2328400|8516996.0000|3.6600
094000|3.6600|3.6700|3.6600|3.6700|766500|2808590.0000|3.6700
094500|3.6700|3.6700|3.6600|3.6700|1208600|4427209.0000|3.6700
095000|3.6600|3.6700|3.6600|3.6600|1873600|6859529.0000|3.6600
095500|3.6600|3.6700|3.6600|3.6600|342900|1256303.0000|3.6600
100000|3.6700|3.6700|3.6600|3.6700|480200|1760506.0000|3.6700
100500|3.6700|3.6700|3.6600|3.6600|808900|2961058.0000|3.6600
101000|3.6600|3.6700|3.6600|3.6600|1643500|6015822.0000|3.6600
101500|3.6600|3.6700|3.6600|3.6700|1110300|4064870.0000|3.6700
102000|3.6600|3.6700|3.6500|3.6600|575500|2105021.0000|3.6600
102500|3.6600|3.6600|3.6500|3.6600|519800|1900062.0000|3.6600
103000|3.6500|3.6600|3.6500|3.6600|185700|678864.0000|3.6600
103500|3.6600|3.6600|3.6500|3.6600|642000|2346760.0000|3.6600
104000|3.6600|3.6600|3.6500|3.6600|139300|509310.0000|3.6600
104500|3.6600|3.6600|3.6500|3.6600|349600|1277325.0000|3.6600
105000|3.6600|3.6600|3.6500|3.6600|470500|1720491.0000|3.6600
105500|3.6500|3.6700|3.6500|3.6700|1683100|6160849.0000|3.6700
110000|3.6700|3.6700|3.6600|3.6700|191100|700322.0000|3.6700
110500|3.6700|3.6700|3.6600|3.6600|272600|998060.0000|3.6600
111000|3.6600|3.6700|3.6500|3.6600|1025300|3751616.0000|3.6600
111500|3.6600|3.6600|3.6500|3.6500|155000|566560.0000|3.6500
112000|3.6600|3.6600|3.6500|3.6500|138700|506990.0000|3.6500
112500|3.6500|3.6600|3.6500|3.6500|163300|597094.0000|3.6500
113000|3.6600|3.6600|3.6500|3.6600|232200|848758.0000|3.6600
130500|3.6600|3.6600|3.6500|3.6600|631801|2311911.0000|3.6600
131000|3.6600|3.6600|3.6500|3.6600|623600|2279285.0000|3.6600
131500|3.6600|3.6600|3.6500|3.6600|262600|959905.0000|3.6600
132000|3.6600|3.6600|3.6500|3.6500|440800|1610795.0000|3.6500
132500|3.6600|3.6600|3.6500|3.6600|309600|1131664.0000|3.6600
133000|3.6600|3.6600|3.6500|3.6600|395000|1444417.0000|3.6600
133500|3.6600|3.6600|3.6500|3.6500|790700|2892777.0000|3.6500
134000|3.6600|3.6600|3.6500|3.6500|304100|1111855.0000|3.6500
134500|3.6600|3.6600|3.6500|3.6600|223100|816086.0000|3.6600
135000|3.6600|3.6600|3.6500|3.6500|364400|1333148.0000|3.6500
135500|3.6600|3.6600|3.6500|3.6600|333000|1217878.0000|3.6600
140000|3.6600|3.6600|3.6500|3.6600|795800|2912106.0000|3.6600
140500|3.6600|3.6700|3.6500|3.6600|1439400|5269302.0000|3.6600
141000|3.6700|3.6700|3.6600|3.6600|348000|1275837.0000|3.6600
141500|3.6700|3.6700|3.6500|3.6600|1763700|6455262.0000|3.6600
142000|3.6500|3.6600|3.6500|3.6500|346600|1267863.0000|3.6500
142500|3.6600|3.6600|3.6500|3.6500|341400|1248983.0000|3.6500
143000|3.6600|3.6700|3.6500|3.6700|740600|2710045.0000|3.6700
143500|3.6600|3.6700|3.6600|3.6700|567800|2081282.0000|3.6700
144000|3.6700|3.6700|3.6600|3.6700|483600|1772699.0000|3.6700
144500|3.6600|3.6700|3.6600|3.6600|622700|2282737.0000|3.6600
145000|3.6700|3.6700|3.6600|3.6600|412100|1510211.0000|3.6600
145500|3.6600|3.6700|3.6600|3.6600|1160200|4252314.0000|3.6600
150000|3.6600|3.6700|3.6600|3.6600|515300|1887410.0000|3.6600
