093500|14.8000|14.8000|14.6900|14.7200|912400|13434260.0000|14.7200
094000|14.7100|14.7400|14.7000|14.7300|348400|5128988.0000|14.7300
094500|14.7400|14.7400|14.6700|14.6900|656100|9642384.0000|14.6900
095000|14.6900|14.7300|14.6700|14.7300|472100|6939168.0000|14.7300
095500|14.7300|14.7300|14.6900|14.7300|338000|4969944.0000|14.7300
100000|14.7300|14.7400|14.7100|14.7400|317900|4680896.0000|14.7400
100500|14.7400|14.8100|14.7400|14.8000|526400|7773496.0000|14.8000
101000|14.7800|14.8100|14.7700|14.7900|254700|3766292.0000|14.7900
101500|14.7900|14.8200|14.7700|14.7900|269000|3980152.0000|14.7900
102000|14.7900|14.8200|14.7400|14.8200|416600|6154148.0000|14.8200
102500|14.8100|14.8600|14.8100|14.8400|482800|7168100.0000|14.8400
103000|14.8400|14.8400|14.7900|14.7900|217300|3220888.0000|14.7900
103500|14.7900|14.7900|14.7700|14.7900|74200|1096832.0000|14.7900
104000|14.7900|14.8000|14.7700|14.7900|90400|1336464.0000|14.7900
104500|14.7800|14.7900|14.7500|14.7600|120000|1772272.0000|14.7600
105000|14.7600|14.7800|14.7500|14.7500|85900|1267984.0000|14.7500
105500|14.7500|14.7500|14.7000|14.7200|216500|3185864.0000|14.7200
110000|14.7200|14.7500|14.7100|14.7100|155600|2292616.0000|14.7100
110500|14.7100|14.7200|14.7100|14.7200|101200|1489168.0000|14.7200
111000|14.7200|14.7200|14.7000|14.7100|118200|1738896.0000|14.7100
111500|14.7200|14.7400|14.7100|14.7100|44000|647888.0000|14.7100
112000|14.7100|14.7300|14.7000|14.7100|124800|1836552.0000|14.7100
112500|14.7000|14.7200|14.6900|14.7200|251500|3696568.0000|14.7200
113000|14.7300|14.7500|14.7200|14.7500|70000|1031552.0000|14.7500
130500|14.7400|14.7500|14.7100|14.7100|73000|1075152.0000|14.7100
131000|14.7100|14.7100|14.7000|14.7100|39000|573424.0000|14.7100
131500|14.7100|14.7200|14.6900|14.6900|86200|1267368.0000|14.6900
132000|14.6900|14.7000|14.6800|14.7000|161200|2368528.0000|14.7000
132500|14.7000|14.7000|14.6800|14.6800|143800|2112512.0000|14.6800
133000|14.6800|14.7100|14.6800|14.7100|219000|3216688.0000|14.7100
133500|14.7000|14.7100|14.6900|14.6900|43600|640888.0000|14.6900
134000|14.6900|14.7000|14.6900|14.6900|63000|925624.0000|14.6900
134500|14.6900|14.6900|14.6700|14.6800|150500|2209120.0000|14.6800
135000|14.6700|14.7200|14.6600|14.7100|158200|2324352.0000|14.7100
135500|14.7100|14.7100|14.6900|14.7000|70800|1040616.0000|14.7000
140000|14.7000|14.7100|14.6700|14.6700|119400|1752912.0000|14.6700
140500|14.6800|14.6800|14.6600|14.6600|202900|2975488.0000|14.6600
141000|14.6600|14.7000|14.6600|14.6800|197300|2895112.0000|14.6800
141500|14.6900|14.6900|14.6600|14.6600|171000|2508536.0000|14.6600
142000|14.6600|14.6700|14.6500|14.6600|195300|2862368.0000|14.6600
142500|14.6600|14.6600|14.6300|14.6400|260400|3811944.0000|14.6400
143000|14.6400|14.6600|14.6400|14.6600|129000|1889896.0000|14.6600
143500|14.6600|14.6700|14.6500|14.6600|184100|2699008.0000|14.6600
144000|14.6600|14.6700|14.6300|14.6300|186200|2727232.0000|14.6300
144500|14.6300|14.6400|14.6000|14.6300|551900|8063568.0000|14.6300
145000|14.6300|14.6400|14.6200|14.6300|200400|2931296.0000|14.6300
145500|14.6300|14.6500|14.6100|14.6200|463100|6772768.0000|14.6200
150000|14.6200|14.6300|14.6100|14.6100|369100|5393824.0000|14.6100
