093500|3.83|3.85|3.82|3.85|18037.0|6987318.0|3.84
094000|3.84|3.85|3.84|3.84|5461.0|2120328.0|3.85
094500|3.85|3.85|3.82|3.82|13823.0|5348195.0|3.84
095000|3.83|3.85|3.82|3.84|17482.0|6776974.0|3.82
095500|3.85|3.87|3.84|3.85|27060.0|10548753.0|3.84
100000|3.86|3.86|3.85|3.85|3094.0|1205295.0|3.85
100500|3.86|3.86|3.85|3.86|4839.0|1886559.0|3.85
101000|3.85|3.86|3.84|3.85|9957.0|3871006.0|3.86
101500|3.84|3.86|3.84|3.86|5559.0|2162413.0|3.85
102000|3.86|3.87|3.85|3.87|13270.0|5175905.0|3.86
102500|3.86|3.86|3.85|3.85|14727.0|5735399.0|3.87
103000|3.85|3.86|3.84|3.84|4012.0|1559478.0|3.85
103500|3.85|3.85|3.84|3.84|1040.0|403738.0|3.84
104000|3.85|3.85|3.84|3.85|1899.0|737470.0|3.84
104500|3.85|3.85|3.84|3.84|5347.0|2076764.0|3.85
105000|3.84|3.85|3.83|3.84|5564.0|2157503.0|3.84
105500|3.84|3.85|3.84|3.84|1300.0|504790.0|3.84
110000|3.84|3.86|3.84|3.85|5225.0|2033234.0|3.84
110500|3.85|3.86|3.85|3.86|1089.0|424593.0|3.85
111000|3.85|3.86|3.85|3.86|740.0|288323.0|3.86
111500|3.86|3.86|3.85|3.86|6911.0|2694393.0|3.86
112000|3.86|3.86|3.85|3.85|1750.0|681332.0|3.86
112500|3.85|3.87|3.85|3.86|10853.0|4233631.0|3.85
113000|3.86|3.87|3.85|3.87|4733.0|1847176.0|3.86
130500|3.86|3.9|3.86|3.87|44451.0|17435723.0|3.87
131000|3.88|3.89|3.87|3.88|5503.0|2157384.0|3.87
131500|3.88|3.89|3.88|3.88|3347.0|1312093.0|3.88
132000|3.88|3.89|3.87|3.88|3845.0|1507637.0|3.88
132500|3.88|3.89|3.88|3.89|3066.0|1204106.0|3.88
133000|3.88|3.89|3.88|3.88|2284.0|896471.0|3.89
133500|3.89|3.89|3.88|3.88|8734.0|3424567.0|3.88
134000|3.89|3.89|3.88|3.88|4210.0|1651916.0|3.88
134500|3.88|3.89|3.88|3.88|6517.0|2555002.0|3.88
135000|3.88|3.89|3.88|3.88|4273.0|1676306.0|3.88
135500|3.88|3.9|3.88|3.9|18214.0|7158530.0|3.88
140000|3.9|3.9|3.89|3.89|3168.0|1247122.0|3.9
140500|3.9|3.9|3.89|3.89|2777.0|1092503.0|3.89
141000|3.89|3.9|3.89|3.9|5291.0|2081288.0|3.89
141500|3.9|3.9|3.89|3.9|9277.0|3654474.0|3.9
142000|3.9|3.91|3.89|3.9|20105.0|7923846.0|3.9
142500|3.91|3.91|3.9|3.91|7921.0|3127400.0|3.9
143000|3.91|3.92|3.9|3.91|22079.0|8723134.0|3.91
143500|3.91|3.92|3.9|3.9|12373.0|4880852.0|3.91
144000|3.9|3.91|3.9|3.91|9999.0|3942084.0|3.9
144500|3.9|3.91|3.9|3.91|5257.0|2073528.0|3.91
145000|3.9|3.91|3.9|3.9|8677.0|3419860.0|3.91
145500|3.9|3.91|3.9|3.9|11143.0|4395129.0|3.9
150000|3.91|3.91|3.9|3.91|9488.0|3744576.0|3.9
