093500|8.32|8.37|8.2|8.21|72036.0|59513214.0|8.15
094000|8.2|8.24|8.16|8.21|41473.0|33991221.0|8.21
094500|8.22|8.23|8.13|8.15|63209.0|51652915.0|8.21
095000|8.15|8.19|8.13|8.19|27006.0|22053091.0|8.15
095500|8.2|8.22|8.12|8.14|27586.0|22577942.0|8.19
100000|8.14|8.14|8.09|8.09|29008.0|23532720.0|8.14
100500|8.09|8.15|8.09|8.11|15696.0|12743373.0|8.09
101000|8.1|8.12|8.08|8.11|19953.0|16153784.0|8.11
101500|8.12|8.16|8.11|8.15|11447.0|9308705.0|8.11
102000|8.15|8.16|8.13|8.13|12362.0|10063597.0|8.15
102500|8.13|8.14|8.11|8.11|10240.0|8316843.0|8.13
103000|8.11|8.13|8.09|8.12|19462.0|15767096.0|8.11
103500|8.12|8.15|8.12|8.14|8656.0|7041222.0|8.12
104000|8.14|8.15|8.06|8.07|23404.0|18957786.0|8.14
104500|8.07|8.11|8.07|8.09|15263.0|12332347.0|8.07
105000|8.09|8.13|8.09|8.11|7512.0|6089037.0|8.09
105500|8.1|8.15|8.1|8.13|7864.0|6390664.0|8.11
110000|8.13|8.17|8.13|8.17|8290.0|6759488.0|8.13
110500|8.17|8.17|8.15|8.16|10420.0|8506747.0|8.17
111000|8.17|8.19|8.13|8.13|12866.0|10504297.0|8.16
111500|8.12|8.12|8.1|8.11|7965.0|6459837.0|8.13
112000|8.11|8.14|8.1|8.13|6546.0|5321258.0|8.11
112500|8.13|8.14|8.12|8.14|5399.0|4388405.0|8.13
113000|8.14|8.14|8.11|8.12|5730.0|4652280.0|8.14
130500|8.12|8.12|8.06|8.08|22105.0|17875477.0|8.12
131000|8.08|8.08|8.06|8.08|10532.0|8501220.0|8.08
131500|8.08|8.09|8.07|8.08|5479.0|4427684.0|8.08
132000|8.08|8.11|8.08|8.1|7878.0|6376039.0|8.08
132500|8.1|8.11|8.09|8.09|4623.0|3744114.0|8.1
133000|8.09|8.11|8.09|8.1|4876.0|3946988.0|8.09
133500|8.1|8.12|8.1|8.1|8364.0|6783060.0|8.1
134000|8.11|8.11|8.08|8.09|16779.0|13568961.0|8.1
134500|8.1|8.1|8.06|8.07|22293.0|17991265.0|8.09
135000|8.07|8.1|8.07|8.08|8740.0|7062923.0|8.07
135500|8.08|8.08|8.04|8.04|18128.0|14604305.0|8.08
140000|8.05|8.05|8.04|8.04|6462.0|5197227.0|8.04
140500|8.04|8.05|8.01|8.02|16831.0|13508747.0|8.04
141000|8.03|8.03|8.0|8.0|17485.0|14010993.0|8.02
141500|8.01|8.01|7.98|7.99|27802.0|22216340.0|8.0
142000|8.0|8.0|7.96|7.99|20057.0|15995159.0|7.99
142500|7.99|8.01|7.97|8.01|18202.0|14526930.0|7.99
143000|8.0|8.03|7.99|8.02|8082.0|6470988.0|8.01
143500|8.01|8.03|7.99|8.0|11476.0|9185440.0|8.02
144000|8.0|8.01|7.99|8.0|9839.0|7871376.0|8.0
144500|8.0|8.03|8.0|8.02|10602.0|8495363.0|8.0
145000|8.03|8.04|8.01|8.02|11770.0|9442995.0|8.02
145500|8.02|8.03|8.01|8.03|12852.0|10308163.0|8.02
150000|8.03|8.04|8.02|8.03|15291.0|12280640.0|8.03
