09350000|10.3391684500|10.4104730600|10.1471945000|10.3336834800|604500|11305588.0000|10.3336834800
09400000|10.3336834800|10.5421123400|10.2733488100|10.5256574300|365600|6956764.0000|10.5256574300
09450000|10.5256574300|10.6189019200|10.4433828800|10.4762927000|514800|9890534.0000|10.4762927000
09500000|10.4762927000|10.5585672500|10.4762927000|10.5530822800|165300|3173552.0000|10.5530822800
09550000|10.5366273700|10.5585672500|10.4708077300|10.5146874900|348700|6680500.0000|10.5146874900
10000000|10.5146874900|10.5146874900|10.3556233600|10.3556233600|320900|6123112.0000|10.3556233600
10050000|10.3556233600|10.4159580300|10.3336834800|10.4049880900|111800|2114996.0000|10.4049880900
10100000|10.4049880900|10.4653227600|10.3830482100|10.4214430000|165300|3145336.0000|10.4214430000
10150000|10.4214430000|10.4488678500|10.4049880900|10.4433828800|72400|1375740.0000|10.4433828800
10200000|10.4378979100|10.4433828800|10.3830482100|10.3830482100|117800|2229100.0000|10.3830482100
10250000|10.3830482100|10.3830482100|10.3172285700|10.3446534200|99600|1879100.0000|10.3446534200
10300000|10.3446534200|10.3501383900|10.3172285700|10.3227135400|56000|1052616.0000|10.3227135400
10350000|10.3227135400|10.3830482100|10.3227135400|10.3720782700|102400|1931008.0000|10.3720782700
10400000|10.3720782700|10.4104730600|10.3391684500|10.3391684500|63200|1195688.0000|10.3391684500
10450000|10.3391684500|10.3556233600|10.3117436000|10.3336834800|58200|1098536.0000|10.3336834800
10500000|10.3391684500|10.3830482100|10.3391684500|10.3501383900|48700|920468.0000|10.3501383900
10550000|10.3556233600|10.3665933000|10.3281985100|10.3391684500|48500|914524.0000|10.3391684500
11000000|10.3446534200|10.3665933000|10.3446534200|10.3556233600|29500|556808.0000|10.3556233600
11050000|10.3556233600|10.3775632400|10.3446534200|10.3775632400|31700|598788.0000|10.3775632400
11100000|10.3775632400|10.4104730600|10.3775632400|10.3885331800|23000|435748.0000|10.3885331800
11150000|10.3885331800|10.4214430000|10.3885331800|10.4159580300|59100|1120704.0000|10.4159580300
11200000|10.4159580300|10.4653227600|10.4104730600|10.4543528200|139700|2656552.0000|10.4543528200
11250000|10.4324129400|10.4433828800|10.4269279700|10.4269279700|11500|218744.0000|10.4269279700
11300000|10.4378979100|10.4762927000|10.4324129400|10.4653227600|31600|602624.0000|10.4653227600
13050000|10.4598377900|10.5640522200|10.4488678500|10.4927476100|141200|2705976.0000|10.4927476100
13100000|10.4982325800|10.5146874900|10.4653227600|10.4762927000|40900|782288.0000|10.4762927000
13150000|10.4708077300|10.4708077300|10.4269279700|10.4543528200|23800|453816.0000|10.4543528200
13200000|10.4708077300|10.4762927000|10.4488678500|10.4708077300|141500|2693640.0000|10.4708077300
13250000|10.4598377900|10.5201724600|10.4324129400|10.5146874900|44700|854560.0000|10.5146874900
13300000|10.5092025200|10.5585672500|10.4982325800|10.5311424000|73800|1415008.0000|10.5311424000
13350000|10.5311424000|10.5475973100|10.5146874900|10.5366273700|67700|1300312.0000|10.5366273700
13400000|10.5421123400|10.5805071300|10.5311424000|10.5750221600|85300|1641368.0000|10.5750221600
13450000|10.5750221600|10.6298718600|10.5695371900|10.5969620400|153700|2972192.0000|10.5969620400
13500000|10.5969620400|10.6024470100|10.5585672500|10.5640522200|47100|908168.0000|10.5640522200
13550000|10.5640522200|10.5695371900|10.5256574300|10.5421123400|24700|475184.0000|10.5421123400
14000000|10.5421123400|10.5585672500|10.5366273700|10.5366273700|38200|734376.0000|10.5366273700
14050000|10.5366273700|10.5750221600|10.5366273700|10.5530822800|47800|919056.0000|10.5530822800
14100000|10.5475973100|10.5530822800|10.5366273700|10.5366273700|21300|409552.0000|10.5366273700
14150000|10.5311424000|10.5311424000|10.5037175500|10.5092025200|25800|494536.0000|10.5092025200
14200000|10.5146874900|10.5366273700|10.5092025200|10.5256574300|52200|1001256.0000|10.5256574300
14250000|10.5256574300|10.5311424000|10.5092025200|10.5256574300|31900|611832.0000|10.5256574300
14300000|10.5256574300|10.5256574300|10.5092025200|10.5146874900|23300|446800.0000|10.5146874900
14350000|10.5146874900|10.5146874900|10.4817776700|10.5092025200|80400|1539376.0000|10.5092025200
14400000|10.5092025200|10.5092025200|10.4872626400|10.4982325800|48700|933072.0000|10.4982325800
14450000|10.4982325800|10.4982325800|10.4927476100|10.4927476100|41800|800312.0000|10.4927476100
14500000|10.4927476100|10.4927476100|10.4653227600|10.4708077300|111800|2135784.0000|10.4708077300
14550000|10.4708077300|10.4927476100|10.4653227600|10.4762927000|149100|2848832.0000|10.4762927000
15000000|10.4762927000|10.4872626400|10.4762927000|10.4872626400|90900|1737312.0000|10.4872626400
