09350000|7.3992245300|7.4101944700|7.2401604000|7.2675852500|122300|1628119.0000|7.2675852500
09400000|7.2621002800|7.3059800400|7.2456453700|7.2456453700|114400|1514987.0000|7.2456453700
09450000|7.2456453700|7.2456453700|7.1688557900|7.2182205200|114200|1503424.0000|7.2182205200
09500000|7.2127355500|7.2237054900|7.1853107000|7.1853107000|118900|1560539.0000|7.1853107000
09550000|7.1853107000|7.1907956700|7.1578858500|7.1688557900|115900|1516526.0000|7.1688557900
10000000|7.1688557900|7.1743407600|7.1414309400|7.1524008800|95100|1240500.0000|7.1524008800
10050000|7.1578858500|7.1798257300|7.1085211200|7.1249760300|312200|4062680.0000|7.1249760300
10100000|7.1304610000|7.1524008800|7.1140060900|7.1524008800|154300|2004222.0000|7.1524008800
10150000|7.1524008800|7.1853107000|7.1524008800|7.1633708200|86700|1133435.0000|7.1633708200
10200000|7.1633708200|7.1633708200|7.1414309400|7.1633708200|37100|484135.0000|7.1633708200
10250000|7.1633708200|7.1853107000|7.1524008800|7.1578858500|52600|687307.0000|7.1578858500
10300000|7.1578858500|7.1578858500|7.1414309400|7.1469159100|25100|327320.0000|7.1469159100
10350000|7.1414309400|7.1633708200|7.1359459700|7.1414309400|42200|549806.0000|7.1414309400
10400000|7.1414309400|7.1414309400|7.1140060900|7.1249760300|80300|1043626.0000|7.1249760300
10450000|7.1304610000|7.1304610000|7.1030361500|7.1194910600|45800|593976.0000|7.1194910600
10500000|7.1194910600|7.1304610000|7.1085211200|7.1249760300|39400|511238.0000|7.1249760300
10550000|7.1304610000|7.1414309400|7.1085211200|7.1140060900|38600|501176.0000|7.1140060900
11000000|7.1085211200|7.1414309400|7.1085211200|7.1140060900|36500|474348.0000|7.1140060900
11050000|7.1249760300|7.1359459700|7.1194910600|7.1304610000|18500|240404.0000|7.1304610000
11100000|7.1359459700|7.1414309400|7.1194910600|7.1194910600|11700|152044.0000|7.1194910600
11150000|7.1194910600|7.1194910600|7.0865812400|7.0975511800|101100|1308804.0000|7.0975511800
11200000|7.0975511800|7.0975511800|7.0481864500|7.0591563900|106000|1366820.0000|7.0591563900
11250000|7.0646413600|7.0865812400|7.0646413600|7.0646413600|41700|537776.0000|7.0646413600
11300000|7.0646413600|7.0756113000|7.0481864500|7.0536714200|110400|1420376.0000|7.0536714200
13050000|7.0646413600|7.1085211200|7.0481864500|7.0481864500|124900|1610172.0000|7.0481864500
13100000|7.0646413600|7.0810962700|7.0481864500|7.0701263300|30500|392692.0000|7.0701263300
13150000|7.0646413600|7.0865812400|7.0646413600|7.0810962700|24800|319864.0000|7.0810962700
13200000|7.0810962700|7.1194910600|7.0810962700|7.1140060900|26700|345782.0000|7.1140060900
13250000|7.1140060900|7.1524008800|7.1140060900|7.1304610000|39800|517764.0000|7.1304610000
13300000|7.1359459700|7.1633708200|7.1304610000|7.1633708200|78700|1025528.0000|7.1633708200
13350000|7.1633708200|7.1633708200|7.1304610000|7.1469159100|59100|769876.0000|7.1469159100
13400000|7.1469159100|7.1633708200|7.1140060900|7.1578858500|40500|526860.0000|7.1578858500
13450000|7.1469159100|7.1633708200|7.1469159100|7.1524008800|13400|174794.0000|7.1524008800
13500000|7.1524008800|7.1962806400|7.1524008800|7.1798257300|53100|694736.0000|7.1798257300
13550000|7.1743407600|7.1962806400|7.1578858500|7.1853107000|37800|494506.0000|7.1853107000
14000000|7.1907956700|7.2675852500|7.1907956700|7.2456453700|179000|2360712.0000|7.2456453700
14050000|7.2511303400|7.3498598000|7.2511303400|7.3498598000|155000|2066648.0000|7.3498598000
14100000|7.3443748300|7.4101944700|7.3443748300|7.3882545900|244000|3283744.0000|7.3882545900
14150000|7.3882545900|7.4156794400|7.3827696200|7.4156794400|130100|1756148.0000|7.4156794400
14200000|7.4266493800|7.4650441700|7.4156794400|7.4595592000|133600|1813700.0000|7.4595592000
14250000|7.4705291400|7.4869840500|7.4266493800|7.4485892600|165400|2248312.0000|7.4485892600
14300000|7.4485892600|7.4814990800|7.4321343500|7.4760141100|123500|1681448.0000|7.4760141100
14350000|7.4869840500|7.4924690200|7.4376193200|7.4760141100|146300|1992176.0000|7.4760141100
14400000|7.4705291400|7.4924690200|7.4540742300|7.4814990800|168700|2301280.0000|7.4814990800
14450000|7.4869840500|7.4979539900|7.4705291400|7.4869840500|159100|2172220.0000|7.4869840500
14500000|7.4869840500|7.5418337500|7.4869840500|7.5308638100|194800|2670336.0000|7.5308638100
14550000|7.5308638100|7.5418337500|7.4979539900|7.5418337500|155100|2128604.0000|7.5418337500
15000000|7.5198938700|7.5308638100|7.4814990800|7.4814990800|70300|961996.0000|7.4814990800
