09350000|22.2621762300|22.3774745100|22.1757025200|22.3102171800|1522500|35270976.0000|22.3102171800
09400000|22.3102171800|22.4062990800|22.3006089900|22.3294335600|955100|22220256.0000|22.3294335600
09450000|22.3294335600|22.3294335600|22.2045270900|22.2813926100|650500|15054052.0000|22.2813926100
09500000|22.2813926100|22.2910008000|22.2141352800|22.2141352800|649400|15037720.0000|22.2141352800
09550000|22.2141352800|22.2429598500|22.1372697600|22.1564861400|845000|19514392.0000|22.1564861400
10000000|22.1564861400|22.1757025200|22.0700124300|22.0700124300|1374000|31632744.0000|22.0700124300
10050000|22.0700124300|22.0892288100|22.0315796700|22.0700124300|1056300|24245520.0000|22.0700124300
10100000|22.0700124300|22.1276615700|22.0219714800|22.1276615700|1469900|33723792.0000|22.1276615700
10150000|22.1276615700|22.1949189000|22.1084451900|22.1468779500|466500|10759296.0000|22.1468779500
10200000|22.1468779500|22.1949189000|22.1084451900|22.1180533800|299500|6902320.0000|22.1180533800
10250000|22.1180533800|22.1468779500|22.0988370000|22.1468779500|533100|12270928.0000|22.1468779500
10300000|22.1468779500|22.1468779500|22.0700124300|22.1180533800|354400|8148752.0000|22.1180533800
10350000|22.1180533800|22.2237434700|22.0988370000|22.2237434700|429800|9906416.0000|22.2237434700
10400000|22.2237434700|22.2333516600|22.1564861400|22.1660943300|410000|9471312.0000|22.1660943300
10450000|22.1660943300|22.2813926100|22.1660943300|22.2621762300|421400|9743792.0000|22.2621762300
10500000|22.2621762300|22.3102171800|22.2525680400|22.2813926100|276000|6399840.0000|22.2813926100
10550000|22.2813926100|22.3390417500|22.2333516600|22.3390417500|305900|7099840.0000|22.3390417500
11000000|22.3390417500|22.3390417500|22.2813926100|22.3102171800|253500|5881184.0000|22.3102171800
11050000|22.3102171800|22.3102171800|22.2237434700|22.2333516600|466400|10807360.0000|22.2333516600
11100000|22.2333516600|22.2717844200|22.2333516600|22.2525680400|112400|2602784.0000|22.2525680400
11150000|22.2717844200|22.2717844200|22.2045270900|22.2237434700|99500|2300608.0000|22.2237434700
11200000|22.2525680400|22.2717844200|22.2141352800|22.2333516600|174800|4046688.0000|22.2333516600
11250000|22.2333516600|22.2429598500|22.1949189000|22.2045270900|121100|2799584.0000|22.2045270900
11300000|22.2045270900|22.2141352800|22.1853107100|22.2141352800|161200|3723904.0000|22.2141352800
13050000|22.2045270900|22.2045270900|22.1757025200|22.1853107100|297800|6875040.0000|22.1853107100
13100000|22.1853107100|22.2429598500|22.1660943300|22.2237434700|239900|5545472.0000|22.2237434700
13150000|22.2237434700|22.2429598500|22.1853107100|22.2141352800|109400|2530080.0000|22.2141352800
13200000|22.2045270900|22.2141352800|22.1757025200|22.1949189000|121900|2815456.0000|22.1949189000
13250000|22.1949189000|22.1949189000|22.1660943300|22.1757025200|117900|2721952.0000|22.1757025200
13300000|22.1757025200|22.1949189000|22.1660943300|22.1757025200|132600|3060896.0000|22.1757025200
13350000|22.1757025200|22.2237434700|22.1468779500|22.2237434700|293300|6767744.0000|22.2237434700
13400000|22.2237434700|22.2237434700|22.1372697600|22.1468779500|201000|4637504.0000|22.1468779500
13450000|22.1372697600|22.1757025200|22.1372697600|22.1660943300|178800|4123648.0000|22.1660943300
13500000|22.1660943300|22.1949189000|22.1468779500|22.1853107100|241900|5578336.0000|22.1853107100
13550000|22.1853107100|22.2333516600|22.1757025200|22.2141352800|259500|5997728.0000|22.2141352800
14000000|22.2141352800|22.2525680400|22.1949189000|22.2141352800|250700|5799520.0000|22.2141352800
14050000|22.2141352800|22.2525680400|22.2141352800|22.2429598500|434000|10043008.0000|22.2429598500
14100000|22.2429598500|22.2621762300|22.1949189000|22.2621762300|380900|8814528.0000|22.2621762300
14150000|22.2621762300|22.2717844200|22.2237434700|22.2237434700|211300|4892800.0000|22.2237434700
14200000|22.2237434700|22.2333516600|22.2045270900|22.2141352800|215900|4992288.0000|22.2141352800
14250000|22.2141352800|22.2429598500|22.1949189000|22.2429598500|259300|5996992.0000|22.2429598500
14300000|22.2333516600|22.2525680400|22.2141352800|22.2237434700|226000|5229856.0000|22.2237434700
14350000|22.2237434700|22.2429598500|22.2045270900|22.2429598500|270900|6265632.0000|22.2429598500
14400000|22.2429598500|22.2717844200|22.2237434700|22.2621762300|284700|6590720.0000|22.2621762300
14450000|22.2621762300|22.2621762300|22.2333516600|22.2525680400|255500|5915200.0000|22.2525680400
14500000|22.2525680400|22.2621762300|22.2141352800|22.2333516600|400500|9265056.0000|22.2333516600
14550000|22.2333516600|22.2813926100|22.2237434700|22.2717844200|482900|11185376.0000|22.2717844200
15000000|22.2717844200|22.2813926100|22.2525680400|22.2621762300|415800|9633824.0000|22.2621762300
