09350000|21.8874568200|22.0988370000|21.8874568200|22.0411878600|802800|18399818.0000|22.0411878600
09400000|22.0411878600|22.0411878600|21.9451059600|21.9835387200|509200|11647222.0000|21.9835387200
09450000|21.9835387200|22.0123632900|21.9354977700|21.9643223400|365600|8359642.0000|21.9643223400
09500000|21.9643223400|21.9835387200|21.9066732000|21.9162813900|493600|11267048.0000|21.9162813900
09550000|21.9162813900|21.9162813900|21.8394158700|21.8394158700|564200|12847676.0000|21.8394158700
10000000|21.8394158700|21.9547141500|21.8394158700|21.9258895800|413500|9423728.0000|21.9258895800
10050000|21.9258895800|21.9835387200|21.9162813900|21.9739305300|348100|7953456.0000|21.9739305300
10100000|21.9739305300|21.9931469100|21.9451059600|21.9931469100|209400|4786360.0000|21.9931469100
10150000|21.9931469100|21.9931469100|21.9547141500|21.9739305300|259600|5937240.0000|21.9739305300
10200000|21.9739305300|22.0507960500|21.9739305300|22.0027551000|317700|7279928.0000|22.0027551000
10250000|22.0027551000|22.0219714800|21.9643223400|22.0219714800|280700|6423808.0000|22.0219714800
10300000|22.0219714800|22.0315796700|21.9643223400|21.9643223400|255100|5839184.0000|21.9643223400
10350000|21.9643223400|21.9643223400|21.8874568200|21.8874568200|304300|6940168.0000|21.8874568200
10400000|21.8970650100|21.9066732000|21.8874568200|21.8970650100|140900|3211360.0000|21.8970650100
10450000|21.8970650100|21.9547141500|21.8874568200|21.9354977700|250700|5717208.0000|21.9354977700
10500000|21.9354977700|21.9835387200|21.9066732000|21.9739305300|161200|3683792.0000|21.9739305300
10550000|21.9739305300|22.0123632900|21.9451059600|22.0123632900|230800|5281536.0000|22.0123632900
11000000|22.0123632900|22.0123632900|21.9739305300|22.0027551000|142000|3249792.0000|22.0027551000
11050000|22.0027551000|22.0027551000|21.9451059600|21.9643223400|106400|2433056.0000|21.9643223400
11100000|21.9643223400|21.9643223400|21.9451059600|21.9547141500|84100|1921760.0000|21.9547141500
11150000|21.9451059600|21.9547141500|21.9066732000|21.9162813900|214100|4886048.0000|21.9162813900
11200000|21.9162813900|21.9258895800|21.8778486300|21.8970650100|248300|5656928.0000|21.8970650100
11250000|21.8970650100|21.9066732000|21.8778486300|21.8970650100|153600|3499008.0000|21.8970650100
11300000|21.8874568200|21.8970650100|21.8682404400|21.8874568200|178500|4066496.0000|21.8874568200
13050000|21.8970650100|21.9162813900|21.8778486300|21.8874568200|271200|6179392.0000|21.8874568200
13100000|21.8874568200|21.9258895800|21.8778486300|21.9162813900|266100|6065072.0000|21.9162813900
13150000|21.9162813900|21.9547141500|21.8778486300|21.9354977700|187700|4279152.0000|21.9354977700
13200000|21.9451059600|21.9739305300|21.9258895800|21.9451059600|182400|4166608.0000|21.9451059600
13250000|21.9547141500|21.9547141500|21.9162813900|21.9258895800|193000|4405312.0000|21.9258895800
13300000|21.9258895800|21.9643223400|21.9066732000|21.9162813900|220000|5020000.0000|21.9162813900
13350000|21.9162813900|21.9258895800|21.8970650100|21.9066732000|227500|5188368.0000|21.9066732000
13400000|21.8970650100|21.9066732000|21.8874568200|21.8874568200|152600|3477456.0000|21.8874568200
13450000|21.8874568200|21.8874568200|21.8586322500|21.8682404400|339800|7735984.0000|21.8682404400
13500000|21.8682404400|21.8682404400|21.8394158700|21.8490240600|404200|9193216.0000|21.8490240600
13550000|21.8490240600|21.8490240600|21.8105913000|21.8201994900|466100|10587056.0000|21.8201994900
14000000|21.8201994900|21.8298076800|21.7817667300|21.8201994900|360400|8176752.0000|21.8201994900
14050000|21.8201994900|21.8201994900|21.7721585400|21.7721585400|326300|7402768.0000|21.7721585400
14100000|21.7721585400|21.8105913000|21.7529421600|21.7625503500|280400|6355184.0000|21.7625503500
14150000|21.7625503500|21.7913749200|21.7337257800|21.7913749200|379000|8577648.0000|21.7913749200
14200000|21.7913749200|21.7913749200|21.7433339700|21.7625503500|217500|4927680.0000|21.7625503500
14250000|21.7625503500|21.7721585400|21.7337257800|21.7529421600|221600|5015440.0000|21.7529421600
14300000|21.7529421600|21.7529421600|21.7049012100|21.7145094000|376500|8511552.0000|21.7145094000
14350000|21.7145094000|21.7241175900|21.6568602600|21.7241175900|420800|9497056.0000|21.7241175900
14400000|21.7241175900|21.7337257800|21.6280356900|21.6568602600|759300|17123136.0000|21.6568602600
14450000|21.6568602600|21.6664684500|21.5896029300|21.5896029300|843000|18977216.0000|21.5896029300
14500000|21.5896029300|21.6088193100|21.5415619800|21.5703865500|662800|14884608.0000|21.5703865500
14550000|21.5703865500|21.5896029300|21.5607783600|21.5799947400|695000|15603808.0000|21.5799947400
15000000|21.5799947400|21.5896029300|21.5319537900|21.5319537900|594500|13332288.0000|21.5319537900
