09350000|19.9739660000|20.0030543000|19.6442986000|19.7800440000|5855600|119649400.0000|19.7800440000
09400000|19.7606518000|19.7606518000|19.3243273000|19.3243273000|3485800|70187320.0000|19.3243273000
09450000|19.2952390000|19.4018961000|19.2467585000|19.3534156000|2990600|59583040.0000|19.3534156000
09500000|19.3437195000|19.3437195000|19.0819248000|19.1497975000|3119900|61745904.0000|19.1497975000
09550000|19.1207092000|19.1788858000|18.9558755000|19.1594936000|1613800|31675232.0000|19.1594936000
10000000|19.1691897000|19.4115922000|19.1691897000|19.3922000000|1315800|26203424.0000|19.3922000000
10050000|19.4115922000|19.4891610000|19.3243273000|19.4018961000|1456400|29134784.0000|19.4018961000
10100000|19.4212883000|19.4697688000|19.2952390000|19.3243273000|790600|15810912.0000|19.3243273000
10150000|19.3146312000|19.3340234000|19.2758468000|19.3340234000|639700|12730368.0000|19.3340234000
10200000|19.3631117000|19.5182493000|19.3534156000|19.4891610000|647900|12998976.0000|19.4891610000
10250000|19.4891610000|19.6346025000|19.4891610000|19.6249064000|815300|16444032.0000|19.6249064000
10300000|19.6249064000|19.6636908000|19.5376415000|19.5570337000|701400|14169280.0000|19.5570337000
10350000|19.5570337000|19.5570337000|19.4600727000|19.4697688000|502700|10109440.0000|19.4697688000
10400000|19.4600727000|19.4794649000|19.4212883000|19.4794649000|322100|6459872.0000|19.4794649000
10450000|19.4891610000|19.6249064000|19.4891610000|19.6249064000|547200|11035808.0000|19.6249064000
10500000|19.6152103000|19.6830830000|19.5958181000|19.6442986000|475500|9637472.0000|19.6442986000
10550000|19.6442986000|19.6539947000|19.5570337000|19.5667298000|477600|9666912.0000|19.5667298000
11000000|19.5764259000|19.5958181000|19.5279454000|19.5376415000|260000|5242432.0000|19.5376415000
11050000|19.5279454000|19.5570337000|19.5182493000|19.5473376000|301400|6074272.0000|19.5473376000
11100000|19.5473376000|19.5473376000|19.4891610000|19.4988571000|342500|6895104.0000|19.4988571000
11150000|19.4988571000|19.5085532000|19.4309844000|19.4309844000|271800|5457695.0000|19.4309844000
11200000|19.4406805000|19.4988571000|19.4406805000|19.4794649000|327800|6583737.0000|19.4794649000
11250000|19.4697688000|19.4891610000|19.4309844000|19.4503766000|361300|7251328.0000|19.4503766000
11300000|19.4503766000|19.4697688000|19.4212883000|19.4600727000|231200|4636617.0000|19.4600727000
13050000|19.4406805000|19.4406805000|19.2758468000|19.2952390000|872300|17402615.0000|19.2952390000
13100000|19.2952390000|19.3146312000|19.2273663000|19.2467585000|703500|13989769.0000|19.2467585000
13150000|19.2370624000|19.2467585000|19.1594936000|19.2176702000|575400|11392887.0000|19.2176702000
13200000|19.2273663000|19.3146312000|19.2176702000|19.3146312000|623600|12385484.0000|19.3146312000
13250000|19.3146312000|19.4309844000|19.3146312000|19.3728078000|716400|14299069.0000|19.3728078000
13300000|19.3534156000|19.4018961000|19.2952390000|19.3049351000|540300|10782271.0000|19.3049351000
13350000|19.2952390000|19.3243273000|19.2467585000|19.2855429000|401300|7985464.0000|19.2855429000
13400000|19.2758468000|19.2855429000|19.2176702000|19.2273663000|577000|11455560.0000|19.2273663000
13450000|19.2273663000|19.2273663000|19.0625326000|19.0819248000|602000|11875328.0000|19.0819248000
13500000|19.0819248000|19.1304053000|19.0528365000|19.1013170000|767300|15101440.0000|19.1013170000
13550000|19.0916209000|19.1594936000|19.0916209000|19.1401014000|689900|13597632.0000|19.1401014000
14000000|19.1594936000|19.1691897000|19.0334443000|19.0334443000|462200|9107072.0000|19.0334443000
14050000|19.0431404000|19.0528365000|18.9267872000|18.9267872000|2301000|44982016.0000|18.9267872000
14100000|18.9267872000|18.9461794000|18.9267872000|18.9267872000|1058000|20655104.0000|18.9267872000
14150000|18.9267872000|18.9267872000|18.9267872000|18.9267872000|188400|3677568.0000|18.9267872000
14200000|18.9267872000|18.9267872000|18.9267872000|18.9267872000|147300|2875328.0000|18.9267872000
14250000|18.9267872000|18.9267872000|18.9267872000|18.9267872000|500500|9769728.0000|18.9267872000
14300000|18.9267872000|18.9364833000|18.9267872000|18.9267872000|613400|11975424.0000|18.9267872000
14350000|18.9267872000|18.9267872000|18.9267872000|18.9267872000|167800|3275392.0000|18.9267872000
14400000|18.9267872000|18.9461794000|18.9267872000|18.9364833000|674000|13158784.0000|18.9364833000
14450000|18.9267872000|18.9364833000|18.9267872000|18.9267872000|303700|5928448.0000|18.9267872000
14500000|18.9267872000|18.9267872000|18.9267872000|18.9267872000|130900|2555200.0000|18.9267872000
14550000|18.9267872000|18.9364833000|18.9267872000|18.9364833000|676300|13202304.0000|18.9364833000
15000000|18.9364833000|19.0043560000|18.9267872000|18.9558755000|780100|15247040.0000|18.9558755000
