09350000|12.5746999200|12.5746999200|12.5159396400|12.5746999200|113200|1450767.0000|12.5746999200
09400000|12.5746999200|12.6236668200|12.5649065400|12.6040800600|223000|2867880.0000|12.6040800600
09450000|12.6040800600|12.6432535800|12.6040800600|12.6236668200|265100|3417920.0000|12.6236668200
09500000|12.6334602000|12.6432535800|12.6138734400|12.6432535800|261000|3365523.0000|12.6432535800
09550000|12.6334602000|12.6432535800|12.6138734400|12.6236668200|154300|1989703.0000|12.6236668200
10000000|12.6334602000|12.6432535800|12.6236668200|12.6432535800|102600|1324031.0000|12.6432535800
10050000|12.6334602000|12.6432535800|12.6236668200|12.6334602000|167900|2165756.0000|12.6334602000
10100000|12.6236668200|12.6432535800|12.6138734400|12.6138734400|137600|1774792.0000|12.6138734400
10150000|12.6236668200|12.6334602000|12.6138734400|12.6334602000|89800|1157288.0000|12.6334602000
10200000|12.6236668200|12.6628403400|12.6138734400|12.6628403400|161300|2082038.0000|12.6628403400
10250000|12.6628403400|12.6628403400|12.6040800600|12.6236668200|119100|1537022.0000|12.6236668200
10300000|12.6138734400|12.6432535800|12.6040800600|12.6334602000|94600|1219494.0000|12.6334602000
10350000|12.6432535800|12.6628403400|12.6334602000|12.6432535800|139400|1800398.0000|12.6432535800
10400000|12.6530469600|12.6922204800|12.6530469600|12.6922204800|256400|3317602.0000|12.6922204800
10450000|12.6824271000|12.7020138600|12.6628403400|12.6824271000|118900|1540470.0000|12.6824271000
10500000|12.6824271000|12.6824271000|12.6726337200|12.6824271000|56800|735514.0000|12.6824271000
10550000|12.6726337200|12.6726337200|12.6628403400|12.6628403400|35100|454010.0000|12.6628403400
11000000|12.6628403400|12.6726337200|12.6432535800|12.6432535800|55500|716988.0000|12.6432535800
11050000|12.6432535800|12.6628403400|12.6432535800|12.6628403400|39300|507716.0000|12.6628403400
11100000|12.6628403400|12.6726337200|12.6530469600|12.6726337200|40300|521392.0000|12.6726337200
11150000|12.6628403400|12.6824271000|12.6628403400|12.6824271000|68700|889056.0000|12.6824271000
11200000|12.6726337200|12.6824271000|12.6628403400|12.6628403400|33200|429632.0000|12.6628403400
11250000|12.6726337200|12.6726337200|12.6530469600|12.6530469600|43700|564816.0000|12.6530469600
11300000|12.6628403400|12.6628403400|12.6530469600|12.6530469600|22800|294724.0000|12.6530469600
13050000|12.6628403400|12.6628403400|12.6432535800|12.6530469600|65000|839696.0000|12.6530469600
13100000|12.6530469600|12.6530469600|12.6334602000|12.6432535800|29900|385948.0000|12.6432535800
13150000|12.6432535800|12.6432535800|12.6236668200|12.6334602000|58000|748324.0000|12.6334602000
13200000|12.6236668200|12.6334602000|12.5942866800|12.6138734400|89400|1151708.0000|12.6138734400
13250000|12.6138734400|12.6138734400|12.5844933000|12.5844933000|94100|1210096.0000|12.5844933000
13300000|12.5942866800|12.5942866800|12.5551131600|12.5844933000|134800|1730808.0000|12.5844933000
13350000|12.5844933000|12.6138734400|12.5844933000|12.6138734400|53400|687284.0000|12.6138734400
13400000|12.6138734400|12.6138734400|12.5355264000|12.5355264000|209800|2689752.0000|12.5355264000
13450000|12.5355264000|12.5551131600|12.5159396400|12.5551131600|176400|2256372.0000|12.5551131600
13500000|12.5551131600|12.6040800600|12.5453197800|12.5551131600|89700|1149784.0000|12.5551131600
13550000|12.5551131600|12.5551131600|12.5257330200|12.5453197800|102800|1316168.0000|12.5453197800
14000000|12.5453197800|12.5746999200|12.5453197800|12.5649065400|28600|366640.0000|12.5649065400
14050000|12.5649065400|12.5844933000|12.5453197800|12.5551131600|50100|642360.0000|12.5551131600
14100000|12.5551131600|12.5551131600|12.5061462600|12.5355264000|144000|1842076.0000|12.5355264000
14150000|12.5257330200|12.5257330200|12.5061462600|12.5159396400|67700|864876.0000|12.5159396400
14200000|12.5159396400|12.5159396400|12.5061462600|12.5061462600|94500|1207368.0000|12.5061462600
14250000|12.5551131600|12.5844933000|12.5159396400|12.5844933000|200200|2568224.0000|12.5844933000
14300000|12.5551131600|12.5844933000|12.5551131600|12.5649065400|56300|722692.0000|12.5649065400
14350000|12.5746999200|12.5746999200|12.5551131600|12.5649065400|52100|668516.0000|12.5649065400
14400000|12.5649065400|12.5746999200|12.5551131600|12.5551131600|88100|1129756.0000|12.5551131600
14450000|12.5551131600|12.5649065400|12.5453197800|12.5453197800|114300|1464784.0000|12.5453197800
14500000|12.5453197800|12.5551131600|12.5159396400|12.5355264000|167200|2140152.0000|12.5355264000
14550000|12.5257330200|12.5453197800|12.5159396400|12.5355264000|168200|2151980.0000|12.5355264000
15000000|12.5355264000|12.5355264000|12.5159396400|12.5159396400|148600|1899896.0000|12.5159396400
