093500|10.6000|10.6600|10.5800|10.6100|837900|8902113.0000|10.6100
094000|10.6000|10.6200|10.5800|10.5900|360700|3822913.0000|10.5900
094500|10.5800|10.6000|10.5800|10.5800|191500|2027937.0000|10.5800
095000|10.5800|10.6100|10.5700|10.6000|268000|2837602.0000|10.6000
095500|10.6000|10.6400|10.6000|10.6400|187800|1993145.0000|10.6400
100000|10.6400|10.6400|10.6000|10.6300|277100|2942533.0000|10.6300
100500|10.6400|10.6500|10.6200|10.6200|275336|2928841.0000|10.6200
101000|10.6300|10.6300|10.6100|10.6100|88000|934454.0000|10.6100
101500|10.6100|10.6300|10.6000|10.6200|146400|1553807.0000|10.6200
102000|10.6100|10.6200|10.6000|10.6000|175500|1861764.0000|10.6000
102500|10.6100|10.6100|10.5800|10.5900|213500|2261884.0000|10.5900
103000|10.5900|10.5900|10.5800|10.5800|150900|1597726.0000|10.5800
103500|10.5900|10.6100|10.5800|10.6000|98200|1040476.0000|10.6000
104000|10.6000|10.6100|10.6000|10.6000|111200|1179094.0000|10.6000
104500|10.6000|10.6100|10.6000|10.6100|68000|720926.0000|10.6100
105000|10.6100|10.6100|10.6000|10.6100|61800|655330.0000|10.6100
105500|10.6200|10.6300|10.6000|10.6200|115700|1227866.0000|10.6200
110000|10.6100|10.6300|10.6100|10.6200|90600|962184.0000|10.6200
110500|10.6200|10.6200|10.6100|10.6100|140600|1492183.0000|10.6100
111000|10.6100|10.6200|10.6000|10.6100|46000|488268.0000|10.6100
111500|10.6100|10.6300|10.6100|10.6300|148500|1577401.0000|10.6300
112000|10.6300|10.6400|10.6200|10.6200|213700|2270952.0000|10.6200
112500|10.6100|10.6200|10.6100|10.6100|78200|829836.0000|10.6100
113000|10.6100|10.6200|10.6000|10.6000|94100|998124.0000|10.6000
130500|10.6200|10.6200|10.5800|10.5800|340800|3610747.0000|10.5800
131000|10.5900|10.6000|10.5500|10.5600|581309|6143963.0000|10.5600
131500|10.5700|10.5900|10.5600|10.5900|112700|1191174.0000|10.5900
132000|10.5700|10.5900|10.5500|10.5600|286700|3027384.0000|10.5600
132500|10.5600|10.5700|10.5500|10.5600|87500|923864.0000|10.5600
133000|10.5600|10.5700|10.5400|10.5600|231400|2441884.0000|10.5600
133500|10.5600|10.5800|10.5600|10.5600|121700|1286298.0000|10.5600
134000|10.5700|10.5800|10.5600|10.5800|58000|613273.0000|10.5800
134500|10.5800|10.6100|10.5800|10.5900|186600|1976995.0000|10.5900
135000|10.5900|10.6000|10.5700|10.5800|80900|856300.0000|10.5800
135500|10.5800|10.5800|10.5600|10.5600|179200|1893753.0000|10.5600
140000|10.5600|10.5700|10.5600|10.5600|98300|1038317.0000|10.5600
140500|10.5600|10.5800|10.5500|10.5700|66400|701734.0000|10.5700
141000|10.5700|10.5700|10.5500|10.5500|198200|2092473.0000|10.5500
141500|10.5500|10.5600|10.5400|10.5500|277100|2923036.0000|10.5500
142000|10.5500|10.5600|10.5400|10.5600|205500|2166855.0000|10.5600
142500|10.5600|10.5600|10.5500|10.5500|75700|798858.0000|10.5500
143000|10.5500|10.5700|10.5400|10.5400|145400|1534198.0000|10.5400
143500|10.5600|10.5600|10.5400|10.5400|105300|1111180.0000|10.5400
144000|10.5500|10.5500|10.5200|10.5300|483400|5092650.0000|10.5300
144500|10.5200|10.5400|10.5200|10.5200|240211|2529583.0000|10.5200
145000|10.5300|10.5400|10.5200|10.5400|342100|3602244.0000|10.5400
145500|10.5400|10.5700|10.5300|10.5600|358009|3778889.0000|10.5600
150000|10.5700|10.5800|10.5500|10.5500|227400|2400438.0000|10.5500
