093500|11.5|11.59|11.46|11.53|39292.0|45602199.0|11.72
094000|11.54|11.55|11.45|11.49|29931.0|34641939.0|11.53
094500|11.5|11.54|11.49|11.5|15218.0|17648863.0|11.49
095000|11.5|11.55|11.49|11.52|8265.0|9591552.0|11.5
095500|11.52|11.57|11.52|11.54|6693.0|7781655.0|11.52
100000|11.54|11.54|11.5|11.51|9078.0|10526515.0|11.54
100500|11.52|11.52|11.49|11.51|5346.0|6193383.0|11.51
101000|11.51|11.52|11.49|11.49|5414.0|6270404.0|11.51
101500|11.5|11.52|11.49|11.51|5754.0|6661622.0|11.49
102000|11.52|11.52|11.49|11.51|5274.0|6108554.0|11.51
102500|11.51|11.54|11.5|11.53|3974.0|4611406.0|11.51
103000|11.53|11.56|11.52|11.55|3320.0|3858064.0|11.53
103500|11.56|11.57|11.53|11.57|4879.0|5673936.0|11.55
104000|11.56|11.59|11.55|11.55|4472.0|5210735.0|11.57
104500|11.55|11.59|11.54|11.59|3382.0|3938125.0|11.55
105000|11.58|11.59|11.57|11.58|3505.0|4087226.0|11.59
105500|11.57|11.57|11.53|11.55|2947.0|3426513.0|11.58
110000|11.54|11.55|11.53|11.54|3030.0|3518652.0|11.55
110500|11.54|11.55|11.52|11.54|2830.0|3286507.0|11.54
111000|11.55|11.55|11.53|11.54|1421.0|1650755.0|11.54
111500|11.54|11.55|11.53|11.53|1884.0|2188500.0|11.54
112000|11.54|11.54|11.52|11.54|1228.0|1426104.0|11.53
112500|11.54|11.54|11.51|11.51|5021.0|5825373.0|11.54
113000|11.52|11.54|11.51|11.51|2160.0|2505705.0|11.51
130500|11.51|11.53|11.5|11.5|5382.0|6238493.0|11.51
131000|11.5|11.52|11.5|11.5|3911.0|4530993.0|11.5
131500|11.51|11.52|11.5|11.52|3186.0|3692314.0|11.5
132000|11.52|11.53|11.5|11.51|3098.0|3591557.0|11.52
132500|11.52|11.53|11.5|11.51|1351.0|1566456.0|11.51
133000|11.52|11.55|11.51|11.54|2649.0|3077347.0|11.51
133500|11.55|11.57|11.53|11.57|4140.0|4813321.0|11.54
134000|11.57|11.6|11.55|11.6|6699.0|7802768.0|11.57
134500|11.59|11.61|11.57|11.58|6430.0|7505581.0|11.6
135000|11.57|11.59|11.55|11.57|5440.0|6337757.0|11.58
135500|11.58|11.6|11.57|11.58|4293.0|5007102.0|11.57
140000|11.58|11.59|11.57|11.58|5266.0|6143363.0|11.58
140500|11.59|11.6|11.57|11.59|4654.0|5429471.0|11.58
141000|11.59|11.59|11.56|11.57|6677.0|7777158.0|11.59
141500|11.57|11.58|11.56|11.57|1511.0|1760415.0|11.57
142000|11.56|11.57|11.55|11.57|2710.0|3153666.0|11.57
142500|11.57|11.6|11.57|11.59|5422.0|6325027.0|11.57
143000|11.6|11.6|11.56|11.57|8032.0|9370727.0|11.59
143500|11.57|11.61|11.57|11.61|3587.0|4187833.0|11.57
144000|11.61|11.62|11.59|11.59|5655.0|6607029.0|11.61
144500|11.6|11.6|11.58|11.6|4220.0|4923885.0|11.59
145000|11.59|11.6|11.58|11.59|4660.0|5437087.0|11.6
145500|11.59|11.59|11.56|11.56|5770.0|6726980.0|11.59
150000|11.56|11.58|11.56|11.56|10045.0|11695981.0|11.56
