09350000|19.2152235900|19.5828031900|19.1968446100|19.5736137000|12640703|266338607.0000|19.5736137000
09400000|19.5919926800|19.6471296200|19.4449608400|19.4909082900|8567346|182185697.0000|19.4909082900
09450000|19.5092872700|19.5184767600|19.3346869600|19.3346869600|5511366|116414688.0000|19.3346869600
09500000|19.3438764500|19.4449608400|19.3346869600|19.4082028800|2982006|62902592.0000|19.4082028800
09550000|19.4082028800|19.4265818600|19.3254974700|19.3898239000|2812303|59268896.0000|19.3898239000
10000000|19.3898239000|19.4082028800|19.3622554300|19.3714449200|1748854|36864624.0000|19.3714449200
10050000|19.3714449200|19.4173923700|19.3622554300|19.4173923700|1466000|30952208.0000|19.4173923700
10100000|19.4173923700|19.4541503300|19.4082028800|19.4357713500|1852700|39168656.0000|19.4357713500
10150000|19.4357713500|19.4725293100|19.3898239000|19.3990133900|1617200|34194704.0000|19.3990133900
10200000|19.3898239000|19.4082028800|19.3163079800|19.3163079800|1889900|39823824.0000|19.3163079800
10250000|19.3163079800|19.3254974700|19.2336025700|19.2979290000|4195100|87999488.0000|19.2979290000
10300000|19.3071184900|19.3622554300|19.2887395100|19.2887395100|2721700|57185808.0000|19.2887395100
10350000|19.3071184900|19.3071184900|19.2152235900|19.2336025700|2052400|42994448.0000|19.2336025700
10400000|19.2336025700|19.2427920600|19.2060341000|19.2427920600|1600758|33490464.0000|19.2427920600
10450000|19.2427920600|19.2427920600|19.1876551200|19.1968446100|1728242|36141248.0000|19.1968446100
10500000|19.1876551200|19.1968446100|19.1049497100|19.1325181800|2515500|52405104.0000|19.1325181800
10550000|19.1417076700|19.2060341000|19.1233286900|19.1968446100|1305330|27205792.0000|19.1968446100
11000000|19.2060341000|19.2427920600|19.1968446100|19.2244130800|803400|16806272.0000|19.2244130800
11050000|19.2152235900|19.2336025700|19.1233286900|19.1233286900|916500|19122176.0000|19.1233286900
11100000|19.1233286900|19.2427920600|19.1141392000|19.2060341000|1335800|27880832.0000|19.2060341000
11150000|19.2060341000|19.2519815500|19.1784656300|19.1784656300|1009600|21113520.0000|19.1784656300
11200000|19.1784656300|19.1876551200|19.1233286900|19.1417076700|1113500|23203280.0000|19.1417076700
11250000|19.1417076700|19.1600866500|19.0865707300|19.1600866500|2621200|54518608.0000|19.1600866500
11300000|19.1600866500|19.1692761400|19.1417076700|19.1600866500|597989|12466192.0000|19.1600866500
13050000|19.1508971600|19.1692761400|19.1141392000|19.1233286900|1118301|23297968.0000|19.1233286900
13100000|19.1141392000|19.1508971600|19.0773812400|19.1508971600|1050063|21823488.0000|19.1508971600
13150000|19.1600866500|19.2887395100|19.1508971600|19.2519815500|1055922|22094608.0000|19.2519815500
13200000|19.2611710400|19.2611710400|19.1968446100|19.2060341000|562600|11769648.0000|19.2060341000
13250000|19.2060341000|19.2887395100|19.2060341000|19.2427920600|870100|18242752.0000|19.2427920600
13300000|19.2519815500|19.3622554300|19.2427920600|19.3622554300|1590494|33433136.0000|19.3622554300
13350000|19.3622554300|19.3622554300|19.2979290000|19.3071184900|1266906|26654032.0000|19.3071184900
13400000|19.3163079800|19.3346869600|19.2887395100|19.2887395100|721600|15163952.0000|19.2887395100
13450000|19.2979290000|19.3622554300|19.2887395100|19.3622554300|1024222|21543168.0000|19.3622554300
13500000|19.3622554300|19.3898239000|19.3346869600|19.3898239000|1126000|23735136.0000|19.3898239000
13550000|19.3898239000|19.3990133900|19.3438764500|19.3898239000|978600|20635248.0000|19.3898239000
14000000|19.3898239000|19.4173923700|19.3806344100|19.3806344100|1294100|27322288.0000|19.3806344100
14050000|19.3806344100|19.3898239000|19.3254974700|19.3438764500|884900|18637840.0000|19.3438764500
14100000|19.3438764500|19.3806344100|19.3346869600|19.3806344100|629610|13268384.0000|19.3806344100
14150000|19.3806344100|19.4173923700|19.3714449200|19.4173923700|956000|20182784.0000|19.4173923700
14200000|19.4082028800|19.4357713500|19.3898239000|19.4357713500|1030800|21780192.0000|19.4357713500
14250000|19.4357713500|19.4357713500|19.3990133900|19.4082028800|978700|20683872.0000|19.4082028800
14300000|19.4173923700|19.4357713500|19.3990133900|19.4265818600|910400|19236304.0000|19.4265818600
14350000|19.4265818600|19.4633398200|19.4265818600|19.4449608400|1419544|30038112.0000|19.4449608400
14400000|19.4541503300|19.4725293100|19.4449608400|19.4633398200|1159404|24548848.0000|19.4633398200
14450000|19.4725293100|19.4725293100|19.4449608400|19.4633398200|1470996|31148160.0000|19.4633398200
14500000|19.4725293100|19.5092872700|19.4541503300|19.5092872700|2803436|59422496.0000|19.5092872700
14550000|19.5092872700|19.5368557400|19.5092872700|19.5184767600|3097900|65808896.0000|19.5184767600
15000000|19.5276662500|19.5368557400|19.5092872700|19.5276662500|2485986|52821968.0000|19.5276662500
