093500|3.3200|3.3300|3.2900|3.3100|1639000|5425721.0000|3.3100
094000|3.3000|3.3100|3.2700|3.2800|2201900|7231580.0000|3.2800
094500|3.2700|3.2800|3.2700|3.2800|1323300|4334685.0000|3.2800
095000|3.2800|3.2900|3.2400|3.2500|1898900|6191265.0000|3.2500
095500|3.2500|3.2500|3.2300|3.2500|1942100|6296969.0000|3.2500
100000|3.2400|3.2500|3.2300|3.2300|1439400|4656807.0000|3.2300
100500|3.2300|3.2400|3.2200|3.2200|690400|2230704.0000|3.2200
101000|3.2200|3.2300|3.2000|3.2100|1927000|6192676.0000|3.2100
101500|3.2100|3.2200|3.2000|3.2100|1116700|3585645.0000|3.2100
102000|3.2100|3.2200|3.2000|3.2100|795500|2552840.0000|3.2100
102500|3.2000|3.2200|3.2000|3.2100|1562200|5013211.0000|3.2100
103000|3.2100|3.2300|3.2100|3.2300|807900|2597802.0000|3.2300
103500|3.2300|3.2300|3.2100|3.2200|762300|2456690.0000|3.2200
104000|3.2100|3.2300|3.2100|3.2200|479400|1541404.0000|3.2200
104500|3.2200|3.2400|3.2200|3.2400|419100|1352212.0000|3.2400
105000|3.2400|3.2400|3.2300|3.2400|392900|1271659.0000|3.2400
105500|3.2400|3.2400|3.2300|3.2400|563100|1823415.0000|3.2400
110000|3.2400|3.2600|3.2300|3.2600|984100|3191700.0000|3.2600
110500|3.2600|3.2700|3.2500|3.2600|653500|2130793.0000|3.2600
111000|3.2600|3.2600|3.2500|3.2600|401200|1305420.0000|3.2600
111500|3.2600|3.2700|3.2500|3.2700|663200|2162909.0000|3.2700
112000|3.2700|3.2700|3.2500|3.2700|430300|1403727.0000|3.2700
112500|3.2700|3.2700|3.2600|3.2700|320400|1045659.0000|3.2700
113000|3.2700|3.2700|3.2600|3.2700|272600|889990.0000|3.2700
130500|3.2700|3.2700|3.2600|3.2700|465800|1521324.0000|3.2700
131000|3.2700|3.2700|3.2600|3.2600|173900|567362.0000|3.2600
131500|3.2600|3.2700|3.2600|3.2600|166900|545193.0000|3.2600
132000|3.2600|3.2700|3.2600|3.2700|259400|847145.0000|3.2700
132500|3.2600|3.2700|3.2600|3.2700|590300|1927352.0000|3.2700
133000|3.2700|3.2800|3.2600|3.2800|542200|1773095.0000|3.2800
133500|3.2800|3.2800|3.2700|3.2700|324700|1063220.0000|3.2700
134000|3.2800|3.2900|3.2700|3.2900|807700|2648544.0000|3.2900
134500|3.2900|3.2900|3.2800|3.2800|400200|1313732.0000|3.2800
135000|3.2800|3.2900|3.2800|3.2800|646370|2122476.0000|3.2800
135500|3.2900|3.2900|3.2700|3.2800|745530|2447207.0000|3.2800
140000|3.2700|3.2800|3.2700|3.2700|182900|599273.0000|3.2700
140500|3.2700|3.2800|3.2700|3.2700|292200|957192.0000|3.2700
141000|3.2700|3.2800|3.2700|3.2700|245700|804322.0000|3.2700
141500|3.2700|3.2800|3.2600|3.2600|1134200|3705910.0000|3.2600
142000|3.2600|3.2700|3.2600|3.2600|509700|1662150.0000|3.2600
142500|3.2600|3.2700|3.2600|3.2600|390900|1275270.0000|3.2600
143000|3.2600|3.2700|3.2600|3.2600|288600|941763.0000|3.2600
143500|3.2600|3.2700|3.2600|3.2600|352400|1149182.0000|3.2600
144000|3.2700|3.2700|3.2500|3.2500|1933300|6295620.0000|3.2500
144500|3.2600|3.2600|3.2500|3.2500|291600|949309.0000|3.2500
145000|3.2500|3.2600|3.2500|3.2600|1353870|4401244.0000|3.2600
145500|3.2600|3.2600|3.2500|3.2600|1153700|3757095.0000|3.2600
150000|3.2500|3.2700|3.2500|3.2600|1426600|4648004.0000|3.2600
