093500|2.6800|2.7100|2.6800|2.7100|4825000|12991387.0000|2.7100
094000|2.7100|2.7100|2.6900|2.7000|2963600|8008539.0000|2.7000
094500|2.7000|2.7100|2.7000|2.7000|2222400|6000958.0000|2.7000
095000|2.7000|2.7100|2.6900|2.7000|2755700|7440770.0000|2.7000
095500|2.7000|2.7000|2.6900|2.7000|1891400|5099128.0000|2.7000
100000|2.7000|2.7000|2.6800|2.7000|3476300|9348756.0000|2.7000
100500|2.7000|2.7100|2.6900|2.7000|5492900|14846464.0000|2.7000
101000|2.7100|2.7200|2.7000|2.7100|3049900|8268344.0000|2.7100
101500|2.7100|2.7200|2.7000|2.7100|2347900|6363168.0000|2.7100
102000|2.7100|2.7100|2.7000|2.7100|719600|1946640.0000|2.7100
102500|2.7100|2.7100|2.7000|2.7100|244300|661048.0000|2.7100
103000|2.7100|2.7100|2.6900|2.7100|3319600|8960552.0000|2.7100
103500|2.7100|2.7100|2.7000|2.7100|946200|2556064.0000|2.7100
104000|2.7100|2.7100|2.7000|2.7000|1481400|4009392.0000|2.7000
104500|2.7000|2.7200|2.7000|2.7100|4866000|13190528.0000|2.7100
105000|2.7100|2.7200|2.7000|2.7100|1139900|3089048.0000|2.7100
105500|2.7100|2.7100|2.7000|2.7000|584000|1581096.0000|2.7000
110000|2.7000|2.7100|2.7000|2.7100|354500|959072.0000|2.7100
110500|2.7100|2.7200|2.7000|2.7000|1955700|5302104.0000|2.7000
111000|2.7100|2.7200|2.7000|2.7000|1376700|3730928.0000|2.7000
111500|2.7000|2.7100|2.7000|2.7100|179500|485512.0000|2.7100
112000|2.7000|2.7100|2.6900|2.7000|3956600|10676416.0000|2.7000
112500|2.6900|2.7100|2.6900|2.7100|1253300|3383264.0000|2.7100
113000|2.7000|2.7100|2.7000|2.7100|318700|861248.0000|2.7100
130500|2.7100|2.7100|2.7000|2.7100|579300|1567264.0000|2.7100
131000|2.7100|2.7100|2.7000|2.7100|368600|996192.0000|2.7100
131500|2.7100|2.7100|2.7000|2.7000|599300|1619072.0000|2.7000
132000|2.7000|2.7100|2.7000|2.7100|164400|444304.0000|2.7100
132500|2.7100|2.7100|2.6900|2.7000|1824600|4923728.0000|2.7000
133000|2.6900|2.7000|2.6900|2.6900|1560100|4209008.0000|2.6900
133500|2.6900|2.7000|2.6900|2.6900|1869200|5030240.0000|2.6900
134000|2.7000|2.7000|2.6900|2.7000|632000|1702304.0000|2.7000
134500|2.6900|2.7000|2.6900|2.7000|485300|1309168.0000|2.7000
135000|2.6900|2.7100|2.6900|2.7000|3182200|8589872.0000|2.7000
135500|2.7000|2.7100|2.6900|2.6900|1764400|4761040.0000|2.6900
140000|2.6900|2.7000|2.6900|2.7000|416200|1122960.0000|2.7000
140500|2.7000|2.7000|2.6800|2.6800|3481100|9367088.0000|2.6800
141000|2.6800|2.7000|2.6800|2.7000|1184000|3183488.0000|2.7000
141500|2.7000|2.7000|2.6900|2.7000|1516500|4092624.0000|2.7000
142000|2.7000|2.7100|2.7000|2.7100|2037900|5503872.0000|2.7100
142500|2.7000|2.7200|2.7000|2.7200|5342500|14475296.0000|2.7200
143000|2.7100|2.7200|2.7000|2.7100|2536800|6877072.0000|2.7100
143500|2.7100|2.7100|2.7000|2.7100|342800|927456.0000|2.7100
144000|2.7100|2.7100|2.7000|2.7100|777200|2104704.0000|2.7100
144500|2.7100|2.7200|2.7000|2.7100|2459500|6665936.0000|2.7100
145000|2.7200|2.7200|2.7100|2.7200|1740400|4723952.0000|2.7200
145500|2.7100|2.7200|2.7100|2.7100|1473500|3996768.0000|2.7100
150000|2.7100|2.7200|2.7100|2.7200|2689100|7309792.0000|2.7200
