09350000|2.5495964000|2.5495964000|2.4809534200|2.5005657000|20105500|51511824.0000|2.5005657000
09400000|2.5103718400|2.5103718400|2.4907595600|2.5005657000|15846300|40417622.0000|2.5005657000
09450000|2.5005657000|2.5103718400|2.4809534200|2.4809534200|10379388|26397002.0000|2.4809534200
09500000|2.4809534200|2.4907595600|2.4613411400|2.4907595600|23593982|59529447.0000|2.4907595600
09550000|2.4907595600|2.4907595600|2.4809534200|2.4809534200|6166800|15615771.0000|2.4809534200
10000000|2.4907595600|2.4907595600|2.4515350000|2.4613411400|20569928|51683826.0000|2.4613411400
10050000|2.4711472800|2.4809534200|2.4613411400|2.4711472800|8928730|22485859.0000|2.4711472800
10100000|2.4613411400|2.4613411400|2.4319227200|2.4613411400|25821794|64464297.0000|2.4613411400
10150000|2.4613411400|2.4711472800|2.4319227200|2.4417288600|8908314|22272032.0000|2.4417288600
10200000|2.4319227200|2.4417288600|2.4221165800|2.4319227200|15004876|37209552.0000|2.4319227200
10250000|2.4319227200|2.4515350000|2.4221165800|2.4417288600|8927320|22182272.0000|2.4417288600
10300000|2.4417288600|2.4515350000|2.4221165800|2.4221165800|7441980|18497072.0000|2.4221165800
10350000|2.4319227200|2.4417288600|2.4025043000|2.4319227200|12994340|32080624.0000|2.4319227200
10400000|2.4417288600|2.4417288600|2.4319227200|2.4417288600|3086700|7663424.0000|2.4417288600
10450000|2.4417288600|2.4515350000|2.4319227200|2.4417288600|4141800|10311200.0000|2.4417288600
10500000|2.4417288600|2.4515350000|2.4319227200|2.4417288600|3359900|8371392.0000|2.4417288600
10550000|2.4319227200|2.4417288600|2.4319227200|2.4319227200|1986900|4930960.0000|2.4319227200
11000000|2.4417288600|2.4515350000|2.4319227200|2.4417288600|3095000|7706560.0000|2.4417288600
11050000|2.4515350000|2.4613411400|2.4417288600|2.4613411400|2230100|5574256.0000|2.4613411400
11100000|2.4515350000|2.4613411400|2.4515350000|2.4613411400|1816300|4551712.0000|2.4613411400
11150000|2.4613411400|2.4613411400|2.4417288600|2.4417288600|2139700|5340288.0000|2.4417288600
11200000|2.4417288600|2.4515350000|2.4417288600|2.4417288600|2198440|5476832.0000|2.4417288600
11250000|2.4417288600|2.4515350000|2.4417288600|2.4417288600|1194200|2976832.0000|2.4417288600
11300000|2.4417288600|2.4515350000|2.4417288600|2.4417288600|990400|2467536.0000|2.4417288600
13050000|2.4417288600|2.4417288600|2.4221165800|2.4319227200|2515400|6248048.0000|2.4319227200
13100000|2.4319227200|2.4319227200|2.4221165800|2.4221165800|3391280|8384944.0000|2.4221165800
13150000|2.4221165800|2.4319227200|2.4123104400|2.4123104400|4519143|11167808.0000|2.4123104400
13200000|2.4221165800|2.4417288600|2.4123104400|2.4417288600|5920090|14656352.0000|2.4417288600
13250000|2.4319227200|2.4417288600|2.4319227200|2.4319227200|1850000|4595168.0000|2.4319227200
13300000|2.4319227200|2.4417288600|2.4319227200|2.4319227200|2530772|6279408.0000|2.4319227200
13350000|2.4417288600|2.4417288600|2.4221165800|2.4319227200|1509600|3735952.0000|2.4319227200
13400000|2.4221165800|2.4319227200|2.4123104400|2.4319227200|4734613|11689872.0000|2.4319227200
13450000|2.4221165800|2.4319227200|2.4123104400|2.4221165800|2573400|6354064.0000|2.4221165800
13500000|2.4123104400|2.4221165800|2.4123104400|2.4123104400|3925700|9663520.0000|2.4123104400
13550000|2.4123104400|2.4221165800|2.4025043000|2.4221165800|7373752|18106512.0000|2.4221165800
14000000|2.4221165800|2.4319227200|2.4221165800|2.4319227200|2404952|5947856.0000|2.4319227200
14050000|2.4221165800|2.4319227200|2.4221165800|2.4221165800|1519600|3761248.0000|2.4221165800
14100000|2.4221165800|2.4319227200|2.4221165800|2.4221165800|1316080|3257008.0000|2.4221165800
14150000|2.4319227200|2.4319227200|2.4123104400|2.4221165800|2427520|5995120.0000|2.4221165800
14200000|2.4221165800|2.4221165800|2.4123104400|2.4123104400|2231800|5496560.0000|2.4123104400
14250000|2.4123104400|2.4221165800|2.4025043000|2.4025043000|5377700|13218144.0000|2.4025043000
14300000|2.4025043000|2.4221165800|2.4025043000|2.4123104400|4966706|12211008.0000|2.4123104400
14350000|2.4025043000|2.4123104400|2.3828920200|2.4123104400|13414192|32807552.0000|2.4123104400
14400000|2.4123104400|2.4123104400|2.4025043000|2.4025043000|3878400|9522592.0000|2.4025043000
14450000|2.4025043000|2.4025043000|2.3926981600|2.4025043000|7763008|18977648.0000|2.4025043000
14500000|2.4025043000|2.4123104400|2.3926981600|2.4025043000|5903792|14443264.0000|2.4025043000
14550000|2.3926981600|2.4025043000|2.3828920200|2.3926981600|7897008|19254384.0000|2.3926981600
15000000|2.3926981600|2.4025043000|2.3828920200|2.4025043000|5724000|13987424.0000|2.4025043000
