09350000|3.2083339400|3.2182977100|3.1884064000|3.1983701700|15288600|49152888.0000|3.1983701700
09400000|3.1983701700|3.2182977100|3.1983701700|3.1983701700|7579700|24372736.0000|3.1983701700
09450000|3.1983701700|3.2182977100|3.1983701700|3.2083339400|5802400|18663208.0000|3.2083339400
09500000|3.2083339400|3.2083339400|3.1983701700|3.1983701700|2574800|8271160.0000|3.1983701700
09550000|3.1983701700|3.2083339400|3.1884064000|3.2083339400|8788600|28205352.0000|3.2083339400
10000000|3.2083339400|3.2083339400|3.1884064000|3.1983701700|8278900|26523584.0000|3.1983701700
10050000|3.1983701700|3.2282614800|3.1884064000|3.2282614800|10351800|33338400.0000|3.2282614800
10100000|3.2282614800|3.2382252500|3.2083339400|3.2382252500|5532400|17906304.0000|3.2382252500
10150000|3.2382252500|3.2382252500|3.2182977100|3.2282614800|3290400|10663808.0000|3.2282614800
10200000|3.2282614800|3.2282614800|3.2182977100|3.2282614800|2080500|6735840.0000|3.2282614800
10250000|3.2282614800|3.2282614800|3.2182977100|3.2282614800|979800|3168976.0000|3.2282614800
10300000|3.2282614800|3.2282614800|3.2182977100|3.2282614800|2415500|7806192.0000|3.2282614800
10350000|3.2282614800|3.2282614800|3.2083339400|3.2182977100|2172500|7016576.0000|3.2182977100
10400000|3.2182977100|3.2182977100|3.2083339400|3.2182977100|1359200|4378784.0000|3.2182977100
10450000|3.2182977100|3.2182977100|3.2083339400|3.2182977100|1060600|3416032.0000|3.2182977100
10500000|3.2182977100|3.2182977100|3.1983701700|3.2083339400|5241900|16834768.0000|3.2083339400
10550000|3.2083339400|3.2083339400|3.1983701700|3.2083339400|1311700|4212528.0000|3.2083339400
11000000|3.2083339400|3.2083339400|3.1983701700|3.2083339400|1082600|3476704.0000|3.2083339400
11050000|3.2083339400|3.2083339400|3.1983701700|3.2083339400|1586000|5092256.0000|3.2083339400
11100000|3.2083339400|3.2083339400|3.1983701700|3.2083339400|4206600|13508224.0000|3.2083339400
11150000|3.2083339400|3.2182977100|3.1983701700|3.2083339400|1917900|6173664.0000|3.2083339400
11200000|3.2083339400|3.2182977100|3.1983701700|3.2182977100|1900800|6119456.0000|3.2182977100
11250000|3.2182977100|3.2182977100|3.2083339400|3.2083339400|672100|2166304.0000|3.2083339400
11300000|3.2083339400|3.2182977100|3.2083339400|3.2182977100|524600|1691360.0000|3.2182977100
13050000|3.2083339400|3.2182977100|3.2083339400|3.2182977100|3153900|10180512.0000|3.2182977100
13100000|3.2182977100|3.2182977100|3.1983701700|3.2083339400|3246500|10455360.0000|3.2083339400
13150000|3.2083339400|3.2083339400|3.1983701700|3.1983701700|3805600|12221056.0000|3.1983701700
13200000|3.1983701700|3.2182977100|3.1983701700|3.2182977100|1944600|6266688.0000|3.2182977100
13250000|3.2182977100|3.2382252500|3.2182977100|3.2382252500|6717800|21745760.0000|3.2382252500
13300000|3.2382252500|3.2382252500|3.2282614800|3.2382252500|3617900|11751968.0000|3.2382252500
13350000|3.2382252500|3.2481890200|3.2282614800|3.2481890200|5199900|16920448.0000|3.2481890200
13400000|3.2481890200|3.2481890200|3.2382252500|3.2481890200|1567100|5104032.0000|3.2481890200
13450000|3.2481890200|3.2681165600|3.2481890200|3.2481890200|9204800|30086336.0000|3.2481890200
13500000|3.2481890200|3.2581527900|3.2382252500|3.2481890200|1883100|6137312.0000|3.2481890200
13550000|3.2481890200|3.2481890200|3.2382252500|3.2481890200|1204600|3924800.0000|3.2481890200
14000000|3.2481890200|3.2481890200|3.2382252500|3.2481890200|1670400|5442240.0000|3.2481890200
14050000|3.2481890200|3.2581527900|3.2382252500|3.2581527900|1859700|6058784.0000|3.2581527900
14100000|3.2581527900|3.2581527900|3.2382252500|3.2481890200|2082700|6792640.0000|3.2481890200
14150000|3.2481890200|3.2581527900|3.2382252500|3.2581527900|1979700|6454112.0000|3.2581527900
14200000|3.2581527900|3.2581527900|3.2481890200|3.2581527900|1917600|6256864.0000|3.2581527900
14250000|3.2581527900|3.2581527900|3.2481890200|3.2581527900|1958400|6393440.0000|3.2581527900
14300000|3.2581527900|3.2581527900|3.2481890200|3.2581527900|1844900|6025824.0000|3.2581527900
14350000|3.2581527900|3.2581527900|3.2481890200|3.2581527900|2320300|7578688.0000|3.2581527900
14400000|3.2581527900|3.2581527900|3.2481890200|3.2581527900|1464200|4776576.0000|3.2581527900
14450000|3.2581527900|3.2581527900|3.2481890200|3.2581527900|1845400|6021024.0000|3.2581527900
14500000|3.2581527900|3.2581527900|3.2481890200|3.2581527900|2306300|7530144.0000|3.2581527900
14550000|3.2581527900|3.2581527900|3.2481890200|3.2581527900|4401100|14371200.0000|3.2581527900
15000000|3.2581527900|3.2581527900|3.2481890200|3.2581527900|5290900|17292761.0000|3.2581527900
