09350000|2.9092152600|2.9487964200|2.8993199700|2.9487964200|8334440|24687346.0000|2.9487964200
09400000|2.9487964200|2.9586917100|2.9487964200|2.9586917100|8284680|24718887.0000|2.9586917100
09450000|2.9586917100|2.9586917100|2.9487964200|2.9487964200|4136300|12343215.0000|2.9487964200
09500000|2.9487964200|2.9586917100|2.9389011300|2.9487964200|4510600|13456579.0000|2.9487964200
09550000|2.9487964200|2.9883775800|2.9389011300|2.9784822900|16675304|49982924.0000|2.9784822900
10000000|2.9784822900|2.9883775800|2.9685870000|2.9883775800|4067762|12252949.0000|2.9883775800
10050000|2.9883775800|2.9883775800|2.9685870000|2.9883775800|4109543|12369350.0000|2.9883775800
10100000|2.9883775800|2.9982728700|2.9784822900|2.9883775800|8370080|25285798.0000|2.9883775800
10150000|2.9784822900|2.9982728700|2.9784822900|2.9784822900|3356700|10136765.0000|2.9784822900
10200000|2.9784822900|2.9982728700|2.9784822900|2.9982728700|3520300|10635334.0000|2.9982728700
10250000|2.9883775800|3.0081681600|2.9883775800|3.0081681600|6046700|18334144.0000|3.0081681600
10300000|2.9982728700|3.0081681600|2.9982728700|3.0081681600|2101063|6379533.0000|3.0081681600
10350000|2.9982728700|3.0180634500|2.9982728700|3.0180634500|4639683|14106611.0000|3.0180634500
10400000|3.0180634500|3.0279587400|3.0180634500|3.0180634500|10127400|30941353.0000|3.0180634500
10450000|3.0180634500|3.0279587400|3.0081681600|3.0180634500|2424420|7390620.0000|3.0180634500
10500000|3.0180634500|3.0180634500|2.9982728700|3.0081681600|2344000|7129088.0000|3.0081681600
10550000|3.0081681600|3.0180634500|3.0081681600|3.0081681600|1136155|3458720.0000|3.0081681600
11000000|3.0081681600|3.0279587400|3.0081681600|3.0180634500|6079264|18571008.0000|3.0180634500
11050000|3.0279587400|3.0378540300|3.0180634500|3.0279587400|3314541|10148048.0000|3.0279587400
11100000|3.0378540300|3.0477493200|3.0279587400|3.0279587400|3430391|10529088.0000|3.0279587400
11150000|3.0279587400|3.0378540300|3.0279587400|3.0279587400|1095429|3360512.0000|3.0279587400
11200000|3.0378540300|3.0378540300|3.0180634500|3.0180634500|3188580|9758640.0000|3.0180634500
11250000|3.0279587400|3.0279587400|3.0180634500|3.0279587400|1165600|3562816.0000|3.0279587400
11300000|3.0180634500|3.0279587400|3.0180634500|3.0279587400|847118|2588576.0000|3.0279587400
13050000|3.0279587400|3.0378540300|3.0279587400|3.0378540300|3430926|10511232.0000|3.0378540300
13100000|3.0378540300|3.0378540300|3.0279587400|3.0378540300|1765200|5413040.0000|3.0378540300
13150000|3.0279587400|3.0477493200|3.0279587400|3.0477493200|7682690|23631440.0000|3.0477493200
13200000|3.0477493200|3.0576446100|3.0477493200|3.0576446100|1940800|5991680.0000|3.0576446100
13250000|3.0576446100|3.0576446100|3.0378540300|3.0378540300|3926100|12108560.0000|3.0378540300
13300000|3.0378540300|3.0477493200|3.0378540300|3.0378540300|1995700|6128240.0000|3.0378540300
13350000|3.0279587400|3.0378540300|3.0279587400|3.0378540300|600500|1838832.0000|3.0378540300
13400000|3.0279587400|3.0378540300|3.0279587400|3.0279587400|677800|2076304.0000|3.0279587400
13450000|3.0279587400|3.0378540300|3.0279587400|3.0378540300|1376830|4215488.0000|3.0378540300
13500000|3.0378540300|3.0378540300|3.0279587400|3.0378540300|838100|2570064.0000|3.0378540300
13550000|3.0378540300|3.0477493200|3.0279587400|3.0378540300|3973500|12206896.0000|3.0378540300
14000000|3.0477493200|3.0477493200|3.0378540300|3.0378540300|1031080|3167776.0000|3.0378540300
14050000|3.0477493200|3.0477493200|3.0378540300|3.0477493200|1480100|4555216.0000|3.0477493200
14100000|3.0477493200|3.0576446100|3.0378540300|3.0477493200|4861547|14975792.0000|3.0477493200
14150000|3.0576446100|3.0576446100|3.0477493200|3.0477493200|1538100|4743664.0000|3.0477493200
14200000|3.0477493200|3.0576446100|3.0477493200|3.0576446100|1588900|4896496.0000|3.0576446100
14250000|3.0576446100|3.0576446100|3.0378540300|3.0378540300|2872700|8851680.0000|3.0378540300
14300000|3.0477493200|3.0477493200|3.0378540300|3.0477493200|888100|2731504.0000|3.0477493200
14350000|3.0378540300|3.0477493200|3.0378540300|3.0477493200|1285900|3955648.0000|3.0477493200
14400000|3.0477493200|3.0477493200|3.0378540300|3.0477493200|2526400|7764224.0000|3.0477493200
14450000|3.0477493200|3.0477493200|3.0378540300|3.0477493200|1520400|4679280.0000|3.0477493200
14500000|3.0477493200|3.0477493200|3.0378540300|3.0477493200|4848800|14915088.0000|3.0477493200
14550000|3.0378540300|3.0477493200|3.0378540300|3.0477493200|4250200|13075120.0000|3.0477493200
15000000|3.0378540300|3.0477493200|3.0378540300|3.0477493200|3709500|11416896.0000|3.0477493200
