093500|10.45|10.5|10.16|10.48|592740.0|615349571.0|10.45
094000|10.48|10.48|10.35|10.42|247142.0|257185556.0|10.48
094500|10.43|10.56|10.38|10.55|301964.0|316150432.0|10.42
095000|10.56|10.7|10.56|10.62|604675.0|643127429.0|10.55
095500|10.62|10.65|10.58|10.59|223705.0|237385888.0|10.62
100000|10.59|10.62|10.52|10.61|153558.0|162374351.0|10.59
100500|10.61|10.61|10.52|10.54|107430.0|113420162.0|10.61
101000|10.54|10.56|10.45|10.46|146427.0|153771638.0|10.54
101500|10.46|10.52|10.46|10.49|84717.0|88834621.0|10.46
102000|10.49|10.55|10.48|10.55|59661.0|62667721.0|10.49
102500|10.55|10.55|10.48|10.49|64639.0|67942178.0|10.55
103000|10.49|10.49|10.46|10.47|62158.0|65071470.0|10.49
103500|10.47|10.47|10.45|10.46|53182.0|55604248.0|10.47
104000|10.45|10.55|10.45|10.53|78571.0|82392512.0|10.46
104500|10.53|10.53|10.48|10.49|37528.0|39398814.0|10.53
105000|10.49|10.49|10.45|10.45|49441.0|51733992.0|10.49
105500|10.45|10.48|10.45|10.48|27803.0|29098069.0|10.45
110000|10.47|10.51|10.47|10.5|33203.0|34849105.0|10.48
110500|10.51|10.51|10.46|10.47|33425.0|35039182.0|10.5
111000|10.48|10.49|10.46|10.49|27597.0|28887887.0|10.47
111500|10.48|10.49|10.48|10.49|18432.0|19328024.0|10.49
112000|10.49|10.49|10.47|10.48|18266.0|19147661.0|10.49
112500|10.47|10.5|10.47|10.5|19016.0|19939880.0|10.48
113000|10.5|10.52|10.49|10.52|33809.0|35516703.0|10.5
130500|10.54|10.57|10.53|10.57|62830.0|66310996.0|10.52
131000|10.57|10.57|10.53|10.53|42501.0|44832640.0|10.57
131500|10.53|10.53|10.51|10.51|33429.0|35166396.0|10.53
132000|10.52|10.52|10.48|10.48|40745.0|42785583.0|10.51
132500|10.48|10.53|10.48|10.53|34653.0|36377368.0|10.48
133000|10.53|10.54|10.46|10.47|73074.0|76789654.0|10.53
133500|10.47|10.5|10.47|10.48|33715.0|35344046.0|10.47
134000|10.49|10.49|10.48|10.48|23777.0|24924633.0|10.48
134500|10.48|10.5|10.47|10.49|27632.0|28963927.0|10.48
135000|10.5|10.51|10.49|10.49|28948.0|30398941.0|10.49
135500|10.49|10.5|10.48|10.49|28080.0|29439739.0|10.49
140000|10.48|10.5|10.48|10.5|19286.0|20222440.0|10.49
140500|10.5|10.5|10.48|10.48|23025.0|24142080.0|10.5
141000|10.48|10.49|10.48|10.48|17879.0|18744385.0|10.48
141500|10.48|10.5|10.48|10.5|34346.0|36038001.0|10.48
142000|10.49|10.5|10.49|10.5|34211.0|35908240.0|10.5
142500|10.5|10.51|10.49|10.51|30173.0|31691842.0|10.5
143000|10.51|10.51|10.49|10.49|39541.0|41522049.0|10.51
143500|10.49|10.5|10.49|10.49|39846.0|41813829.0|10.49
144000|10.49|10.5|10.45|10.45|88375.0|92517181.0|10.49
144500|10.46|10.46|10.39|10.42|114614.0|119424631.0|10.45
145000|10.42|10.42|10.4|10.4|78072.0|81274102.0|10.42
145500|10.4|10.41|10.38|10.38|130707.0|135847242.0|10.4
150000|10.38|10.4|10.38|10.4|89698.0|93233660.0|10.38
