093500|29.5000|29.6000|29.2600|29.3200|70600|2078172.0000|29.3200
094000|29.3200|29.4200|29.2900|29.3700|15600|457676.0000|29.3700
094500|29.3600|29.4200|29.2300|29.3800|36900|1081116.0000|29.3800
095000|29.3400|29.5400|29.3300|29.4000|45900|1350294.0000|29.4000
095500|29.4000|29.7000|29.4000|29.7000|55200|1633765.0000|29.7000
100000|29.7000|30.0200|29.7000|29.8900|105060|3137645.0000|29.8900
100500|29.8700|30.0800|29.7200|29.7300|80200|2400586.0000|29.7300
101000|29.7300|29.7800|29.6300|29.6500|48400|1436777.0000|29.6500
101500|29.6300|29.6600|29.5500|29.6000|25200|746305.0000|29.6000
102000|29.6000|29.7400|29.5700|29.6800|34700|1029246.0000|29.6800
102500|29.6500|29.7200|29.5000|29.5100|44800|1324322.0000|29.5100
103000|29.5100|29.6100|29.5000|29.5600|34600|1021958.0000|29.5600
103500|29.5700|29.6300|29.5300|29.5300|31500|931411.0000|29.5300
104000|29.5300|29.8000|29.5200|29.7800|77700|2305826.0000|29.7800
104500|29.7700|29.7700|29.5400|29.5500|25700|760664.0000|29.5500
105000|29.5700|29.6100|29.5500|29.5600|21200|626985.0000|29.5600
105500|29.5600|29.6100|29.5300|29.5400|24100|712353.0000|29.5400
110000|29.5400|29.5800|29.5000|29.5100|46300|1367621.0000|29.5100
110500|29.5300|29.5300|29.4800|29.4800|41000|1209259.0000|29.4800
111000|29.5000|29.5200|29.4600|29.4600|25800|760664.0000|29.4600
111500|29.4600|29.4600|29.4200|29.4500|28300|833200.0000|29.4500
112000|29.4600|29.6000|29.4200|29.4300|31400|925777.0000|29.4300
112500|29.4300|29.6000|29.4100|29.4400|38900|1145797.0000|29.4400
113000|29.4600|29.7000|29.4400|29.7000|38900|1149039.0000|29.7000
130500|29.5000|29.6600|29.4500|29.6300|39300|1161241.0000|29.6300
131000|29.6300|29.6800|29.5200|29.6700|38000|1125516.0000|29.6700
131500|29.6700|29.6900|29.5300|29.6000|25800|763309.0000|29.6000
132000|29.5300|29.5900|29.5000|29.5000|18100|534210.0000|29.5000
132500|29.5000|29.6500|29.4500|29.5200|27200|803587.0000|29.5200
133000|29.5200|29.6600|29.5200|29.5900|34500|1020618.0000|29.5900
133500|29.5800|29.5900|29.5500|29.5500|17000|502730.0000|29.5500
134000|29.5600|29.6500|29.5100|29.5900|32600|963657.0000|29.5900
134500|29.5800|29.7500|29.5800|29.7500|56000|1660979.0000|29.7500
135000|29.7700|29.7700|29.6500|29.6900|25500|756976.0000|29.6900
135500|29.6900|29.6900|29.6100|29.6400|21300|631375.0000|29.6400
140000|29.6100|29.7200|29.5600|29.7000|84700|2508692.0000|29.7000
140500|29.7100|29.7400|29.6300|29.6600|30200|896072.0000|29.6600
141000|29.6400|29.6800|29.6300|29.6500|26600|788698.0000|29.6500
141500|29.6500|29.7400|29.6500|29.6800|27800|824810.0000|29.6800
142000|29.6800|29.7500|29.6600|29.6600|28200|837501.0000|29.6600
142500|29.7000|29.7600|29.6500|29.7400|27800|826159.0000|29.7400
143000|29.7000|29.7500|29.6700|29.7500|46000|1366134.0000|29.7500
143500|29.6800|29.7900|29.6800|29.7600|45755|1361423.0000|29.7600
144000|29.7600|29.8000|29.7500|29.7700|41200|1226713.0000|29.7700
144500|29.7700|29.8200|29.7500|29.7500|69500|2069929.0000|29.7500
145000|29.7600|29.7600|29.6700|29.7300|62200|1847990.0000|29.7300
145500|29.7200|29.7800|29.7100|29.7500|75702|2252028.0000|29.7500
150000|29.7500|29.8000|29.7000|29.7900|62298|1853032.0000|29.7900
