093500|35.0100|35.5100|35.0100|35.5100|273100|9645532.0000|35.5100
094000|35.5100|35.6000|35.3600|35.4100|108400|3846384.0000|35.4100
094500|35.4100|35.5600|35.3500|35.4900|131000|4640740.0000|35.4900
095000|35.4900|35.4900|35.3600|35.4000|82400|2917952.0000|35.4000
095500|35.4000|35.6000|35.3600|35.5800|106400|3778992.0000|35.5800
100000|35.5800|35.6300|35.5400|35.6000|71600|2549006.0000|35.6000
100500|35.6000|35.7300|35.5400|35.7000|120600|4299146.0000|35.7000
101000|35.7000|35.8600|35.5900|35.8400|180800|6455032.0000|35.8400
101500|35.8400|36.0000|35.8300|35.9300|139100|4994020.0000|35.9300
102000|35.9300|35.9300|35.7400|35.8200|101000|3618604.0000|35.8200
102500|35.8100|35.8300|35.7100|35.7300|83000|2971088.0000|35.7300
103000|35.7300|35.8400|35.7300|35.8000|60100|2151544.0000|35.8000
103500|35.7800|35.7900|35.6000|35.6800|57000|2034052.0000|35.6800
104000|35.6500|35.8100|35.6400|35.7300|38200|1364788.0000|35.7300
104500|35.7800|35.7900|35.6800|35.7400|24800|886184.0000|35.7400
105000|35.7400|35.7400|35.6400|35.7000|38900|1388192.0000|35.7000
105500|35.6700|35.7500|35.5800|35.7500|44100|1572340.0000|35.7500
110000|35.7500|35.8000|35.6900|35.7400|30400|1086576.0000|35.7400
110500|35.7400|35.8000|35.7200|35.7600|39500|1412372.0000|35.7600
111000|35.7600|35.7600|35.6500|35.7000|26400|942368.0000|35.7000
111500|35.7000|35.8200|35.6300|35.8000|51300|1832148.0000|35.8000
112000|35.8000|35.9000|35.7100|35.8500|76500|2740288.0000|35.8500
112500|35.9600|35.9600|35.7400|35.7400|64100|2298424.0000|35.7400
113000|35.7400|35.7400|35.6000|35.7000|30600|1091400.0000|35.7000
130500|35.7600|35.8000|35.6600|35.7800|76200|2725288.0000|35.7800
131000|35.7800|35.8900|35.7800|35.8800|71400|2557480.0000|35.8800
131500|35.8700|35.8900|35.8000|35.8600|40100|1437816.0000|35.8600
132000|35.8700|35.9400|35.8300|35.8400|61400|2203864.0000|35.8400
132500|35.8400|35.8500|35.7800|35.7900|85100|3047336.0000|35.7900
133000|35.7900|35.8300|35.6500|35.6900|128200|4581944.0000|35.6900
133500|35.6900|35.7600|35.6700|35.6900|49400|1764120.0000|35.6900
134000|35.6900|35.7100|35.6300|35.6600|46600|1662704.0000|35.6600
134500|35.6600|35.6700|35.6100|35.6400|43400|1546768.0000|35.6400
135000|35.6400|35.7000|35.6300|35.6300|49400|1762008.0000|35.6300
135500|35.6300|35.6400|35.5000|35.6300|124800|4436544.0000|35.6300
140000|35.6300|35.6700|35.6000|35.6700|39200|1397016.0000|35.6700
140500|35.6700|35.7700|35.6200|35.6700|59100|2109936.0000|35.6700
141000|35.6500|35.6500|35.5200|35.5600|65400|2326336.0000|35.5600
141500|35.5600|35.6200|35.5600|35.5900|34000|1210168.0000|35.5900
142000|35.6000|35.6700|35.6000|35.6600|25900|922744.0000|35.6600
142500|35.6700|35.6900|35.5900|35.6300|86000|3065168.0000|35.6300
143000|35.6300|35.6300|35.5800|35.5900|36200|1288848.0000|35.5900
143500|35.5800|35.5900|35.4700|35.4700|79200|2813272.0000|35.4700
144000|35.4700|35.5000|35.4100|35.4300|71300|2527728.0000|35.4300
144500|35.4300|35.4300|35.3600|35.3900|92700|3280560.0000|35.3900
145000|35.3900|35.4100|35.3400|35.3400|57000|2016424.0000|35.3400
145500|35.3400|35.3700|35.2900|35.3400|67200|2374952.0000|35.3400
150000|35.3400|35.3800|35.2400|35.3800|94600|3341488.0000|35.3800
