093500|27.4400|28.2900|27.3700|28.2300|491300|13729825.0000|28.2300
094000|28.2300|28.6000|27.8400|28.5800|402600|11370802.0000|28.5800
094500|28.5800|28.6800|28.4500|28.6100|284200|8123338.0000|28.6100
095000|28.6100|28.7300|28.4500|28.7100|282400|8081964.0000|28.7100
095500|28.7100|28.9600|28.5000|28.8800|223400|6428308.0000|28.8800
100000|28.8800|29.1200|28.7600|28.8200|198100|5738840.0000|28.8200
100500|28.8200|28.8800|28.6200|28.7600|153900|4430704.0000|28.7600
101000|28.7600|28.9900|28.7200|28.8000|118000|3402680.0000|28.8000
101500|28.8000|28.8400|28.6300|28.8400|96700|2778720.0000|28.8400
102000|28.8400|28.9200|28.7600|28.8200|133100|3838344.0000|28.8200
102500|28.8200|28.9000|28.7700|28.8500|91200|2630464.0000|28.8500
103000|28.8500|28.8500|28.6400|28.6400|100100|2876152.0000|28.6400
103500|28.6400|28.9900|28.6200|28.9900|99400|2862008.0000|28.9900
104000|28.9900|29.1500|28.9000|29.1500|186900|5428088.0000|29.1500
104500|29.1500|29.1800|29.0600|29.0600|128100|3729872.0000|29.0600
105000|29.0600|29.1000|29.0100|29.0200|79500|2310056.0000|29.0200
105500|29.0200|29.2000|29.0200|29.1200|95600|2784872.0000|29.1200
110000|29.1200|29.1900|28.9100|28.9300|148300|4310640.0000|28.9300
110500|28.9300|29.0200|28.9300|28.9300|50300|1456944.0000|28.9300
111000|28.9300|29.0500|28.8900|29.0400|76000|2203008.0000|29.0400
111500|29.0400|29.0900|28.9900|28.9900|81100|2353968.0000|28.9900
112000|28.9900|29.0900|28.9600|29.0000|47200|1368760.0000|29.0000
112500|29.0000|29.0500|28.9900|29.0400|44900|1302504.0000|29.0400
113000|29.0400|29.0400|29.0000|29.0100|89400|2592600.0000|29.0100
130500|29.0100|29.8400|29.0100|29.8000|332700|9788480.0000|29.8000
131000|29.8000|29.8000|29.6400|29.7800|124600|3707416.0000|29.7800
131500|29.7800|30.0700|29.7800|30.0500|226100|6766784.0000|30.0500
132000|30.0500|30.0600|29.9400|29.9700|75400|2261688.0000|29.9700
132500|29.9700|29.9700|29.7000|29.9500|119800|3576960.0000|29.9500
133000|29.9500|30.0000|29.9200|29.9900|95500|2862552.0000|29.9900
133500|29.9900|30.0700|29.9700|30.0500|147800|4437720.0000|30.0500
134000|30.0500|30.1000|30.0100|30.0900|104600|3145056.0000|30.0900
134500|30.0900|30.1800|30.0900|30.1800|174600|5261616.0000|30.1800
135000|30.1800|30.1800|30.1100|30.1500|143700|4334912.0000|30.1500
135500|30.1500|30.1800|30.1500|30.1700|88100|2657968.0000|30.1700
140000|30.1700|30.1800|30.1300|30.1500|75500|2276928.0000|30.1500
140500|30.1500|30.1600|30.0300|30.1600|81400|2448304.0000|30.1600
141000|30.1600|30.1800|30.1100|30.1500|75700|2283104.0000|30.1500
141500|30.1500|30.1800|30.1000|30.1400|49100|1480800.0000|30.1400
142000|30.1400|30.1700|30.1100|30.1600|59400|1791200.0000|30.1600
142500|30.1600|30.1600|30.0800|30.1000|77000|2318912.0000|30.1000
143000|30.1000|30.1300|30.0100|30.0300|84100|2530112.0000|30.0300
143500|30.0300|30.1300|29.9800|30.0900|150100|4515568.0000|30.0900
144000|30.0900|30.1500|30.0800|30.1400|134800|4061712.0000|30.1400
144500|30.1400|30.1400|30.0700|30.1300|96100|2894176.0000|30.1300
145000|30.1300|30.1700|30.1200|30.1600|137700|4152544.0000|30.1600
145500|30.1600|30.1800|30.1500|30.1700|139200|4199328.0000|30.1700
150000|30.1700|30.1800|30.1600|30.1800|58100|1753312.0000|30.1800
