09350000|5.8713835300|5.8810563200|5.7940012100|5.8423651600|3585800|21634675.0000|5.8423651600
09400000|5.8520379500|5.8520379500|5.8036740000|5.8036740000|1864500|11232039.0000|5.8036740000
09450000|5.8036740000|5.8133467900|5.7843284200|5.7940012100|1809100|10846107.0000|5.7940012100
09500000|5.7940012100|5.8230195800|5.7843284200|5.8133467900|991700|5948815.0000|5.8133467900
09550000|5.8036740000|5.8326923700|5.7940012100|5.8230195800|1047200|6291174.0000|5.8230195800
10000000|5.8230195800|5.8230195800|5.8036740000|5.8036740000|856100|5148120.0000|5.8036740000
10050000|5.8036740000|5.8230195800|5.7940012100|5.8036740000|944200|5667668.0000|5.8036740000
10100000|5.8036740000|5.8036740000|5.7843284200|5.7940012100|1389300|8317527.0000|5.7940012100
10150000|5.7940012100|5.8230195800|5.7843284200|5.7940012100|878100|5265927.0000|5.7940012100
10200000|5.7940012100|5.8230195800|5.7940012100|5.8133467900|510100|3063169.0000|5.8133467900
10250000|5.8036740000|5.8133467900|5.7940012100|5.8036740000|697300|4184807.0000|5.8036740000
10300000|5.8036740000|5.8133467900|5.7940012100|5.7940012100|735200|4406732.0000|5.7940012100
10350000|5.8036740000|5.8133467900|5.7843284200|5.7940012100|881700|5282213.0000|5.7940012100
10400000|5.7940012100|5.8133467900|5.7843284200|5.8036740000|225900|1354486.0000|5.8036740000
10450000|5.8036740000|5.8230195800|5.8036740000|5.8036740000|286100|1719681.0000|5.8036740000
10500000|5.8036740000|5.8133467900|5.7940012100|5.8036740000|440600|2643859.0000|5.8036740000
10550000|5.8036740000|5.8036740000|5.7940012100|5.7940012100|325200|1950543.0000|5.7940012100
11000000|5.8036740000|5.8036740000|5.7843284200|5.7843284200|1065700|6380959.0000|5.7843284200
11050000|5.8036740000|5.8036740000|5.7746556300|5.7843284200|864600|5172082.0000|5.7843284200
11100000|5.7843284200|5.8133467900|5.7843284200|5.8036740000|588300|3526863.0000|5.8036740000
11150000|5.8036740000|5.8133467900|5.7940012100|5.8133467900|433600|2602890.0000|5.8133467900
11200000|5.8036740000|5.8326923700|5.8036740000|5.8230195800|411500|2473410.0000|5.8230195800
11250000|5.8133467900|5.8326923700|5.8133467900|5.8326923700|294700|1773014.0000|5.8326923700
11300000|5.8326923700|5.8520379500|5.8230195800|5.8423651600|628900|3796834.0000|5.8423651600
13050000|5.8423651600|5.8520379500|5.8326923700|5.8520379500|308200|1861542.0000|5.8520379500
13100000|5.8520379500|5.8617107400|5.8423651600|5.8520379500|583953|3530446.0000|5.8520379500
13150000|5.8617107400|5.8617107400|5.8423651600|5.8520379500|433400|2621980.0000|5.8520379500
13200000|5.8423651600|5.8520379500|5.8423651600|5.8423651600|493755|2983191.0000|5.8423651600
13250000|5.8423651600|5.8520379500|5.8326923700|5.8423651600|337300|2036263.0000|5.8423651600
13300000|5.8423651600|5.8520379500|5.8326923700|5.8423651600|481666|2907371.0000|5.8423651600
13350000|5.8520379500|5.8520379500|5.8326923700|5.8326923700|362600|2190174.0000|5.8326923700
13400000|5.8423651600|5.8520379500|5.8326923700|5.8520379500|263200|1590654.0000|5.8520379500
13450000|5.8423651600|5.8520379500|5.8423651600|5.8520379500|436500|2640041.0000|5.8520379500
13500000|5.8520379500|5.8520379500|5.8326923700|5.8326923700|566100|3419057.0000|5.8326923700
13550000|5.8326923700|5.8520379500|5.8326923700|5.8520379500|311494|1882951.0000|5.8520379500
14000000|5.8520379500|5.8520379500|5.8423651600|5.8520379500|415806|2513179.0000|5.8520379500
14050000|5.8520379500|5.8520379500|5.8423651600|5.8423651600|543300|3281819.0000|5.8423651600
14100000|5.8520379500|5.8520379500|5.8326923700|5.8520379500|490300|2962083.0000|5.8520379500
14150000|5.8520379500|5.8520379500|5.8423651600|5.8520379500|387100|2340964.0000|5.8520379500
14200000|5.8520379500|5.8617107400|5.8423651600|5.8520379500|654600|3957596.0000|5.8520379500
14250000|5.8520379500|5.8617107400|5.8423651600|5.8423651600|714400|4321476.0000|5.8423651600
14300000|5.8423651600|5.8520379500|5.8423651600|5.8423651600|404600|2447069.0000|5.8423651600
14350000|5.8423651600|5.8423651600|5.8326923700|5.8326923700|677000|4087297.0000|5.8326923700
14400000|5.8326923700|5.8423651600|5.8326923700|5.8326923700|863400|5209144.0000|5.8326923700
14450000|5.8326923700|5.8423651600|5.8326923700|5.8326923700|782372|4721783.0000|5.8326923700
14500000|5.8326923700|5.8520379500|5.8326923700|5.8326923700|1236921|7466211.0000|5.8326923700
14550000|5.8520379500|5.8520379500|5.8326923700|5.8326923700|847000|5112304.0000|5.8326923700
15000000|5.8326923700|5.8423651600|5.8326923700|5.8326923700|771600|4654655.0000|5.8326923700
