093500|5.2000|5.2300|5.1800|5.1900|3429800|17830891.0000|5.1900
094000|5.1900|5.2300|5.1800|5.2200|3133800|16326137.0000|5.2200
094500|5.2200|5.2400|5.2100|5.2300|1416700|7401055.0000|5.2300
095000|5.2200|5.2400|5.2200|5.2200|2853300|14921990.0000|5.2200
095500|5.2200|5.2200|5.2100|5.2100|1162100|6056199.0000|5.2100
100000|5.2100|5.2200|5.2000|5.2000|1400800|7303284.0000|5.2000
100500|5.2000|5.2200|5.1900|5.2100|2311200|12016329.0000|5.2100
101000|5.2100|5.2200|5.2000|5.2100|675400|3519703.0000|5.2100
101500|5.2100|5.2200|5.1900|5.2100|1418500|7382896.0000|5.2100
102000|5.2100|5.2300|5.1900|5.2300|1827801|9507221.0000|5.2300
102500|5.2300|5.2400|5.2100|5.2300|1309499|6844856.0000|5.2300
103000|5.2400|5.2400|5.2200|5.2400|1106300|5787049.0000|5.2400
103500|5.2400|5.2400|5.2300|5.2300|658900|3449569.0000|5.2300
104000|5.2300|5.2600|5.2300|5.2500|1901026|9970247.0000|5.2500
104500|5.2500|5.2600|5.2400|5.2600|1142800|6003784.0000|5.2600
105000|5.2500|5.2600|5.2500|5.2600|1406600|7392585.0000|5.2600
105500|5.2700|5.2700|5.2500|5.2600|1791800|9423420.0000|5.2600
110000|5.2600|5.2700|5.2500|5.2700|1269400|6685167.0000|5.2700
110500|5.2700|5.2800|5.2600|5.2600|1453681|7664280.0000|5.2600
111000|5.2600|5.2800|5.2600|5.2800|1366300|7203419.0000|5.2800
111500|5.2800|5.2800|5.2600|5.2700|1417700|7481138.0000|5.2700
112000|5.2700|5.2800|5.2600|5.2800|1289900|6799404.0000|5.2800
112500|5.2700|5.2800|5.2700|5.2800|970502|5122703.0000|5.2800
113000|5.2700|5.2900|5.2700|5.2900|956600|5049519.0000|5.2900
130500|5.2900|5.2900|5.2700|5.2900|1258800|6655815.0000|5.2900
131000|5.2800|5.2900|5.2700|5.2900|816000|4312067.0000|5.2900
131500|5.2800|5.3000|5.2800|5.3000|936100|4952969.0000|5.3000
132000|5.2900|5.3100|5.2900|5.3000|1829390|9698521.0000|5.3000
132500|5.3000|5.3100|5.2800|5.2900|1118800|5924628.0000|5.2900
133000|5.2900|5.3000|5.2800|5.2800|634300|3355721.0000|5.2800
133500|5.2800|5.2900|5.2800|5.2900|1320400|6977855.0000|5.2900
134000|5.2800|5.2900|5.2700|5.2800|1099500|5806141.0000|5.2800
134500|5.2800|5.2900|5.2700|5.2900|820393|4335037.0000|5.2900
135000|5.2800|5.2900|5.2700|5.2900|1335600|7049095.0000|5.2900
135500|5.2900|5.3000|5.2800|5.2900|1898000|10032659.0000|5.2900
140000|5.2900|5.2900|5.2800|5.2900|679100|3591319.0000|5.2900
140500|5.2900|5.2900|5.2800|5.2900|686900|3632384.0000|5.2900
141000|5.2800|5.3000|5.2800|5.3000|857900|4541120.0000|5.3000
141500|5.3000|5.3100|5.2900|5.3100|2131800|11302896.0000|5.3100
142000|5.3100|5.3100|5.3000|5.3100|1380300|7322720.0000|5.3100
142500|5.3100|5.3100|5.3000|5.3000|1004800|5332544.0000|5.3000
143000|5.3000|5.3100|5.2900|5.3000|1295900|6864480.0000|5.3000
143500|5.3000|5.3100|5.2900|5.3000|1246300|6606096.0000|5.3000
144000|5.3100|5.3100|5.3000|5.3000|1045300|5547488.0000|5.3000
144500|5.3000|5.3100|5.3000|5.3100|1193040|6331728.0000|5.3100
145000|5.3100|5.3100|5.2900|5.3000|1848500|9803248.0000|5.3000
145500|5.3000|5.3000|5.2900|5.3000|1568502|8304144.0000|5.3000
150000|5.2900|5.3000|5.2900|5.3000|1641400|8695504.0000|5.3000
