093500|5.4300|5.4900|5.4000|5.4700|3653400|19926240.0000|5.4700
094000|5.4700|5.5100|5.4700|5.4800|2481300|13630652.0000|5.4800
094500|5.4700|5.5000|5.4600|5.4900|1681600|9206724.0000|5.4900
095000|5.4900|5.5100|5.4800|5.5000|1380800|7587420.0000|5.5000
095500|5.5000|5.5100|5.4900|5.5100|726000|3994364.0000|5.5100
100000|5.5100|5.5100|5.4900|5.5000|1589300|8740076.0000|5.5000
100500|5.5000|5.5300|5.5000|5.5200|2221600|12262100.0000|5.5200
101000|5.5100|5.5200|5.5000|5.5100|645100|3551544.0000|5.5100
101500|5.5000|5.5100|5.4800|5.4900|1156700|6347320.0000|5.4900
102000|5.4900|5.5300|5.4800|5.5200|1771900|9757280.0000|5.5200
102500|5.5300|5.5400|5.5200|5.5200|1862700|10302688.0000|5.5200
103000|5.5300|5.5500|5.5200|5.5400|2362400|13082200.0000|5.5400
103500|5.5400|5.5500|5.5300|5.5300|956300|5298144.0000|5.5300
104000|5.5400|5.5600|5.5300|5.5500|2375400|13179352.0000|5.5500
104500|5.5500|5.5600|5.5400|5.5600|1421200|7896096.0000|5.5600
105000|5.5600|5.5800|5.5600|5.5800|2022900|11274400.0000|5.5800
105500|5.5800|5.5900|5.5700|5.5700|1903000|10614144.0000|5.5700
110000|5.5700|5.5800|5.5700|5.5800|1271900|7091232.0000|5.5800
110500|5.5800|5.5800|5.5500|5.5600|976100|5431680.0000|5.5600
111000|5.5500|5.5600|5.5500|5.5500|251500|1397888.0000|5.5500
111500|5.5600|5.5600|5.5400|5.5500|547100|3037040.0000|5.5500
112000|5.5600|5.5600|5.5500|5.5600|370900|2061168.0000|5.5600
112500|5.5600|5.5700|5.5500|5.5600|296500|1649888.0000|5.5600
113000|5.5600|5.5700|5.5400|5.5400|1080200|6001264.0000|5.5400
130500|5.5400|5.5600|5.5300|5.5500|1239100|6872768.0000|5.5500
131000|5.5400|5.5500|5.5200|5.5400|690600|3819872.0000|5.5400
131500|5.5300|5.5400|5.5300|5.5400|98000|542608.0000|5.5400
132000|5.5400|5.5500|5.5300|5.5400|679700|3762896.0000|5.5400
132500|5.5500|5.5500|5.5400|5.5500|218900|1214528.0000|5.5500
133000|5.5400|5.5500|5.5300|5.5400|717400|3975392.0000|5.5400
133500|5.5400|5.5500|5.5300|5.5400|439600|2434864.0000|5.5400
134000|5.5400|5.5400|5.5300|5.5300|277900|1538736.0000|5.5300
134500|5.5300|5.5400|5.5300|5.5400|302300|1672672.0000|5.5400
135000|5.5400|5.5400|5.5300|5.5300|248700|1376496.0000|5.5300
135500|5.5400|5.5500|5.5300|5.5500|371400|2057712.0000|5.5500
140000|5.5500|5.5700|5.5400|5.5700|1608900|8941792.0000|5.5700
140500|5.5700|5.5700|5.5500|5.5600|741800|4127152.0000|5.5600
141000|5.5600|5.5600|5.5500|5.5600|228400|1268448.0000|5.5600
141500|5.5600|5.5600|5.5400|5.5400|312200|1732544.0000|5.5400
142000|5.5500|5.5500|5.5400|5.5500|187500|1039696.0000|5.5500
142500|5.5500|5.5500|5.5400|5.5500|331600|1840336.0000|5.5500
143000|5.5500|5.5600|5.5400|5.5500|1064400|5912928.0000|5.5500
143500|5.5500|5.5600|5.5400|5.5600|796100|4421904.0000|5.5600
144000|5.5600|5.5600|5.5400|5.5500|619100|3434096.0000|5.5500
144500|5.5400|5.5500|5.5300|5.5500|999300|5539232.0000|5.5500
145000|5.5400|5.5600|5.5400|5.5500|1404400|7790864.0000|5.5500
145500|5.5500|5.5600|5.5400|5.5600|1217900|6759616.0000|5.5600
150000|5.5600|5.5600|5.5500|5.5600|1783900|9917280.0000|5.5600
