093500|13.7000|13.7800|13.6500|13.7200|2434200|33353660.0000|13.7200
094000|13.7200|13.8100|13.6900|13.7500|2455100|33810604.0000|13.7500
094500|13.7500|13.8000|13.7300|13.8000|1068500|14707324.0000|13.8000
095000|13.8000|13.8200|13.6800|13.6800|1889200|25981808.0000|13.6800
095500|13.6800|13.7500|13.6700|13.6800|1102300|15102544.0000|13.6800
100000|13.6800|13.7100|13.6400|13.6400|1392200|19045048.0000|13.6400
100500|13.6400|13.6900|13.6200|13.6500|1575000|21489760.0000|13.6500
101000|13.6500|13.7600|13.6500|13.7200|1010800|13851840.0000|13.7200
101500|13.7200|13.7900|13.7000|13.7800|588200|8081984.0000|13.7800
102000|13.7800|13.8200|13.7500|13.8200|1536100|21188816.0000|13.8200
102500|13.8200|13.8300|13.7400|13.7800|934800|12900800.0000|13.7800
103000|13.7800|13.7800|13.7200|13.7500|416900|5732752.0000|13.7500
103500|13.7500|13.8200|13.7500|13.8100|457700|6310400.0000|13.8100
104000|13.8100|13.8600|13.7900|13.8400|1697100|23477008.0000|13.8400
104500|13.8400|13.8600|13.8200|13.8500|771000|10676784.0000|13.8500
105000|13.8500|13.9000|13.8200|13.8200|2166400|30053808.0000|13.8200
105500|13.8200|13.8500|13.7900|13.8100|692100|9561472.0000|13.8100
110000|13.8100|13.8300|13.8000|13.8100|437600|6046656.0000|13.8100
110500|13.8100|13.8500|13.7800|13.7900|536500|7413024.0000|13.7900
111000|13.7800|13.8000|13.7700|13.7900|540700|7455232.0000|13.7900
111500|13.7900|13.8200|13.7800|13.7800|616600|8509824.0000|13.7800
112000|13.7900|13.7900|13.7700|13.7900|273900|3774944.0000|13.7900
112500|13.7900|13.8000|13.7800|13.7900|344900|4755488.0000|13.7900
113000|13.7900|13.9800|13.7800|13.9800|3204000|44609984.0000|13.9800
130500|14.0100|14.1300|13.9900|14.1300|9634300|135287776.0000|14.1300
131000|14.1300|14.1300|13.9900|13.9900|2953100|41470872.0000|13.9900
131500|13.9900|14.0000|13.9400|13.9800|1783500|24920706.0000|13.9800
132000|13.9800|14.0300|13.9700|13.9700|1310700|18346815.0000|13.9700
132500|13.9700|13.9800|13.9500|13.9600|1026700|14341057.0000|13.9600
133000|13.9600|13.9600|13.9000|13.9400|1634800|22762759.0000|13.9400
133500|13.9400|13.9600|13.9200|13.9300|922300|12854016.0000|13.9300
134000|13.9300|13.9700|13.9300|13.9400|1003700|13995707.0000|13.9400
134500|13.9400|13.9400|13.9200|13.9200|796500|11091964.0000|13.9200
135000|13.9200|13.9700|13.9200|13.9700|817500|11406720.0000|13.9700
135500|13.9600|13.9600|13.9400|13.9500|741500|10345669.0000|13.9500
140000|13.9500|13.9900|13.9400|13.9900|851000|11886026.0000|13.9900
140500|13.9900|14.0000|13.9500|13.9600|972400|13590321.0000|13.9600
141000|13.9600|13.9800|13.9600|13.9600|560300|7825927.0000|13.9600
141500|13.9600|13.9600|13.9300|13.9400|713200|9946875.0000|13.9400
142000|13.9500|13.9600|13.9400|13.9500|654400|9128322.0000|13.9500
142500|13.9500|13.9500|13.9000|13.9100|1493400|20787972.0000|13.9100
143000|13.9100|13.9600|13.9100|13.9400|843700|11759301.0000|13.9400
143500|13.9400|13.9600|13.9300|13.9500|670800|9352258.0000|13.9500
144000|13.9500|14.0600|13.9500|14.0200|3071200|43031166.0000|14.0200
144500|14.0200|14.0200|13.9900|13.9900|1799900|25203315.0000|13.9900
145000|13.9900|14.0200|13.9800|14.0200|1835600|25697674.0000|14.0200
145500|14.0200|14.0200|14.0000|14.0100|2424500|33963000.0000|14.0100
150000|14.0100|14.0100|13.9900|14.0000|2656700|37197579.0000|14.0000
