093500|20.2000|20.2600|20.1700|20.2300|3016600|60942712.0000|20.2300
094000|20.2300|20.2400|20.1400|20.1400|1812200|36586728.0000|20.1400
094500|20.1300|20.1600|20.0200|20.1300|2356800|47369520.0000|20.1300
095000|20.1300|20.1800|20.0800|20.1700|1096300|22068064.0000|20.1700
095500|20.1700|20.1700|20.0800|20.0800|1038200|20882800.0000|20.0800
100000|20.0800|20.1300|20.0700|20.1000|1046800|21033968.0000|20.1000
100500|20.1000|20.1200|20.0900|20.1100|658700|13245728.0000|20.1100
101000|20.1200|20.1300|20.1000|20.1100|417300|8395152.0000|20.1100
101500|20.1200|20.1400|20.1000|20.1000|427300|8596864.0000|20.1000
102000|20.0900|20.1400|20.0800|20.1200|870500|17502336.0000|20.1200
102500|20.1200|20.1300|20.1000|20.1000|359600|7231296.0000|20.1000
103000|20.1000|20.1000|20.0700|20.0700|456600|9171456.0000|20.0700
103500|20.0700|20.1000|20.0400|20.1000|702200|14082112.0000|20.1000
104000|20.1000|20.1200|20.0500|20.1000|520100|10452576.0000|20.1000
104500|20.1000|20.1400|20.1000|20.1300|969400|19505344.0000|20.1300
105000|20.1200|20.1300|20.1000|20.1200|371800|7477280.0000|20.1200
105500|20.1200|20.1200|20.0600|20.0700|425400|8546976.0000|20.0700
110000|20.0700|20.0900|20.0400|20.0500|560800|11249792.0000|20.0500
110500|20.0600|20.1000|20.0500|20.0900|330000|6626560.0000|20.0900
111000|20.1000|20.1100|20.0900|20.1000|199300|4006176.0000|20.1000
111500|20.1100|20.1100|20.0900|20.0900|211600|4252800.0000|20.0900
112000|20.0900|20.1000|20.0800|20.0900|226600|4551552.0000|20.0900
112500|20.0800|20.1000|20.0700|20.1000|223200|4482880.0000|20.1000
113000|20.1000|20.1300|20.0900|20.1300|247900|4985312.0000|20.1300
130500|20.1300|20.1400|20.1000|20.1300|406600|8181664.0000|20.1300
131000|20.1400|20.1500|20.1200|20.1200|286200|5763264.0000|20.1200
131500|20.1300|20.1400|20.1100|20.1300|182000|3662144.0000|20.1300
132000|20.1300|20.1300|20.1100|20.1300|201000|4043968.0000|20.1300
132500|20.1300|20.1400|20.1100|20.1200|256600|5165312.0000|20.1200
133000|20.1100|20.1200|20.0800|20.0900|242700|4878816.0000|20.0900
133500|20.0900|20.1000|20.0700|20.0800|309200|6208800.0000|20.0800
134000|20.0900|20.0900|20.0700|20.0800|255200|5123776.0000|20.0800
134500|20.0800|20.0900|20.0700|20.0800|354000|7107840.0000|20.0800
135000|20.0800|20.0900|20.0600|20.0900|458800|9209632.0000|20.0900
135500|20.0800|20.0900|20.0700|20.0900|138300|2776768.0000|20.0900
140000|20.0800|20.0900|20.0400|20.0600|552200|11077056.0000|20.0600
140500|20.0500|20.0600|20.0100|20.0300|1126300|22567072.0000|20.0300
141000|20.0300|20.0300|20.0100|20.0100|367400|7355008.0000|20.0100
141500|20.0200|20.0300|20.0000|20.0100|380800|7620896.0000|20.0100
142000|20.0100|20.0200|20.0000|20.0100|336000|6724192.0000|20.0100
142500|20.0000|20.0000|19.9600|19.9900|1207700|24139712.0000|19.9900
143000|19.9900|20.0000|19.9700|19.9900|396300|7919808.0000|19.9900
143500|20.0100|20.0300|19.9800|19.9900|598800|11976192.0000|19.9900
144000|19.9900|20.0300|19.9900|20.0200|551700|11037434.0000|20.0200
144500|20.0200|20.0600|19.9900|20.0000|620400|12424838.0000|20.0000
145000|19.9900|20.0000|19.9300|19.9500|1128500|22529275.0000|19.9500
145500|19.9500|19.9800|19.9400|19.9400|1156800|23081609.0000|19.9400
150000|19.9500|19.9500|19.9200|19.9400|936400|18666042.0000|19.9400
