093500|7.7400|7.7800|7.7300|7.7800|441100|3421747.0000|7.7800
094000|7.7800|7.9300|7.7800|7.9200|1432000|11249213.0000|7.9200
094500|7.9000|7.9000|7.8400|7.8500|669000|5256530.0000|7.8500
095000|7.8500|7.8700|7.8400|7.8600|450000|3537458.0000|7.8600
095500|7.8700|7.8900|7.8600|7.8800|669100|5270210.0000|7.8800
100000|7.8800|7.8900|7.8600|7.8700|410500|3231546.0000|7.8700
100500|7.8700|7.8800|7.8600|7.8600|245200|1928988.0000|7.8600
101000|7.8600|7.8600|7.8400|7.8400|305100|2395688.0000|7.8400
101500|7.8400|7.8500|7.8300|7.8400|291100|2282292.0000|7.8400
102000|7.8500|7.8700|7.8500|7.8700|161800|1271712.0000|7.8700
102500|7.8700|7.8700|7.8500|7.8600|131500|1033756.0000|7.8600
103000|7.8600|7.8700|7.8500|7.8500|120800|949324.0000|7.8500
103500|7.8500|7.8800|7.8500|7.8800|152200|1198224.0000|7.8800
104000|7.8800|7.8900|7.8600|7.8600|193100|1520916.0000|7.8600
104500|7.8600|7.8700|7.8600|7.8700|61700|485404.0000|7.8700
105000|7.8700|7.8800|7.8600|7.8700|107800|848456.0000|7.8700
105500|7.8700|7.8700|7.8500|7.8600|116500|915504.0000|7.8600
110000|7.8500|7.8600|7.8400|7.8500|128800|1010908.0000|7.8500
110500|7.8500|7.8500|7.8400|7.8400|122600|961804.0000|7.8400
111000|7.8300|7.8400|7.8300|7.8300|78500|615552.0000|7.8300
111500|7.8400|7.8400|7.8100|7.8100|237300|1855428.0000|7.8100
112000|7.8100|7.8300|7.8000|7.8000|131900|1029576.0000|7.8000
112500|7.8000|7.8100|7.7900|7.8000|112400|876596.0000|7.8000
113000|7.8100|7.8100|7.7800|7.7900|175200|1366140.0000|7.7900
130500|7.8000|7.8000|7.7700|7.7700|275900|2146716.0000|7.7700
131000|7.7700|7.8000|7.7600|7.8000|248500|1933592.0000|7.8000
131500|7.7900|7.8000|7.7700|7.7700|125400|976100.0000|7.7700
132000|7.7700|7.7800|7.7600|7.7800|140300|1089608.0000|7.7800
132500|7.7700|7.7800|7.7600|7.7700|142400|1106952.0000|7.7700
133000|7.7700|7.8000|7.7700|7.7900|204900|1595480.0000|7.7900
133500|7.7900|7.7900|7.7700|7.7900|179200|1394952.0000|7.7900
134000|7.7900|7.8200|7.7900|7.7900|243400|1898860.0000|7.7900
134500|7.7900|7.7900|7.7700|7.7700|130400|1013944.0000|7.7700
135000|7.7700|7.7800|7.7700|7.7700|99600|773920.0000|7.7700
135500|7.7800|7.7800|7.7600|7.7600|153100|1189248.0000|7.7600
140000|7.7600|7.7800|7.7600|7.7700|186200|1446944.0000|7.7700
140500|7.7700|7.7900|7.7600|7.7800|286000|2222272.0000|7.7800
141000|7.7800|7.8200|7.7800|7.8000|140100|1092928.0000|7.8000
141500|7.8000|7.8200|7.8000|7.8100|201500|1573696.0000|7.8100
142000|7.8000|7.8200|7.7900|7.8200|85200|664680.0000|7.8200
142500|7.8200|7.8400|7.8100|7.8300|179900|1408440.0000|7.8300
143000|7.8300|7.8400|7.8300|7.8300|178300|1397352.0000|7.8300
143500|7.8300|7.8400|7.8200|7.8300|86300|675824.0000|7.8300
144000|7.8400|7.8400|7.8200|7.8400|236500|1852696.0000|7.8400
144500|7.8300|7.8400|7.8300|7.8300|104400|818184.0000|7.8300
145000|7.8300|7.8400|7.8300|7.8400|106300|833216.0000|7.8400
145500|7.8400|7.8400|7.8300|7.8400|139200|1090488.0000|7.8400
150000|7.8400|7.8600|7.8300|7.8600|504300|3957520.0000|7.8600
