093500|42.8|43.22|42.32|42.51|15445.0|66035676.0|42.74
094000|42.51|42.74|42.3|42.56|9950.0|42220037.0|42.51
094500|42.56|42.62|42.32|42.35|7324.0|31110853.0|42.56
095000|42.4|42.56|42.35|42.35|5905.0|25059775.0|42.35
095500|42.36|42.47|42.11|42.43|8057.0|34039427.0|42.35
100000|42.43|42.67|42.3|42.3|4351.0|18474678.0|42.43
100500|42.28|42.33|42.15|42.33|2884.0|12176924.0|42.3
101000|42.35|42.35|42.02|42.05|4722.0|19915713.0|42.33
101500|42.02|42.34|41.87|42.34|7563.0|31793408.0|42.05
102000|42.34|42.41|42.24|42.3|2816.0|11926079.0|42.34
102500|42.28|42.3|41.9|41.9|3715.0|15630157.0|42.3
103000|41.92|41.99|41.62|41.64|8631.0|36091477.0|41.9
103500|41.63|41.65|41.08|41.09|11499.0|47720499.0|41.64
104000|41.11|41.25|40.84|40.9|10411.0|42732818.0|41.09
104500|40.97|41.23|40.9|40.94|6154.0|25287081.0|40.9
105000|40.93|41.12|40.92|40.94|3450.0|14156060.0|40.94
105500|40.93|40.94|40.45|40.93|13677.0|55595805.0|40.94
110000|40.94|41.16|40.7|41.12|5428.0|22248177.0|40.93
110500|41.12|41.56|41.11|41.36|3982.0|16434999.0|41.12
111000|41.37|41.47|41.3|41.38|1636.0|6769048.0|41.36
111500|41.4|41.53|41.04|41.11|2106.0|8691593.0|41.38
112000|41.1|41.13|41.01|41.13|2141.0|8787711.0|41.11
112500|41.12|41.16|40.88|40.89|1864.0|7643845.0|41.13
113000|40.88|40.99|40.81|40.99|2260.0|9234599.0|40.89
130500|41.0|41.47|40.99|41.05|2368.0|9745415.0|40.99
131000|41.05|41.44|41.04|41.42|2572.0|10621165.0|41.05
131500|41.44|41.63|41.3|41.31|2477.0|10284447.0|41.42
132000|41.31|41.39|41.08|41.12|1547.0|6381689.0|41.31
132500|41.12|41.12|40.84|40.86|2719.0|11138533.0|41.12
133000|40.86|40.99|40.82|40.85|2867.0|11725689.0|40.86
133500|40.87|40.88|40.6|40.67|3036.0|12365137.0|40.85
134000|40.72|40.72|40.56|40.62|3513.0|14273410.0|40.67
134500|40.59|40.59|40.42|40.44|7013.0|28398612.0|40.62
135000|40.42|40.59|40.3|40.46|5098.0|20613137.0|40.44
135500|40.42|40.65|40.42|40.64|2488.0|10090533.0|40.46
140000|40.64|40.8|40.51|40.51|2237.0|9098008.0|40.64
140500|40.51|40.51|40.3|40.3|3360.0|13572700.0|40.51
141000|40.31|40.31|40.1|40.17|4578.0|18406328.0|40.3
141500|40.17|40.17|39.7|39.96|9260.0|36960559.0|40.17
142000|39.93|40.05|39.8|39.93|4665.0|18617636.0|39.96
142500|39.97|40.0|39.58|39.58|5210.0|20714992.0|39.93
143000|39.58|39.88|39.51|39.87|4809.0|19063392.0|39.58
143500|39.83|39.92|39.3|39.3|5503.0|21777731.0|39.87
144000|39.29|39.69|39.15|39.69|6434.0|25278433.0|39.3
144500|39.69|39.99|39.61|39.97|3957.0|15766459.0|39.69
145000|39.98|40.29|39.98|40.29|4023.0|16116404.0|39.97
145500|40.29|40.3|40.17|40.2|4160.0|16728893.0|40.29
150000|40.19|40.2|40.14|40.19|4329.0|17397688.0|40.2
