09350000|49.1059552200|49.1059552200|47.4229484400|48.1200518400|4063000|195664992.0000|48.1200518400
09400000|48.1499277000|48.9665345400|47.9607139200|48.9067828200|1819200|88351968.0000|48.9067828200
09450000|48.8968242000|49.2652931400|48.8569897200|49.0959966000|1259700|62118880.0000|49.0959966000
09500000|49.0959966000|49.1557483200|48.5980656000|48.7574035200|1047100|51277856.0000|48.7574035200
09550000|48.7474449000|48.9366586800|48.5781483600|48.6976518000|757400|37052800.0000|48.6976518000
10000000|48.6478587000|48.7972380000|48.5980656000|48.6976518000|578900|28310272.0000|48.6976518000
10050000|48.6976518000|48.7574035200|48.4984794000|48.5980656000|821100|40056992.0000|48.5980656000
10100000|48.5681897400|48.9565759200|48.5681897400|48.8271138600|597000|29273664.0000|48.8271138600
10150000|48.8669483400|49.1856241800|48.8669483400|49.0362448800|710800|34999718.0000|49.0362448800
10200000|49.0959966000|49.3748379600|49.0462035000|49.3150862400|792600|39163514.0000|49.3150862400
10250000|49.3150862400|49.8428931000|49.2951690000|49.7333482800|1650100|82178240.0000|49.7333482800
10300000|49.7931000000|49.8428931000|49.5939276000|49.6138448400|1063900|53150912.0000|49.6138448400
10350000|49.6735965600|49.7034724200|49.4644655400|49.4644655400|849300|42285248.0000|49.4644655400
10400000|49.4644655400|49.5640517400|49.3051276200|49.5640517400|465100|23091072.0000|49.5640517400
10450000|49.5640517400|49.5640517400|49.4047138200|49.4943414000|398100|19782976.0000|49.4943414000
10500000|49.4843827800|49.7433069000|49.4843827800|49.6835551800|754000|37577152.0000|49.6835551800
10550000|49.7034724200|49.7034724200|49.3947552000|49.4146724400|489400|24336512.0000|49.4146724400
11000000|49.4246310600|49.4246310600|49.2852103800|49.3947552000|475300|23547968.0000|49.3947552000
11050000|49.3847965800|49.4943414000|49.3350034800|49.3350034800|494600|24536832.0000|49.3350034800
11100000|49.3449621000|49.4246310600|49.1856241800|49.4246310600|466400|23078266.0000|49.4246310600
11150000|49.4146724400|49.4445483000|49.2951690000|49.3051276200|255200|12652550.0000|49.3051276200
11200000|49.3051276200|49.5043000200|49.2652931400|49.4644655400|290200|14380928.0000|49.4644655400
11250000|49.4644655400|49.5142586400|49.3350034800|49.4545069200|241300|11982080.0000|49.4545069200
11300000|49.4445483000|49.4545069200|49.2752517600|49.2951690000|267100|13230912.0000|49.2951690000
13050000|49.2951690000|49.2951690000|48.8071966200|48.8071966200|880600|43379079.0000|48.8071966200
13100000|48.8271138600|49.0262862600|48.8171552400|49.0262862600|596100|29267186.0000|49.0262862600
13150000|49.0262862600|49.3250448600|48.9665345400|49.3250448600|560800|27637258.0000|49.3250448600
13200000|49.3250448600|49.3250448600|49.0462035000|49.0462035000|333500|16465398.0000|49.0462035000
13250000|49.0561621200|49.1657069400|48.9964104000|49.0561621200|297000|14634751.0000|49.0561621200
13300000|49.0462035000|49.2951690000|48.9764931600|49.2155000400|398500|19671175.0000|49.2155000400
13350000|49.1955828000|49.2852103800|49.0860379800|49.1457897000|404900|19994753.0000|49.1457897000
13400000|49.1457897000|49.2155000400|49.0561621200|49.1657069400|278700|13753598.0000|49.1657069400
13450000|49.1557483200|49.1856241800|49.0661207400|49.1059552200|230800|11386373.0000|49.1059552200
13500000|49.1059552200|49.1457897000|48.9964104000|48.9964104000|330600|16289149.0000|48.9964104000
13550000|48.9864517800|49.0860379800|48.9864517800|49.0860379800|298300|14687876.0000|49.0860379800
14000000|49.0860379800|49.2254586600|49.0462035000|49.1258724600|302400|14924288.0000|49.1258724600
14050000|49.1159138400|49.2055414200|49.0462035000|49.0860379800|282500|13930492.0000|49.0860379800
14100000|49.0959966000|49.1557483200|49.0362448800|49.0462035000|263800|13004666.0000|49.0462035000
14150000|49.0760793600|49.1557483200|48.9366586800|49.1557483200|653000|32152714.0000|49.1557483200
14200000|49.1557483200|49.1557483200|49.0362448800|49.0959966000|243500|12001400.0000|49.0959966000
14250000|49.0860379800|49.1159138400|48.9764931600|49.0362448800|513500|25284220.0000|49.0362448800
14300000|49.0362448800|49.0462035000|48.7374862800|48.7374862800|981700|48149766.0000|48.7374862800
14350000|48.7574035200|49.1358310800|48.7574035200|49.0462035000|479800|23604742.0000|49.0462035000
14400000|49.0959966000|49.1159138400|48.9964104000|48.9964104000|473100|23310080.0000|48.9964104000
14450000|48.9864517800|49.0163276400|48.9067828200|48.9466173000|522000|25658364.0000|48.9466173000
14500000|48.9366586800|49.0860379800|48.9167414400|48.9665345400|653000|32109311.0000|48.9665345400
14550000|48.9764931600|49.0163276400|48.8569897200|49.0163276400|977700|48026105.0000|49.0163276400
15000000|48.9964104000|49.0362448800|48.8968242000|48.9964104000|633700|31173632.0000|48.9964104000
