093500|5.6000|5.6200|5.5900|5.6000|2149300|12043992.0000|5.6000
094000|5.6100|5.6200|5.5900|5.6100|2973700|16661824.0000|5.6100
094500|5.6100|5.6100|5.5500|5.5500|4177600|23289404.0000|5.5500
095000|5.5400|5.5700|5.5400|5.5700|2646800|14699572.0000|5.5700
095500|5.5600|5.5800|5.5600|5.5700|1816000|10115256.0000|5.5700
100000|5.5600|5.5700|5.5500|5.5600|1560100|8673520.0000|5.5600
100500|5.5700|5.5700|5.5500|5.5700|1406700|7820768.0000|5.5700
101000|5.5700|5.5700|5.5600|5.5600|792400|4410432.0000|5.5600
101500|5.5700|5.5700|5.5500|5.5700|2960900|16447672.0000|5.5700
102000|5.5700|5.5800|5.5600|5.5700|833500|4641944.0000|5.5700
102500|5.5700|5.5700|5.5600|5.5700|575700|3205736.0000|5.5700
103000|5.5700|5.5700|5.5500|5.5500|1268000|7050264.0000|5.5500
103500|5.5600|5.5700|5.5500|5.5600|789500|4390016.0000|5.5600
104000|5.5700|5.5700|5.5600|5.5600|565700|3149104.0000|5.5600
104500|5.5600|5.5700|5.5600|5.5700|454100|2527536.0000|5.5700
105000|5.5700|5.5700|5.5600|5.5700|1054700|5871024.0000|5.5700
105500|5.5600|5.5800|5.5600|5.5800|541900|3019328.0000|5.5800
110000|5.5800|5.5900|5.5700|5.5800|611600|3411424.0000|5.5800
110500|5.5700|5.5900|5.5700|5.5800|653400|3643952.0000|5.5800
111000|5.5800|5.5800|5.5700|5.5800|459100|2560720.0000|5.5800
111500|5.5800|5.5800|5.5700|5.5800|573800|3199840.0000|5.5800
112000|5.5800|5.5900|5.5700|5.5800|555900|3103248.0000|5.5800
112500|5.5900|5.6200|5.5900|5.6100|1275300|7145472.0000|5.6100
113000|5.6000|5.6200|5.6000|5.6100|1269900|7125824.0000|5.6100
130500|5.6100|5.6300|5.6100|5.6300|844200|4744816.0000|5.6300
131000|5.6300|5.6300|5.6100|5.6100|366000|2056336.0000|5.6100
131500|5.6100|5.6200|5.6000|5.6100|613300|3440080.0000|5.6100
132000|5.6100|5.6100|5.5900|5.6000|665300|3726160.0000|5.6000
132500|5.6000|5.6000|5.5900|5.6000|467800|2618000.0000|5.6000
133000|5.6000|5.6100|5.5900|5.6000|216700|1213536.0000|5.6000
133500|5.6100|5.6100|5.6000|5.6000|279300|1564560.0000|5.6000
134000|5.6100|5.6100|5.5900|5.6000|1071700|6000480.0000|5.6000
134500|5.6000|5.6000|5.5900|5.5900|233700|1307472.0000|5.5900
135000|5.6000|5.6000|5.5900|5.6000|502900|2812672.0000|5.6000
135500|5.5900|5.6000|5.5900|5.6000|284300|1590272.0000|5.6000
140000|5.6000|5.6000|5.5900|5.5900|319800|1788496.0000|5.5900
140500|5.5900|5.6000|5.5800|5.6000|818500|4575296.0000|5.6000
141000|5.5900|5.6000|5.5900|5.5900|286800|1604192.0000|5.5900
141500|5.5900|5.6000|5.5900|5.6000|239100|1337312.0000|5.6000
142000|5.6000|5.6000|5.5900|5.6000|444500|2485808.0000|5.6000
142500|5.6000|5.6000|5.5800|5.5800|602700|3368928.0000|5.5800
143000|5.5800|5.5900|5.5800|5.5800|362400|2023088.0000|5.5800
143500|5.5900|5.5900|5.5700|5.5800|1103700|6157888.0000|5.5800
144000|5.5800|5.5800|5.5700|5.5800|423400|2359248.0000|5.5800
144500|5.5800|5.5800|5.5700|5.5700|661100|3685152.0000|5.5700
145000|5.5800|5.5800|5.5700|5.5700|497400|2772016.0000|5.5700
145500|5.5800|5.6000|5.5700|5.6000|980900|5474688.0000|5.6000
150000|5.6000|5.6100|5.5900|5.6000|1838000|10295504.0000|5.6000
