09350000|53.7405258800|53.9799965700|53.7240106600|53.7570411000|161220|10501240.0000|53.7570411000
09400000|53.7487834900|53.9387085200|53.7487834900|53.9221933000|78800|5138614.0000|53.9221933000
09450000|53.9304509100|54.1699216000|53.8396172000|54.1699216000|132400|8659916.0000|54.1699216000
09500000|54.1699216000|54.1699216000|53.9304509100|53.9552237400|109900|7191051.0000|53.9552237400
09550000|53.9965117900|54.0873455000|53.8726476400|53.8974204700|138100|9024314.0000|53.8974204700
10000000|53.8974204700|53.9056780800|53.6744650000|53.6744650000|172100|11202513.0000|53.6744650000
10050000|53.6909802200|53.9221933000|53.6744650000|53.9056780800|53000|3456045.0000|53.9056780800
10100000|53.9139356900|53.9387085200|53.7487834900|53.7487834900|85100|5554406.0000|53.7487834900
10150000|53.7487834900|53.7652987100|53.6992378300|53.7240106600|59500|3871436.0000|53.7240106600
10200000|53.7240106600|53.7240106600|53.6001465100|53.6414345600|121800|7914893.0000|53.6414345600
10250000|53.6414345600|53.7570411000|53.6331769500|53.7570411000|77316|5024897.0000|53.7570411000
10300000|53.7570411000|53.7652987100|53.6579497800|53.7487834900|53300|3467020.0000|53.7487834900
10350000|53.7405258800|53.7570411000|53.6744650000|53.7570411000|51400|3342972.0000|53.7570411000
10400000|53.6744650000|53.9221933000|53.6744650000|53.8478748100|53723|3500850.0000|53.8478748100
10450000|53.8396172000|54.1286335500|53.8396172000|54.1121183300|106318|6950467.0000|54.1121183300
10500000|54.1121183300|54.4671955600|54.0956031100|54.3185585800|260400|17117496.0000|54.3185585800
10550000|54.3185585800|54.3185585800|54.2524977000|54.2937857500|56600|3719915.0000|54.2937857500
11000000|54.2937857500|54.3350738000|54.2772705300|54.2937857500|54700|3597427.0000|54.2937857500
11050000|54.2937857500|54.4589379500|54.2855281400|54.4341651200|131213|8637335.0000|54.4341651200
11100000|54.4341651200|54.4589379500|54.3846194600|54.4424227300|66404|4377248.0000|54.4424227300
11150000|54.4424227300|54.4424227300|54.2442400900|54.2442400900|56396|3711645.0000|54.2442400900
11200000|54.2442400900|54.4176499000|54.2112096500|54.4011346800|79600|5233325.0000|54.4011346800
11250000|54.4011346800|54.4093922900|54.3433314100|54.3763618500|37300|2456577.0000|54.3763618500
11300000|54.3763618500|54.4589379500|54.3763618500|54.4506803400|49200|3243056.0000|54.4506803400
13050000|54.4506803400|54.5910597100|54.4341651200|54.5828021000|202300|13348521.0000|54.5828021000
13100000|54.5580292700|54.7149238600|54.5167412200|54.6653782000|106800|7061786.0000|54.6653782000
13150000|54.7149238600|54.7644695200|54.6653782000|54.7314390800|111100|7363105.0000|54.7314390800
13200000|54.7314390800|54.7396966900|54.5167412200|54.6571205900|148100|9799184.0000|54.6571205900
13250000|54.5415140500|54.7644695200|54.5415140500|54.7644695200|88600|5872682.0000|54.7644695200
13300000|54.7644695200|54.9791673800|54.7479543000|54.9709097700|177900|11815713.0000|54.9709097700
13350000|54.9626521600|54.9709097700|54.7396966900|54.7396966900|100400|6670196.0000|54.7396966900
13400000|54.7396966900|54.8635608400|54.5828021000|54.5828021000|133800|8864299.0000|54.5828021000
13450000|54.5828021000|54.6653782000|54.4754531700|54.6653782000|77100|5089997.0000|54.6653782000
13500000|54.6653782000|54.7479543000|54.5910597100|54.6653782000|29800|1972862.0000|54.6653782000
13550000|54.5993173200|54.7066662500|54.5828021000|54.5993173200|32800|2170645.0000|54.5993173200
14000000|54.6653782000|54.7396966900|54.6075749300|54.7066662500|39100|2589962.0000|54.7066662500
14050000|54.6984086400|54.7149238600|54.6818934200|54.7149238600|76100|5041725.0000|54.7149238600
14100000|54.7149238600|54.8222727900|54.7066662500|54.7644695200|91100|6038489.0000|54.7644695200
14150000|54.7314390800|54.8222727900|54.7314390800|54.7479543000|59800|3966950.0000|54.7479543000
14200000|54.7479543000|54.7727271300|54.7066662500|54.7231814700|42200|2797257.0000|54.7231814700
14250000|54.7231814700|54.8553032300|54.7231814700|54.8387880100|58327|3870959.0000|54.8387880100
14300000|54.8387880100|54.8387880100|54.7479543000|54.8387880100|45000|2985993.0000|54.8387880100
14350000|54.8387880100|54.8387880100|54.8140151800|54.8140151800|54600|3625302.0000|54.8140151800
14400000|54.8140151800|54.8305304000|54.7066662500|54.7149238600|51773|3434391.0000|54.7149238600
14450000|54.7231814700|54.8222727900|54.7231814700|54.7809847400|56400|3742497.0000|54.7809847400
14500000|54.8057575700|54.8222727900|54.7727271300|54.8140151800|52300|3471307.0000|54.8140151800
14550000|54.8140151800|54.8553032300|54.8057575700|54.8553032300|131827|8753184.0000|54.8553032300
15000000|54.8470456200|54.8553032300|54.8140151800|54.8222727900|82200|5458240.0000|54.8222727900
