093500|3.6700|3.7200|3.6700|3.6900|514900|1902430.0000|3.6900
094000|3.6900|3.7000|3.6800|3.7000|169400|625384.0000|3.7000
094500|3.7000|3.7000|3.6900|3.6900|254500|939449.0000|3.6900
095000|3.6900|3.7000|3.6800|3.6900|271500|1001713.0000|3.6900
095500|3.6900|3.6900|3.6700|3.6800|257200|946336.0000|3.6800
100000|3.6800|3.7000|3.6800|3.6900|212200|781519.0000|3.6900
100500|3.6900|3.7000|3.6900|3.7000|49700|183485.0000|3.7000
101000|3.6900|3.7000|3.6900|3.6900|150900|556848.0000|3.6900
101500|3.6900|3.7000|3.6800|3.6900|254800|939463.0000|3.6900
102000|3.6900|3.6900|3.6800|3.6800|47600|175404.0000|3.6800
102500|3.6900|3.6900|3.6800|3.6900|67600|249192.0000|3.6900
103000|3.6900|3.6900|3.6800|3.6900|90100|332383.0000|3.6900
103500|3.6800|3.6900|3.6800|3.6800|136700|503535.0000|3.6800
104000|3.6800|3.6800|3.6700|3.6800|69900|257223.0000|3.6800
104500|3.6700|3.6800|3.6700|3.6800|36900|135437.0000|3.6800
105000|3.6800|3.6800|3.6600|3.6600|196600|721529.0000|3.6600
105500|3.6700|3.6700|3.6600|3.6600|367400|1344880.0000|3.6600
110000|3.6600|3.6700|3.6600|3.6700|104200|381578.0000|3.6700
110500|3.6700|3.6700|3.6600|3.6600|13400|49251.0000|3.6600
111000|3.6700|3.6700|3.6600|3.6600|155500|568995.0000|3.6600
111500|3.6600|3.6600|3.6500|3.6500|60200|220068.0000|3.6500
112000|3.6500|3.6600|3.6500|3.6500|115800|422740.0000|3.6500
112500|3.6500|3.6600|3.6500|3.6600|419800|1532726.0000|3.6600
113000|3.6500|3.6600|3.6500|3.6600|54400|199070.0000|3.6600
130500|3.6600|3.6700|3.6600|3.6700|63800|233878.0000|3.6700
131000|3.6700|3.6700|3.6600|3.6700|137600|504652.0000|3.6700
131500|3.6700|3.6800|3.6600|3.6700|51800|190105.0000|3.6700
132000|3.6700|3.6800|3.6700|3.6800|27400|100709.0000|3.6800
132500|3.6700|3.6800|3.6700|3.6800|95200|349409.0000|3.6800
133000|3.6800|3.6800|3.6600|3.6600|113100|414562.0000|3.6600
133500|3.6700|3.6800|3.6700|3.6800|156600|575708.0000|3.6800
134000|3.6800|3.6900|3.6700|3.6800|90800|334128.0000|3.6800
134500|3.6800|3.6900|3.6800|3.6800|22400|82464.0000|3.6800
135000|3.6900|3.6900|3.6700|3.6800|134700|495588.0000|3.6800
135500|3.6700|3.6800|3.6700|3.6800|43000|158012.0000|3.6800
140000|3.6700|3.6800|3.6700|3.6700|89300|328376.0000|3.6700
140500|3.6700|3.6800|3.6700|3.6700|218500|802046.0000|3.6700
141000|3.6700|3.6700|3.6700|3.6700|6500|23854.0000|3.6700
141500|3.6700|3.6700|3.6600|3.6700|63300|231758.0000|3.6700
142000|3.6700|3.6700|3.6600|3.6600|14100|51676.0000|3.6600
142500|3.6700|3.6700|3.6600|3.6700|17100|62688.0000|3.6700
143000|3.6600|3.6700|3.6600|3.6700|28600|104862.0000|3.6700
143500|3.6700|3.6700|3.6600|3.6700|164100|600870.0000|3.6700
144000|3.6600|3.6700|3.6600|3.6600|105900|388616.0000|3.6600
144500|3.6600|3.6800|3.6600|3.6600|115300|423024.0000|3.6600
145000|3.6600|3.6800|3.6600|3.6600|182300|668832.0000|3.6600
145500|3.6600|3.6700|3.6600|3.6600|325700|1192438.0000|3.6600
150000|3.6600|3.6700|3.6500|3.6700|156700|574322.0000|3.6700
