093500|7.0300|7.1100|7.0100|7.1000|6166400|43476360.0000|7.1000
094000|7.1000|7.1400|7.0600|7.1100|3115800|22141872.0000|7.1100
094500|7.1100|7.1100|7.0800|7.1000|1907300|13537944.0000|7.1000
095000|7.1000|7.1400|7.0900|7.1100|2033800|14479352.0000|7.1100
095500|7.1100|7.1900|7.0800|7.1800|3435800|24502192.0000|7.1800
100000|7.1800|7.3400|7.1800|7.2300|13150600|95410280.0000|7.2300
100500|7.2300|7.2700|7.2100|7.2400|3901300|28253216.0000|7.2400
101000|7.2400|7.2800|7.2200|7.2700|2677200|19394816.0000|7.2700
101500|7.2700|7.2800|7.2300|7.2500|2250700|16312480.0000|7.2500
102000|7.2500|7.2700|7.2400|7.2600|1902000|13802432.0000|7.2600
102500|7.2600|7.2600|7.2500|7.2600|1415900|10270848.0000|7.2600
103000|7.2600|7.2600|7.2200|7.2400|1454100|10531200.0000|7.2400
103500|7.2400|7.2600|7.2300|7.2600|983000|7121952.0000|7.2600
104000|7.2500|7.2600|7.2400|7.2600|843200|6116192.0000|7.2600
104500|7.2600|7.2600|7.2400|7.2400|988400|7168192.0000|7.2400
105000|7.2400|7.2500|7.2400|7.2500|902500|6537184.0000|7.2500
105500|7.2500|7.2500|7.1800|7.2000|2422700|17460064.0000|7.2000
110000|7.2000|7.2300|7.1900|7.2200|1173700|8469536.0000|7.2200
110500|7.2200|7.2400|7.2100|7.2400|1468200|10600384.0000|7.2400
111000|7.2400|7.2400|7.2000|7.2200|853500|6165504.0000|7.2200
111500|7.2100|7.2200|7.2100|7.2100|386800|2789920.0000|7.2100
112000|7.2100|7.2200|7.1900|7.2000|672400|4842048.0000|7.2000
112500|7.2000|7.2200|7.1900|7.2100|1094700|7886688.0000|7.2100
113000|7.2100|7.2100|7.2000|7.2000|568900|4100064.0000|7.2000
130500|7.2100|7.2300|7.2000|7.2100|1056600|7622976.0000|7.2100
131000|7.2100|7.2200|7.2100|7.2200|418900|3022304.0000|7.2200
131500|7.2200|7.2300|7.2100|7.2100|983800|7105632.0000|7.2100
132000|7.2100|7.2300|7.2000|7.2100|555800|4008288.0000|7.2100
132500|7.2100|7.2100|7.1700|7.1700|1488400|10698880.0000|7.1700
133000|7.1700|7.1900|7.1700|7.1900|1161800|8335584.0000|7.1900
133500|7.1900|7.1900|7.1700|7.1800|763100|5481504.0000|7.1800
134000|7.1800|7.2000|7.1600|7.2000|1296200|9300160.0000|7.2000
134500|7.2000|7.2000|7.1800|7.1800|690800|4964128.0000|7.1800
135000|7.1800|7.2100|7.1800|7.2000|1147100|8250304.0000|7.2000
135500|7.2100|7.2100|7.1800|7.2000|1084200|7801312.0000|7.2000
140000|7.2000|7.2000|7.1800|7.1800|662300|4759968.0000|7.1800
140500|7.1800|7.1900|7.1600|7.1600|1069900|7680768.0000|7.1600
141000|7.1600|7.1800|7.1300|7.1700|2078400|14863136.0000|7.1700
141500|7.1700|7.1800|7.1600|7.1600|1617900|11597952.0000|7.1600
142000|7.1600|7.1700|7.1500|7.1600|1050700|7519584.0000|7.1600
142500|7.1600|7.1700|7.1500|7.1500|922500|6599232.0000|7.1500
143000|7.1500|7.2400|7.1400|7.2400|3359500|24122112.0000|7.2400
143500|7.2400|7.2400|7.1800|7.2000|1737400|12530626.0000|7.2000
144000|7.2000|7.2100|7.1900|7.2000|1261500|9082302.0000|7.2000
144500|7.2000|7.2100|7.1800|7.1900|1636900|11775040.0000|7.1900
145000|7.1900|7.2000|7.1800|7.2000|1989300|14313479.0000|7.2000
145500|7.1900|7.2000|7.1900|7.2000|2397200|17255033.0000|7.2000
150000|7.2000|7.2100|7.1900|7.2000|3077400|22162432.0000|7.2000
