093500|32.34|32.45|32.33|32.39|1828.0|5921936.0|32.33
094000|32.4|32.44|32.36|32.4|1489.0|4822728.0|32.39
094500|32.41|32.49|32.39|32.48|1677.0|5441235.0|32.4
095000|32.5|32.57|32.48|32.54|2392.0|7782474.0|32.48
095500|32.54|32.57|32.5|32.53|1614.0|5251934.0|32.54
100000|32.53|32.59|32.52|32.59|1249.0|4067271.0|32.53
100500|32.58|32.59|32.53|32.53|845.0|2751480.0|32.59
101000|32.53|32.57|32.5|32.56|1092.0|3554210.0|32.53
101500|32.56|32.61|32.55|32.6|1326.0|4320400.0|32.56
102000|32.61|32.61|32.5|32.52|1220.0|3971151.0|32.6
102500|32.52|32.52|32.43|32.43|2117.0|6871768.0|32.52
103000|32.42|32.49|32.4|32.44|1876.0|6085584.0|32.43
103500|32.44|32.51|32.43|32.49|463.0|1503615.0|32.44
104000|32.49|32.5|32.45|32.47|838.0|2721212.0|32.49
104500|32.48|32.54|32.45|32.54|887.0|2880430.0|32.47
105000|32.54|32.57|32.5|32.5|908.0|2954638.0|32.54
105500|32.51|32.52|32.44|32.47|1402.0|4551302.0|32.5
110000|32.47|32.48|32.46|32.46|848.0|2753899.0|32.47
110500|32.46|32.48|32.45|32.47|737.0|2392774.0|32.46
111000|32.46|32.47|32.44|32.45|452.0|1467015.0|32.47
111500|32.44|32.45|32.43|32.43|476.0|1543910.0|32.45
112000|32.43|32.44|32.42|32.43|769.0|2493847.0|32.43
112500|32.42|32.45|32.42|32.42|615.0|1994423.0|32.43
113000|32.42|32.48|32.42|32.47|757.0|2455897.0|32.42
130500|32.48|32.51|32.41|32.43|2040.0|6620780.0|32.47
131000|32.42|32.43|32.4|32.43|1275.0|4131632.0|32.43
131500|32.43|32.44|32.39|32.39|1222.0|3961702.0|32.43
132000|32.4|32.43|32.32|32.41|2536.0|8208654.0|32.39
132500|32.4|32.44|32.38|32.41|948.0|3073412.0|32.41
133000|32.42|32.44|32.4|32.43|493.0|1598895.0|32.41
133500|32.43|32.44|32.39|32.4|833.0|2699516.0|32.43
134000|32.4|32.4|32.39|32.39|710.0|2300042.0|32.4
134500|32.4|32.43|32.39|32.41|834.0|2702043.0|32.39
135000|32.43|32.43|32.4|32.43|923.0|2991840.0|32.41
135500|32.43|32.43|32.4|32.41|866.0|2806508.0|32.43
140000|32.4|32.45|32.4|32.44|1111.0|3601951.0|32.41
140500|32.43|32.43|32.39|32.4|1242.0|4025220.0|32.44
141000|32.39|32.43|32.39|32.43|720.0|2332925.0|32.4
141500|32.43|32.44|32.42|32.42|850.0|2756258.0|32.43
142000|32.43|32.45|32.42|32.45|781.0|2533046.0|32.42
142500|32.45|32.46|32.42|32.46|788.0|2556144.0|32.45
143000|32.46|32.48|32.44|32.48|786.0|2551477.0|32.46
143500|32.48|32.49|32.46|32.46|957.0|3108144.0|32.48
144000|32.46|32.47|32.44|32.46|1061.0|3443269.0|32.46
144500|32.46|32.46|32.42|32.45|1008.0|3269827.0|32.46
145000|32.45|32.47|32.43|32.47|867.0|2813167.0|32.45
145500|32.46|32.48|32.42|32.44|2158.0|7001698.0|32.47
150000|32.44|32.47|32.42|32.42|1355.0|4394131.0|32.44
