093500|31.34|31.34|31.2|31.2|4705.0|14706024.0|31.35
094000|31.21|31.25|31.19|31.25|2117.0|6608704.0|31.2
094500|31.26|31.28|31.23|31.27|1876.0|5863857.0|31.25
095000|31.26|31.28|31.2|31.22|1683.0|5254860.0|31.27
095500|31.22|31.24|31.18|31.19|2170.0|6771081.0|31.22
100000|31.19|31.21|31.17|31.19|1163.0|3627058.0|31.19
100500|31.2|31.25|31.18|31.25|1004.0|3132841.0|31.19
101000|31.22|31.25|31.2|31.2|781.0|2437627.0|31.25
101500|31.21|31.24|31.21|31.23|1084.0|3384573.0|31.2
102000|31.24|31.29|31.23|31.27|1974.0|6168236.0|31.23
102500|31.28|31.35|31.27|31.35|1627.0|5095108.0|31.27
103000|31.34|31.35|31.31|31.35|2166.0|6787042.0|31.35
103500|31.35|31.37|31.31|31.32|1051.0|3293611.0|31.35
104000|31.33|31.34|31.27|31.27|911.0|2851873.0|31.32
104500|31.28|31.32|31.27|31.27|778.0|2434502.0|31.27
105000|31.27|31.28|31.23|31.25|941.0|2940615.0|31.27
105500|31.24|31.26|31.23|31.26|451.0|1409034.0|31.25
110000|31.26|31.27|31.23|31.24|622.0|1943105.0|31.26
110500|31.25|31.25|31.23|31.24|415.0|1296402.0|31.24
111000|31.24|31.25|31.22|31.22|1129.0|3526594.0|31.24
111500|31.24|31.24|31.17|31.18|2462.0|7681497.0|31.22
112000|31.18|31.2|31.17|31.19|827.0|2578664.0|31.18
112500|31.19|31.2|31.09|31.09|5553.0|17289409.0|31.19
113000|31.09|31.13|31.07|31.11|2997.0|9318072.0|31.09
130500|31.11|31.13|31.1|31.1|1155.0|3592901.0|31.11
131000|31.1|31.13|31.1|31.13|1323.0|4115688.0|31.1
131500|31.13|31.14|31.1|31.12|1055.0|3283494.0|31.13
132000|31.1|31.11|31.09|31.09|1646.0|5119740.0|31.12
132500|31.08|31.11|31.08|31.09|880.0|2736261.0|31.09
133000|31.09|31.12|31.09|31.12|817.0|2541693.0|31.09
133500|31.12|31.13|31.1|31.11|559.0|1739375.0|31.12
134000|31.12|31.12|31.1|31.1|798.0|2482079.0|31.11
134500|31.11|31.12|31.1|31.1|727.0|2261505.0|31.1
135000|31.1|31.1|31.09|31.09|724.0|2251099.0|31.1
135500|31.09|31.1|31.09|31.09|1019.0|3168581.0|31.09
140000|31.09|31.1|31.08|31.09|864.0|2686128.0|31.09
140500|31.09|31.12|31.08|31.1|803.0|2497175.0|31.09
141000|31.11|31.12|31.08|31.09|1449.0|4505937.0|31.1
141500|31.1|31.1|31.06|31.06|2812.0|8739643.0|31.09
142000|31.06|31.07|31.03|31.04|2231.0|6928281.0|31.06
142500|31.02|31.03|31.0|31.02|2423.0|7515088.0|31.04
143000|31.01|31.01|30.93|30.98|5800.0|17967613.0|31.02
143500|30.97|30.99|30.95|30.97|1740.0|5388742.0|30.98
144000|30.97|30.99|30.96|30.98|1575.0|4878760.0|30.97
144500|30.98|30.98|30.95|30.96|2233.0|6914171.0|30.98
145000|30.95|30.98|30.95|30.96|2239.0|6932096.0|30.96
145500|30.95|30.99|30.95|30.96|4063.0|12577947.0|30.96
150000|30.96|30.99|30.96|30.99|1210.0|3748735.0|30.96
