093500|51.75|53.5|51.67|53.13|10445.0|55299148.0|51.9
094000|53.17|53.3|52.93|53.2|3911.0|20777463.0|53.13
094500|53.03|53.45|53.02|53.41|2578.0|13715601.0|53.2
095000|53.4|53.47|53.28|53.35|2673.0|14270594.0|53.41
095500|53.28|54.49|53.28|54.38|6918.0|37194099.0|53.35
100000|54.27|54.56|53.94|53.94|4440.0|24108884.0|54.38
100500|53.9|54.29|53.9|54.09|2519.0|13608803.0|53.94
101000|54.12|54.56|54.12|54.3|2697.0|14676740.0|54.09
101500|54.31|54.5|54.1|54.45|1864.0|10122936.0|54.3
102000|54.45|54.5|54.17|54.35|1235.0|6713788.0|54.45
102500|54.4|54.42|54.25|54.33|1598.0|8681941.0|54.35
103000|54.28|54.28|53.82|53.9|2780.0|15012104.0|54.33
103500|53.88|54.25|53.88|54.25|1767.0|9547168.0|53.9
104000|54.25|54.3|54.11|54.22|1040.0|5639630.0|54.25
104500|54.21|54.22|53.96|53.98|1275.0|6890980.0|54.22
105000|53.98|54.05|53.96|53.99|383.0|2067495.0|53.98
105500|53.99|54.25|53.99|54.14|933.0|5053132.0|53.99
110000|54.14|54.78|54.11|54.63|3722.0|20287041.0|54.14
110500|54.67|54.77|54.66|54.77|1554.0|8502858.0|54.63
111000|54.78|54.98|54.73|54.76|2228.0|12225299.0|54.77
111500|54.74|54.8|54.53|54.54|771.0|4217153.0|54.76
112000|54.53|54.59|54.41|54.45|594.0|3236554.0|54.54
112500|54.45|54.5|54.3|54.3|949.0|5166065.0|54.45
113000|54.3|54.5|54.3|54.47|1148.0|6242614.0|54.3
130500|54.46|54.46|54.0|54.11|1350.0|7313470.0|54.47
131000|54.08|54.85|54.08|54.8|4136.0|22549272.0|54.11
131500|54.73|55.09|54.69|54.85|3148.0|17297395.0|54.8
132000|54.84|54.9|54.7|54.71|812.0|4447804.0|54.85
132500|54.73|54.94|54.66|54.83|968.0|5303684.0|54.71
133000|54.88|54.88|54.74|54.75|749.0|4106358.0|54.83
133500|54.83|54.84|54.43|54.6|627.0|3425701.0|54.75
134000|54.58|54.81|54.58|54.7|738.0|4038326.0|54.6
134500|54.71|54.78|54.51|54.7|543.0|2968877.0|54.7
135000|54.61|54.68|54.53|54.64|809.0|4415309.0|54.7
135500|54.54|54.99|54.54|54.92|1585.0|8689139.0|54.64
140000|54.91|54.99|54.8|54.82|1086.0|5961650.0|54.92
140500|54.82|54.92|54.62|54.92|985.0|5393162.0|54.82
141000|54.92|54.95|54.76|54.82|1724.0|9453733.0|54.92
141500|54.8|55.0|54.8|54.98|1537.0|8446528.0|54.82
142000|54.99|55.37|54.85|55.33|2958.0|16283917.0|54.98
142500|55.3|55.45|55.08|55.4|2223.0|12287504.0|55.33
143000|55.4|55.54|55.33|55.42|2592.0|14371790.0|55.4
143500|55.35|55.73|55.19|55.67|2490.0|13812997.0|55.42
144000|55.68|55.81|55.52|55.69|2668.0|14863119.0|55.67
144500|55.62|55.87|55.56|55.78|2245.0|12510586.0|55.69
145000|55.77|56.08|55.64|55.71|3516.0|19653729.0|55.78
145500|55.79|56.0|55.74|55.75|1729.0|9651302.0|55.71
150000|55.74|55.74|55.55|55.55|2025.0|11264011.0|55.75
