09350000|13.7282126400|13.8241470400|13.6706520000|13.6898388800|251100|3599104.0000|13.6898388800
09400000|13.6898388800|13.7186192000|13.6034979200|13.6130913600|246000|3507036.0000|13.6130913600
09450000|13.6130913600|13.6514651200|13.5843110400|13.6514651200|291300|4132952.0000|13.6514651200
09500000|13.6322782400|13.6994323200|13.6034979200|13.6706520000|299400|4269513.0000|13.6706520000
09550000|13.6514651200|13.7090257600|13.6226848000|13.6898388800|161400|2300917.0000|13.6898388800
10000000|13.6706520000|13.6898388800|13.5747176000|13.5747176000|158600|2249104.0000|13.5747176000
10050000|13.5843110400|13.6322782400|13.5747176000|13.6130913600|203300|2882964.0000|13.6130913600
10100000|13.6226848000|13.6418716800|13.5555307200|13.5555307200|165400|2343186.0000|13.5555307200
10150000|13.5651241600|13.5939044800|13.5555307200|13.5747176000|160100|2265104.0000|13.5747176000
10200000|13.5651241600|13.6226848000|13.5651241600|13.6226848000|112400|1593434.0000|13.6226848000
10250000|13.6226848000|13.6226848000|13.5747176000|13.5747176000|94100|1332930.0000|13.5747176000
10300000|13.5747176000|13.6034979200|13.5747176000|13.6034979200|43700|619192.0000|13.6034979200
10350000|13.6034979200|13.6226848000|13.5939044800|13.6034979200|69000|978648.0000|13.6034979200
10400000|13.6034979200|13.6322782400|13.5843110400|13.5843110400|49800|706460.0000|13.5843110400
10450000|13.5843110400|13.5939044800|13.5459372800|13.5651241600|135100|1909292.0000|13.5651241600
10500000|13.5651241600|13.5843110400|13.5555307200|13.5747176000|68900|974524.0000|13.5747176000
10550000|13.5747176000|13.5843110400|13.5555307200|13.5651241600|69500|983148.0000|13.5651241600
11000000|13.5651241600|13.5939044800|13.5651241600|13.5939044800|156000|2209416.0000|13.5939044800
11050000|13.5939044800|13.5939044800|13.5555307200|13.5843110400|254800|3606120.0000|13.5843110400
11100000|13.5939044800|13.5939044800|13.5075635200|13.5171569600|245000|3461408.0000|13.5171569600
11150000|13.5171569600|13.5171569600|13.4883766400|13.5075635200|170100|2394016.0000|13.5075635200
11200000|13.5171569600|13.5555307200|13.5075635200|13.5363438400|102100|1439480.0000|13.5363438400
11250000|13.5459372800|13.5555307200|13.5267504000|13.5363438400|51700|729768.0000|13.5363438400
11300000|13.5363438400|13.5459372800|13.5267504000|13.5363438400|56400|795776.0000|13.5363438400
13050000|13.5363438400|13.5747176000|13.5363438400|13.5459372800|93200|1317292.0000|13.5459372800
13100000|13.5555307200|13.5843110400|13.5459372800|13.5747176000|54900|776560.0000|13.5747176000
13150000|13.5747176000|13.6130913600|13.5747176000|13.6034979200|98200|1391880.0000|13.6034979200
13200000|13.6034979200|13.6418716800|13.5939044800|13.6322782400|98100|1392680.0000|13.6322782400
13250000|13.6418716800|13.6898388800|13.6418716800|13.6898388800|127100|1812108.0000|13.6898388800
13300000|13.6994323200|13.6994323200|13.6418716800|13.6610585600|81900|1166564.0000|13.6610585600
13350000|13.6418716800|13.6610585600|13.6226848000|13.6226848000|80100|1138784.0000|13.6226848000
13400000|13.6226848000|13.6514651200|13.6226848000|13.6322782400|79900|1135480.0000|13.6322782400
13450000|13.6322782400|13.6322782400|13.6034979200|13.6130913600|71900|1020500.0000|13.6130913600
13500000|13.6130913600|13.6322782400|13.6130913600|13.6322782400|34000|482896.0000|13.6322782400
13550000|13.6226848000|13.6322782400|13.6034979200|13.6130913600|73000|1036280.0000|13.6130913600
14000000|13.6130913600|13.6130913600|13.5843110400|13.6034979200|77000|1091660.0000|13.6034979200
14050000|13.5939044800|13.5939044800|13.5651241600|13.5939044800|130500|1847584.0000|13.5939044800
14100000|13.5843110400|13.5939044800|13.5555307200|13.5555307200|161300|2283136.0000|13.5555307200
14150000|13.5555307200|13.5651241600|13.5459372800|13.5555307200|63800|900976.0000|13.5555307200
14200000|13.5459372800|13.5843110400|13.5459372800|13.5843110400|91100|1287712.0000|13.5843110400
14250000|13.5843110400|13.6034979200|13.5747176000|13.5939044800|67500|956016.0000|13.5939044800
14300000|13.5939044800|13.6226848000|13.5939044800|13.6226848000|43600|618632.0000|13.6226848000
14350000|13.6130913600|13.6322782400|13.6034979200|13.6226848000|110900|1574296.0000|13.6226848000
14400000|13.6130913600|13.6226848000|13.5939044800|13.5939044800|72900|1033952.0000|13.5939044800
14450000|13.5939044800|13.6034979200|13.5843110400|13.5939044800|51100|724032.0000|13.5939044800
14500000|13.5939044800|13.6034979200|13.5747176000|13.5843110400|92400|1308952.0000|13.5843110400
14550000|13.5939044800|13.6130913600|13.5651241600|13.6034979200|137400|1946528.0000|13.6034979200
15000000|13.6034979200|13.6130913600|13.5651241600|13.5843110400|102100|1447104.0000|13.5843110400
