093500|2.3300|2.3500|2.3100|2.3100|3805916|8875605.0000|2.3100
094000|2.3200|2.3300|2.3100|2.3100|1941200|4495054.0000|2.3100
094500|2.3200|2.3200|2.3000|2.3100|1685600|3894685.0000|2.3100
095000|2.3200|2.3200|2.3100|2.3100|1013300|2342679.0000|2.3100
095500|2.3200|2.3200|2.3000|2.3100|2476700|5718748.0000|2.3100
100000|2.3100|2.3200|2.3100|2.3100|1088900|2517182.0000|2.3100
100500|2.3200|2.3200|2.3100|2.3200|712800|1648510.0000|2.3200
101000|2.3100|2.3200|2.3100|2.3100|723000|1674190.0000|2.3100
101500|2.3100|2.3200|2.3100|2.3100|340700|787496.0000|2.3100
102000|2.3100|2.3200|2.3100|2.3100|486100|1123484.0000|2.3100
102500|2.3100|2.3200|2.3100|2.3100|445700|1030497.0000|2.3100
103000|2.3100|2.3200|2.3100|2.3100|752000|1737626.0000|2.3100
103500|2.3200|2.3200|2.3100|2.3100|557013|1287185.0000|2.3100
104000|2.3100|2.3200|2.3000|2.3000|1142455|2638201.0000|2.3000
104500|2.3000|2.3100|2.3000|2.3100|609345|1402561.0000|2.3100
105000|2.3100|2.3100|2.3000|2.3100|550100|1265825.0000|2.3100
105500|2.3000|2.3100|2.3000|2.3000|1192800|2744379.0000|2.3000
110000|2.3000|2.3100|2.3000|2.3000|329200|757547.0000|2.3000
110500|2.3000|2.3100|2.3000|2.3100|767900|1766796.0000|2.3100
111000|2.3000|2.3100|2.3000|2.3100|304700|701220.0000|2.3100
111500|2.3000|2.3100|2.3000|2.3100|256900|591304.0000|2.3100
112000|2.3100|2.3100|2.2900|2.3000|877200|2017041.0000|2.3000
112500|2.3000|2.3000|2.2900|2.2900|506900|1162377.0000|2.2900
113000|2.3000|2.3000|2.2900|2.3000|441242|1011458.0000|2.3000
130500|2.3000|2.3000|2.2900|2.3000|667100|1529807.0000|2.3000
131000|2.2900|2.3000|2.2900|2.3000|540900|1239401.0000|2.3000
131500|2.3000|2.3000|2.2900|2.2900|412200|945353.0000|2.2900
132000|2.3000|2.3000|2.2900|2.3000|309000|708491.0000|2.3000
132500|2.3000|2.3000|2.2900|2.2900|485100|1112442.0000|2.2900
133000|2.3000|2.3100|2.2900|2.3000|1654041|3803243.0000|2.3000
133500|2.3000|2.3100|2.3000|2.3000|648000|1491066.0000|2.3000
134000|2.3000|2.3100|2.3000|2.3000|1727300|3982111.0000|2.3000
134500|2.3100|2.3100|2.3000|2.3100|1173200|2704378.0000|2.3100
135000|2.3100|2.3100|2.3000|2.3100|1119800|2582642.0000|2.3100
135500|2.3000|2.3100|2.3000|2.3100|688100|1585614.0000|2.3100
140000|2.3100|2.3100|2.3000|2.3100|698900|1611753.0000|2.3100
140500|2.3000|2.3100|2.3000|2.3100|769700|1776158.0000|2.3100
141000|2.3100|2.3200|2.3100|2.3200|330600|764499.0000|2.3200
141500|2.3200|2.3200|2.3100|2.3200|323700|748438.0000|2.3200
142000|2.3100|2.3200|2.3100|2.3200|402800|931556.0000|2.3200
142500|2.3100|2.3200|2.3100|2.3100|355700|823017.0000|2.3100
143000|2.3200|2.3200|2.3100|2.3100|514600|1190325.0000|2.3100
143500|2.3100|2.3200|2.3100|2.3100|440700|1018645.0000|2.3100
144000|2.3100|2.3200|2.3100|2.3200|1743600|4030144.0000|2.3200
144500|2.3100|2.3200|2.3100|2.3100|724700|1674624.0000|2.3100
145000|2.3100|2.3200|2.3100|2.3100|565200|1306178.0000|2.3100
145500|2.3200|2.3200|2.3100|2.3200|1269900|2936674.0000|2.3200
150000|2.3200|2.3200|2.3100|2.3200|1103300|2553671.0000|2.3200
