093500|2.5800|2.5800|2.5600|2.5700|2010800|5170709.0000|2.5700
094000|2.5700|2.5900|2.5700|2.5800|1671300|4306527.0000|2.5800
094500|2.5800|2.5800|2.5700|2.5700|613700|1579635.0000|2.5700
095000|2.5700|2.5900|2.5700|2.5900|1836800|4738070.0000|2.5900
095500|2.5900|2.5900|2.5700|2.5700|1479100|3817259.0000|2.5700
100000|2.5700|2.5900|2.5700|2.5800|589800|1521158.0000|2.5800
100500|2.5800|2.5900|2.5700|2.5900|1984900|5123820.0000|2.5900
101000|2.5900|2.5900|2.5700|2.5900|829400|2140804.0000|2.5900
101500|2.5900|2.5900|2.5800|2.5800|1499000|3868016.0000|2.5800
102000|2.5800|2.5900|2.5700|2.5900|746100|1927016.0000|2.5900
102500|2.5900|2.6000|2.5800|2.5900|3245500|8410144.0000|2.5900
103000|2.5800|2.5900|2.5800|2.5800|1070900|2771612.0000|2.5800
103500|2.5800|2.5900|2.5800|2.5800|329000|850760.0000|2.5800
104000|2.5900|2.5900|2.5800|2.5900|451300|1166584.0000|2.5900
104500|2.5900|2.5900|2.5800|2.5900|263400|681452.0000|2.5900
105000|2.5900|2.6000|2.5800|2.5800|1238900|3210388.0000|2.5800
105500|2.5800|2.5900|2.5800|2.5900|61000|157556.0000|2.5900
110000|2.5900|2.5900|2.5700|2.5700|1833600|4730556.0000|2.5700
110500|2.5700|2.5800|2.5700|2.5700|286500|738132.0000|2.5700
111000|2.5800|2.5800|2.5700|2.5800|220000|565724.0000|2.5800
111500|2.5800|2.5800|2.5600|2.5700|2220800|5706800.0000|2.5700
112000|2.5700|2.5800|2.5600|2.5700|782900|2011472.0000|2.5700
112500|2.5700|2.5800|2.5700|2.5800|1333700|3427468.0000|2.5800
113000|2.5800|2.5800|2.5700|2.5800|64900|167208.0000|2.5800
130500|2.5800|2.5800|2.5700|2.5700|221500|570344.0000|2.5700
131000|2.5700|2.5800|2.5700|2.5700|687400|1772504.0000|2.5700
131500|2.5800|2.5800|2.5700|2.5700|1194600|3081024.0000|2.5700
132000|2.5700|2.5800|2.5700|2.5800|33600|86432.0000|2.5800
132500|2.5700|2.5800|2.5700|2.5700|58200|149992.0000|2.5700
133000|2.5700|2.5800|2.5700|2.5800|379000|975736.0000|2.5800
133500|2.5700|2.5900|2.5700|2.5800|690700|1782168.0000|2.5800
134000|2.5800|2.5900|2.5800|2.5900|118800|306584.0000|2.5900
134500|2.5900|2.5900|2.5800|2.5900|219700|567264.0000|2.5900
135000|2.5900|2.5900|2.5800|2.5900|174000|450072.0000|2.5900
135500|2.5800|2.5900|2.5700|2.5800|1003100|2588024.0000|2.5800
140000|2.5800|2.5800|2.5700|2.5800|142800|368112.0000|2.5800
140500|2.5800|2.5900|2.5700|2.5700|441200|1138280.0000|2.5700
141000|2.5800|2.5800|2.5700|2.5700|43700|112568.0000|2.5700
141500|2.5800|2.5900|2.5700|2.5800|782600|2022616.0000|2.5800
142000|2.5800|2.5900|2.5800|2.5900|248200|640504.0000|2.5900
142500|2.5800|2.5800|2.5700|2.5800|567800|1465088.0000|2.5800
143000|2.5800|2.5900|2.5700|2.5900|142500|367280.0000|2.5900
143500|2.5900|2.5900|2.5700|2.5800|78500|202472.0000|2.5800
144000|2.5800|2.5800|2.5700|2.5800|213100|547992.0000|2.5800
144500|2.5800|2.5800|2.5700|2.5700|277600|716032.0000|2.5700
145000|2.5700|2.5800|2.5700|2.5700|542300|1398784.0000|2.5700
145500|2.5700|2.5800|2.5700|2.5800|685600|1764640.0000|2.5800
150000|2.5800|2.5800|2.5700|2.5800|809400|2088128.0000|2.5800
