09350000|9.4320026500|9.5102404600|9.1538237700|9.1799030400|7112310|76296251.0000|9.1799030400
09400000|9.1799030400|9.2755270300|9.1799030400|9.1885961300|3663300|38839413.0000|9.1885961300
09450000|9.1972892200|9.2755270300|9.1885961300|9.2581408500|1710300|18168301.0000|9.2581408500
09500000|9.2494477600|9.2494477600|9.0842790500|9.1016652300|2743200|28901642.0000|9.1016652300
09550000|9.1016652300|9.1451306800|9.0147343300|9.0147343300|2845300|29704925.0000|9.0147343300
10000000|9.0147343300|9.0408136000|8.9538827000|9.0234274200|3308100|34247620.0000|9.0234274200
10050000|9.0321205100|9.1103583200|9.0147343300|9.1016652300|1717100|17898433.0000|9.1016652300
10100000|9.0929721400|9.1103583200|9.0495066900|9.0581997800|1827673|19093182.0000|9.0581997800
10150000|9.0495066900|9.0495066900|8.9625757900|8.9886550600|1533246|15851545.0000|8.9886550600
10200000|8.9973481500|9.0147343300|8.9278034300|8.9364965200|1932800|19921856.0000|8.9364965200
10250000|8.9625757900|9.0842790500|8.9625757900|9.0495066900|1277731|13258160.0000|9.0495066900
10300000|9.0668928700|9.0668928700|9.0147343300|9.0147343300|1435000|14919168.0000|9.0147343300
10350000|9.0234274200|9.0495066900|8.9799619700|9.0321205100|741800|7694208.0000|9.0321205100
10400000|9.0321205100|9.0321205100|8.9799619700|8.9886550600|521700|5402528.0000|8.9886550600
10450000|8.9886550600|8.9973481500|8.9625757900|8.9799619700|1003400|10357392.0000|8.9799619700
10500000|8.9799619700|9.0147343300|8.9625757900|8.9712688800|531000|5485840.0000|8.9712688800
10550000|8.9712688800|8.9712688800|8.9191103400|8.9538827000|1323300|13612304.0000|8.9538827000
11000000|8.9538827000|8.9799619700|8.9538827000|8.9712688800|433100|4468256.0000|8.9712688800
11050000|8.9625757900|8.9886550600|8.9451896100|8.9538827000|497800|5133008.0000|8.9538827000
11100000|8.9538827000|8.9625757900|8.9104172500|8.9538827000|863900|8875552.0000|8.9538827000
11150000|8.9538827000|8.9973481500|8.9451896100|8.9886550600|515000|5312112.0000|8.9886550600
11200000|8.9973481500|9.0147343300|8.9799619700|9.0147343300|440100|4553888.0000|9.0147343300
11250000|9.0060412400|9.0842790500|9.0060412400|9.0495066900|644200|6714304.0000|9.0495066900
11300000|9.0495066900|9.0581997800|9.0147343300|9.0581997800|428200|4451456.0000|9.0581997800
13050000|9.0581997800|9.0755859600|8.9625757900|8.9799619700|908000|9407536.0000|8.9799619700
13100000|8.9886550600|8.9886550600|8.9712688800|8.9799619700|446800|4617200.0000|8.9799619700
13150000|8.9712688800|8.9973481500|8.9625757900|8.9973481500|453500|4683136.0000|8.9973481500
13200000|8.9973481500|9.0234274200|8.9712688800|8.9712688800|500900|5185584.0000|8.9712688800
13250000|8.9799619700|8.9799619700|8.9364965200|8.9451896100|1289100|13272560.0000|8.9451896100
13300000|8.9451896100|8.9712688800|8.9364965200|8.9625757900|471700|4860528.0000|8.9625757900
13350000|8.9625757900|8.9886550600|8.9451896100|8.9799619700|814500|8393696.0000|8.9799619700
13400000|8.9712688800|8.9886550600|8.9538827000|8.9712688800|892017|9203584.0000|8.9712688800
13450000|8.9712688800|9.0147343300|8.9625757900|8.9712688800|810000|8373920.0000|8.9712688800
13500000|8.9625757900|8.9799619700|8.9364965200|8.9364965200|995400|10254160.0000|8.9364965200
13550000|8.9451896100|8.9538827000|8.9364965200|8.9451896100|357200|3675072.0000|8.9451896100
14000000|8.9451896100|8.9451896100|8.9191103400|8.9278034300|699500|7184560.0000|8.9278034300
14050000|8.9364965200|8.9538827000|8.9278034300|8.9451896100|589400|6058128.0000|8.9451896100
14100000|8.9451896100|8.9451896100|8.9278034300|8.9278034300|653300|6715696.0000|8.9278034300
14150000|8.9278034300|8.9278034300|8.9104172500|8.9104172500|594050|6095056.0000|8.9104172500
14200000|8.9104172500|8.9278034300|8.9104172500|8.9104172500|519500|5330896.0000|8.9104172500
14250000|8.9104172500|8.9191103400|8.8756448900|8.9017241600|1409000|14424064.0000|8.9017241600
14300000|8.9017241600|8.9191103400|8.8930310700|8.9104172500|808627|8289744.0000|8.9104172500
14350000|8.9191103400|8.9364965200|8.9104172500|8.9364965200|570059|5850832.0000|8.9364965200
14400000|8.9364965200|8.9364965200|8.9104172500|8.9191103400|694100|7122816.0000|8.9191103400
14450000|8.9191103400|8.9278034300|8.8930310700|8.8930310700|1187354|12171136.0000|8.8930310700
14500000|8.8930310700|8.9017241600|8.8756448900|8.8843379800|1454769|14878688.0000|8.8843379800
14550000|8.8843379800|8.9104172500|8.8756448900|8.8930310700|2143220|21926496.0000|8.8930310700
15000000|8.8843379800|8.9104172500|8.8843379800|8.8843379800|1445134|14776016.0000|8.8843379800
