09350000|7.3630472300|7.3717403200|7.3369679600|7.3456610500|945900|7999929.0000|7.3456610500
09400000|7.3456610500|7.3717403200|7.3456610500|7.3543541400|518600|4389640.0000|7.3543541400
09450000|7.3630472300|7.3717403200|7.3543541400|7.3717403200|402800|3409780.0000|7.3717403200
09500000|7.3630472300|7.3804334100|7.3630472300|7.3630472300|511500|4337110.0000|7.3630472300
09550000|7.3717403200|7.3804334100|7.3630472300|7.3717403200|277501|2354330.0000|7.3717403200
10000000|7.3804334100|7.3804334100|7.3717403200|7.3804334100|267400|2268642.0000|7.3804334100
10050000|7.3804334100|7.3978195900|7.3717403200|7.3978195900|517093|4393108.0000|7.3978195900
10100000|7.3891265000|7.3978195900|7.3804334100|7.3891265000|341300|2900616.0000|7.3891265000
10150000|7.3891265000|7.3891265000|7.3804334100|7.3804334100|248300|2109906.0000|7.3804334100
10200000|7.3891265000|7.3891265000|7.3717403200|7.3717403200|343500|2916813.0000|7.3717403200
10250000|7.3804334100|7.3891265000|7.3717403200|7.3804334100|153100|1299853.0000|7.3804334100
10300000|7.3891265000|7.3891265000|7.3804334100|7.3804334100|214200|1819411.0000|7.3804334100
10350000|7.3891265000|7.4065126800|7.3804334100|7.3978195900|579400|4927613.0000|7.3978195900
10400000|7.3978195900|7.3978195900|7.3804334100|7.3804334100|246100|2091765.0000|7.3804334100
10450000|7.3891265000|7.3891265000|7.3717403200|7.3804334100|331200|2811474.0000|7.3804334100
10500000|7.3804334100|7.3804334100|7.3717403200|7.3804334100|239089|2028579.0000|7.3804334100
10550000|7.3804334100|7.3804334100|7.3717403200|7.3717403200|249600|2117095.0000|7.3717403200
11000000|7.3717403200|7.3804334100|7.3630472300|7.3717403200|238600|2023280.0000|7.3717403200
11050000|7.3717403200|7.3978195900|7.3717403200|7.3891265000|576400|4898751.0000|7.3891265000
11100000|7.3804334100|7.3891265000|7.3804334100|7.3804334100|77700|660322.0000|7.3804334100
11150000|7.3804334100|7.3891265000|7.3717403200|7.3804334100|178600|1516303.0000|7.3804334100
11200000|7.3804334100|7.3804334100|7.3717403200|7.3717403200|16400|139150.0000|7.3717403200
11250000|7.3804334100|7.3804334100|7.3717403200|7.3717403200|62400|529529.0000|7.3717403200
11300000|7.3717403200|7.3804334100|7.3717403200|7.3717403200|65300|554094.0000|7.3717403200
13050000|7.3804334100|7.3804334100|7.3717403200|7.3804334100|213000|1807111.0000|7.3804334100
13100000|7.3804334100|7.3804334100|7.3717403200|7.3804334100|121500|1031251.0000|7.3804334100
13150000|7.3804334100|7.3804334100|7.3630472300|7.3630472300|296800|2516537.0000|7.3630472300
13200000|7.3717403200|7.3717403200|7.3630472300|7.3717403200|358250|3034573.0000|7.3717403200
13250000|7.3717403200|7.3717403200|7.3630472300|7.3717403200|360800|3059218.0000|7.3717403200
13300000|7.3717403200|7.3891265000|7.3717403200|7.3891265000|250500|2127072.0000|7.3891265000
13350000|7.3891265000|7.3891265000|7.3717403200|7.3804334100|237900|2019861.0000|7.3804334100
13400000|7.3804334100|7.3804334100|7.3630472300|7.3717403200|527200|4469811.0000|7.3717403200
13450000|7.3717403200|7.3804334100|7.3717403200|7.3804334100|540600|4584494.0000|7.3804334100
13500000|7.3717403200|7.3978195900|7.3717403200|7.3978195900|510722|4338967.0000|7.3978195900
13550000|7.3891265000|7.3978195900|7.3804334100|7.3891265000|108078|918454.0000|7.3891265000
14000000|7.3891265000|7.3891265000|7.3804334100|7.3891265000|117400|997454.0000|7.3891265000
14050000|7.3891265000|7.3978195900|7.3804334100|7.3891265000|418722|3560797.0000|7.3891265000
14100000|7.3891265000|7.4065126800|7.3804334100|7.3891265000|432100|3675779.0000|7.3891265000
14150000|7.3891265000|7.4065126800|7.3891265000|7.3891265000|291300|2478602.0000|7.3891265000
14200000|7.3978195900|7.4065126800|7.3978195900|7.4065126800|168900|1437773.0000|7.4065126800
14250000|7.3978195900|7.4065126800|7.3978195900|7.3978195900|109500|932176.0000|7.3978195900
14300000|7.4065126800|7.4065126800|7.3978195900|7.3978195900|79700|678535.0000|7.3978195900
14350000|7.4065126800|7.4152057700|7.3978195900|7.4152057700|436700|3721791.0000|7.4152057700
14400000|7.4152057700|7.4238988600|7.4065126800|7.4152057700|406000|3462096.0000|7.4152057700
14450000|7.4152057700|7.4152057700|7.4065126800|7.4065126800|377100|3215215.0000|7.4065126800
14500000|7.4065126800|7.4065126800|7.3978195900|7.4065126800|531900|4530125.0000|7.4065126800
14550000|7.4065126800|7.4152057700|7.3978195900|7.4152057700|647100|5513520.0000|7.4152057700
15000000|7.4065126800|7.4152057700|7.3978195900|7.4152057700|329600|2809627.0000|7.4152057700
