093500|13.41|13.5|13.35|13.4|19483.0|26112366.0|13.5
094000|13.4|13.4|13.34|13.37|9699.0|12957155.0|13.4
094500|13.35|13.45|13.32|13.42|11901.0|15913147.0|13.37
095000|13.42|13.62|13.42|13.59|11906.0|16089214.0|13.42
095500|13.57|13.65|13.48|13.6|17728.0|24013566.0|13.59
100000|13.61|13.67|13.57|13.67|22419.0|30533393.0|13.6
100500|13.68|13.7|13.6|13.65|15161.0|20693396.0|13.67
101000|13.65|13.75|13.63|13.72|13052.0|17855393.0|13.65
101500|13.72|13.75|13.68|13.75|13885.0|19043118.0|13.72
102000|13.75|13.84|13.75|13.75|16028.0|22094445.0|13.75
102500|13.75|13.76|13.66|13.72|9822.0|13461887.0|13.75
103000|13.72|13.74|13.7|13.7|7473.0|10253971.0|13.72
103500|13.71|13.78|13.71|13.75|12434.0|17094929.0|13.7
104000|13.75|13.79|13.7|13.74|11883.0|16350499.0|13.75
104500|13.74|13.78|13.72|13.77|5513.0|7583356.0|13.74
105000|13.76|13.77|13.75|13.76|4232.0|5825139.0|13.77
105500|13.77|13.77|13.72|13.74|4078.0|5607061.0|13.76
110000|13.75|13.79|13.73|13.74|6420.0|8835593.0|13.74
110500|13.73|13.81|13.72|13.81|6583.0|9068262.0|13.74
111000|13.81|13.85|13.78|13.81|10888.0|15053243.0|13.81
111500|13.8|13.84|13.77|13.77|11030.0|15252434.0|13.81
112000|13.77|13.8|13.74|13.76|3227.0|4444887.0|13.77
112500|13.77|13.84|13.77|13.82|10194.0|14089482.0|13.76
113000|13.82|13.89|13.81|13.85|11316.0|15669516.0|13.82
130500|13.87|14.08|13.87|13.93|23318.0|32574999.0|13.85
131000|13.93|14.0|13.9|13.91|9271.0|12950148.0|13.93
131500|13.91|13.94|13.9|13.9|3831.0|5332636.0|13.91
132000|13.91|13.97|13.88|13.92|4344.0|6049626.0|13.9
132500|13.92|13.94|13.91|13.93|3343.0|4654561.0|13.92
133000|13.92|13.94|13.91|13.92|2088.0|2907335.0|13.93
133500|13.92|13.94|13.85|13.85|3978.0|5528392.0|13.92
134000|13.85|13.88|13.85|13.85|3494.0|4843879.0|13.85
134500|13.85|13.85|13.81|13.82|3376.0|4668476.0|13.85
135000|13.83|13.84|13.78|13.79|5810.0|8020591.0|13.82
135500|13.78|13.79|13.74|13.74|8203.0|11296083.0|13.79
140000|13.75|13.76|13.73|13.76|6090.0|8372083.0|13.74
140500|13.76|13.85|13.76|13.84|9876.0|13632607.0|13.76
141000|13.83|13.84|13.8|13.82|2924.0|4040571.0|13.84
141500|13.82|13.83|13.8|13.81|3509.0|4845806.0|13.82
142000|13.81|13.81|13.78|13.78|3410.0|4704307.0|13.81
142500|13.78|13.8|13.78|13.79|4678.0|6448727.0|13.78
143000|13.8|13.85|13.77|13.85|8139.0|11248888.0|13.79
143500|13.85|13.86|13.81|13.82|4878.0|6749191.0|13.85
144000|13.83|13.83|13.8|13.82|6097.0|8422295.0|13.82
144500|13.82|13.83|13.81|13.83|5453.0|7538303.0|13.82
145000|13.83|13.84|13.81|13.82|5840.0|8073419.0|13.83
145500|13.82|13.84|13.81|13.83|8481.0|11723982.0|13.82
150000|13.83|13.84|13.82|13.82|12711.0|17575130.0|13.83
