09350000|44.9931822000|45.3176077000|44.7892576000|45.2434533000|1114000|54127011.0000|45.2434533000
09400000|45.2249147000|45.2434533000|45.0024515000|45.1600296000|579106|28191048.0000|45.1600296000
09450000|45.1507603000|45.5122630000|45.0673366000|45.4195700000|933698|45593806.0000|45.4195700000
09500000|45.4195700000|45.6605718000|45.4195700000|45.4288393000|928900|45641625.0000|45.4288393000
09550000|45.4288393000|45.4288393000|45.1507603000|45.3083384000|612400|29923432.0000|45.3083384000
10000000|45.3083384000|45.3083384000|44.9282971000|45.1044138000|573046|27865269.0000|45.1044138000
10050000|45.1136831000|45.2619919000|45.1136831000|45.1229524000|382500|18647198.0000|45.1229524000
10100000|45.1229524000|45.2619919000|45.0766059000|45.2063761000|453577|22106067.0000|45.2063761000
10150000|45.1785682000|45.2619919000|45.0673366000|45.0858752000|315123|15359456.0000|45.0858752000
10200000|45.0858752000|45.2341840000|45.0673366000|45.2249147000|244000|11887072.0000|45.2249147000
10250000|45.1878375000|45.4195700000|45.1692989000|45.4103007000|463800|22650768.0000|45.4103007000
10300000|45.3917621000|45.6049560000|45.3917621000|45.4381086000|640000|31404000.0000|45.4381086000
10350000|45.4381086000|45.6234946000|45.3732235000|45.5586095000|616400|30274464.0000|45.5586095000
10400000|45.5586095000|46.0128052000|45.5308016000|46.0128052000|1206700|59614512.0000|46.0128052000
10450000|45.9942666000|46.0962289000|45.8552271000|45.8737657000|991800|49216144.0000|45.8737657000
10500000|45.8830350000|46.0684210000|45.8830350000|45.9293815000|585600|29044848.0000|45.9293815000
10550000|45.9108429000|46.3928465000|45.8923043000|46.3835772000|1458079|72719488.0000|46.3835772000
11000000|46.3650386000|46.3650386000|46.1611140000|46.3001535000|572900|28593840.0000|46.3001535000
11050000|46.3001535000|46.3465000000|46.1981912000|46.2445377000|617100|30802976.0000|46.2445377000
11100000|46.2445377000|46.2445377000|45.9293815000|45.9571894000|422600|20998480.0000|45.9571894000
11150000|45.9293815000|46.0220745000|45.9015736000|45.9201122000|347616|17233184.0000|45.9201122000
11200000|45.9108429000|45.9386508000|45.7439955000|45.7903420000|446684|22094624.0000|45.7903420000
11250000|45.7903420000|46.0869596000|45.7625341000|46.0869596000|389500|19317568.0000|46.0869596000
11300000|46.0869596000|46.2352684000|46.0313438000|46.1981912000|446850|22234864.0000|46.1981912000
13050000|46.2259991000|46.9397352000|46.2259991000|46.8377729000|2630585|132376960.0000|46.8377729000
13100000|46.8192343000|46.9860817000|46.7172720000|46.9490045000|1397000|70587232.0000|46.9490045000
13150000|46.9304659000|47.0880440000|46.8099650000|46.8099650000|865414|43873536.0000|46.8099650000
13200000|46.8470422000|47.0880440000|46.8099650000|46.9768124000|1125600|57046784.0000|46.9768124000
13250000|46.9860817000|47.0324282000|46.8933887000|46.9397352000|765100|38756224.0000|46.9397352000
13300000|46.9397352000|46.9860817000|46.8099650000|46.8748501000|665100|33670928.0000|46.8748501000
13350000|46.8099650000|46.9768124000|46.7728878000|46.9490045000|830500|41990144.0000|46.9490045000
13400000|46.9490045000|47.0138896000|46.9026580000|46.9490045000|640300|32451424.0000|46.9490045000
13450000|46.9490045000|46.9768124000|46.8099650000|46.8099650000|635500|32153696.0000|46.8099650000
13500000|46.8099650000|46.8748501000|46.6801948000|46.6987334000|808400|40831040.0000|46.6987334000
13550000|46.6987334000|46.7265413000|46.5318860000|46.5875018000|671500|33757264.0000|46.5875018000
14000000|46.5782325000|46.8099650000|46.5689632000|46.7636185000|469025|23641760.0000|46.7636185000
14050000|46.7636185000|46.8192343000|46.5411553000|46.5504246000|453775|22859760.0000|46.5504246000
14100000|46.5411553000|46.6060404000|46.5318860000|46.5504246000|353000|17731488.0000|46.5504246000
14150000|46.5411553000|46.6987334000|46.5318860000|46.5875018000|382645|19239920.0000|46.5875018000
14200000|46.5782325000|46.6801948000|46.5411553000|46.6616562000|348200|17514832.0000|46.6616562000
14250000|46.6431176000|46.8099650000|46.5967711000|46.8099650000|408500|20568480.0000|46.8099650000
14300000|46.7543492000|46.8285036000|46.6523869000|46.7265413000|495295|24987936.0000|46.7265413000
14350000|46.7265413000|46.7543492000|46.6431176000|46.6523869000|374605|18877328.0000|46.6523869000
14400000|46.6338483000|46.8006957000|46.6338483000|46.7358106000|538400|27151120.0000|46.7358106000
14450000|46.7358106000|46.8099650000|46.7265413000|46.7821571000|708600|35762656.0000|46.7821571000
14500000|46.8006957000|46.8933887000|46.7914264000|46.8655808000|821400|41504288.0000|46.8655808000
14550000|46.8655808000|46.8933887000|46.8006957000|46.8099650000|829823|41940256.0000|46.8099650000
15000000|46.8192343000|46.8285036000|46.7728878000|46.8006957000|502536|25374416.0000|46.8006957000
