09350000|47.3017378500|47.7947549800|46.9947649200|47.0784848100|2585197|131459237.0000|47.0784848100
09400000|47.0691826000|47.2180179600|46.7715118800|47.2180179600|1139840|57535393.0000|47.2180179600
09450000|47.2180179600|47.3854577400|46.9761605000|47.3575511100|479500|24304085.0000|47.3575511100
09500000|47.3947599500|47.5342931000|47.3482489000|47.5249908900|682900|34820311.0000|47.5249908900
09550000|47.5528975200|47.7017328800|47.5063864700|47.7017328800|702000|35922254.0000|47.7017328800
10000000|47.7203373000|47.8598704500|47.6180129900|47.8505682400|738400|37881168.0000|47.8505682400
10050000|47.8505682400|47.9342881300|47.7389417200|47.8784748700|688000|35393760.0000|47.8784748700
10100000|47.8784748700|47.8784748700|47.5901063600|47.6552218300|416400|21362880.0000|47.6552218300
10150000|47.6459196200|47.7761505600|47.5808041500|47.7761505600|318100|16290112.0000|47.7761505600
10200000|47.7947549800|47.8226616100|47.7668483500|47.8040571900|301900|15514368.0000|47.8040571900
10250000|47.8133594000|47.8133594000|47.7389417200|47.7854527700|190700|9794208.0000|47.7854527700
10300000|47.7947549800|47.7947549800|47.5528975200|47.5808041500|250200|12810832.0000|47.5808041500
10350000|47.5994085700|47.6738262500|47.5901063600|47.6459196200|252000|12902672.0000|47.6459196200
10400000|47.6459196200|47.7482439300|47.5621997300|47.5715019400|260045|13320240.0000|47.5715019400
10450000|47.5808041500|47.6087107800|47.5249908900|47.5528975200|268400|13723968.0000|47.5528975200
10500000|47.5528975200|47.5901063600|47.5342931000|47.5715019400|190200|9725520.0000|47.5715019400
10550000|47.5715019400|47.5994085700|47.5342931000|47.5808041500|186000|9511984.0000|47.5808041500
11000000|47.5808041500|47.5808041500|47.3482489000|47.3947599500|380300|19395664.0000|47.3947599500
11050000|47.3854577400|47.5156886800|47.3854577400|47.4877820500|243600|12429472.0000|47.4877820500
11100000|47.4970842600|47.6087107800|47.4691776300|47.5808041500|243800|12465328.0000|47.5808041500
11150000|47.5901063600|47.6273152000|47.4970842600|47.5063864700|183500|9382896.0000|47.5063864700
11200000|47.5063864700|47.5435953100|47.3668533200|47.4040621600|123200|6282960.0000|47.4040621600
11250000|47.4040621600|47.4412710000|47.4040621600|47.4133643700|66300|3380320.0000|47.4133643700
11300000|47.4040621600|47.4040621600|47.3482489000|47.3761555300|73957|3766704.0000|47.3761555300
13050000|47.3482489000|47.4133643700|47.2552268000|47.4133643700|223300|11362512.0000|47.4133643700
13100000|47.4133643700|47.4133643700|47.2180179600|47.2180179600|151500|7705856.0000|47.2180179600
13150000|47.2180179600|47.2738312200|47.1436002800|47.1808091200|318600|16160688.0000|47.1808091200
13200000|47.2087157500|47.2366223800|47.1342980700|47.1342980700|157100|7970464.0000|47.1342980700
13250000|47.1249958600|47.1808091200|47.0598803900|47.0691826000|330100|16713008.0000|47.0691826000
13300000|47.0691826000|47.2087157500|47.0412759700|47.2087157500|320600|16235504.0000|47.2087157500
13350000|47.2087157500|47.3668533200|47.1622047000|47.3203422700|274900|13964336.0000|47.3203422700
13400000|47.3296444800|47.3482489000|47.2831334300|47.3110400600|140900|7166736.0000|47.3110400600
13450000|47.3110400600|47.3389466900|47.2552268000|47.3389466900|364417|18531456.0000|47.3389466900
13500000|47.3389466900|47.3668533200|47.3017378500|47.3482489000|199583|10156800.0000|47.3482489000
13550000|47.3482489000|47.3947599500|47.3389466900|47.3947599500|221600|11284832.0000|47.3947599500
14000000|47.3947599500|47.4691776300|47.3947599500|47.4691776300|341000|17389568.0000|47.4691776300
14050000|47.4691776300|47.4877820500|47.4226665800|47.4319687900|268546|13700016.0000|47.4319687900
14100000|47.4319687900|47.5156886800|47.4226665800|47.5063864700|343600|17536480.0000|47.5063864700
14150000|47.5156886800|47.5715019400|47.4877820500|47.5621997300|366900|18748528.0000|47.5621997300
14200000|47.5528975200|47.5528975200|47.4598754200|47.4598754200|222800|11377328.0000|47.4598754200
14250000|47.4598754200|47.4970842600|47.4226665800|47.4877820500|198200|10113456.0000|47.4877820500
14300000|47.4970842600|47.5342931000|47.4505732100|47.4505732100|203200|10377760.0000|47.4505732100
14350000|47.4691776300|47.4877820500|47.3761555300|47.3947599500|350400|17867616.0000|47.3947599500
14400000|47.4040621600|47.4412710000|47.3761555300|47.4133643700|232500|11852032.0000|47.4133643700
14450000|47.4133643700|47.4412710000|47.4040621600|47.4412710000|273500|13945104.0000|47.4412710000
14500000|47.4412710000|47.4412710000|47.3947599500|47.4319687900|303656|15480384.0000|47.4319687900
14550000|47.4226665800|47.4319687900|47.3761555300|47.4319687900|342000|17433104.0000|47.4319687900
15000000|47.4319687900|47.4412710000|47.4226665800|47.4412710000|317500|16191152.0000|47.4412710000
