09350000|39.1024380600|39.7601826300|38.9022549300|39.2644910700|282448|11609767.0000|39.2644910700
09400000|39.2930886600|39.4646742000|39.1596332400|39.3121537200|237537|9799231.0000|39.3121537200
09450000|39.3502838400|40.1224187700|39.3216862500|39.6648573300|292923|12221969.0000|39.6648573300
09500000|39.6553248000|40.1796139500|39.4932717900|40.1605488900|275500|11531044.0000|40.1605488900
09550000|40.1510163600|40.1510163600|39.8745729900|40.0938211800|289600|12162864.0000|40.0938211800
10000000|40.1033537100|40.2272766000|40.0366260000|40.1891464800|234600|9878018.0000|40.1891464800
10050000|40.1796139500|40.2177440700|39.9698982900|40.1414838300|322783|13580325.0000|40.1414838300
10100000|40.1224187700|40.1224187700|39.9413007000|39.9603657600|225217|9457825.0000|39.9603657600
10150000|39.9508332300|39.9794308200|39.7029874500|39.7029874500|204400|8547617.0000|39.7029874500
10200000|39.7029874500|40.1224187700|39.7029874500|40.0270934700|156100|6535755.0000|40.0270934700
10250000|39.9984958800|40.0175609400|39.7697151600|40.0175609400|65900|2761131.0000|40.0175609400
10300000|40.0175609400|40.5132525000|39.9984958800|40.4751223800|368700|15568953.0000|40.4751223800
10350000|40.4560573200|40.5132525000|40.3130693700|40.5037199700|255500|10837493.0000|40.5037199700
10400000|40.5037199700|40.5037199700|40.2082115400|40.2654067200|105800|4480575.0000|40.2654067200
10450000|40.2749392500|40.2749392500|40.1414838300|40.1796139500|89800|3784832.0000|40.1796139500
10500000|40.1700814200|40.2272766000|39.9413007000|40.1891464800|159448|6704101.0000|40.1891464800
10550000|40.1891464800|40.1986790100|40.0461585300|40.1605488900|143600|6042121.0000|40.1605488900
11000000|40.1605488900|40.2272766000|40.0461585300|40.1414838300|119900|5049111.0000|40.1414838300
11050000|40.1414838300|40.2844717800|40.1319513000|40.2654067200|125747|5305291.0000|40.2654067200
11100000|40.2654067200|40.3416669600|40.2654067200|40.2940043100|66500|2811614.0000|40.2940043100
11150000|40.2844717800|40.3893296100|40.2654067200|40.3130693700|71200|3011210.0000|40.3130693700
11200000|40.3130693700|40.3511994900|40.2654067200|40.3511994900|86400|3653948.0000|40.3511994900
11250000|40.3511994900|40.5132525000|40.3226019000|40.5132525000|129553|5500198.0000|40.5132525000
11300000|40.5132525000|40.8468910500|40.5132525000|40.6943705700|201500|8604726.0000|40.6943705700
13050000|40.7039031000|40.9612814100|40.7039031000|40.9040862300|421228|18052733.0000|40.9040862300
13100000|40.9422163500|40.9517488800|40.5704476800|40.6085778000|151627|6491884.0000|40.6085778000
13150000|40.6085778000|40.7039031000|40.4274597300|40.4274597300|134300|5710942.0000|40.4274597300
13200000|40.4274597300|40.7134356300|40.4274597300|40.6085778000|94008|3999758.0000|40.6085778000
13250000|40.6085778000|40.6085778000|40.5037199700|40.5990452700|37200|1582176.0000|40.5990452700
13300000|40.5513826200|40.5609151500|40.4274597300|40.4751223800|56900|2417057.0000|40.4751223800
13350000|40.4655898500|40.5323175600|40.4083946700|40.5323175600|75000|3183432.0000|40.5323175600
13400000|40.5323175600|40.5990452700|40.4941874400|40.5609151500|35000|1488746.0000|40.5609151500
13450000|40.4846549100|40.5895127400|40.4846549100|40.5895127400|53300|2265622.0000|40.5895127400
13500000|40.5799802100|40.5895127400|40.5132525000|40.5704476800|99400|4229834.0000|40.5704476800
13550000|40.5704476800|40.5799802100|40.4465247900|40.4846549100|99700|4236471.0000|40.4846549100
14000000|40.4846549100|40.5609151500|40.4751223800|40.5609151500|51500|2188381.0000|40.5609151500
14050000|40.5609151500|40.5609151500|40.5227850300|40.5227850300|36200|1539566.0000|40.5227850300
14100000|40.5227850300|40.5418500900|40.5132525000|40.5323175600|41700|1772898.0000|40.5323175600
14150000|40.5323175600|40.5323175600|40.4465247900|40.5132525000|138000|5862005.0000|40.5132525000
14200000|40.5132525000|40.8850211700|40.5037199700|40.8468910500|162100|6922570.0000|40.8468910500
14250000|40.8468910500|40.8468910500|40.5895127400|40.6562404500|220000|9391966.0000|40.6562404500
14300000|40.6562404500|40.6562404500|40.4751223800|40.6085778000|115500|4915984.0000|40.6085778000
14350000|40.6085778000|40.6085778000|40.4941874400|40.5418500900|92600|3940256.0000|40.5418500900
14400000|40.5418500900|40.6848380400|40.4941874400|40.6181103300|130900|5567360.0000|40.6181103300
14450000|40.6562404500|40.6753055100|40.5037199700|40.5132525000|106900|4549056.0000|40.5132525000
14500000|40.5132525000|40.5513826200|40.4274597300|40.5132525000|227200|9647328.0000|40.5132525000
14550000|40.5132525000|40.5132525000|40.4465247900|40.4751223800|107598|4568496.0000|40.4751223800
15000000|40.4751223800|40.4846549100|40.4655898500|40.4655898500|149826|6360720.0000|40.4655898500
