09350000|69.4502811200|69.7437196800|68.8350067200|69.2041713600|151700|11120306.0000|69.2041713600
09400000|69.3082947200|69.3177604800|68.8350067200|69.1284452800|69600|5074952.0000|69.1284452800
09450000|69.1284452800|69.2893632000|68.9580616000|68.9580616000|47100|3439321.0000|68.9580616000
09500000|68.9485958400|68.9485958400|68.4374448000|68.8634040000|69000|5008244.0000|68.8634040000
09550000|68.8634040000|68.8634040000|68.5510339200|68.6172942400|26300|1907328.0000|68.6172942400
10000000|68.6172942400|68.6740888000|68.4374448000|68.6267600000|144300|10436393.0000|68.6267600000
10050000|68.6740888000|69.0337876800|68.6267600000|68.9391300800|71262|5177689.0000|68.9391300800
10100000|68.9391300800|69.1947056000|68.6930203200|69.1000480000|115100|8385795.0000|69.1000480000
10150000|69.1000480000|69.2136371200|68.9107328000|69.2041713600|31900|2327051.0000|69.2041713600
10200000|69.2041713600|69.2136371200|68.9107328000|68.9107328000|28400|2071343.0000|68.9107328000
10250000|68.9107328000|69.0716507200|68.7308833600|68.9201985600|29000|2109612.0000|68.9201985600
10300000|68.9107328000|69.0053904000|68.5321024000|68.8160752000|33800|2453823.0000|68.8160752000
10350000|68.8160752000|68.9391300800|68.6267600000|68.7308833600|31800|2310396.0000|68.7308833600
10400000|68.6740888000|69.2136371200|68.6740888000|69.1852398400|44800|3262481.0000|69.1852398400
10450000|69.2420344000|69.3461577600|69.1757740800|69.1757740800|38700|2830941.0000|69.1757740800
10500000|69.1757740800|69.1947056000|68.9485958400|68.9580616000|17500|1276818.0000|68.9580616000
10550000|68.9580616000|69.0527192000|68.8160752000|68.9107328000|27000|1965578.0000|68.9107328000
11000000|68.8255409600|69.0811164800|68.7308833600|69.0716507200|60700|4423141.0000|69.0716507200
11050000|69.0716507200|69.2136371200|68.8444724800|68.9769931200|23600|1722162.0000|68.9769931200
11100000|68.9675273600|69.0527192000|68.8255409600|68.8350067200|15400|1120689.0000|68.8350067200
11150000|68.8350067200|68.8539382400|68.7024860800|68.7024860800|15500|1126444.0000|68.7024860800
11200000|68.7024860800|68.7403491200|68.6267600000|68.6456915200|16300|1182327.0000|68.6456915200
11250000|68.6267600000|68.6551572800|68.4374448000|68.4563763200|37100|2686437.0000|68.4563763200
11300000|68.4563763200|68.4847736000|68.4374448000|68.4658420800|25000|1807935.0000|68.4658420800
13050000|68.4469105600|68.5510339200|68.4090475200|68.4090475200|60000|4338575.0000|68.4090475200
13100000|68.3806502400|68.6267600000|68.2481296000|68.6267600000|34700|2509228.0000|68.6267600000
13150000|68.6267600000|68.6362257600|68.3995817600|68.4185132800|23400|1693011.0000|68.4185132800
13200000|68.4090475200|68.6456915200|68.2954584000|68.3238556800|30000|2168646.0000|68.3238556800
13250000|68.2954584000|68.3238556800|68.1534720000|68.1629377600|47800|3444126.0000|68.1629377600
13300000|68.1534720000|68.6267600000|68.1534720000|68.5226366400|29617|2139521.0000|68.5226366400
13350000|68.5226366400|69.0527192000|68.5226366400|68.9485958400|41200|2997294.0000|68.9485958400
13400000|68.9580616000|69.0621849600|68.7782121600|68.8255409600|28600|2083412.0000|68.8255409600
13450000|68.8255409600|68.8255409600|68.5321024000|68.5415681600|16300|1182796.0000|68.5415681600
13500000|68.5415681600|68.6362257600|68.4658420800|68.4753078400|14500|1049405.0000|68.4753078400
13550000|68.4753078400|68.5321024000|68.4469105600|68.5226366400|18000|1302034.0000|68.5226366400
14000000|68.5226366400|68.5226366400|68.3617187200|68.3617187200|14800|1070051.0000|68.3617187200
14050000|68.3617187200|68.6078284800|68.3427872000|68.5510339200|26100|1887884.0000|68.5510339200
14100000|68.5510339200|69.0621849600|68.5510339200|68.9012670400|42800|3112126.0000|68.9012670400
14150000|68.9012670400|69.0811164800|68.9012670400|69.0527192000|30800|2245909.0000|69.0527192000
14200000|69.0527192000|69.4313496000|68.9012670400|69.4313496000|69900|5113396.0000|69.4313496000
14250000|69.4313496000|69.5449387200|69.2798974400|69.2798974400|36400|2669666.0000|69.2798974400
14300000|69.2798974400|69.2798974400|69.1663083200|69.1757740800|8900|650805.0000|69.1757740800
14350000|69.1757740800|69.4692126400|69.1663083200|69.4313496000|26800|1963274.0000|69.4313496000
14400000|69.4313496000|69.4313496000|69.2798974400|69.3745550400|14800|1084536.0000|69.3745550400
14450000|69.3745550400|69.4692126400|69.3556235200|69.4124180800|43900|3219454.0000|69.4124180800
14500000|69.4124180800|69.4408153600|69.3556235200|69.3745550400|27713|2031467.0000|69.3745550400
14550000|69.3461577600|69.3840208000|69.1568425600|69.1947056000|35600|2604117.0000|69.1947056000
15000000|69.1947056000|69.3745550400|69.1947056000|69.3272262400|44300|3242477.0000|69.3272262400
