093500|13.91|13.91|13.81|13.82|6928.0|9604445.0|13.91
094000|13.82|13.84|13.76|13.78|5854.0|8077357.0|13.82
094500|13.78|13.81|13.72|13.73|7346.0|10109784.0|13.78
095000|13.72|13.74|13.68|13.68|4680.0|6414826.0|13.73
095500|13.69|13.71|13.67|13.71|2628.0|3598027.0|13.68
100000|13.72|13.76|13.7|13.76|2559.0|3514706.0|13.71
100500|13.75|13.77|13.73|13.74|1480.0|2035187.0|13.76
101000|13.73|13.75|13.72|13.73|1710.0|2347721.0|13.74
101500|13.73|13.73|13.69|13.69|3569.0|4890885.0|13.73
102000|13.68|13.72|13.66|13.67|4190.0|5733810.0|13.69
102500|13.66|13.69|13.64|13.69|4153.0|5670888.0|13.67
103000|13.69|13.73|13.68|13.71|1507.0|2065206.0|13.69
103500|13.71|13.71|13.65|13.67|1585.0|2167078.0|13.71
104000|13.67|13.7|13.66|13.68|1123.0|1535122.0|13.67
104500|13.67|13.69|13.67|13.67|1054.0|1442114.0|13.68
105000|13.68|13.71|13.67|13.7|909.0|1244080.0|13.67
105500|13.71|13.71|13.68|13.68|811.0|1110907.0|13.7
110000|13.68|13.69|13.63|13.64|2395.0|3270556.0|13.68
110500|13.66|13.66|13.62|13.64|1579.0|2152461.0|13.64
111000|13.64|13.65|13.62|13.64|1703.0|2321520.0|13.64
111500|13.64|13.68|13.64|13.66|857.0|1170767.0|13.64
112000|13.66|13.69|13.66|13.66|861.0|1177563.0|13.66
112500|13.66|13.67|13.62|13.63|1456.0|1986014.0|13.66
113000|13.64|13.64|13.58|13.59|2489.0|3387211.0|13.63
130500|13.6|13.6|13.58|13.59|3040.0|4131731.0|13.59
131000|13.6|13.65|13.6|13.63|1323.0|1801935.0|13.59
131500|13.62|13.64|13.61|13.63|815.0|1111006.0|13.63
132000|13.63|13.63|13.6|13.6|1096.0|1492356.0|13.63
132500|13.59|13.62|13.59|13.6|1225.0|1666123.0|13.6
133000|13.6|13.61|13.57|13.57|1557.0|2115154.0|13.6
133500|13.59|13.59|13.58|13.58|1134.0|1540100.0|13.57
134000|13.58|13.59|13.51|13.51|5303.0|7184021.0|13.58
134500|13.52|13.56|13.51|13.51|2398.0|3244651.0|13.51
135000|13.51|13.52|13.47|13.47|5176.0|6986224.0|13.51
135500|13.47|13.5|13.44|13.46|3064.0|4128340.0|13.47
140000|13.47|13.56|13.46|13.56|1841.0|2489646.0|13.46
140500|13.54|13.59|13.54|13.56|1806.0|2449496.0|13.56
141000|13.57|13.58|13.52|13.52|1294.0|1753503.0|13.56
141500|13.52|13.55|13.5|13.5|1647.0|2225762.0|13.52
142000|13.51|13.51|13.45|13.46|2960.0|3988674.0|13.5
142500|13.46|13.47|13.45|13.45|1854.0|2495063.0|13.46
143000|13.45|13.47|13.42|13.44|2190.0|2943781.0|13.45
143500|13.43|13.46|13.42|13.43|2008.0|2698161.0|13.44
144000|13.43|13.45|13.4|13.41|2539.0|3406401.0|13.43
144500|13.42|13.43|13.37|13.38|3645.0|4888297.0|13.41
145000|13.4|13.41|13.33|13.33|4215.0|5636286.0|13.38
145500|13.34|13.35|13.32|13.34|4502.0|6005174.0|13.33
150000|13.34|13.35|13.33|13.33|3676.0|4901865.0|13.34
