093500|22.18|22.45|22.07|22.25|2953.0|6577028.0|22.23
094000|22.24|22.35|22.15|22.23|1327.0|2952862.0|22.25
094500|22.23|22.24|22.14|22.2|962.0|2135704.0|22.23
095000|22.2|22.23|22.08|22.11|1033.0|2288422.0|22.2
095500|22.12|22.18|22.0|22.12|1964.0|4332743.0|22.11
100000|22.12|22.17|22.04|22.12|789.0|1743710.0|22.12
100500|22.13|22.3|22.12|22.17|1095.0|2428343.0|22.12
101000|22.17|22.22|22.12|22.18|954.0|2115489.0|22.17
101500|22.19|22.19|22.1|22.12|973.0|2154257.0|22.18
102000|22.1|22.24|22.1|22.15|1026.0|2273657.0|22.12
102500|22.17|22.26|22.16|22.21|1034.0|2295279.0|22.15
103000|22.21|22.26|22.18|22.24|676.0|1501501.0|22.21
103500|22.21|22.33|22.19|22.3|1330.0|2960725.0|22.24
104000|22.28|22.28|22.19|22.19|566.0|1258464.0|22.3
104500|22.19|22.23|22.14|22.17|456.0|1012079.0|22.19
105000|22.18|22.23|22.14|22.22|639.0|1418680.0|22.17
105500|22.2|22.23|22.18|22.2|507.0|1125830.0|22.22
110000|22.19|22.2|22.14|22.14|576.0|1277411.0|22.2
110500|22.13|22.17|22.09|22.13|878.0|1942991.0|22.14
111000|22.12|22.17|22.07|22.16|1526.0|3374636.0|22.13
111500|22.17|22.2|22.15|22.18|326.0|722919.0|22.16
112000|22.19|22.2|22.15|22.19|346.0|767246.0|22.18
112500|22.17|22.22|22.16|22.2|286.0|634757.0|22.19
113000|22.18|22.23|22.18|22.2|399.0|885648.0|22.2
130500|22.2|22.21|22.11|22.13|586.0|1297938.0|22.2
131000|22.12|22.16|22.08|22.13|366.0|809850.0|22.13
131500|22.12|22.14|22.08|22.1|321.0|709830.0|22.13
132000|22.11|22.12|22.09|22.11|267.0|590213.0|22.1
132500|22.11|22.12|22.03|22.07|485.0|1070755.0|22.11
133000|22.09|22.1|22.01|22.02|686.0|1513292.0|22.07
133500|22.01|22.07|22.01|22.07|421.0|927936.0|22.02
134000|22.08|22.14|22.05|22.1|605.0|1336841.0|22.07
134500|22.1|22.2|22.1|22.18|352.0|779951.0|22.1
135000|22.19|22.22|22.15|22.22|468.0|1038106.0|22.18
135500|22.22|22.28|22.18|22.28|534.0|1186833.0|22.22
140000|22.26|22.28|22.23|22.24|419.0|932649.0|22.28
140500|22.24|22.29|22.17|22.17|447.0|994986.0|22.24
141000|22.18|22.21|22.11|22.13|434.0|961868.0|22.17
141500|22.13|22.19|22.11|22.16|477.0|1056814.0|22.13
142000|22.14|22.18|22.07|22.12|977.0|2161226.0|22.16
142500|22.12|22.12|22.06|22.09|739.0|1632847.0|22.12
143000|22.08|22.11|22.05|22.08|508.0|1121962.0|22.09
143500|22.08|22.12|22.07|22.08|847.0|1870512.0|22.08
144000|22.1|22.12|22.06|22.12|565.0|1247902.0|22.08
144500|22.09|22.12|22.07|22.1|518.0|1144878.0|22.12
145000|22.1|22.13|22.09|22.1|559.0|1236148.0|22.1
145500|22.12|22.15|22.1|22.1|781.0|1727774.0|22.1
150000|22.1|22.15|22.08|22.08|343.0|758221.0|22.1
