093500|19.13|19.18|18.8|18.8|39002.0|73999686.0|19.15
094000|18.79|18.82|18.64|18.7|34307.0|64315094.0|18.8
094500|18.7|18.77|18.66|18.73|14459.0|27081265.0|18.7
095000|18.73|18.85|18.71|18.85|17042.0|31999764.0|18.73
095500|18.85|18.91|18.83|18.87|8982.0|16960563.0|18.85
100000|18.85|18.85|18.77|18.77|6521.0|12277455.0|18.87
100500|18.77|18.79|18.71|18.76|7639.0|14330778.0|18.77
101000|18.73|18.85|18.73|18.81|10633.0|19996904.0|18.76
101500|18.82|18.84|18.76|18.84|5881.0|11064253.0|18.81
102000|18.84|18.91|18.83|18.88|6427.0|12141946.0|18.84
102500|18.88|18.89|18.83|18.87|5727.0|10817064.0|18.88
103000|18.87|18.87|18.81|18.81|7821.0|14747507.0|18.87
103500|18.81|18.81|18.75|18.78|6448.0|12119251.0|18.81
104000|18.77|18.78|18.7|18.7|6913.0|12955992.0|18.78
104500|18.7|18.72|18.69|18.7|3486.0|6527017.0|18.7
105000|18.7|18.71|18.66|18.66|7842.0|14667196.0|18.7
105500|18.66|18.72|18.66|18.72|3983.0|7450487.0|18.66
110000|18.71|18.71|18.66|18.66|3176.0|5942645.0|18.72
110500|18.66|18.72|18.66|18.69|3679.0|6883227.0|18.66
111000|18.69|18.7|18.66|18.66|2511.0|4693331.0|18.69
111500|18.66|18.7|18.66|18.69|3350.0|6263372.0|18.66
112000|18.69|18.69|18.67|18.68|3104.0|5805172.0|18.69
112500|18.68|18.69|18.67|18.67|2159.0|4036320.0|18.68
113000|18.67|18.68|18.65|18.66|2859.0|5341643.0|18.67
130500|18.67|18.67|18.58|18.59|14308.0|26668009.0|18.66
131000|18.58|18.61|18.53|18.54|11900.0|22106827.0|18.59
131500|18.54|18.6|18.54|18.54|5522.0|10257710.0|18.54
132000|18.55|18.56|18.48|18.49|11515.0|21337014.0|18.54
132500|18.49|18.52|18.44|18.44|9525.0|17616135.0|18.49
133000|18.44|18.5|18.41|18.5|7726.0|14267938.0|18.44
133500|18.5|18.58|18.5|18.53|4400.0|8169250.0|18.5
134000|18.54|18.62|18.51|18.59|4100.0|7618689.0|18.53
134500|18.59|18.61|18.52|18.55|3666.0|6809456.0|18.59
135000|18.54|18.54|18.5|18.52|4848.0|8987232.0|18.55
135500|18.51|18.54|18.48|18.49|4601.0|8522736.0|18.52
140000|18.49|18.52|18.46|18.46|5730.0|10607062.0|18.49
140500|18.47|18.53|18.47|18.53|5861.0|10853586.0|18.46
141000|18.53|18.56|18.52|18.54|4662.0|8651241.0|18.53
141500|18.54|18.55|18.51|18.52|3926.0|7281557.0|18.54
142000|18.52|18.52|18.5|18.51|3404.0|6309646.0|18.52
142500|18.51|18.52|18.49|18.52|3780.0|7003362.0|18.51
143000|18.52|18.54|18.51|18.51|4981.0|9237335.0|18.52
143500|18.53|18.53|18.48|18.48|3652.0|6765047.0|18.51
144000|18.48|18.49|18.4|18.46|10205.0|18846781.0|18.48
144500|18.45|18.46|18.43|18.43|4893.0|9033495.0|18.46
145000|18.43|18.46|18.41|18.44|8443.0|15581575.0|18.43
145500|18.44|18.54|18.44|18.53|19593.0|36255667.0|18.44
150000|18.53|18.53|18.49|18.51|13097.0|24263348.0|18.53
