093500|18.89|18.98|18.01|18.16|274448.0|507143832.0|19.81
094000|18.2|18.66|18.16|18.44|76131.0|140261655.0|18.16
094500|18.43|18.54|18.31|18.54|44763.0|82534693.0|18.44
095000|18.57|18.7|18.43|18.49|51481.0|95686205.0|18.54
095500|18.47|18.5|18.4|18.42|23255.0|42933850.0|18.49
100000|18.42|18.43|18.21|18.27|42099.0|77124470.0|18.42
100500|18.25|18.27|18.12|18.15|35011.0|63778595.0|18.27
101000|18.17|18.21|18.01|18.06|44266.0|80097856.0|18.15
101500|18.06|18.07|17.88|18.06|45817.0|82472142.0|18.06
102000|18.07|18.1|17.92|17.92|26551.0|47907712.0|18.06
102500|17.92|18.07|17.9|18.0|20961.0|37771467.0|17.92
103000|17.98|18.14|17.98|18.1|19579.0|35431674.0|18.0
103500|18.08|18.08|17.98|18.01|12991.0|23419601.0|18.1
104000|18.02|18.16|18.01|18.09|18399.0|33273824.0|18.01
104500|18.08|18.1|17.99|18.04|11602.0|20956742.0|18.09
105000|18.03|18.08|18.03|18.07|9662.0|17463848.0|18.04
105500|18.07|18.13|18.05|18.08|11704.0|21195368.0|18.07
110000|18.05|18.13|18.05|18.11|6172.0|11178639.0|18.08
110500|18.11|18.13|18.0|18.0|14050.0|25424972.0|18.11
111000|18.0|18.03|17.95|17.96|16119.0|29032703.0|18.0
111500|17.96|18.02|17.96|18.01|6889.0|12407470.0|17.96
112000|18.01|18.02|17.99|17.99|9989.0|17999517.0|18.01
112500|17.99|18.05|17.97|18.02|12071.0|21759364.0|17.99
113000|18.02|18.17|18.01|18.16|9342.0|16922731.0|18.02
130500|18.19|18.28|18.1|18.18|24367.0|44374992.0|18.16
131000|18.19|18.2|18.13|18.15|9175.0|16680757.0|18.18
131500|18.16|18.17|18.08|18.09|8223.0|14918373.0|18.15
132000|18.1|18.13|18.05|18.1|8198.0|14840379.0|18.09
132500|18.09|18.13|18.05|18.08|8559.0|15495438.0|18.1
133000|18.08|18.1|18.03|18.08|7475.0|13516253.0|18.08
133500|18.06|18.09|18.04|18.05|8057.0|14561138.0|18.08
134000|18.05|18.05|17.99|17.99|13196.0|23796600.0|18.05
134500|18.0|18.02|17.9|17.91|18731.0|33690824.0|17.99
135000|17.9|18.01|17.89|17.96|14515.0|26034705.0|17.91
135500|17.96|17.98|17.9|17.96|8530.0|15311623.0|17.96
140000|17.96|17.97|17.9|17.91|9465.0|16990967.0|17.96
140500|17.92|18.0|17.92|17.95|11203.0|20144855.0|17.91
141000|17.95|17.98|17.92|17.97|11124.0|19986176.0|17.95
141500|17.98|18.22|17.94|17.96|22339.0|40426056.0|17.97
142000|17.96|18.0|17.96|17.97|8491.0|15278002.0|17.96
142500|17.97|18.1|17.94|18.08|12425.0|22428300.0|17.97
143000|18.09|18.09|18.01|18.01|9312.0|16844240.0|18.08
143500|18.01|18.16|18.01|18.12|14704.0|26596481.0|18.01
144000|18.14|18.27|18.08|18.1|21618.0|39322549.0|18.12
144500|18.09|18.15|18.07|18.08|19909.0|36070900.0|18.1
145000|18.08|18.09|18.0|18.02|27288.0|49283148.0|18.08
145500|18.02|18.07|18.0|18.03|33126.0|59805799.0|18.02
150000|18.03|18.03|17.94|17.98|54250.0|97658104.0|18.03
