09350000|6.7112814600|6.7590826100|6.7017212300|6.7495223800|5878400|41333280.0000|6.7495223800
09400000|6.7495223800|6.7495223800|6.7208416900|6.7304019200|2372600|16718220.0000|6.7304019200
09450000|6.7304019200|6.7495223800|6.7208416900|6.7208416900|2245100|15813680.0000|6.7208416900
09500000|6.7208416900|6.7399621500|6.6634803100|6.6730405400|5532300|38714016.0000|6.6730405400
09550000|6.6730405400|6.6921610000|6.6634803100|6.6634803100|4028700|28106896.0000|6.6634803100
10000000|6.6634803100|6.6921610000|6.6634803100|6.6826007700|2222300|15502792.0000|6.6826007700
10050000|6.6826007700|6.6921610000|6.6730405400|6.6921610000|862500|6024816.0000|6.6921610000
10100000|6.6921610000|6.7017212300|6.6730405400|6.6921610000|1346300|9419648.0000|6.6921610000
10150000|6.6921610000|6.7017212300|6.6730405400|6.7017212300|1574800|11016512.0000|6.7017212300
10200000|6.7017212300|6.7017212300|6.6634803100|6.6634803100|2434400|17013248.0000|6.6634803100
10250000|6.6634803100|6.6921610000|6.6539200800|6.6826007700|2134700|14885952.0000|6.6826007700
10300000|6.6826007700|6.7208416900|6.6826007700|6.7017212300|899900|6309168.0000|6.7017212300
10350000|6.7017212300|6.7208416900|6.7017212300|6.7112814600|1051200|7379824.0000|6.7112814600
10400000|6.7112814600|6.7208416900|6.7017212300|6.7017212300|686500|4815952.0000|6.7017212300
10450000|6.7017212300|6.7112814600|6.6921610000|6.6921610000|408600|2863056.0000|6.6921610000
10500000|6.6921610000|6.7017212300|6.6730405400|6.6826007700|844300|5905344.0000|6.6826007700
10550000|6.6730405400|6.6826007700|6.6730405400|6.6730405400|439200|3068256.0000|6.6730405400
11000000|6.6730405400|6.6826007700|6.6730405400|6.6730405400|252900|1765600.0000|6.6730405400
11050000|6.6730405400|6.6826007700|6.6634803100|6.6730405400|1042900|7282144.0000|6.6730405400
11100000|6.6730405400|6.6826007700|6.6634803100|6.6634803100|349300|2438416.0000|6.6634803100
11150000|6.6730405400|6.6826007700|6.6634803100|6.6730405400|629900|4396272.0000|6.6730405400
11200000|6.6730405400|6.6730405400|6.6634803100|6.6634803100|458500|3198960.0000|6.6634803100
11250000|6.6730405400|6.6730405400|6.6634803100|6.6730405400|353900|2468768.0000|6.6730405400
11300000|6.6730405400|6.6826007700|6.6634803100|6.6730405400|434500|3033200.0000|6.6730405400
13050000|6.6826007700|6.6921610000|6.6634803100|6.6921610000|951300|6642880.0000|6.6921610000
13100000|6.6921610000|6.7112814600|6.6921610000|6.7017212300|589000|4128608.0000|6.7017212300
13150000|6.7017212300|6.7112814600|6.6730405400|6.6730405400|698200|4885600.0000|6.6730405400
13200000|6.6730405400|6.7112814600|6.6634803100|6.6730405400|1155200|8083008.0000|6.6730405400
13250000|6.6730405400|6.6826007700|6.6634803100|6.6730405400|923300|6445120.0000|6.6730405400
13300000|6.6634803100|6.6826007700|6.6634803100|6.6730405400|347300|2423776.0000|6.6730405400
13350000|6.6730405400|6.6730405400|6.6634803100|6.6730405400|545800|3805440.0000|6.6730405400
13400000|6.6634803100|6.6634803100|6.6539200800|6.6634803100|1188400|8276544.0000|6.6634803100
13450000|6.6634803100|6.6634803100|6.6443598500|6.6539200800|1686900|11735392.0000|6.6539200800
13500000|6.6539200800|6.6539200800|6.6347996200|6.6347996200|1776800|12352480.0000|6.6347996200
13550000|6.6347996200|6.6443598500|6.6252393900|6.6347996200|1119100|7761856.0000|6.6347996200
14000000|6.6347996200|6.6443598500|6.6347996200|6.6347996200|609500|4233184.0000|6.6347996200
14050000|6.6347996200|6.6443598500|6.6252393900|6.6252393900|862500|5982656.0000|6.6252393900
14100000|6.6252393900|6.6443598500|6.6252393900|6.6443598500|986100|6843456.0000|6.6443598500
14150000|6.6443598500|6.6443598500|6.6252393900|6.6347996200|914700|6347008.0000|6.6347996200
14200000|6.6347996200|6.6347996200|6.6252393900|6.6252393900|665700|4615936.0000|6.6252393900
14250000|6.6252393900|6.6347996200|6.6156791600|6.6156791600|1052400|7291392.0000|6.6156791600
14300000|6.6156791600|6.6347996200|6.6156791600|6.6156791600|1129200|7822688.0000|6.6156791600
14350000|6.6156791600|6.6347996200|6.6156791600|6.6252393900|1472200|10198944.0000|6.6252393900
14400000|6.6252393900|6.6347996200|6.6156791600|6.6156791600|1744300|12089120.0000|6.6156791600
14450000|6.6156791600|6.6252393900|6.6061189300|6.6061189300|1771200|12250272.0000|6.6061189300
14500000|6.6061189300|6.6156791600|6.5965587000|6.5965587000|1872500|12943296.0000|6.5965587000
14550000|6.5965587000|6.6061189300|6.5869984700|6.5869984700|4171200|28763136.0000|6.5869984700
15000000|6.5869984700|6.5965587000|6.5774382400|6.5774382400|3411300|23485120.0000|6.5774382400
