093500|2.8700|2.9000|2.8700|2.8900|21703200|62644228.0000|2.8900
094000|2.8800|2.9000|2.8800|2.8900|3677400|10625812.0000|2.8900
094500|2.8900|2.9000|2.8800|2.8900|2708000|7824400.0000|2.8900
095000|2.8900|2.8900|2.8800|2.8800|1912800|5511960.0000|2.8800
095500|2.8800|2.8900|2.8800|2.8900|1096500|3160952.0000|2.8900
100000|2.8800|2.8900|2.8800|2.8900|1252300|3611632.0000|2.8900
100500|2.8900|2.8900|2.8800|2.8900|1063700|3072408.0000|2.8900
101000|2.8900|2.9000|2.8800|2.8900|5149800|14882288.0000|2.8900
101500|2.8900|2.8900|2.8800|2.8900|1169600|3377672.0000|2.8900
102000|2.8800|2.8900|2.8800|2.8900|1448100|4184528.0000|2.8900
102500|2.8900|2.8900|2.8800|2.8800|442300|1277376.0000|2.8800
103000|2.8900|2.8900|2.8800|2.8900|516400|1490288.0000|2.8900
103500|2.8900|2.8900|2.8800|2.8900|859800|2484224.0000|2.8900
104000|2.8900|2.8900|2.8800|2.8900|306800|885848.0000|2.8900
104500|2.8800|2.8900|2.8800|2.8900|1114300|3218608.0000|2.8900
105000|2.8900|2.9000|2.8800|2.8900|1035300|2992496.0000|2.8900
105500|2.9000|2.9000|2.8900|2.8900|738200|2137184.0000|2.8900
110000|2.8900|2.9000|2.8900|2.8900|598800|1732432.0000|2.8900
110500|2.9000|2.9000|2.8800|2.8900|3882000|11215296.0000|2.8900
111000|2.8900|2.8900|2.8800|2.8800|69400|200352.0000|2.8800
111500|2.8800|2.8900|2.8800|2.8900|1584700|4578112.0000|2.8900
112000|2.8900|2.8900|2.8800|2.8900|703100|2031536.0000|2.8900
112500|2.8800|2.8900|2.8800|2.8800|373100|1076304.0000|2.8800
113000|2.8900|2.8900|2.8800|2.8900|153100|442000.0000|2.8900
130500|2.8900|2.9000|2.8900|2.8900|2288900|6615056.0000|2.8900
131000|2.8900|2.9000|2.8900|2.8900|680600|1966976.0000|2.8900
131500|2.8900|2.9000|2.8800|2.8900|1547800|4472784.0000|2.8900
132000|2.8900|2.8900|2.8800|2.8900|303200|876176.0000|2.8900
132500|2.8900|2.8900|2.8800|2.8900|448700|1296528.0000|2.8900
133000|2.8900|2.9000|2.8800|2.8900|1921200|5552272.0000|2.8900
133500|2.8900|2.9000|2.8900|2.8900|340000|984336.0000|2.8900
134000|2.9000|2.9000|2.8800|2.8800|1588700|4591248.0000|2.8800
134500|2.8900|2.8900|2.8800|2.8900|364500|1052736.0000|2.8900
135000|2.8900|2.8900|2.8800|2.8800|226700|653744.0000|2.8800
135500|2.8800|2.8900|2.8800|2.8800|394200|1136272.0000|2.8800
140000|2.8900|2.8900|2.8800|2.8800|4656800|13413840.0000|2.8800
140500|2.8800|2.8900|2.8700|2.8700|5843700|16826960.0000|2.8700
141000|2.8700|2.8800|2.8700|2.8800|983100|2825600.0000|2.8800
141500|2.8800|2.8800|2.8700|2.8800|303600|873264.0000|2.8800
142000|2.8700|2.8900|2.8700|2.8800|3420200|9850112.0000|2.8800
142500|2.8800|2.8900|2.8800|2.8800|357600|1031520.0000|2.8800
143000|2.8900|2.8900|2.8800|2.8900|220800|636640.0000|2.8900
143500|2.8800|2.8900|2.8800|2.8800|534600|1541376.0000|2.8800
144000|2.8900|2.8900|2.8800|2.8800|314200|906624.0000|2.8800
144500|2.8800|2.8900|2.8800|2.8800|519000|1495952.0000|2.8800
145000|2.8800|2.8900|2.8800|2.8900|1205700|3477072.0000|2.8900
145500|2.8800|2.8900|2.8800|2.8800|1764300|5086000.0000|2.8800
150000|2.8800|2.8900|2.8800|2.8800|597200|1723824.0000|2.8800
