09350000|22.9063314000|23.7817326000|22.9063314000|23.6941924800|2729700|65449016.0000|23.6941924800
09400000|23.6844658000|24.6279537600|23.4315721200|24.5112336000|2949000|72447816.0000|24.5112336000
09450000|24.6376804400|24.8808474400|24.3069733200|24.8808474400|3959400|100783296.0000|24.8808474400
09500000|24.8808474400|24.8808474400|24.8808474400|24.8808474400|519600|13291360.0000|24.8808474400
09550000|24.8808474400|24.8808474400|24.8808474400|24.8808474400|222600|5694112.0000|24.8808474400
10000000|24.8808474400|24.8808474400|24.8808474400|24.8808474400|249200|6374528.0000|24.8808474400
10050000|24.8808474400|24.8808474400|24.8808474400|24.8808474400|87600|2240816.0000|24.8808474400
10100000|24.8808474400|24.8808474400|24.8808474400|24.8808474400|71300|1823856.0000|24.8808474400
10150000|24.8808474400|24.8808474400|24.8808474400|24.8808474400|101600|2598016.0000|24.8808474400
10200000|24.8808474400|24.8808474400|24.8808474400|24.8808474400|115600|2957024.0000|24.8808474400
10250000|24.8808474400|24.8808474400|24.8808474400|24.8808474400|138200|3535168.0000|24.8808474400
10300000|24.8808474400|24.8808474400|24.8808474400|24.8808474400|59600|1524576.0000|24.8808474400
10350000|24.8808474400|24.8808474400|24.8808474400|24.8808474400|37900|969472.0000|24.8808474400
10400000|24.8808474400|24.8808474400|24.8808474400|24.8808474400|16500|422080.0000|24.8808474400
10450000|24.8808474400|24.8808474400|24.8808474400|24.8808474400|13900|355552.0000|24.8808474400
10500000|24.8808474400|24.8808474400|24.8808474400|24.8808474400|31500|805760.0000|24.8808474400
10550000|24.8808474400|24.8808474400|24.8808474400|24.8808474400|17400|445120.0000|24.8808474400
11000000|24.8808474400|24.8808474400|24.8808474400|24.8808474400|16200|414400.0000|24.8808474400
11050000|24.8808474400|24.8808474400|24.8808474400|24.8808474400|48500|1240608.0000|24.8808474400
11100000|24.8808474400|24.8808474400|24.8808474400|24.8808474400|30200|772512.0000|24.8808474400
11150000|24.8808474400|24.8808474400|24.8808474400|24.8808474400|49700|1271328.0000|24.8808474400
11200000|24.8808474400|24.8808474400|24.8808474400|24.8808474400|11900|304416.0000|24.8808474400
11250000|24.8808474400|24.8808474400|24.8808474400|24.8808474400|15700|401600.0000|24.8808474400
11300000|24.8808474400|24.8808474400|24.8808474400|24.8808474400|8900|227680.0000|24.8808474400
13050000|24.8808474400|24.8808474400|24.8808474400|24.8808474400|52900|1353184.0000|24.8808474400
13100000|24.8808474400|24.8808474400|24.8808474400|24.8808474400|8400|214848.0000|24.8808474400
13150000|24.8808474400|24.8808474400|24.8808474400|24.8808474400|12400|317216.0000|24.8808474400
13200000|24.8808474400|24.8808474400|24.8808474400|24.8808474400|43700|1117824.0000|24.8808474400
13250000|24.8808474400|24.8808474400|24.8808474400|24.8808474400|55100|1409472.0000|24.8808474400
13300000|24.8808474400|24.8808474400|24.8808474400|24.8808474400|73200|1872448.0000|24.8808474400
13350000|24.8808474400|24.8808474400|24.8808474400|24.8808474400|122800|3141248.0000|24.8808474400
13400000|24.8808474400|24.8808474400|24.8808474400|24.8808474400|18700|478336.0000|24.8808474400
13450000|24.8808474400|24.8808474400|24.8808474400|24.8808474400|28700|734144.0000|24.8808474400
13500000|24.8808474400|24.8808474400|24.8808474400|24.8808474400|24800|634368.0000|24.8808474400
13550000|24.8808474400|24.8808474400|24.8808474400|24.8808474400|18400|470688.0000|24.8808474400
14000000|24.8808474400|24.8808474400|24.8808474400|24.8808474400|8200|209760.0000|24.8808474400
14050000|24.8808474400|24.8808474400|24.8808474400|24.8808474400|10800|276256.0000|24.8808474400
14100000|24.8808474400|24.8808474400|24.8808474400|24.8808474400|2000|51168.0000|24.8808474400
14150000|24.8808474400|24.8808474400|24.8808474400|24.8808474400|10400|266016.0000|24.8808474400
14200000|24.8808474400|24.8808474400|24.8808474400|24.8808474400|2400|61408.0000|24.8808474400
14250000|24.8808474400|24.8808474400|24.8808474400|24.8808474400|15700|401600.0000|24.8808474400
14300000|24.8808474400|24.8808474400|24.8808474400|24.8808474400|2700|69056.0000|24.8808474400
14350000|24.8808474400|24.8808474400|24.8808474400|24.8808474400|7700|196992.0000|24.8808474400
14400000|24.8808474400|24.8808474400|24.8808474400|24.8808474400|7400|189280.0000|24.8808474400
14450000|24.8808474400|24.8808474400|24.8808474400|24.8808474400|8000|204640.0000|24.8808474400
14500000|24.8808474400|24.8808474400|24.8808474400|24.8808474400|8600|219456.0000|24.8808474400
14550000|24.8808474400|24.8808474400|24.8808474400|24.8808474400|16900|432288.0000|24.8808474400
15000000|24.8808474400|24.8808474400|24.8808474400|24.8808474400|37900|969504.0000|24.8808474400
