093500|14.7000|14.7400|14.5400|14.6000|1104800|16150134.0000|14.6000
094000|14.6000|14.6000|14.4800|14.5300|907440|13191309.0000|14.5300
094500|14.5300|14.7400|14.4700|14.7400|869800|12719922.0000|14.7400
095000|14.7400|14.7600|14.5900|14.7000|1187100|17392291.0000|14.7000
095500|14.6900|14.7700|14.6900|14.7100|672700|9912638.0000|14.7100
100000|14.7000|14.7800|14.6700|14.7600|277540|4084948.0000|14.7600
100500|14.7700|14.9200|14.7500|14.8700|890900|13250366.0000|14.8700
101000|14.8700|14.8700|14.7700|14.8300|248000|3674644.0000|14.8300
101500|14.8100|14.8700|14.8000|14.8700|196800|2920768.0000|14.8700
102000|14.8800|15.0700|14.8800|14.9800|666700|9973831.0000|14.9800
102500|14.9700|14.9800|14.8800|14.9300|716500|10699510.0000|14.9300
103000|14.9500|15.0500|14.9100|14.9500|475700|7131920.0000|14.9500
103500|14.9700|15.1200|14.9600|15.0700|1132932|17058717.0000|15.0700
104000|15.0700|15.1100|15.0100|15.0700|349300|5263678.0000|15.0700
104500|15.0800|15.1600|15.0400|15.1300|455700|6888436.0000|15.1300
105000|15.1500|15.1700|15.0600|15.0700|364900|5516689.0000|15.0700
105500|15.1000|15.1200|15.0500|15.0800|380500|5736561.0000|15.0800
110000|15.0900|15.1200|15.0700|15.0800|270000|4074014.0000|15.0800
110500|15.1000|15.1500|15.0700|15.1100|269000|4063245.0000|15.1100
111000|15.1200|15.2500|15.1200|15.2100|733100|11138924.0000|15.2100
111500|15.2200|15.2600|15.1400|15.2500|883500|13424181.0000|15.2500
112000|15.2500|15.2500|15.1200|15.1500|945500|14389817.0000|15.1500
112500|15.1100|15.1700|15.1100|15.1500|418220|6331198.0000|15.1500
113000|15.1200|15.1600|15.0800|15.1100|248980|3764298.0000|15.1100
130500|15.1100|15.1100|14.9800|15.0700|493600|7418937.0000|15.0700
131000|15.0700|15.1300|15.0500|15.0500|335700|5060921.0000|15.0500
131500|15.0400|15.0600|14.9700|14.9700|357800|5373777.0000|14.9700
132000|14.9700|15.1100|14.9700|15.0900|369200|5556677.0000|15.0900
132500|15.0900|15.1700|15.0900|15.1300|446700|6761353.0000|15.1300
133000|15.1300|15.1700|15.1100|15.1500|99000|1498627.0000|15.1500
133500|15.1500|15.1500|15.0500|15.1000|252600|3810254.0000|15.1000
134000|15.1000|15.1000|15.0500|15.0500|213700|3218798.0000|15.0500
134500|15.0500|15.0900|15.0500|15.0800|184440|2779150.0000|15.0800
135000|15.0800|15.1300|15.0700|15.1200|184360|2783716.0000|15.1200
135500|15.1200|15.1500|15.1000|15.1100|174800|2643348.0000|15.1100
140000|15.1400|15.1400|15.0900|15.1000|113900|1721568.0000|15.1000
140500|15.1000|15.1600|15.0900|15.1400|231800|3508143.0000|15.1400
141000|15.1400|15.1800|15.1400|15.1600|157700|2391263.0000|15.1600
141500|15.1500|15.1900|15.1400|15.1500|134900|2045134.0000|15.1500
142000|15.1600|15.2000|15.1500|15.1600|243600|3696784.0000|15.1600
142500|15.1600|15.1900|15.1300|15.1800|352030|5340867.0000|15.1800
143000|15.1800|15.2900|15.1800|15.2800|1423500|21696747.0000|15.2800
143500|15.2800|15.3000|15.2300|15.3000|634100|9679592.0000|15.3000
144000|15.3400|15.3500|15.2700|15.2900|427700|6547675.0000|15.2900
144500|15.2800|15.3300|15.2000|15.2700|1905600|29088456.0000|15.2700
145000|15.2100|15.3500|15.1900|15.2500|1123431|17143883.0000|15.2500
145500|15.2500|15.2500|15.2000|15.2200|371000|5643363.0000|15.2200
150000|15.2200|15.2800|15.2200|15.2600|313000|4775138.0000|15.2600
