09350000|36.5861012000|36.7719664200|36.5763188200|36.7230545200|113200|4241594.0000|36.7230545200
09400000|36.7230545200|36.8600078400|36.6741426200|36.8600078400|92000|3454777.0000|36.8600078400
09450000|36.8600078400|36.8600078400|36.6350131000|36.6350131000|67900|2551430.0000|36.6350131000
09500000|36.6350131000|36.7034897600|36.5176245400|36.5176245400|59300|2220977.0000|36.5176245400
09550000|36.5176245400|36.6154483400|36.4784950200|36.4980597800|72200|2697354.0000|36.4980597800
10000000|36.4980597800|36.5861012000|36.4687126400|36.4687126400|48500|1809781.0000|36.4687126400
10050000|36.4687126400|36.4687126400|36.3024121800|36.3121945600|97200|3612382.0000|36.3121945600
10100000|36.3317593200|36.4100183600|36.3121945600|36.4100183600|118700|4412274.0000|36.4100183600
10150000|36.4100183600|36.4491478800|36.3708888400|36.3806712200|36200|1347266.0000|36.3806712200
10200000|36.3806712200|36.4002359800|36.3415417000|36.3415417000|32600|1211976.0000|36.3415417000
10250000|36.3415417000|36.3904536000|36.3415417000|36.3611064600|33800|1256650.0000|36.3611064600
10300000|36.3611064600|36.3611064600|36.2926298000|36.2926298000|53800|1997258.0000|36.2926298000
10350000|36.3024121800|36.3024121800|36.1948060000|36.2045883800|49700|1841150.0000|36.2045883800
10400000|36.2045883800|36.3024121800|36.1458941000|36.1458941000|189000|6992696.0000|36.1458941000
10450000|36.1556764800|36.1752412400|36.0969822000|36.1067645800|54200|2001324.0000|36.1067645800
10500000|36.1067645800|36.1165469600|35.9991584000|36.0089407800|153200|5643280.0000|36.0089407800
10550000|36.0089407800|36.0871998200|35.9502465000|36.0382879200|198700|7311784.0000|36.0382879200
11000000|36.0382879200|36.1556764800|36.0285055400|36.0480703000|157000|5789168.0000|36.0480703000
11050000|36.0480703000|36.0578526800|35.8230755600|35.8230755600|145400|5341880.0000|35.8230755600
11100000|35.8230755600|35.9111169800|35.8230755600|35.8328579400|347300|12728112.0000|35.8328579400
11150000|35.8328579400|35.9600288800|35.8328579400|35.9502465000|111700|4095216.0000|35.9502465000
11200000|35.9306817400|35.9404641200|35.8328579400|35.8524227000|64300|2358320.0000|35.8524227000
11250000|35.8524227000|35.8524227000|35.7839460400|35.8035108000|108200|3961288.0000|35.8035108000
11300000|35.7839460400|35.9404641200|35.7839460400|35.9208993600|55800|2043312.0000|35.9208993600
13050000|35.9208993600|35.9502465000|35.8328579400|35.8426403200|127900|4693464.0000|35.8426403200
13100000|35.8426403200|35.9795936400|35.8035108000|35.8719874600|78800|2890808.0000|35.8719874600
13150000|35.8622050800|35.9600288800|35.8328579400|35.9600288800|69000|2533360.0000|35.9600288800
13200000|35.9600288800|35.9600288800|35.8524227000|35.8719874600|77300|2836384.0000|35.8719874600
13250000|35.8915522200|35.9013346000|35.8132931800|35.8426403200|53300|1953384.0000|35.8426403200
13300000|35.8426403200|35.8426403200|35.6763398600|35.7741636600|123800|4520944.0000|35.7741636600
13350000|35.7545989000|35.9013346000|35.7056870000|35.7056870000|84500|3088488.0000|35.7056870000
13400000|35.7350341400|35.7545989000|35.6763398600|35.6861222400|57800|2110096.0000|35.6861222400
13450000|35.6861222400|35.7545989000|35.6861222400|35.7350341400|65600|2396912.0000|35.7350341400
13500000|35.7350341400|35.8035108000|35.7350341400|35.7839460400|58000|2118232.0000|35.7839460400
13550000|35.8035108000|35.8524227000|35.7545989000|35.7839460400|47100|1722880.0000|35.7839460400
14000000|35.7937284200|35.9306817400|35.7741636600|35.9208993600|75100|2754928.0000|35.9208993600
14050000|35.9208993600|35.9600288800|35.7937284200|35.9600288800|65000|2384080.0000|35.9600288800
14100000|35.9893760200|36.0578526800|35.9600288800|35.9893760200|75500|2776632.0000|35.9893760200
14150000|35.9698112600|36.1165469600|35.9013346000|36.1165469600|92600|3411184.0000|36.1165469600
14200000|36.1165469600|36.1458941000|35.9502465000|35.9795936400|74200|2735184.0000|35.9795936400
14250000|35.9502465000|35.9502465000|35.7545989000|35.8132931800|135200|4954400.0000|35.8132931800
14300000|35.8132931800|35.9013346000|35.7643812800|35.8915522200|52600|1927424.0000|35.8915522200
14350000|35.9013346000|35.9795936400|35.8524227000|35.9111169800|76700|2815344.0000|35.9111169800
14400000|35.9111169800|35.9698112600|35.8817698400|35.9208993600|54500|2001344.0000|35.9208993600
14450000|35.9208993600|35.9208993600|35.8524227000|35.8915522200|87100|3194976.0000|35.8915522200
14500000|35.9013346000|35.9698112600|35.8426403200|35.9111169800|73700|2704064.0000|35.9111169800
14550000|35.9111169800|35.9795936400|35.8817698400|35.9013346000|96600|3546976.0000|35.9013346000
15000000|35.9013346000|35.9111169800|35.8622050800|35.8622050800|123000|4510992.0000|35.8622050800
