09350000|53.2063648200|53.2650591000|52.4237744200|53.0400643600|789700|42716832.0000|53.0400643600
09400000|53.0498467400|53.1085410200|52.7368105800|52.7955048600|285600|15438376.0000|52.7955048600
09450000|52.8052872400|53.0596291200|52.8052872400|53.0204996000|125300|6781696.0000|53.0204996000
09500000|53.0107172200|53.3041886200|53.0009348400|53.2161472000|226600|12317648.0000|53.2161472000
09550000|53.2063648200|53.2650591000|53.1085410200|53.1281057800|208400|11332512.0000|53.1281057800
10000000|53.1183234000|53.2161472000|52.9422405600|52.9520229400|144300|7826080.0000|52.9520229400
10050000|52.9422405600|53.0204996000|52.9324581800|52.9618053200|84200|4559872.0000|52.9618053200
10100000|52.9324581800|52.9618053200|52.7465929600|52.7857224800|204700|11055944.0000|52.7857224800
10150000|52.7857224800|52.7857224800|52.6487691600|52.6585515400|177800|9581864.0000|52.6585515400
10200000|52.6585515400|52.6878986800|52.6194220200|52.6585515400|147200|7922624.0000|52.6585515400
10250000|52.6585515400|52.6781163000|52.5313806000|52.5705101200|193900|10422424.0000|52.5705101200
10300000|52.5802925000|52.6194220200|52.5607277400|52.6096396400|88200|4741136.0000|52.6096396400
10350000|52.6292044000|52.6683339200|52.5802925000|52.5802925000|127100|6835216.0000|52.5802925000
10400000|52.5802925000|52.5802925000|52.4139920400|52.4237744200|309700|16612320.0000|52.4237744200
10450000|52.4139920400|52.4433391800|52.3063858600|52.3259506200|299400|16025440.0000|52.3259506200
10500000|52.3259506200|52.3748625200|52.2966034800|52.3161682400|185700|9933376.0000|52.3161682400
10550000|52.3357330000|52.3357330000|52.2379092000|52.2770387200|153600|8209440.0000|52.2770387200
11000000|52.2770387200|52.3063858600|52.2476915800|52.3063858600|140700|7518752.0000|52.3063858600
11050000|52.3161682400|52.4922510800|52.2966034800|52.3846449000|127600|6832480.0000|52.3846449000
11100000|52.4139920400|52.4922510800|52.3259506200|52.4922510800|96600|5173328.0000|52.4922510800
11150000|52.5020334600|52.6292044000|52.3357330000|52.4042096600|127500|6847680.0000|52.4042096600
11200000|52.3846449000|52.4629039400|52.3357330000|52.4042096600|48200|2581952.0000|52.4042096600
11250000|52.4042096600|52.5215982200|52.4042096600|52.4726863200|55000|2949696.0000|52.4726863200
11300000|52.4629039400|52.5313806000|52.4335568000|52.4726863200|44300|2376496.0000|52.4726863200
13050000|52.4726863200|52.4824687000|52.3357330000|52.4139920400|89100|4773632.0000|52.4139920400
13100000|52.3846449000|52.4237744200|52.2966034800|52.3259506200|111100|5945296.0000|52.3259506200
13150000|52.3259506200|52.3455153800|52.2574739600|52.3063858600|129400|6917040.0000|52.3063858600
13200000|52.3259506200|52.4042096600|52.3063858600|52.3552977600|94000|5029600.0000|52.3552977600
13250000|52.3552977600|52.3944272800|52.2868211000|52.2966034800|75700|4050752.0000|52.2966034800
13300000|52.2966034800|52.3748625200|52.2966034800|52.3748625200|53400|2856544.0000|52.3748625200
13350000|52.3846449000|52.6292044000|52.3650801400|52.6096396400|73600|3951744.0000|52.6096396400
13400000|52.5705101200|52.6292044000|52.4335568000|52.4629039400|73600|3953344.0000|52.4629039400
13450000|52.4922510800|52.7270282000|52.4629039400|52.6292044000|88300|4748384.0000|52.6292044000
13500000|52.6487691600|52.6487691600|52.5020334600|52.5313806000|89900|4829216.0000|52.5313806000
13550000|52.5313806000|52.5313806000|52.3748625200|52.3748625200|82900|4448064.0000|52.3748625200
14000000|52.4139920400|52.4139920400|52.3552977600|52.3552977600|52800|2827680.0000|52.3552977600
14050000|52.3748625200|52.4139920400|52.3357330000|52.4139920400|68500|3666208.0000|52.4139920400
14100000|52.3944272800|52.4629039400|52.3748625200|52.4042096600|52800|2828640.0000|52.4042096600
14150000|52.4237744200|52.4726863200|52.3944272800|52.4042096600|66000|3537440.0000|52.4042096600
14200000|52.4042096600|52.4042096600|52.3259506200|52.3846449000|96800|5180320.0000|52.3846449000
14250000|52.3944272800|52.4042096600|52.3455153800|52.3455153800|42400|2269344.0000|52.3455153800
14300000|52.3455153800|52.3650801400|52.3063858600|52.3063858600|104300|5580192.0000|52.3063858600
14350000|52.3161682400|52.3259506200|52.2770387200|52.2770387200|189600|10135744.0000|52.2770387200
14400000|52.2770387200|52.3063858600|52.2183444400|52.2379092000|185800|9924896.0000|52.2379092000
14450000|52.2183444400|52.2868211000|52.1889973000|52.1889973000|206900|11047968.0000|52.1889973000
14500000|52.1987796800|52.5802925000|52.1792149200|52.5705101200|561500|30112288.0000|52.5705101200
14550000|52.5705101200|52.6292044000|52.4335568000|52.5705101200|284000|15251104.0000|52.5705101200
15000000|52.5509453600|52.5705101200|52.3552977600|52.5313806000|176500|9474144.0000|52.5313806000
