093500|2.6300|2.6300|2.6100|2.6100|65700|172123.0000|2.6100
094000|2.6100|2.6200|2.6100|2.6200|178400|465640.0000|2.6200
094500|2.6200|2.6200|2.6100|2.6200|6400|16734.0000|2.6200
095000|2.6100|2.6200|2.6100|2.6200|16900|44212.0000|2.6200
095500|2.6200|2.6200|2.6100|2.6200|46400|121523.0000|2.6200
100000|2.6100|2.6200|2.6100|2.6100|309800|809156.0000|2.6100
100500|2.6200|2.6300|2.6100|2.6200|67400|176228.0000|2.6200
101000|2.6200|2.6300|2.6200|2.6300|37100|97203.0000|2.6300
101500|2.6200|2.6300|2.6200|2.6200|4100|10743.0000|2.6200
102000|2.6200|2.6200|2.6200|2.6200|40200|105324.0000|2.6200
102500|2.6300|2.6400|2.6300|2.6400|128300|337433.0000|2.6400
103000|2.6400|2.6400|2.6200|2.6200|120600|317171.0000|2.6200
103500|2.6200|2.6300|2.6200|2.6300|130700|343709.0000|2.6300
104000|2.6200|2.6300|2.6200|2.6200|169200|444781.0000|2.6200
104500|2.6200|2.6200|2.6200|2.6200|7300|19126.0000|2.6200
105000|2.6200|2.6200|2.6200|2.6200|53100|139122.0000|2.6200
105500|2.6200|2.6300|2.6200|2.6200|211800|555016.0000|2.6200
110000|2.6200|2.6200|2.6200|2.6200|4500|11790.0000|2.6200
110500|2.6200|2.6300|2.6200|2.6200|38500|101139.0000|2.6200
111000|2.6200|2.6200|2.6200|2.6200|4500|11790.0000|2.6200
111500|2.6200|2.6200|2.6200|2.6200|1400|3668.0000|2.6200
112000|2.6200|2.6200|2.6200|2.6200|1400|3668.0000|2.6200
112500|2.6200|2.6200|2.6200|2.6200|5800|15196.0000|2.6200
113000|2.6200|2.6200|2.6200|2.6200|3200|8384.0000|2.6200
130500|2.6200|2.6300|2.6100|2.6100|159300|416549.0000|2.6100
131000|2.6200|2.6200|2.6100|2.6100|6600|17231.0000|2.6100
131500|2.6100|2.6300|2.6100|2.6300|100|263.0000|2.6300
132000|2.6300|2.6300|2.6300|2.6300|8700|22881.0000|2.6300
132500|2.6200|2.6200|2.6200|2.6200|33800|88556.0000|2.6200
133000|2.6200|2.6200|2.6200|2.6200|304700|798314.0000|2.6200
133500|2.6200|2.6200|2.6200|2.6200|2300|6026.0000|2.6200
134000|2.6200|2.6200|2.6200|2.6200|0|0.0000|2.6200
134500|2.6200|2.6200|2.6100|2.6100|195800|511041.0000|2.6100
135000|2.6100|2.6200|2.6100|2.6200|5000|13100.0000|2.6200
135500|2.6200|2.6200|2.6100|2.6200|3000|7850.0000|2.6200
140000|2.6200|2.6200|2.6100|2.6200|36100|94561.0000|2.6200
140500|2.6200|2.6200|2.6200|2.6200|0|0.0000|2.6200
141000|2.6200|2.6200|2.6100|2.6100|3600|9396.0000|2.6100
141500|2.6100|2.6100|2.6100|2.6100|18900|49329.0000|2.6100
142000|2.6100|2.6200|2.6100|2.6200|103000|269857.0000|2.6200
142500|2.6200|2.6200|2.6200|2.6200|4600|12052.0000|2.6200
143000|2.6200|2.6200|2.6100|2.6100|10500|27487.0000|2.6100
143500|2.6100|2.6200|2.6100|2.6200|321500|842318.0000|2.6200
144000|2.6100|2.6200|2.6100|2.6100|314400|820706.0000|2.6100
144500|2.6100|2.6200|2.6100|2.6100|487900|1275397.0000|2.6100
145000|2.6100|2.6200|2.6100|2.6200|71000|186020.0000|2.6200
145500|2.6200|2.6300|2.6200|2.6200|147500|386968.0000|2.6200
150000|2.6100|2.6200|2.6100|2.6200|64600|169048.0000|2.6200
