093500|2.88|2.89|2.77|2.79|314053.0|88883801.0|2.68
094000|2.79|2.79|2.74|2.77|116126.0|32086366.0|2.79
094500|2.77|2.78|2.76|2.76|51521.0|14279248.0|2.77
095000|2.77|2.77|2.74|2.77|44716.0|12331019.0|2.76
095500|2.77|2.78|2.76|2.77|34347.0|9515448.0|2.77
100000|2.76|2.78|2.75|2.78|26623.0|7369027.0|2.77
100500|2.78|2.78|2.76|2.77|18487.0|5121678.0|2.78
101000|2.77|2.77|2.76|2.77|8281.0|2288151.0|2.77
101500|2.76|2.77|2.76|2.77|9050.0|2500781.0|2.77
102000|2.77|2.77|2.76|2.76|18080.0|5005485.0|2.77
102500|2.76|2.77|2.76|2.76|8912.0|2462607.0|2.76
103000|2.77|2.77|2.76|2.77|8837.0|2442633.0|2.76
103500|2.77|2.77|2.76|2.77|8855.0|2449592.0|2.77
104000|2.76|2.77|2.75|2.76|20196.0|5572063.0|2.77
104500|2.75|2.76|2.74|2.75|33226.0|9127284.0|2.76
105000|2.74|2.75|2.74|2.74|6732.0|1847959.0|2.75
105500|2.75|2.76|2.74|2.76|26885.0|7393130.0|2.74
110000|2.76|2.76|2.75|2.75|4639.0|1278036.0|2.76
110500|2.75|2.76|2.74|2.74|8599.0|2364317.0|2.75
111000|2.75|2.75|2.74|2.74|9914.0|2718669.0|2.74
111500|2.75|2.75|2.74|2.74|12347.0|3387061.0|2.74
112000|2.75|2.76|2.74|2.75|13406.0|3687613.0|2.74
112500|2.75|2.76|2.75|2.76|4597.0|1266290.0|2.75
113000|2.76|2.78|2.75|2.78|38519.0|10655564.0|2.76
130500|2.78|2.78|2.76|2.77|15860.0|4394358.0|2.78
131000|2.77|2.77|2.76|2.77|4172.0|1153886.0|2.77
131500|2.77|2.77|2.76|2.77|5129.0|1417864.0|2.77
132000|2.76|2.77|2.76|2.77|4296.0|1187887.0|2.77
132500|2.77|2.78|2.76|2.78|14797.0|4098519.0|2.77
133000|2.78|2.78|2.77|2.77|4571.0|1267570.0|2.78
133500|2.78|2.78|2.77|2.78|3149.0|874336.0|2.77
134000|2.78|2.78|2.77|2.78|6985.0|1936286.0|2.78
134500|2.78|2.78|2.77|2.77|5207.0|1444615.0|2.78
135000|2.77|2.78|2.77|2.78|6252.0|1732782.0|2.77
135500|2.77|2.78|2.76|2.76|11133.0|3081442.0|2.78
140000|2.76|2.77|2.76|2.76|5061.0|1398825.0|2.76
140500|2.77|2.77|2.76|2.77|15443.0|4275779.0|2.76
141000|2.77|2.77|2.76|2.77|6878.0|1904262.0|2.77
141500|2.77|2.77|2.76|2.76|8850.0|2444611.0|2.77
142000|2.76|2.78|2.76|2.76|17328.0|4794499.0|2.76
142500|2.76|2.77|2.76|2.76|4159.0|1150852.0|2.76
143000|2.77|2.77|2.76|2.77|6752.0|1867080.0|2.76
143500|2.77|2.77|2.76|2.77|8338.0|2308534.0|2.77
144000|2.77|2.77|2.76|2.77|7478.0|2068142.0|2.77
144500|2.77|2.78|2.77|2.78|24701.0|6846449.0|2.77
145000|2.78|2.78|2.77|2.77|18114.0|5020699.0|2.78
145500|2.77|2.78|2.76|2.77|24965.0|6916690.0|2.77
150000|2.77|2.77|2.76|2.77|19236.0|5325415.0|2.77
