09350000|59.5100000000|59.9900000000|59.0500000000|59.2700000000|934700|55693692.0000|59.2700000000
09400000|59.2900000000|59.3000000000|59.0200000000|59.0200000000|295400|17478978.0000|59.0200000000
09450000|59.0100000000|59.3300000000|59.0100000000|59.3100000000|161600|9567144.0000|59.3100000000
09500000|59.3100000000|59.3400000000|59.1000000000|59.3400000000|123200|7292258.0000|59.3400000000
09550000|59.3400000000|59.3600000000|59.0900000000|59.2200000000|114600|6788060.0000|59.2200000000
10000000|59.2200000000|59.3600000000|59.2000000000|59.2900000000|128000|7589773.0000|59.2900000000
10050000|59.3000000000|59.4500000000|59.0600000000|59.1500000000|159900|9476296.0000|59.1500000000
10100000|59.1400000000|59.3900000000|59.1400000000|59.2200000000|85600|5075093.0000|59.2200000000
10150000|59.2500000000|59.2900000000|59.1200000000|59.1700000000|59987|3550840.0000|59.1700000000
10200000|59.1700000000|59.2500000000|59.0200000000|59.0200000000|98013|5796083.0000|59.0200000000
10250000|59.0200000000|59.1400000000|59.0100000000|59.0300000000|71800|4239533.0000|59.0300000000
10300000|59.0300000000|59.0400000000|58.8700000000|58.8900000000|108900|6420386.0000|58.8900000000
10350000|58.9000000000|59.0300000000|58.8900000000|58.9300000000|52000|3066460.0000|58.9300000000
10400000|58.9200000000|59.0500000000|58.8900000000|59.0200000000|55600|3279993.0000|59.0200000000
10450000|59.0200000000|59.0300000000|58.9000000000|58.9100000000|53000|3124716.0000|58.9100000000
10500000|58.9100000000|58.9500000000|58.8600000000|58.8700000000|59000|3475104.0000|58.8700000000
10550000|58.8700000000|58.9300000000|58.8400000000|58.8900000000|65700|3868564.0000|58.8900000000
11000000|58.8900000000|59.0000000000|58.8600000000|58.9700000000|30800|1814957.0000|58.9700000000
11050000|58.9700000000|59.0000000000|58.9100000000|58.9800000000|25700|1515555.0000|58.9800000000
11100000|58.9800000000|59.1500000000|58.9400000000|59.0500000000|57400|3390194.0000|59.0500000000
11150000|59.0500000000|59.1000000000|58.9000000000|58.9300000000|50900|3002662.0000|58.9300000000
11200000|58.9300000000|59.1000000000|58.9300000000|58.9800000000|37100|2189753.0000|58.9800000000
11250000|58.9800000000|59.0000000000|58.9200000000|58.9500000000|25000|1473593.0000|58.9500000000
11300000|58.9500000000|58.9900000000|58.9200000000|58.9900000000|37400|2204778.0000|58.9900000000
13050000|58.9600000000|58.9900000000|58.7100000000|58.7100000000|106500|6270590.0000|58.7100000000
13100000|58.7400000000|58.8000000000|58.6300000000|58.6500000000|68000|3992441.0000|58.6500000000
13150000|58.6400000000|58.7600000000|58.6300000000|58.7400000000|51500|3022781.0000|58.7400000000
13200000|58.7400000000|58.9100000000|58.7000000000|58.9000000000|41700|2450383.0000|58.9000000000
13250000|58.9100000000|58.9100000000|58.7800000000|58.8400000000|39100|2300678.0000|58.8400000000
13300000|58.8100000000|58.8600000000|58.7900000000|58.8500000000|29900|1758633.0000|58.8500000000
13350000|58.8500000000|58.8900000000|58.8200000000|58.8600000000|25500|1500903.0000|58.8600000000
13400000|58.8600000000|58.9000000000|58.7900000000|58.8100000000|66800|3930744.0000|58.8100000000
13450000|58.8100000000|58.8900000000|58.8000000000|58.8300000000|39900|2348035.0000|58.8300000000
13500000|58.8300000000|58.9200000000|58.8300000000|58.9200000000|44500|2620169.0000|58.9200000000
13550000|58.9200000000|58.9500000000|58.9200000000|58.9400000000|18900|1113920.0000|58.9400000000
14000000|58.9400000000|59.0000000000|58.9400000000|58.9900000000|30700|1810633.0000|58.9900000000
14050000|58.9900000000|59.0000000000|58.9000000000|58.9200000000|51300|3023716.0000|58.9200000000
14100000|58.9200000000|59.0000000000|58.9200000000|58.9800000000|28100|1656738.0000|58.9800000000
14150000|58.9800000000|59.1500000000|58.9800000000|59.1400000000|79300|4684597.0000|59.1400000000
14200000|59.1400000000|59.1500000000|59.0600000000|59.1200000000|42300|2500085.0000|59.1200000000
14250000|59.1100000000|59.1800000000|59.1100000000|59.1800000000|71800|4246779.0000|59.1800000000
14300000|59.1700000000|59.1700000000|59.0500000000|59.0800000000|52700|3114840.0000|59.0800000000
14350000|59.0800000000|59.1800000000|59.0800000000|59.1400000000|74000|4376180.0000|59.1400000000
14400000|59.1400000000|59.1700000000|59.1300000000|59.1600000000|52100|3081676.0000|59.1600000000
14450000|59.1500000000|59.4300000000|59.1200000000|59.4300000000|195400|11585510.0000|59.4300000000
14500000|59.3900000000|59.4100000000|59.3100000000|59.3500000000|98500|5848241.0000|59.3500000000
14550000|59.3500000000|59.3500000000|59.2700000000|59.2800000000|127400|7557170.0000|59.2800000000
15000000|59.2700000000|59.3100000000|59.2700000000|59.3000000000|155400|9214264.0000|59.3000000000
