093500|92.9400|93.2000|92.1800|92.2300|109926|10193680.0000|92.2300
094000|92.2500|92.3300|91.8000|91.9200|82900|7627774.0000|91.9200
094500|91.9100|91.9100|91.2500|91.2500|63000|5771647.0000|91.2500
095000|91.2500|91.4900|90.9800|90.9900|57300|5223970.0000|90.9900
095500|91.0700|91.4100|91.0200|91.1300|51155|4664057.0000|91.1300
100000|91.2300|92.4500|91.0900|92.2100|65800|6043772.0000|92.2100
100500|92.2100|92.2100|91.5800|91.6200|56800|5213246.0000|91.6200
101000|91.7300|92.1600|91.6200|91.9400|27400|2518916.0000|91.9400
101500|91.9400|92.2400|91.6300|91.7400|48100|4419344.0000|91.7400
102000|91.7400|92.1600|91.7300|91.9400|25397|2335782.0000|91.9400
102500|91.9400|91.9600|91.3900|91.5400|26703|2447634.0000|91.5400
103000|91.5400|92.2000|91.4600|91.9700|25900|2378822.0000|91.9700
103500|92.0300|92.0300|91.6900|91.8800|19700|1809335.0000|91.8800
104000|91.9100|92.1600|91.8500|92.0600|31800|2925230.0000|92.0600
104500|92.0600|92.2000|91.8900|91.9100|37700|3471901.0000|91.9100
105000|91.9100|92.0000|91.5800|91.5800|17500|1605426.0000|91.5800
105500|91.5800|91.5800|91.2000|91.3400|21400|1956477.0000|91.3400
110000|91.2900|91.5800|91.2100|91.3500|41900|3827830.0000|91.3500
110500|91.2600|91.3500|91.0900|91.0900|23300|2124275.0000|91.0900
111000|91.0900|91.1500|90.9800|91.0600|37200|3386669.0000|91.0600
111500|91.0600|91.0900|90.9000|91.0000|25000|2274765.0000|91.0000
112000|91.0000|91.1400|90.9300|91.0200|27400|2493527.0000|91.0200
112500|91.0200|91.0600|90.9400|91.0000|29700|2702988.0000|91.0000
113000|91.0100|91.3200|90.9400|91.1800|39132|3564125.0000|91.1800
130500|91.2800|91.4000|90.9300|91.0100|36418|3317289.0000|91.0100
131000|90.9800|91.3800|90.9700|91.3000|29500|2687717.0000|91.3000
131500|91.4200|91.5400|91.2600|91.5000|30900|2824225.0000|91.5000
132000|91.4800|91.4800|91.2700|91.3000|31200|2850731.0000|91.3000
132500|91.2600|91.4700|90.9400|91.0000|24300|2215671.0000|91.0000
133000|90.9400|91.1900|90.9400|91.0900|12800|1165572.0000|91.0900
133500|91.0900|91.2400|90.9700|91.0100|24000|2185320.0000|91.0100
134000|91.1400|91.4400|91.1400|91.2800|18200|1661141.0000|91.2800
134500|91.2800|91.2800|91.1600|91.2500|23100|2107270.0000|91.2500
135000|91.2300|91.3000|91.1000|91.2400|23000|2097223.0000|91.2400
135500|91.2400|91.4300|91.1500|91.4300|13800|1259487.0000|91.4300
140000|91.3800|91.4500|91.2900|91.4500|16097|1471016.0000|91.4500
140500|91.4800|91.7300|91.4500|91.6500|25700|2352258.0000|91.6500
141000|91.5800|91.6800|91.5600|91.6200|12900|1181536.0000|91.6200
141500|91.6000|91.7600|91.5200|91.6000|33715|3088464.0000|91.6000
142000|91.6500|91.6500|91.5300|91.5500|17700|1620576.0000|91.5500
142500|91.5500|91.5900|91.5000|91.5100|18900|1729811.0000|91.5100
143000|91.5100|91.6100|91.4600|91.5800|25900|2369734.0000|91.5800
143500|91.6000|91.6000|91.4000|91.4800|30800|2817172.0000|91.4800
144000|91.4800|91.5100|91.3800|91.4000|27100|2478222.0000|91.4000
144500|91.4000|91.4500|91.2800|91.4500|36900|3371618.0000|91.4500
145000|91.4300|91.7400|91.4300|91.7400|50408|4615738.0000|91.7400
145500|91.7300|91.7500|91.5000|91.7500|54400|4987774.0000|91.7500
150000|91.7500|91.7900|91.5900|91.7900|33800|3100318.0000|91.7900
