093500|60.3600|60.3600|59.5300|59.8100|109700|6576066.0000|59.8100
094000|59.8600|59.8700|59.3000|59.3000|73800|4401999.0000|59.3000
094500|59.4200|59.4700|59.3400|59.3500|45900|2726222.0000|59.3500
095000|59.3500|59.4000|59.1300|59.3300|56200|3329800.0000|59.3300
095500|59.3300|59.4900|59.2800|59.3800|61000|3624626.0000|59.3800
100000|59.4500|59.5000|59.3600|59.4000|15200|903302.0000|59.4000
100500|59.4000|59.6200|59.3600|59.6000|113800|6770092.0000|59.6000
101000|59.6000|59.8000|59.5100|59.5100|46200|2755988.0000|59.5100
101500|59.5400|59.5800|59.3200|59.5000|36600|2175152.0000|59.5000
102000|59.5000|59.7500|59.5000|59.5500|38800|2315136.0000|59.5500
102500|59.6200|59.7100|59.5500|59.6000|32500|1938160.0000|59.6000
103000|59.5900|59.7600|59.5800|59.6600|41600|2482616.0000|59.6600
103500|59.6600|59.7800|59.5100|59.5100|48900|2916388.0000|59.5100
104000|59.5200|59.5600|59.4200|59.4500|18300|1088552.0000|59.4500
104500|59.4500|59.4800|59.3800|59.3800|15800|939224.0000|59.3800
105000|59.3800|59.6100|59.3800|59.5900|24900|1478504.0000|59.5900
105500|59.5900|59.6100|59.4000|59.4300|14000|833216.0000|59.4300
110000|59.4300|59.6500|59.3800|59.6500|13600|808712.0000|59.6500
110500|59.5400|59.7000|59.5400|59.7000|14300|852780.0000|59.7000
111000|59.7100|59.7400|59.4300|59.4500|15700|935092.0000|59.4500
111500|59.4400|59.4500|59.3000|59.3000|18900|1122452.0000|59.3000
112000|59.3200|59.3600|59.2500|59.2600|21200|1257004.0000|59.2600
112500|59.2600|59.3800|59.2500|59.2600|23100|1369648.0000|59.2600
113000|59.2600|59.2800|59.1800|59.2800|20300|1204552.0000|59.2800
130500|59.2800|59.2900|59.0500|59.2100|46200|2735592.0000|59.2100
131000|59.2100|59.2900|59.1900|59.2100|14100|835412.0000|59.2100
131500|59.2200|59.2200|59.1200|59.1500|16500|976212.0000|59.1500
132000|59.1500|59.2500|59.1400|59.2000|22800|1346184.0000|59.2000
132500|59.2200|59.2400|59.1300|59.1300|18400|1089256.0000|59.1300
133000|59.1300|59.1400|59.1100|59.1200|18700|1105764.0000|59.1200
133500|59.1200|59.2300|59.1200|59.1500|14900|881516.0000|59.1500
134000|59.1500|59.1600|59.1200|59.1200|18600|1100000.0000|59.1200
134500|59.1200|59.1500|59.0700|59.0700|11300|667908.0000|59.0700
135000|59.0700|59.0700|58.8700|58.8800|88400|5213992.0000|58.8800
135500|58.8800|58.9300|58.8800|58.9100|25300|1490464.0000|58.9100
140000|58.9100|58.9400|58.9100|58.9300|25700|1514480.0000|58.9300
140500|58.9800|59.0900|58.9800|59.0700|23900|1414248.0000|59.0700
141000|59.0700|59.2000|59.0400|59.1200|28000|1655112.0000|59.1200
141500|59.1200|59.1300|58.9300|58.9300|24200|1428400.0000|58.9300
142000|58.9300|58.9500|58.8000|58.8100|41000|2413944.0000|58.8100
142500|58.8000|58.8500|58.7000|58.7200|43000|2526624.0000|58.7200
143000|58.7200|58.7900|58.7200|58.7500|37000|2173552.0000|58.7500
143500|58.7500|59.0000|58.7500|58.9000|126600|7450392.0000|58.9000
144000|58.9300|58.9300|58.8400|58.8400|20200|1189840.0000|58.8400
144500|58.8400|58.8600|58.8000|58.8300|24800|1458976.0000|58.8300
145000|58.8300|58.8400|58.7800|58.8000|41000|2411136.0000|58.8000
145500|58.8000|58.8500|58.7900|58.8000|65300|3840512.0000|58.8000
150000|58.8000|58.8000|58.7400|58.7800|38600|2266984.0000|58.7800
