093500|7.9300|7.9700|7.9100|7.9300|967500|7680732.0000|7.9300
094000|7.9200|7.9700|7.9200|7.9500|644900|5126913.0000|7.9500
094500|7.9500|8.0200|7.9400|8.0000|1072200|8562160.0000|8.0000
095000|8.0000|8.0100|7.9600|7.9900|755200|6034168.0000|7.9900
095500|7.9700|7.9800|7.9500|7.9600|388900|3097412.0000|7.9600
100000|7.9600|7.9800|7.9500|7.9700|413600|3292832.0000|7.9700
100500|7.9700|7.9800|7.9400|7.9700|386100|3073724.0000|7.9700
101000|7.9800|8.0000|7.9600|7.9700|459700|3669204.0000|7.9700
101500|7.9600|7.9700|7.9200|7.9300|609300|4838604.0000|7.9300
102000|7.9200|7.9300|7.8800|7.9000|713900|5644252.0000|7.9000
102500|7.9000|7.9200|7.8900|7.9100|264700|2092776.0000|7.9100
103000|7.9100|7.9300|7.8900|7.9100|449100|3551176.0000|7.9100
103500|7.9200|7.9200|7.9000|7.9100|197800|1564264.0000|7.9100
104000|7.9100|7.9200|7.8600|7.8700|512900|4046052.0000|7.8700
104500|7.8600|7.8800|7.8500|7.8700|311000|2445388.0000|7.8700
105000|7.8800|7.9000|7.8800|7.8900|95000|749644.0000|7.8900
105500|7.8800|7.9100|7.8800|7.8900|344100|2717404.0000|7.8900
110000|7.9000|7.9000|7.8800|7.9000|131400|1037120.0000|7.9000
110500|7.9000|7.9000|7.8700|7.8700|196400|1548584.0000|7.8700
111000|7.8700|7.9100|7.8700|7.9000|252400|1990336.0000|7.9000
111500|7.9000|7.9100|7.8700|7.8700|192800|1520520.0000|7.8700
112000|7.8800|7.8800|7.8700|7.8700|145100|1142360.0000|7.8700
112500|7.8800|7.8800|7.8600|7.8600|219000|1723288.0000|7.8600
113000|7.8600|7.8800|7.8600|7.8800|135100|1063472.0000|7.8800
130500|7.8800|7.9100|7.8800|7.8800|259400|2046096.0000|7.8800
131000|7.8800|7.9300|7.8700|7.9100|316600|2504016.0000|7.9100
131500|7.9100|7.9300|7.9000|7.9200|84300|667128.0000|7.9200
132000|7.9200|7.9200|7.9000|7.9100|130800|1035600.0000|7.9100
132500|7.9100|7.9300|7.9000|7.9000|540900|4282608.0000|7.9000
133000|7.9000|7.9100|7.8900|7.8900|97900|773056.0000|7.8900
133500|7.8800|7.8900|7.8800|7.8800|100400|791544.0000|7.8800
134000|7.8800|7.9000|7.8800|7.8800|118700|936256.0000|7.8800
134500|7.8900|7.8900|7.8600|7.8600|362300|2852912.0000|7.8600
135000|7.8700|7.8800|7.8600|7.8600|175900|1383840.0000|7.8600
135500|7.8600|7.8700|7.8500|7.8700|369800|2907320.0000|7.8700
140000|7.8600|7.8700|7.8600|7.8600|135600|1066680.0000|7.8600
140500|7.8700|7.8800|7.8500|7.8600|258300|2029392.0000|7.8600
141000|7.8600|7.8700|7.8500|7.8600|166000|1303976.0000|7.8600
141500|7.8600|7.8600|7.8300|7.8300|681800|5348272.0000|7.8300
142000|7.8400|7.8500|7.8200|7.8300|640900|5022264.0000|7.8300
142500|7.8300|7.8400|7.8000|7.8100|839500|6564496.0000|7.8100
143000|7.8100|7.8100|7.7900|7.8100|705000|5500280.0000|7.8100
143500|7.8100|7.8300|7.8000|7.8000|739600|5775712.0000|7.8000
144000|7.8000|7.8000|7.7900|7.7900|457900|3568944.0000|7.7900
144500|7.8000|7.8200|7.7900|7.8000|339600|2650256.0000|7.8000
145000|7.8000|7.8100|7.7800|7.7800|539400|4201536.0000|7.7800
145500|7.7800|7.7900|7.7700|7.7700|561100|4364480.0000|7.7700
150000|7.7700|7.7900|7.7700|7.7700|420400|3269072.0000|7.7700
