093500|36.7300|36.9500|36.5300|36.6100|210000|7703884.0000|36.6100
094000|36.6100|36.8900|36.5500|36.8800|159605|5862626.0000|36.8800
094500|36.8800|37.1000|36.8800|36.9600|266200|9854241.0000|36.9600
095000|36.9500|37.0000|36.8200|36.8700|166300|6137640.0000|36.8700
095500|36.8700|36.8700|36.6500|36.7500|192700|7084520.0000|36.7500
100000|36.8100|36.9600|36.7700|36.9200|106000|3911984.0000|36.9200
100500|36.9100|36.9500|36.8100|36.8100|75600|2789608.0000|36.8100
101000|36.8500|36.8500|36.7000|36.7000|111700|4108317.0000|36.7000
101500|36.7100|36.7800|36.6600|36.6900|111700|4099834.0000|36.6900
102000|36.6800|36.7200|36.5500|36.5800|194200|7111642.0000|36.5800
102500|36.5600|36.6500|36.5300|36.6000|90000|3291755.0000|36.6000
103000|36.6100|36.7200|36.6100|36.6100|125478|4601116.0000|36.6100
103500|36.6100|36.6600|36.5400|36.6600|94722|3465292.0000|36.6600
104000|36.6600|36.6800|36.5800|36.6100|57250|2095947.0000|36.6100
104500|36.6100|36.7000|36.6100|36.7000|52100|1910388.0000|36.7000
105000|36.7000|36.7200|36.6200|36.6300|54700|2005799.0000|36.6300
105500|36.6300|36.6500|36.5500|36.5700|73100|2674844.0000|36.5700
110000|36.5700|36.6300|36.5500|36.6200|75000|2743048.0000|36.6200
110500|36.5800|36.7000|36.5800|36.6700|91100|3336919.0000|36.6700
111000|36.6700|36.6700|36.5400|36.5400|130500|4775281.0000|36.5400
111500|36.5500|36.6000|36.5000|36.5500|106100|3874285.0000|36.5500
112000|36.5900|36.5900|36.3500|36.3500|169800|6196675.0000|36.3500
112500|36.3500|36.4300|36.3300|36.4100|116300|4231089.0000|36.4100
113000|36.4100|36.5700|36.4000|36.5700|67700|2466161.0000|36.5700
130500|36.4400|36.5600|36.4400|36.5200|73600|2684680.0000|36.5200
131000|36.5200|36.5700|36.4300|36.4900|77100|2810710.0000|36.4900
131500|36.4900|36.5900|36.4500|36.5900|41700|1523218.0000|36.5900
132000|36.5500|36.6000|36.5000|36.5300|45500|1662986.0000|36.5300
132500|36.5300|36.6000|36.4900|36.5100|35900|1312130.0000|36.5100
133000|36.4800|36.5600|36.4800|36.4900|45700|1669135.0000|36.4900
133500|36.4900|36.6200|36.4900|36.6200|63300|2314463.0000|36.6200
134000|36.6200|36.6300|36.4800|36.4900|47600|1739424.0000|36.4900
134500|36.4900|36.6200|36.4800|36.4900|76600|2799809.0000|36.4900
135000|36.4800|36.6300|36.4800|36.6300|38202|1396479.0000|36.6300
135500|36.6300|36.6800|36.5500|36.6800|52674|1929726.0000|36.6800
140000|36.6700|36.6700|36.5800|36.6600|48800|1787140.0000|36.6600
140500|36.5800|36.6500|36.5500|36.6500|46200|1691568.0000|36.6500
141000|36.6500|36.7000|36.6200|36.6400|59600|2184652.0000|36.6400
141500|36.6400|36.6800|36.6200|36.6500|67100|2458787.0000|36.6500
142000|36.6500|36.6900|36.6200|36.6300|73700|2701505.0000|36.6300
142500|36.6300|36.6800|36.6300|36.6800|35300|1294120.0000|36.6800
143000|36.6800|36.7100|36.4900|36.4900|88400|3235326.0000|36.4900
143500|36.4900|36.5500|36.4600|36.5400|158500|5783233.0000|36.5400
144000|36.5300|36.5800|36.5000|36.5800|103500|3782794.0000|36.5800
144500|36.5800|36.6200|36.5600|36.6000|85700|3135471.0000|36.6000
145000|36.6200|36.7200|36.6000|36.6400|164400|6027863.0000|36.6400
145500|36.6400|36.7000|36.6300|36.6700|84300|3090665.0000|36.6700
150000|36.6300|36.6800|36.6200|36.6800|50700|1858832.0000|36.6800
