093500|44.0200|44.6400|44.0200|44.3900|4497420|199206629.0000|44.3900
094000|44.3900|44.4900|44.1100|44.1600|2394728|106071995.0000|44.1600
094500|44.1500|44.1500|43.5500|43.8400|4303419|188479744.0000|43.8400
095000|43.8400|44.4400|43.7200|44.2000|2594687|114413024.0000|44.2000
095500|44.2000|44.8000|44.2000|44.6300|2520826|112431616.0000|44.6300
100000|44.6400|44.7200|44.4800|44.6000|1753300|78196096.0000|44.6000
100500|44.5200|44.6400|44.4700|44.5000|1260400|56170592.0000|44.5000
101000|44.5000|44.5000|43.9900|44.0000|1771700|78288640.0000|44.0000
101500|43.9900|44.2200|43.9600|44.2000|1344271|59239888.0000|44.2000
102000|44.1700|44.2000|43.9600|43.9700|1211029|53335312.0000|43.9700
102500|43.9700|43.9700|43.8200|43.9500|1497126|65683952.0000|43.9500
103000|43.9500|44.0900|43.9100|43.9300|816990|35956128.0000|43.9300
103500|43.9400|44.2900|43.9100|44.2800|1188090|52423344.0000|44.2800
104000|44.2900|44.5000|44.2400|44.2500|1056200|46876560.0000|44.2500
104500|44.2600|44.3000|44.1400|44.2400|663400|29349904.0000|44.2400
105000|44.2200|44.3900|44.1800|44.3900|581500|25717136.0000|44.3900
105500|44.3900|44.4200|44.2000|44.2000|627400|27812784.0000|44.2000
110000|44.2100|44.2100|43.9500|43.9700|988455|43526192.0000|43.9700
110500|43.9700|44.1200|43.9000|44.0000|1007030|44290480.0000|44.0000
111000|44.0000|44.1900|43.9800|44.1400|690450|30432016.0000|44.1400
111500|44.1600|44.4900|44.1600|44.4400|1141597|50686112.0000|44.4400
112000|44.4400|44.4400|44.2300|44.2400|778100|34505504.0000|44.2400
112500|44.2000|44.2300|44.1300|44.1700|451300|19931968.0000|44.1700
113000|44.1700|44.2500|44.1400|44.2100|456995|20191120.0000|44.2100
130500|44.2400|44.2700|44.1200|44.1800|784800|34678512.0000|44.1800
131000|44.1800|44.3700|44.1300|44.3000|580900|25710784.0000|44.3000
131500|44.3100|44.3100|44.0100|44.0100|632100|27889024.0000|44.0100
132000|44.0000|44.0100|43.9700|43.9900|781795|34394752.0000|43.9900
132500|44.0000|44.0300|43.8600|43.8700|862626|37915264.0000|43.8700
133000|43.8600|43.9600|43.8600|43.8800|798748|35059360.0000|43.8800
133500|43.8800|44.0200|43.8600|43.9800|679793|29864272.0000|43.9800
134000|43.9800|43.9900|43.8400|43.8400|629129|27624336.0000|43.8400
134500|43.8400|43.8400|43.6500|43.6700|1846066|80719632.0000|43.6700
135000|43.6700|43.6700|43.4300|43.4400|2700196|117529520.0000|43.4400
135500|43.4400|43.4800|43.3400|43.4300|1742299|75633696.0000|43.4300
140000|43.4200|43.4900|43.3700|43.4300|1166200|50636416.0000|43.4300
140500|43.4300|43.6500|43.4200|43.5800|940200|40923392.0000|43.5800
141000|43.5800|43.5800|43.3900|43.4400|973800|42323744.0000|43.4400
141500|43.4400|43.4500|43.3500|43.4200|1223100|53082272.0000|43.4200
142000|43.4200|43.5800|43.4200|43.4700|1210700|52662000.0000|43.4700
142500|43.4700|43.5500|43.3900|43.5400|2274600|98825152.0000|43.5400
143000|43.5400|43.6800|43.5100|43.5500|1132000|49328656.0000|43.5500
143500|43.5500|43.5500|43.4300|43.4700|1210500|52638304.0000|43.4700
144000|43.4700|43.4700|43.3600|43.3700|1682900|73028672.0000|43.3700
144500|43.3600|43.4300|43.2400|43.2400|2353000|102006896.0000|43.2400
145000|43.2500|43.2800|43.2200|43.2600|2567221|111034144.0000|43.2600
145500|43.2500|43.4400|43.2500|43.4000|1704084|73885552.0000|43.4000
150000|43.4000|43.5000|43.3700|43.5000|1647100|71571952.0000|43.5000
