093500|22.9700|23.0900|22.7800|22.8500|3134800|71881368.0000|22.8500
094000|22.8500|22.8800|22.7700|22.7900|2261700|51599560.0000|22.7900
094500|22.7800|22.9900|22.7800|22.9300|884500|20264152.0000|22.9300
095000|22.9300|23.1000|22.8500|23.0900|1416300|32507056.0000|23.0900
095500|23.0900|23.0900|22.9300|22.9900|1252300|28820352.0000|22.9900
100000|22.9500|22.9800|22.9200|22.9500|801700|18388512.0000|22.9500
100500|22.9500|23.0000|22.9000|22.9000|916400|21020656.0000|22.9000
101000|22.9000|22.9000|22.8100|22.8300|920400|21033760.0000|22.8300
101500|22.8300|22.8900|22.8300|22.8700|863500|19736160.0000|22.8700
102000|22.8700|22.9600|22.8700|22.9400|351900|8062688.0000|22.9400
102500|22.9500|22.9800|22.9200|22.9800|552200|12673120.0000|22.9800
103000|22.9700|22.9900|22.9400|22.9900|398600|9151520.0000|22.9900
103500|22.9900|23.0100|22.9100|22.9100|390300|8969344.0000|22.9100
104000|22.9100|22.9200|22.8700|22.8700|446800|10231168.0000|22.8700
104500|22.8700|22.9700|22.8600|22.9400|394300|9032288.0000|22.9400
105000|22.9500|22.9800|22.9400|22.9700|271500|6234464.0000|22.9700
105500|22.9700|23.1500|22.9500|23.1400|1332100|30739072.0000|23.1400
110000|23.1300|23.1300|23.0300|23.0500|813200|18776320.0000|23.0500
110500|23.0500|23.0700|22.9900|23.0200|406400|9359040.0000|23.0200
111000|23.0100|23.0500|22.9900|22.9900|391200|9003968.0000|22.9900
111500|22.9900|23.0100|22.9500|22.9800|229500|5273376.0000|22.9800
112000|22.9700|22.9700|22.9300|22.9300|237300|5445952.0000|22.9300
112500|22.9300|22.9400|22.8900|22.8900|400100|9164224.0000|22.8900
113000|22.8800|22.9000|22.8600|22.8700|420500|9619456.0000|22.8700
130500|22.8800|22.8800|22.8300|22.8300|644300|14726976.0000|22.8300
131000|22.8300|22.9200|22.8300|22.9000|452300|10347872.0000|22.9000
131500|22.9000|22.9100|22.8700|22.9100|239300|5477568.0000|22.9100
132000|22.9000|22.9400|22.8600|22.8900|380800|8723488.0000|22.8900
132500|22.8600|22.9400|22.8600|22.9400|181100|4146016.0000|22.9400
133000|22.9300|23.0300|22.9100|23.0200|509300|11701952.0000|23.0200
133500|23.0200|23.3000|23.0200|23.1400|2620900|60778268.0000|23.1400
134000|23.1400|23.2300|23.0900|23.1100|979800|22678204.0000|23.1100
134500|23.1100|23.1100|23.0600|23.0600|358300|8267396.0000|23.0600
135000|23.0600|23.0600|23.0000|23.0200|517200|11908485.0000|23.0200
135500|23.0200|23.0600|23.0100|23.0300|604500|13924158.0000|23.0300
140000|23.0200|23.0400|23.0100|23.0200|269900|6214521.0000|23.0200
140500|23.0200|23.0400|23.0000|23.0200|452700|10421696.0000|23.0200
141000|23.0200|23.0500|23.0100|23.0100|292500|6733698.0000|23.0100
141500|23.0100|23.0400|23.0000|23.0200|382600|8807232.0000|23.0200
142000|23.0100|23.0200|22.9500|23.0000|913100|20993672.0000|23.0000
142500|23.0000|23.0100|22.9700|23.0100|366600|8429302.0000|23.0100
143000|23.0100|23.0300|22.9700|23.0200|330600|7604356.0000|23.0200
143500|23.0200|23.0400|23.0000|23.0200|477900|11001218.0000|23.0200
144000|23.0200|23.0600|23.0100|23.0500|485000|11175491.0000|23.0500
144500|23.0500|23.0700|23.0300|23.0600|734000|16922879.0000|23.0600
145000|23.0600|23.1000|23.0500|23.1000|818300|18890552.0000|23.1000
145500|23.1000|23.1000|23.0500|23.0900|880400|20321612.0000|23.0900
150000|23.0900|23.1100|23.0800|23.0800|1416400|32700596.0000|23.0800
