093500|22.6000|23.1000|22.5100|22.9700|21683900|495091936.0000|22.9700
094000|23.0100|23.1400|22.8600|23.0800|10573900|243552290.0000|23.0800
094500|23.0700|23.2300|22.9300|23.2300|8749400|202296958.0000|23.2300
095000|23.2800|23.4100|23.2100|23.2100|7031400|164001408.0000|23.2100
095500|23.2100|23.3000|23.1700|23.1700|3593200|83480192.0000|23.1700
100000|23.1700|23.2600|23.1300|23.1500|2969600|68940288.0000|23.1500
100500|23.1500|23.1800|23.0600|23.1700|2278300|52648962.0000|23.1700
101000|23.1700|23.2100|23.1000|23.1100|1387800|32137209.0000|23.1100
101500|23.1100|23.1200|23.0300|23.0300|1582300|36506497.0000|23.0300
102000|23.0400|23.0400|22.8900|22.8900|2933500|67321986.0000|22.8900
102500|22.9000|22.9200|22.8200|22.8700|2510900|57400066.0000|22.8700
103000|22.8900|22.9400|22.8400|22.8700|1255800|28747392.0000|22.8700
103500|22.8600|22.8900|22.8100|22.8700|1397900|31929984.0000|22.8700
104000|22.8800|22.8900|22.7900|22.7900|1504400|34345984.0000|22.7900
104500|22.8000|22.8100|22.7600|22.8000|1622800|36975744.0000|22.8000
105000|22.8000|22.8100|22.7500|22.7800|1457300|33193856.0000|22.7800
105500|22.7900|22.8000|22.6800|22.6900|1910400|43409024.0000|22.6900
110000|22.6800|22.6900|22.6300|22.6500|1560300|35351680.0000|22.6500
110500|22.6500|22.6500|22.5700|22.5800|1967100|44461696.0000|22.5800
111000|22.5800|22.7700|22.5800|22.7700|1528200|34635264.0000|22.7700
111500|22.7700|22.8100|22.7500|22.7800|952100|21696640.0000|22.7800
112000|22.7800|22.8300|22.7200|22.8300|1203400|27418112.0000|22.8300
112500|22.8200|22.8400|22.7900|22.8000|956800|21832448.0000|22.8000
113000|22.8000|22.8300|22.7900|22.7900|617100|14074880.0000|22.7900
130500|22.8100|22.8700|22.7500|22.8600|1576400|35964155.0000|22.8600
131000|22.8600|22.9000|22.8500|22.8500|822500|18813572.0000|22.8500
131500|22.8500|22.8800|22.8000|22.8000|977200|22330631.0000|22.8000
132000|22.7900|22.8200|22.7400|22.7600|762600|17359994.0000|22.7600
132500|22.7600|22.7700|22.7100|22.7400|531900|12091776.0000|22.7400
133000|22.7200|22.7900|22.7100|22.7800|542000|12331264.0000|22.7800
133500|22.7800|22.8000|22.7600|22.7700|435100|9909632.0000|22.7700
134000|22.7700|22.7900|22.7500|22.7500|757900|17251840.0000|22.7500
134500|22.7500|22.7700|22.7200|22.7400|915000|20804352.0000|22.7400
135000|22.7400|22.7500|22.7200|22.7300|521800|11863808.0000|22.7300
135500|22.7400|22.7600|22.7000|22.7400|1170900|26615296.0000|22.7400
140000|22.7400|22.7500|22.6600|22.6800|1265000|28710528.0000|22.6800
140500|22.6900|22.7800|22.6800|22.7800|1250400|28437504.0000|22.7800
141000|22.7700|22.8400|22.7700|22.7900|1768700|40333568.0000|22.7900
141500|22.7900|22.8700|22.7800|22.8600|1068000|24383488.0000|22.8600
142000|22.8600|22.9800|22.8600|22.9600|2433200|55742470.0000|22.9600
142500|22.9700|22.9800|22.8900|22.9000|1218700|27951870.0000|22.9000
143000|22.9000|22.9600|22.8900|22.9400|1459300|33462776.0000|22.9400
143500|22.9300|22.9300|22.8500|22.8700|1131700|25897734.0000|22.8700
144000|22.8700|22.9000|22.8700|22.8800|1145400|26207998.0000|22.8800
144500|22.8900|22.9500|22.8800|22.9200|1313400|30104838.0000|22.9200
145000|22.9100|22.9400|22.9000|22.9000|1771700|40610035.0000|22.9000
145500|22.9100|22.9700|22.8900|22.9500|2878000|65987075.0000|22.9500
150000|22.9500|22.9600|22.9200|22.9200|988600|22683652.0000|22.9200
