093500|8.38|8.52|8.38|8.52|55658.0|47044203.0|8.37
094000|8.51|8.53|8.46|8.5|28414.0|24139098.0|8.52
094500|8.5|8.6|8.5|8.58|40654.0|34772261.0|8.5
095000|8.58|8.59|8.53|8.55|16159.0|13820324.0|8.58
095500|8.56|8.57|8.51|8.52|15962.0|13633556.0|8.55
100000|8.52|8.57|8.51|8.55|18131.0|15471639.0|8.52
100500|8.55|8.57|8.53|8.54|15534.0|13273403.0|8.55
101000|8.55|8.58|8.53|8.57|20756.0|17766896.0|8.54
101500|8.57|8.6|8.56|8.58|26840.0|23033733.0|8.57
102000|8.57|8.58|8.55|8.58|9334.0|7993936.0|8.58
102500|8.58|8.6|8.55|8.56|28386.0|24336803.0|8.58
103000|8.55|8.56|8.53|8.56|10433.0|8914436.0|8.56
103500|8.56|8.58|8.54|8.54|13344.0|11423799.0|8.56
104000|8.54|8.55|8.51|8.52|12162.0|10365535.0|8.54
104500|8.52|8.53|8.51|8.52|9187.0|7823707.0|8.52
105000|8.52|8.52|8.46|8.47|14490.0|12293172.0|8.52
105500|8.47|8.52|8.47|8.52|9257.0|7860231.0|8.47
110000|8.52|8.52|8.49|8.49|3924.0|3337299.0|8.52
110500|8.49|8.51|8.49|8.49|4502.0|3824796.0|8.49
111000|8.5|8.5|8.47|8.5|10330.0|8763507.0|8.49
111500|8.5|8.5|8.48|8.5|2412.0|2048288.0|8.5
112000|8.5|8.5|8.48|8.49|7206.0|6112078.0|8.5
112500|8.49|8.5|8.48|8.49|3997.0|3392375.0|8.49
113000|8.49|8.5|8.48|8.48|3760.0|3193012.0|8.49
130500|8.48|8.52|8.48|8.51|7432.0|6317404.0|8.48
131000|8.51|8.51|8.49|8.5|7010.0|5956566.0|8.51
131500|8.5|8.53|8.49|8.52|5094.0|4339353.0|8.5
132000|8.52|8.55|8.52|8.54|6176.0|5271516.0|8.52
132500|8.53|8.57|8.52|8.57|6824.0|5833756.0|8.54
133000|8.57|8.57|8.55|8.57|6097.0|5220565.0|8.57
133500|8.57|8.57|8.53|8.55|5780.0|4943539.0|8.57
134000|8.54|8.56|8.54|8.56|3703.0|3166229.0|8.55
134500|8.56|8.57|8.55|8.56|4052.0|3467703.0|8.56
135000|8.56|8.57|8.56|8.57|3980.0|3409003.0|8.56
135500|8.57|8.57|8.54|8.55|4641.0|3971944.0|8.57
140000|8.54|8.55|8.54|8.54|4161.0|3555916.0|8.55
140500|8.54|8.6|8.54|8.6|25253.0|21655997.0|8.54
141000|8.6|8.6|8.57|8.58|12204.0|10486218.0|8.6
141500|8.57|8.59|8.57|8.59|5340.0|4585668.0|8.58
142000|8.59|8.6|8.58|8.59|5333.0|4580310.0|8.59
142500|8.59|8.61|8.59|8.61|12828.0|11031140.0|8.59
143000|8.61|8.62|8.61|8.62|6192.0|5334338.0|8.61
143500|8.62|8.63|8.61|8.63|9357.0|8068488.0|8.62
144000|8.63|8.64|8.62|8.62|9141.0|7888419.0|8.63
144500|8.62|8.63|8.62|8.63|10718.0|9243081.0|8.62
145000|8.63|8.64|8.62|8.63|12950.0|11178821.0|8.63
145500|8.63|8.65|8.63|8.65|20157.0|17408921.0|8.63
150000|8.65|8.65|8.63|8.64|17372.0|15012327.0|8.65
