09350000|12.2455301700|12.3037037100|12.1194875000|12.2649213500|380900|4799109.0000|12.2649213500
09400000|12.2746169400|12.3327904800|12.2455301700|12.2940081200|278500|3532568.0000|12.2940081200
09450000|12.2940081200|12.3133993000|12.2649213500|12.2940081200|133000|1684679.0000|12.2940081200
09500000|12.3037037100|12.3133993000|12.2649213500|12.2649213500|113700|1441917.0000|12.2649213500
09550000|12.2649213500|12.2649213500|12.1582698600|12.1679654500|179986|2263944.6000|12.1679654500
10000000|12.1679654500|12.2164434000|12.1388786800|12.1970522200|262800|3298446.0000|12.1970522200
10050000|12.2067478100|12.2164434000|12.1388786800|12.1970522200|196600|2465355.0000|12.1970522200
10100000|12.1970522200|12.2358345800|12.1873566300|12.2164434000|113600|1430558.0000|12.2164434000
10150000|12.2164434000|12.2261389900|12.1873566300|12.2164434000|87500|1101432.0000|12.2164434000
10200000|12.2067478100|12.2649213500|12.2067478100|12.2649213500|116000|1463769.0000|12.2649213500
10250000|12.2649213500|12.2746169400|12.2455301700|12.2649213500|54000|682952.0000|12.2649213500
10300000|12.2455301700|12.2649213500|12.2358345800|12.2649213500|56000|707872.0000|12.2649213500
10350000|12.2649213500|12.2843125300|12.2358345800|12.2843125300|104000|1315055.0000|12.2843125300
10400000|12.2843125300|12.3230948900|12.2843125300|12.3037037100|208500|2645990.0000|12.3037037100
10450000|12.3037037100|12.3521816600|12.2940081200|12.3521816600|170500|2167569.0000|12.3521816600
10500000|12.3327904800|12.3424860700|12.3037037100|12.3230948900|28700|364607.0000|12.3230948900
10550000|12.3230948900|12.3230948900|12.2940081200|12.3133993000|29700|377006.0000|12.3133993000
11000000|12.3133993000|12.3133993000|12.2843125300|12.3133993000|39100|496074.0000|12.3133993000
11050000|12.3133993000|12.3424860700|12.3133993000|12.3133993000|102600|1303833.0000|12.3133993000
11100000|12.3230948900|12.3230948900|12.2843125300|12.2940081200|81200|1031090.0000|12.2940081200
11150000|12.3037037100|12.3133993000|12.2843125300|12.3037037100|34500|437547.0000|12.3037037100
11200000|12.3037037100|12.3133993000|12.1970522200|12.2940081200|202500|2558523.0000|12.2940081200
11250000|12.2746169400|12.3037037100|12.2746169400|12.3037037100|85000|1077429.0000|12.3037037100
11300000|12.3037037100|12.3133993000|12.2746169400|12.2746169400|60100|761549.0000|12.2746169400
13050000|12.2940081200|12.3327904800|12.2649213500|12.3327904800|180500|2291237.0000|12.3327904800
13100000|12.3327904800|12.3521816600|12.3230948900|12.3424860700|199600|2540479.0000|12.3424860700
13150000|12.3424860700|12.3424860700|12.3037037100|12.3133993000|104800|1331789.0000|12.3133993000
13200000|12.3133993000|12.3424860700|12.3037037100|12.3133993000|152800|1941633.0000|12.3133993000
13250000|12.3230948900|12.3424860700|12.2940081200|12.3230948900|166200|2110402.0000|12.3230948900
13300000|12.3133993000|12.3327904800|12.3133993000|12.3327904800|28400|360977.0000|12.3327904800
13350000|12.3327904800|12.3327904800|12.3037037100|12.3230948900|104000|1321308.0000|12.3230948900
13400000|12.3133993000|12.3327904800|12.2940081200|12.3230948900|175400|2227568.0000|12.3230948900
13450000|12.3230948900|12.3327904800|12.3037037100|12.3037037100|103300|1311511.0000|12.3037037100
13500000|12.3037037100|12.3037037100|12.2843125300|12.2843125300|56500|716214.0000|12.2843125300
13550000|12.2746169400|12.2940081200|12.2649213500|12.2649213500|75300|953097.0000|12.2649213500
14000000|12.2746169400|12.2843125300|12.2649213500|12.2649213500|28500|360743.0000|12.2649213500
14050000|12.2649213500|12.2940081200|12.2649213500|12.2940081200|34000|430621.0000|12.2940081200
14100000|12.2843125300|12.3037037100|12.2843125300|12.2940081200|47500|601989.0000|12.2940081200
14150000|12.2940081200|12.3037037100|12.2746169400|12.2940081200|85500|1083865.0000|12.2940081200
14200000|12.2940081200|12.2940081200|12.2649213500|12.2746169400|81500|1031735.0000|12.2746169400
14250000|12.2746169400|12.2843125300|12.2746169400|12.2843125300|82200|1041138.0000|12.2843125300
14300000|12.2843125300|12.3037037100|12.2843125300|12.3037037100|62000|786164.0000|12.3037037100
14350000|12.3037037100|12.3037037100|12.2843125300|12.2940081200|114800|1455515.0000|12.2940081200
14400000|12.2843125300|12.3037037100|12.2843125300|12.2940081200|49600|628769.0000|12.2940081200
14450000|12.2940081200|12.3037037100|12.2746169400|12.2940081200|138800|1759469.0000|12.2940081200
14500000|12.2940081200|12.3037037100|12.2746169400|12.2746169400|168500|2135086.0000|12.2746169400
14550000|12.2746169400|12.2940081200|12.2649213500|12.2843125300|126200|1598681.0000|12.2843125300
15000000|12.2940081200|12.2940081200|12.2649213500|12.2940081200|173000|2192276.0000|12.2940081200
