093500|4.4400|4.4800|4.4400|4.4600|1207800|5381490.0000|4.4600
094000|4.4600|4.4700|4.4500|4.4500|363100|1619066.0000|4.4500
094500|4.4600|4.4600|4.4400|4.4500|420700|1871685.0000|4.4500
095000|4.4500|4.4700|4.4500|4.4500|492300|2192294.0000|4.4500
095500|4.4500|4.4700|4.4500|4.4600|393000|1752197.0000|4.4600
100000|4.4600|4.4700|4.4500|4.4500|266100|1185842.0000|4.4500
100500|4.4600|4.4700|4.4500|4.4600|264500|1179510.0000|4.4600
101000|4.4700|4.4700|4.4500|4.4600|261800|1168059.0000|4.4600
101500|4.4600|4.4700|4.4500|4.4600|223200|994892.0000|4.4600
102000|4.4700|4.4700|4.4500|4.4600|300300|1339957.0000|4.4600
102500|4.4600|4.4700|4.4600|4.4600|112000|500154.0000|4.4600
103000|4.4600|4.4800|4.4600|4.4700|319600|1429003.0000|4.4700
103500|4.4700|4.4800|4.4700|4.4700|123800|554011.0000|4.4700
104000|4.4700|4.4800|4.4700|4.4700|166800|746144.0000|4.4700
104500|4.4700|4.4900|4.4700|4.4800|476168|2133221.0000|4.4800
105000|4.4800|4.4900|4.4800|4.4800|314700|1411042.0000|4.4800
105500|4.4900|4.4900|4.4700|4.4700|386700|1730182.0000|4.4700
110000|4.4800|4.4800|4.4700|4.4700|169900|759711.0000|4.4700
110500|4.4800|4.4900|4.4700|4.4800|356900|1599278.0000|4.4800
111000|4.4900|4.4900|4.4700|4.4800|389700|1745060.0000|4.4800
111500|4.4800|4.4900|4.4800|4.4900|99400|445422.0000|4.4900
112000|4.4900|4.5000|4.4800|4.4900|437200|1963784.0000|4.4900
112500|4.5000|4.5100|4.4900|4.5000|514593|2317066.0000|4.5000
113000|4.5000|4.5200|4.5000|4.5100|342600|1545115.0000|4.5100
130500|4.5100|4.5200|4.5000|4.5000|401500|1810464.0000|4.5000
131000|4.5000|4.5100|4.5000|4.5100|214800|966818.0000|4.5100
131500|4.5100|4.5200|4.5000|4.5200|336800|1518469.0000|4.5200
132000|4.5100|4.5200|4.5100|4.5100|267600|1207474.0000|4.5100
132500|4.5100|4.5200|4.5000|4.5000|228000|1027118.0000|4.5000
133000|4.5000|4.5100|4.5000|4.5000|209200|941521.0000|4.5000
133500|4.5000|4.5100|4.5000|4.5100|292600|1318522.0000|4.5100
134000|4.5100|4.5200|4.5000|4.5200|291900|1316987.0000|4.5200
134500|4.5200|4.5300|4.5100|4.5200|624900|2824879.0000|4.5200
135000|4.5200|4.5300|4.5100|4.5100|191000|862613.0000|4.5100
135500|4.5200|4.5200|4.5100|4.5100|237800|1072494.0000|4.5100
140000|4.5100|4.5200|4.5000|4.5100|121900|550008.0000|4.5100
140500|4.5200|4.5200|4.5000|4.5000|137100|618026.0000|4.5000
141000|4.5100|4.5100|4.4900|4.4900|395800|1781426.0000|4.4900
141500|4.4900|4.5000|4.4900|4.5000|103800|466253.0000|4.5000
142000|4.5000|4.5000|4.4900|4.5000|155000|696909.0000|4.5000
142500|4.4900|4.5000|4.4900|4.4900|74500|334792.0000|4.4900
143000|4.4900|4.5000|4.4900|4.5000|329100|1477894.0000|4.5000
143500|4.5000|4.5000|4.4900|4.4900|143600|645626.0000|4.4900
144000|4.4900|4.5000|4.4900|4.4900|66300|298037.0000|4.4900
144500|4.4900|4.5000|4.4900|4.5000|239100|1073875.0000|4.5000
145000|4.5000|4.5000|4.4800|4.4900|289700|1301381.0000|4.4900
145500|4.4800|4.4900|4.4800|4.4800|401000|1799252.0000|4.4800
150000|4.4800|4.5000|4.4800|4.5000|487800|2189321.0000|4.5000
