09350000|14.2200596900|14.3183323900|14.1807506100|14.2790233100|220200|3190541.0000|14.2790233100
09400000|14.2790233100|14.2790233100|14.1905778800|14.2004051500|81800|1184370.0000|14.2004051500
09450000|14.2004051500|14.2004051500|14.1610960700|14.1709233400|67100|968258.0000|14.1709233400
09500000|14.1905778800|14.1905778800|14.1512688000|14.1610960700|78100|1125638.0000|14.1610960700
09550000|14.1512688000|14.2102324200|14.1512688000|14.1905778800|36000|519567.0000|14.1905778800
10000000|14.1905778800|14.2495415000|14.1905778800|14.2298869600|71800|1039106.0000|14.2298869600
10050000|14.2102324200|14.2102324200|14.1414415300|14.1414415300|30700|442816.0000|14.1414415300
10100000|14.1414415300|14.1512688000|14.1119597200|14.1414415300|62000|889869.0000|14.1414415300
10150000|14.1610960700|14.1709233400|14.1414415300|14.1709233400|39500|568868.0000|14.1709233400
10200000|14.1610960700|14.1807506100|14.1610960700|14.1807506100|9500|137033.0000|14.1807506100
10250000|14.1709233400|14.1709233400|14.1316142600|14.1414415300|93600|1348052.0000|14.1414415300
10300000|14.1414415300|14.1414415300|14.0726506400|14.0824779100|130800|1878812.0000|14.0824779100
10350000|14.0923051800|14.1610960700|14.0726506400|14.1414415300|37900|544328.0000|14.1414415300
10400000|14.1316142600|14.1905778800|14.1316142600|14.1807506100|42700|615382.0000|14.1807506100
10450000|14.1807506100|14.1807506100|14.1316142600|14.1610960700|22900|329895.0000|14.1610960700
10500000|14.1610960700|14.1905778800|14.1512688000|14.1709233400|35100|506117.0000|14.1709233400
10550000|14.1512688000|14.2004051500|14.1512688000|14.1807506100|32000|461460.0000|14.1807506100
11000000|14.1807506100|14.2102324200|14.1807506100|14.1807506100|49300|712056.0000|14.1807506100
11050000|14.2004051500|14.2200596900|14.1905778800|14.1905778800|45400|656129.0000|14.1905778800
11100000|14.1905778800|14.1905778800|14.1709233400|14.1905778800|6000|86626.0000|14.1905778800
11150000|14.2004051500|14.2004051500|14.1709233400|14.1709233400|30800|444344.0000|14.1709233400
11200000|14.1709233400|14.1905778800|14.1610960700|14.1807506100|16600|239520.0000|14.1807506100
11250000|14.1905778800|14.1905778800|14.1709233400|14.1905778800|6300|90942.0000|14.1905778800
11300000|14.1807506100|14.1807506100|14.1610960700|14.1807506100|26800|386412.0000|14.1807506100
13050000|14.1709233400|14.1905778800|14.1610960700|14.1905778800|46600|672002.0000|14.1905778800
13100000|14.1905778800|14.1905778800|14.1610960700|14.1610960700|22500|324534.0000|14.1610960700
13150000|14.1709233400|14.2495415000|14.1709233400|14.2495415000|59300|856296.0000|14.2495415000
13200000|14.2495415000|14.2790233100|14.2397142300|14.2691960400|31700|459880.0000|14.2691960400
13250000|14.2790233100|14.2986778500|14.2691960400|14.2691960400|77100|1120036.0000|14.2691960400
13300000|14.2691960400|14.2888505800|14.2495415000|14.2495415000|33300|483618.0000|14.2495415000
13350000|14.2495415000|14.3183323900|14.2495415000|14.2790233100|90200|1311906.0000|14.2790233100
13400000|14.2691960400|14.2888505800|14.2691960400|14.2790233100|22000|319684.0000|14.2790233100
13450000|14.2790233100|14.2790233100|14.2691960400|14.2691960400|29800|432838.0000|14.2691960400
13500000|14.2691960400|14.2790233100|14.2397142300|14.2593687700|25200|365648.0000|14.2593687700
13550000|14.2593687700|14.2691960400|14.2593687700|14.2691960400|12100|175580.0000|14.2691960400
14000000|14.2691960400|14.2986778500|14.2691960400|14.2888505800|44000|639522.0000|14.2888505800
14050000|14.2790233100|14.2888505800|14.2593687700|14.2691960400|38800|563608.0000|14.2691960400
14100000|14.2593687700|14.2790233100|14.2593687700|14.2790233100|7000|101624.0000|14.2790233100
14150000|14.2691960400|14.2888505800|14.2691960400|14.2790233100|13100|190352.0000|14.2790233100
14200000|14.2790233100|14.2986778500|14.2790233100|14.2986778500|33200|482486.0000|14.2986778500
14250000|14.2986778500|14.3085051200|14.2888505800|14.2888505800|50500|734634.0000|14.2888505800
14300000|14.2888505800|14.2986778500|14.2790233100|14.2888505800|19800|287854.0000|14.2888505800
14350000|14.2790233100|14.2790233100|14.2593687700|14.2790233100|36500|530036.0000|14.2790233100
14400000|14.2790233100|14.2888505800|14.2691960400|14.2790233100|16400|238336.0000|14.2790233100
14450000|14.2790233100|14.2986778500|14.2691960400|14.2790233100|66700|969606.0000|14.2790233100
14500000|14.2790233100|14.2888505800|14.2691960400|14.2790233100|27800|403898.0000|14.2790233100
14550000|14.2790233100|14.2790233100|14.2495415000|14.2593687700|54000|783744.0000|14.2593687700
15000000|14.2691960400|14.2691960400|14.2495415000|14.2593687700|33000|479444.0000|14.2593687700
