09350000|6.8467816800|6.9549923100|6.8271070200|6.9254803200|1868767|13101508.0000|6.9254803200
09400000|6.9156429900|6.9451549800|6.8861310000|6.9353176500|1215400|8558282.0000|6.9353176500
09450000|6.9353176500|6.9549923100|6.9156429900|6.9254803200|904100|6374826.0000|6.9254803200
09500000|6.9254803200|6.9254803200|6.8861310000|6.8959683300|503700|3534395.0000|6.8959683300
09550000|6.8959683300|6.9058056600|6.8664563400|6.8861310000|716200|5012897.0000|6.8861310000
10000000|6.8861310000|6.9058056600|6.8861310000|6.9058056600|446100|3127327.0000|6.9058056600
10050000|6.9058056600|6.9156429900|6.8959683300|6.9156429900|313700|2203281.0000|6.9156429900
10100000|6.9156429900|6.9156429900|6.8861310000|6.8861310000|229100|1605825.0000|6.8861310000
10150000|6.8861310000|6.8959683300|6.8762936700|6.8861310000|255800|1790376.0000|6.8861310000
10200000|6.8762936700|6.8861310000|6.8566190100|6.8664563400|388400|2711829.0000|6.8664563400
10250000|6.8664563400|6.8959683300|6.8664563400|6.8959683300|467200|3272268.0000|6.8959683300
10300000|6.8959683300|6.8959683300|6.8861310000|6.8861310000|173400|1214933.0000|6.8861310000
10350000|6.8861310000|6.8959683300|6.8762936700|6.8959683300|276034|1931027.0000|6.8959683300
10400000|6.8959683300|6.9254803200|6.8861310000|6.9156429900|850000|5970410.0000|6.9156429900
10450000|6.9156429900|6.9353176500|6.9156429900|6.9156429900|245551|1727788.0000|6.9156429900
10500000|6.9156429900|6.9254803200|6.9058056600|6.9156429900|210849|1481001.0000|6.9156429900
10550000|6.9058056600|6.9156429900|6.8959683300|6.8959683300|142566|1000108.0000|6.8959683300
11000000|6.8959683300|6.9254803200|6.8959683300|6.9156429900|161100|1132377.0000|6.9156429900
11050000|6.9156429900|6.9254803200|6.9058056600|6.9156429900|148113|1041277.0000|6.9156429900
11100000|6.9156429900|6.9353176500|6.9156429900|6.9254803200|411200|2893744.0000|6.9254803200
11150000|6.9254803200|6.9648296400|6.9254803200|6.9648296400|1290200|9115623.0000|6.9648296400
11200000|6.9648296400|6.9746669700|6.9451549800|6.9746669700|682300|4828587.0000|6.9746669700
11250000|6.9746669700|6.9746669700|6.9549923100|6.9648296400|340700|2413920.0000|6.9648296400
11300000|6.9648296400|6.9648296400|6.9451549800|6.9549923100|275900|1951255.0000|6.9549923100
13050000|6.9549923100|6.9549923100|6.9254803200|6.9353176500|328700|2320375.0000|6.9353176500
13100000|6.9353176500|6.9451549800|6.9254803200|6.9254803200|201900|1422451.0000|6.9254803200
13150000|6.9254803200|6.9353176500|6.9254803200|6.9254803200|68100|479801.0000|6.9254803200
13200000|6.9353176500|6.9549923100|6.9353176500|6.9353176500|183000|1291910.0000|6.9353176500
13250000|6.9451549800|6.9549923100|6.9353176500|6.9451549800|245200|1731421.0000|6.9451549800
13300000|6.9451549800|6.9549923100|6.9353176500|6.9353176500|252300|1781514.0000|6.9353176500
13350000|6.9353176500|6.9451549800|6.9254803200|6.9451549800|360300|2539934.0000|6.9451549800
13400000|6.9353176500|6.9451549800|6.9353176500|6.9451549800|172700|1219004.0000|6.9451549800
13450000|6.9451549800|6.9451549800|6.9353176500|6.9353176500|106662|752726.0000|6.9353176500
13500000|6.9353176500|6.9451549800|6.9353176500|6.9451549800|128500|906495.0000|6.9451549800
13550000|6.9451549800|6.9451549800|6.9254803200|6.9254803200|260200|1834352.0000|6.9254803200
14000000|6.9254803200|6.9353176500|6.9254803200|6.9353176500|194900|1372916.0000|6.9353176500
14050000|6.9353176500|6.9353176500|6.9254803200|6.9353176500|413138|2909336.0000|6.9353176500
14100000|6.9254803200|6.9353176500|6.9156429900|6.9254803200|200100|1407437.0000|6.9254803200
14150000|6.9254803200|6.9254803200|6.9156429900|6.9156429900|255500|1796243.0000|6.9156429900
14200000|6.9156429900|6.9254803200|6.9156429900|6.9156429900|198600|1396636.0000|6.9156429900
14250000|6.9156429900|6.9254803200|6.9156429900|6.9156429900|257100|1807811.0000|6.9156429900
14300000|6.9156429900|6.9254803200|6.8959683300|6.9058056600|429900|3018448.0000|6.9058056600
14350000|6.9156429900|6.9156429900|6.8959683300|6.8959683300|280100|1965740.0000|6.8959683300
14400000|6.8959683300|6.9058056600|6.8959683300|6.8959683300|291200|2041895.0000|6.8959683300
14450000|6.8959683300|6.9156429900|6.8959683300|6.9058056600|262262|1841346.0000|6.9058056600
14500000|6.9058056600|6.9156429900|6.8959683300|6.8959683300|479038|3363491.0000|6.8959683300
14550000|6.9058056600|6.9156429900|6.8959683300|6.9058056600|570048|4000712.0000|6.9058056600
15000000|6.9156429900|6.9156429900|6.9058056600|6.9058056600|519000|3644465.0000|6.9058056600
