093500|5.17|5.22|5.1|5.13|22114.0|11386074.0|5.28
094000|5.13|5.18|5.1|5.18|12065.0|6188323.0|5.13
094500|5.18|5.18|5.14|5.16|6557.0|3385169.0|5.18
095000|5.15|5.21|5.15|5.21|6683.0|3465653.0|5.16
095500|5.21|5.21|5.17|5.18|4545.0|2361992.0|5.21
100000|5.18|5.21|5.18|5.21|2749.0|1427508.0|5.18
100500|5.21|5.21|5.19|5.21|1953.0|1016069.0|5.21
101000|5.21|5.24|5.2|5.22|2639.0|1378743.0|5.21
101500|5.23|5.23|5.21|5.22|2387.0|1246144.0|5.22
102000|5.22|5.23|5.21|5.21|2010.0|1049225.0|5.22
102500|5.22|5.22|5.2|5.22|1889.0|984669.0|5.21
103000|5.22|5.22|5.2|5.2|1673.0|872750.0|5.22
103500|5.2|5.2|5.19|5.19|2849.0|1480256.0|5.2
104000|5.19|5.2|5.17|5.17|2707.0|1403923.0|5.19
104500|5.18|5.19|5.17|5.18|1250.0|647279.0|5.17
105000|5.18|5.18|5.16|5.16|1117.0|577680.0|5.18
105500|5.16|5.17|5.16|5.17|291.0|150251.0|5.16
110000|5.17|5.2|5.16|5.2|1358.0|703019.0|5.17
110500|5.2|5.22|5.19|5.22|1863.0|970155.0|5.2
111000|5.22|5.22|5.2|5.2|1044.0|543157.0|5.22
111500|5.2|5.21|5.18|5.2|1471.0|763605.0|5.2
112000|5.2|5.21|5.19|5.2|678.0|352545.0|5.2
112500|5.19|5.21|5.19|5.19|907.0|471306.0|5.2
113000|5.2|5.21|5.19|5.19|2234.0|1161644.0|5.19
130500|5.18|5.22|5.17|5.2|3043.0|1579676.0|5.19
131000|5.2|5.2|5.15|5.16|3378.0|1749715.0|5.2
131500|5.14|5.16|5.13|5.15|5067.0|2608072.0|5.16
132000|5.15|5.15|5.13|5.14|1751.0|900135.0|5.15
132500|5.14|5.14|5.12|5.14|3501.0|1795716.0|5.14
133000|5.14|5.16|5.11|5.13|3427.0|1757019.0|5.14
133500|5.12|5.13|5.09|5.12|5624.0|2872856.0|5.13
134000|5.12|5.15|5.12|5.14|2417.0|1241173.0|5.12
134500|5.14|5.14|5.1|5.1|1403.0|718690.0|5.14
135000|5.1|5.12|5.09|5.1|3237.0|1651820.0|5.1
135500|5.1|5.11|5.07|5.09|6614.0|3368550.0|5.1
140000|5.09|5.15|5.08|5.13|3100.0|1584940.0|5.09
140500|5.12|5.13|5.08|5.09|987.0|504112.0|5.13
141000|5.09|5.09|5.07|5.09|2003.0|1017439.0|5.09
141500|5.09|5.1|5.06|5.06|2663.0|1352075.0|5.09
142000|5.07|5.09|5.06|5.09|2555.0|1297301.0|5.06
142500|5.09|5.1|5.05|5.1|3522.0|1788008.0|5.09
143000|5.1|5.12|5.09|5.1|2980.0|1519890.0|5.1
143500|5.08|5.09|5.05|5.05|2587.0|1312240.0|5.1
144000|5.05|5.07|5.05|5.05|2616.0|1322445.0|5.05
144500|5.06|5.08|5.06|5.06|2811.0|1423421.0|5.05
145000|5.06|5.06|5.03|5.05|4280.0|2159481.0|5.06
145500|5.05|5.06|5.04|5.06|3799.0|1918523.0|5.05
150000|5.05|5.08|5.05|5.08|4756.0|2410258.0|5.06
