093500|33.22|33.45|32.93|32.98|43747.0|144913664.0|33.36
094000|33.01|33.1|33.01|33.04|22222.0|73435014.0|32.98
094500|33.03|33.09|32.96|33.09|23099.0|76250870.0|33.04
095000|33.09|33.24|33.09|33.15|18329.0|60793713.0|33.09
095500|33.15|33.27|33.1|33.22|16475.0|54664943.0|33.15
100000|33.22|33.23|33.06|33.19|11915.0|39495277.0|33.22
100500|33.2|33.2|33.01|33.01|13690.0|45296204.0|33.19
101000|33.01|33.04|32.96|32.98|16518.0|54493007.0|33.01
101500|32.98|33.03|32.95|33.03|12841.0|42344623.0|32.98
102000|33.04|33.18|33.03|33.14|7863.0|26037549.0|33.03
102500|33.13|33.19|33.09|33.16|6316.0|20927375.0|33.14
103000|33.16|33.36|33.16|33.35|11203.0|37232957.0|33.16
103500|33.36|33.36|33.25|33.26|6172.0|20555213.0|33.35
104000|33.25|33.29|33.22|33.25|4915.0|16343398.0|33.26
104500|33.26|33.36|33.25|33.29|6198.0|20646195.0|33.25
105000|33.29|33.29|33.22|33.23|4093.0|13615282.0|33.29
105500|33.23|33.27|33.21|33.23|3263.0|10847325.0|33.23
110000|33.21|33.23|33.19|33.22|2703.0|8975153.0|33.23
110500|33.22|33.31|33.22|33.26|3877.0|12901132.0|33.22
111000|33.26|33.31|33.26|33.26|4217.0|14035714.0|33.26
111500|33.26|33.26|33.19|33.2|3693.0|12269125.0|33.26
112000|33.2|33.2|33.14|33.16|2745.0|9103556.0|33.2
112500|33.16|33.27|33.15|33.27|3025.0|10041229.0|33.16
113000|33.26|33.28|33.2|33.26|2620.0|8704557.0|33.27
130500|33.27|33.54|33.27|33.5|24568.0|82153295.0|33.26
131000|33.5|33.51|33.37|33.38|6905.0|23096785.0|33.5
131500|33.4|33.41|33.37|33.39|3653.0|12196973.0|33.38
132000|33.4|33.41|33.35|33.36|5620.0|18766931.0|33.39
132500|33.36|33.37|33.27|33.29|4618.0|15384688.0|33.36
133000|33.28|33.3|33.19|33.23|6827.0|22691510.0|33.29
133500|33.23|33.24|33.2|33.23|3692.0|12265044.0|33.23
134000|33.24|33.29|33.23|33.29|5571.0|18529020.0|33.23
134500|33.3|33.5|33.27|33.46|14616.0|48813833.0|33.29
135000|33.45|33.45|33.38|33.4|5652.0|18888817.0|33.46
135500|33.4|33.43|33.35|33.41|5263.0|17577218.0|33.4
140000|33.41|33.46|33.37|33.39|7754.0|25910858.0|33.41
140500|33.39|33.39|33.36|33.36|3587.0|11969319.0|33.39
141000|33.38|33.38|33.33|33.33|3046.0|10156902.0|33.36
141500|33.33|33.37|33.32|33.37|4643.0|15483100.0|33.33
142000|33.37|33.49|33.37|33.41|9963.0|33314030.0|33.37
142500|33.41|33.42|33.36|33.36|4145.0|13841931.0|33.41
143000|33.36|33.4|33.36|33.37|3748.0|12505714.0|33.36
143500|33.37|33.4|33.34|33.35|7752.0|25862629.0|33.37
144000|33.34|33.35|33.3|33.32|8024.0|26740069.0|33.35
144500|33.33|33.36|33.3|33.36|4854.0|16182561.0|33.32
145000|33.35|33.36|33.33|33.36|7520.0|25078523.0|33.36
145500|33.37|33.38|33.35|33.36|8203.0|27370045.0|33.36
150000|33.36|33.37|33.35|33.36|9945.0|33175101.0|33.36
