093500|19.46|19.47|19.35|19.4|9163.0|17776642.0|19.58
094000|19.41|19.43|19.34|19.35|6982.0|13529199.0|19.4
094500|19.36|19.42|19.34|19.38|4247.0|8229382.0|19.35
095000|19.38|19.38|19.31|19.32|5221.0|10101211.0|19.38
095500|19.33|19.43|19.32|19.38|2253.0|4366626.0|19.32
100000|19.39|19.4|19.35|19.38|1666.0|3227622.0|19.38
100500|19.36|19.44|19.36|19.43|2139.0|4150178.0|19.38
101000|19.43|19.47|19.41|19.42|2013.0|3912340.0|19.43
101500|19.43|19.44|19.4|19.41|1393.0|2705519.0|19.42
102000|19.4|19.41|19.38|19.38|1370.0|2657497.0|19.41
102500|19.39|19.42|19.38|19.4|1651.0|3202377.0|19.38
103000|19.39|19.4|19.36|19.37|1878.0|3638494.0|19.4
103500|19.36|19.4|19.35|19.37|1904.0|3686976.0|19.37
104000|19.37|19.38|19.34|19.34|1792.0|3471010.0|19.37
104500|19.34|19.37|19.32|19.35|3432.0|6638189.0|19.34
105000|19.36|19.37|19.33|19.34|2331.0|4510762.0|19.35
105500|19.33|19.33|19.31|19.32|2740.0|5293983.0|19.34
110000|19.32|19.35|19.3|19.32|5794.0|11193202.0|19.32
110500|19.31|19.32|19.29|19.3|2684.0|5181211.0|19.32
111000|19.3|19.32|19.29|19.3|957.0|1846801.0|19.3
111500|19.3|19.32|19.27|19.27|3169.0|6115413.0|19.3
112000|19.26|19.26|19.23|19.25|3822.0|7355859.0|19.27
112500|19.25|19.28|19.24|19.28|920.0|1773045.0|19.25
113000|19.28|19.28|19.23|19.24|1852.0|3567271.0|19.28
130500|19.24|19.29|19.21|19.23|2988.0|5746484.0|19.24
131000|19.23|19.27|19.2|19.2|2035.0|3914816.0|19.23
131500|19.21|19.23|19.2|19.2|1687.0|3241111.0|19.2
132000|19.21|19.23|19.17|19.23|4632.0|8889121.0|19.2
132500|19.23|19.27|19.22|19.27|1631.0|3139543.0|19.23
133000|19.26|19.28|19.25|19.27|755.0|1454547.0|19.27
133500|19.27|19.27|19.23|19.23|1273.0|2450879.0|19.27
134000|19.22|19.26|19.2|19.21|1436.0|2760265.0|19.23
134500|19.21|19.23|19.2|19.21|1018.0|1955503.0|19.21
135000|19.21|19.25|19.2|19.23|871.0|1675234.0|19.21
135500|19.22|19.23|19.21|19.23|962.0|1849234.0|19.23
140000|19.22|19.25|19.2|19.2|1349.0|2592477.0|19.23
140500|19.2|19.23|19.2|19.21|2205.0|4236718.0|19.2
141000|19.21|19.24|19.21|19.22|1053.0|2023615.0|19.21
141500|19.23|19.3|19.19|19.29|6244.0|12006130.0|19.22
142000|19.29|19.32|19.26|19.26|5533.0|10670097.0|19.29
142500|19.27|19.29|19.24|19.28|2938.0|5660042.0|19.26
143000|19.27|19.28|19.25|19.26|1568.0|3019847.0|19.28
143500|19.24|19.28|19.24|19.28|3280.0|6316013.0|19.26
144000|19.28|19.32|19.27|19.32|2934.0|5661866.0|19.28
144500|19.32|19.35|19.3|19.35|2223.0|4293676.0|19.32
145000|19.34|19.38|19.32|19.38|2885.0|5585207.0|19.35
145500|19.37|19.38|19.35|19.35|3806.0|7371002.0|19.38
150000|19.35|19.38|19.33|19.35|2233.0|4321480.0|19.35
