093500|9.2300|9.2500|9.1600|9.1800|1327600|12201456.0000|9.1800
094000|9.1800|9.1900|9.1500|9.1900|588400|5396274.0000|9.1900
094500|9.1800|9.2000|9.1700|9.1800|275400|2529006.0000|9.1800
095000|9.1800|9.2200|9.1800|9.2000|433500|3989022.0000|9.2000
095500|9.1900|9.2500|9.1900|9.2300|424700|3916636.0000|9.2300
100000|9.2200|9.2500|9.2000|9.2000|400800|3697120.0000|9.2000
100500|9.2000|9.2100|9.1900|9.2100|191100|1757994.0000|9.2100
101000|9.2000|9.2100|9.1800|9.1800|151500|1392814.0000|9.1800
101500|9.1800|9.2000|9.1800|9.1900|251600|2310824.0000|9.1900
102000|9.2000|9.2100|9.1800|9.1800|141600|1301680.0000|9.1800
102500|9.1800|9.2100|9.1800|9.2100|201500|1853188.0000|9.2100
103000|9.2000|9.2100|9.1900|9.2000|120600|1109560.0000|9.2000
103500|9.1900|9.2000|9.1900|9.2000|54800|503680.0000|9.2000
104000|9.1900|9.2000|9.1900|9.2000|109700|1009016.0000|9.2000
104500|9.1900|9.2000|9.1900|9.2000|66000|606836.0000|9.2000
105000|9.2000|9.2200|9.1900|9.2000|169600|1560444.0000|9.2000
105500|9.2100|9.2100|9.1900|9.1900|59400|546356.0000|9.1900
110000|9.1900|9.2300|9.1900|9.2200|115000|1059504.0000|9.2200
110500|9.2200|9.2300|9.2100|9.2200|76300|703448.0000|9.2200
111000|9.2300|9.2300|9.2100|9.2200|167200|1542008.0000|9.2200
111500|9.2300|9.2300|9.2100|9.2100|68600|632184.0000|9.2100
112000|9.2100|9.2300|9.2100|9.2100|121800|1122496.0000|9.2100
112500|9.2100|9.2400|9.2100|9.2400|130200|1201400.0000|9.2400
113000|9.2400|9.2400|9.2200|9.2300|166700|1538636.0000|9.2300
130500|9.2400|9.2700|9.2400|9.2600|458900|4247860.0000|9.2600
131000|9.2600|9.2700|9.2500|9.2500|130400|1207480.0000|9.2500
131500|9.2600|9.2800|9.2600|9.2700|336700|3119832.0000|9.2700
132000|9.2700|9.2700|9.2500|9.2500|115800|1072480.0000|9.2500
132500|9.2400|9.2500|9.2400|9.2400|79300|732552.0000|9.2400
133000|9.2500|9.2500|9.2400|9.2400|37100|342864.0000|9.2400
133500|9.2500|9.2500|9.2200|9.2400|85100|785828.0000|9.2400
134000|9.2400|9.2400|9.2300|9.2300|24900|229860.0000|9.2300
134500|9.2400|9.2400|9.2100|9.2200|264600|2440328.0000|9.2200
135000|9.2200|9.2400|9.2100|9.2300|41700|384704.0000|9.2300
135500|9.2300|9.2300|9.2200|9.2300|115300|1063976.0000|9.2300
140000|9.2300|9.2300|9.2200|9.2300|162900|1502792.0000|9.2300
140500|9.2300|9.2400|9.2100|9.2100|158500|1461448.0000|9.2100
141000|9.2100|9.2200|9.2100|9.2100|64600|594648.0000|9.2100
141500|9.2100|9.2200|9.2100|9.2100|93800|864352.0000|9.2100
142000|9.2200|9.2300|9.2100|9.2200|81200|748680.0000|9.2200
142500|9.2300|9.2400|9.2100|9.2200|129800|1197352.0000|9.2200
143000|9.2200|9.2400|9.2200|9.2300|153500|1416216.0000|9.2300
143500|9.2300|9.2400|9.2200|9.2300|126200|1165184.0000|9.2300
144000|9.2400|9.2400|9.2200|9.2300|144000|1328992.0000|9.2300
144500|9.2300|9.2300|9.2200|9.2200|223600|2062256.0000|9.2200
145000|9.2200|9.2400|9.2200|9.2300|138600|1279592.0000|9.2300
145500|9.2400|9.2500|9.2300|9.2400|220100|2032816.0000|9.2400
150000|9.2400|9.2400|9.2300|9.2300|163400|1509320.0000|9.2300
