093500|15.31|15.58|15.28|15.46|19335.0|29844222.0|15.37
094000|15.43|15.5|15.31|15.31|10235.0|15739532.0|15.46
094500|15.31|15.33|15.24|15.27|12914.0|19728477.0|15.31
095000|15.28|15.34|15.2|15.27|12325.0|18806439.0|15.27
095500|15.25|15.35|15.24|15.31|7695.0|11759405.0|15.27
100000|15.31|15.41|15.28|15.37|7822.0|12017897.0|15.31
100500|15.37|15.45|15.35|15.39|8546.0|13176711.0|15.37
101000|15.39|15.44|15.36|15.41|6194.0|9538827.0|15.39
101500|15.42|15.55|15.39|15.52|12795.0|19816308.0|15.41
102000|15.52|15.66|15.51|15.59|23378.0|36473409.0|15.52
102500|15.59|15.64|15.55|15.56|11386.0|17758465.0|15.59
103000|15.56|15.63|15.55|15.62|8328.0|12985071.0|15.56
103500|15.63|15.69|15.57|15.59|15829.0|24761722.0|15.62
104000|15.59|15.63|15.55|15.62|5209.0|8121672.0|15.59
104500|15.62|15.64|15.6|15.62|4989.0|7794915.0|15.62
105000|15.62|15.66|15.6|15.65|9198.0|14373847.0|15.62
105500|15.65|15.66|15.61|15.61|5205.0|8141323.0|15.65
110000|15.61|15.66|15.61|15.63|5446.0|8517861.0|15.61
110500|15.63|15.65|15.61|15.61|4636.0|7248421.0|15.63
111000|15.61|15.62|15.51|15.54|6165.0|9597323.0|15.61
111500|15.53|15.55|15.5|15.53|7226.0|11210983.0|15.54
112000|15.53|15.53|15.47|15.47|4335.0|6722180.0|15.53
112500|15.47|15.5|15.47|15.48|3030.0|4691782.0|15.47
113000|15.47|15.49|15.45|15.47|3442.0|5324835.0|15.48
130500|15.47|15.54|15.47|15.53|3519.0|5457277.0|15.47
131000|15.53|15.53|15.48|15.5|2358.0|3655051.0|15.53
131500|15.52|15.54|15.5|15.52|3093.0|4801239.0|15.5
132000|15.51|15.52|15.48|15.51|3920.0|6075912.0|15.52
132500|15.51|15.52|15.49|15.5|2166.0|3358995.0|15.51
133000|15.5|15.5|15.48|15.49|2024.0|3135104.0|15.5
133500|15.48|15.51|15.48|15.49|2911.0|4509383.0|15.49
134000|15.5|15.52|15.48|15.52|1485.0|2301960.0|15.49
134500|15.52|15.53|15.48|15.48|2609.0|4045444.0|15.52
135000|15.49|15.49|15.47|15.47|3556.0|5503834.0|15.48
135500|15.46|15.49|15.46|15.47|4576.0|7077888.0|15.47
140000|15.48|15.48|15.44|15.46|4544.0|7021164.0|15.47
140500|15.47|15.47|15.45|15.45|2419.0|3739899.0|15.46
141000|15.45|15.48|15.45|15.47|2627.0|4061696.0|15.45
141500|15.48|15.48|15.44|15.47|2995.0|4630474.0|15.47
142000|15.47|15.47|15.44|15.45|3215.0|4968885.0|15.47
142500|15.44|15.45|15.41|15.42|5579.0|8605721.0|15.45
143000|15.41|15.44|15.41|15.43|3136.0|4837295.0|15.42
143500|15.43|15.43|15.33|15.35|14111.0|21706255.0|15.43
144000|15.33|15.35|15.3|15.31|10787.0|16527452.0|15.35
144500|15.32|15.32|15.28|15.29|11403.0|17440372.0|15.31
145000|15.29|15.33|15.29|15.32|8221.0|12589735.0|15.29
145500|15.32|15.32|15.3|15.3|9528.0|14588209.0|15.32
150000|15.32|15.37|15.31|15.37|9802.0|15051970.0|15.3
