093500|6.93|6.96|6.89|6.91|7814.0|5463661.0|6.93
094000|6.9|6.91|6.89|6.89|7266.0|5071466.0|6.91
094500|6.89|6.9|6.88|6.9|2639.0|1840495.0|6.89
095000|6.9|6.93|6.9|6.92|4447.0|3110856.0|6.9
095500|6.92|6.93|6.9|6.91|3236.0|2266558.0|6.92
100000|6.92|6.92|6.87|6.9|14670.0|10214052.0|6.91
100500|6.89|6.93|6.89|6.93|3622.0|2534749.0|6.9
101000|6.93|6.93|6.91|6.93|2329.0|1630351.0|6.93
101500|6.93|6.94|6.92|6.93|3230.0|2264611.0|6.93
102000|6.93|6.95|6.93|6.95|2906.0|2038276.0|6.93
102500|6.95|6.95|6.93|6.95|3145.0|2209107.0|6.95
103000|6.95|6.95|6.94|6.95|1663.0|1168930.0|6.95
103500|6.95|6.96|6.95|6.96|2789.0|1961647.0|6.95
104000|6.96|6.96|6.92|6.93|3038.0|2132397.0|6.96
104500|6.93|6.96|6.91|6.95|4674.0|3276060.0|6.93
105000|6.95|6.95|6.93|6.94|1670.0|1172435.0|6.95
105500|6.95|6.95|6.94|6.94|547.0|384204.0|6.94
110000|6.95|6.95|6.92|6.92|2486.0|1744399.0|6.94
110500|6.92|6.93|6.91|6.92|3216.0|2248769.0|6.92
111000|6.92|6.92|6.9|6.9|1842.0|1286521.0|6.92
111500|6.9|6.91|6.89|6.9|992.0|692255.0|6.9
112000|6.9|6.91|6.89|6.91|718.0|501545.0|6.9
112500|6.91|6.92|6.91|6.92|2178.0|1523108.0|6.91
113000|6.92|6.92|6.91|6.91|932.0|652321.0|6.92
130500|6.92|6.92|6.89|6.9|2800.0|1955365.0|6.91
131000|6.9|6.9|6.87|6.88|4212.0|2932829.0|6.9
131500|6.89|6.9|6.88|6.89|1232.0|858634.0|6.88
132000|6.88|6.9|6.88|6.9|1426.0|994087.0|6.89
132500|6.9|6.91|6.89|6.9|2083.0|1454843.0|6.9
133000|6.91|6.91|6.9|6.9|460.0|321403.0|6.9
133500|6.9|6.91|6.89|6.91|2414.0|1685314.0|6.9
134000|6.91|6.91|6.9|6.9|436.0|304537.0|6.91
134500|6.91|6.92|6.9|6.92|3840.0|2685715.0|6.9
135000|6.91|6.93|6.9|6.92|1752.0|1225279.0|6.92
135500|6.92|6.95|6.92|6.95|3924.0|2752255.0|6.92
140000|6.95|6.96|6.94|6.96|3104.0|2183040.0|6.95
140500|6.96|6.97|6.94|6.94|4023.0|2830970.0|6.96
141000|6.94|6.95|6.94|6.94|968.0|680240.0|6.94
141500|6.95|6.95|6.91|6.91|3571.0|2502025.0|6.94
142000|6.91|6.92|6.91|6.92|1317.0|920583.0|6.91
142500|6.91|6.93|6.91|6.92|2211.0|1547832.0|6.92
143000|6.92|6.94|6.92|6.93|826.0|578870.0|6.92
143500|6.93|6.94|6.92|6.93|1860.0|1304533.0|6.93
144000|6.94|6.95|6.93|6.93|2262.0|1587505.0|6.93
144500|6.93|6.94|6.93|6.94|822.0|576421.0|6.93
145000|6.93|6.95|6.93|6.95|2151.0|1510000.0|6.94
145500|6.94|6.95|6.93|6.94|3286.0|2306865.0|6.95
150000|6.94|6.95|6.94|6.94|2566.0|1802269.0|6.94
