09350000|28.9850656800|29.2394923200|28.9752800400|29.1612072000|201500|5999229.0000|29.1612072000
09400000|29.1318502800|29.6015610000|29.1318502800|29.4449907600|397760|11936384.0000|29.4449907600
09450000|29.4254194800|29.5526328000|29.3569200000|29.3764912800|191600|5775281.0000|29.3764912800
09500000|29.3764912800|29.3764912800|28.8676380000|28.8774236400|110400|3280502.0000|28.8774236400
09550000|28.8774236400|29.1612072000|28.8089241600|29.1416359200|82600|2445809.0000|29.1416359200
10000000|29.1318502800|29.2590636000|28.9752800400|28.9752800400|75700|2256713.0000|28.9752800400
10050000|28.9654944000|29.0731364400|28.9263518400|29.0144226000|68600|2031773.0000|29.0144226000
10100000|29.0144226000|29.1514215600|29.0144226000|29.1514215600|37300|1108923.0000|29.1514215600
10150000|29.1416359200|29.2590636000|29.0927077200|29.1905641200|34700|1034937.0000|29.1905641200
10200000|29.1807784800|29.3275630800|29.1318502800|29.3079918000|30355|905939.0000|29.3079918000
10250000|29.3079918000|29.4743476800|29.3079918000|29.3569200000|256810|7706988.0000|29.3569200000
10300000|29.3373487200|29.4547764000|29.3177774400|29.4156338400|152870|4593718.0000|29.4156338400
10350000|29.3764912800|29.6407035600|29.3764912800|29.5330615200|489580|14761354.0000|29.5330615200
10400000|29.5232758800|29.6994174000|29.4841333200|29.6504892000|196500|5943965.0000|29.6504892000
10450000|29.6602748400|29.6798461200|29.5624184400|29.6113466400|56800|1720299.0000|29.6113466400
10500000|29.6309179200|29.6309179200|29.5722040800|29.6015610000|48600|1470426.0000|29.6015610000
10550000|29.6015610000|29.6015610000|29.4449907600|29.4743476800|58800|1773641.0000|29.4743476800
11000000|29.5037046000|29.5232758800|29.4645620400|29.4645620400|37900|1142614.0000|29.4645620400
11050000|29.4645620400|29.5526328000|29.4352051200|29.5526328000|81300|2450115.0000|29.5526328000
11100000|29.5526328000|29.7483456000|29.5232758800|29.7483456000|158150|4791848.0000|29.7483456000
11150000|29.7483456000|29.8168450800|29.6113466400|29.6994174000|145710|4425636.0000|29.6994174000
11200000|29.6994174000|29.7287743200|29.4743476800|29.4743476800|52500|1589860.0000|29.4743476800
11250000|29.4743476800|29.5722040800|29.3960625600|29.4156338400|41000|1234850.0000|29.4156338400
11300000|29.4645620400|29.4645620400|29.2101354000|29.2199210400|39400|1180765.0000|29.2199210400
13050000|29.4645620400|30.3159127200|29.2394923200|30.3061270800|518510|15795703.0000|30.3061270800
13100000|30.3159127200|31.0106931600|30.3159127200|30.9128367600|945791|29635717.0000|30.9128367600
13150000|31.0009075200|31.1379064800|30.5116255200|30.5899106400|220740|6972304.0000|30.5899106400
13200000|30.5899106400|31.7641874400|30.5409824400|31.7641874400|1199137|38576341.0000|31.7641874400
13250000|31.7641874400|31.7641874400|31.7641874400|31.7641874400|1109070|36000412.0000|31.7641874400
13300000|31.7641874400|31.7641874400|31.7641874400|31.7641874400|746939|24245640.0000|31.7641874400
13350000|31.7641874400|31.7641874400|31.7641874400|31.7641874400|88764|2881280.0000|31.7641874400
13400000|31.7641874400|31.7641874400|31.7641874400|31.7641874400|63960|2076141.0000|31.7641874400
13450000|31.7641874400|31.7641874400|31.7641874400|31.7641874400|166470|5403616.0000|31.7641874400
13500000|31.7641874400|31.7641874400|31.7641874400|31.7641874400|49940|1621053.0000|31.7641874400
13550000|31.7641874400|31.7641874400|31.7641874400|31.7641874400|86430|2805518.0000|31.7641874400
14000000|31.7641874400|31.7641874400|31.7641874400|31.7641874400|59170|1920658.0000|31.7641874400
14050000|31.7641874400|31.7641874400|31.7641874400|31.7641874400|58960|1913841.0000|31.7641874400
14100000|31.7641874400|31.7641874400|31.7641874400|31.7641874400|52630|1708370.0000|31.7641874400
14150000|31.7641874400|31.7641874400|31.7641874400|31.7641874400|7700|249942.0000|31.7641874400
14200000|31.7641874400|31.7641874400|31.7641874400|31.7641874400|27630|896870.0000|31.7641874400
14250000|31.7641874400|31.7641874400|31.7641874400|31.7641874400|16900|548574.0000|31.7641874400
14300000|31.7641874400|31.7641874400|31.7641874400|31.7641874400|47650|1546719.0000|31.7641874400
14350000|31.7641874400|31.7641874400|31.7641874400|31.7641874400|16000|519360.0000|31.7641874400
14400000|31.7641874400|31.7641874400|31.7641874400|31.7641874400|8720|283051.0000|31.7641874400
14450000|31.7641874400|31.7641874400|31.7641874400|31.7641874400|20809|675460.0000|31.7641874400
14500000|31.7641874400|31.7641874400|31.7641874400|31.7641874400|31590|1025413.0000|31.7641874400
14550000|31.7641874400|31.7641874400|31.7641874400|31.7641874400|20020|649856.0000|31.7641874400
15000000|31.7641874400|31.7641874400|31.7641874400|31.7641874400|8660|281104.0000|31.7641874400
