09350000|47.3296320000|48.7988226600|47.1127045200|47.7043249200|423400|20619572.0000|47.7043249200
09400000|47.6550232200|47.6550232200|47.2211682600|47.5564198200|136100|6550720.0000|47.5564198200
09450000|47.5268388000|47.6648835600|47.3887940400|47.4085147200|75700|3646704.0000|47.4085147200
09500000|47.4085147200|47.4282354000|47.1620062200|47.1718665600|86200|4135028.0000|47.1718665600
09550000|47.1718665600|47.2211682600|47.0436821400|47.0436821400|58200|2780580.0000|47.0436821400
10000000|47.0338218000|47.0634028200|46.9352184000|46.9647994200|50800|2421104.0000|46.9647994200
10050000|46.9549390800|47.0042407800|46.7380116000|46.8464753400|77400|3679672.0000|46.8464753400
10100000|46.8366150000|47.0239614600|46.7873133000|46.8859167000|53600|2549952.0000|46.8859167000
10150000|46.9056373800|46.9154977200|46.7380116000|46.7478719400|47700|2266636.0000|46.7478719400
10200000|46.7478719400|46.7873133000|46.5605254800|46.5999668400|57600|2727032.0000|46.5999668400
10250000|46.5999668400|46.6985702400|46.5999668400|46.6689892200|42400|2005948.0000|46.6689892200
10300000|46.6689892200|46.8168943200|46.5506651400|46.5605254800|43300|2047256.0000|46.5605254800
10350000|46.5506651400|46.5605254800|46.3830393600|46.4224807200|59500|2803584.0000|46.4224807200
10400000|46.4717824200|46.6788495600|46.4323410600|46.6196875200|67200|3173620.0000|46.6196875200
10450000|46.5506651400|46.6394082000|46.5506651400|46.5506651400|51000|2407844.0000|46.5506651400
10500000|46.5506651400|46.8661960200|46.4520617400|46.7380116000|70200|3319436.0000|46.7380116000
10550000|46.8859167000|47.1422855400|46.7675926200|47.1422855400|186700|8883080.0000|47.1422855400
11000000|47.1422855400|47.3690733600|47.0141011200|47.2408889400|80200|3839736.0000|47.2408889400
11050000|47.2606096200|47.5169784600|47.2606096200|47.4380957400|60500|2906592.0000|47.4380957400
11100000|47.4380957400|47.7141852600|47.3592130200|47.6550232200|63600|3066936.0000|47.6550232200
11150000|47.6550232200|47.7832076400|47.5268388000|47.7240456000|50400|2434392.0000|47.7240456000
11200000|47.7240456000|48.0592971600|47.6944645800|48.0592971600|88100|4273568.0000|48.0592971600
11250000|48.0198558000|48.1184592000|47.9508334200|48.0395764800|66800|3256296.0000|48.0395764800
11300000|48.0395764800|48.1184592000|48.0001351200|48.1184592000|61200|2984384.0000|48.1184592000
13050000|48.0198558000|48.2959453200|48.0198558000|48.2959453200|71600|3494784.0000|48.2959453200
13100000|48.2466436200|48.2466436200|48.0395764800|48.1283195400|62500|3052240.0000|48.1283195400
13150000|48.1381798800|48.2170626000|48.1085988600|48.1874815800|128300|6267592.0000|48.1874815800
13200000|48.1874815800|48.2959453200|48.1776212400|48.2072022600|92100|4504712.0000|48.2072022600
13250000|48.1973419200|48.2959453200|48.1579005600|48.2762246400|68100|3331976.0000|48.2762246400
13300000|48.2663643000|48.2762246400|48.1579005600|48.1677609000|65500|3202760.0000|48.1677609000
13350000|48.2072022600|48.2663643000|48.1677609000|48.2565039600|48500|2372248.0000|48.2565039600
13400000|48.2663643000|48.2663643000|48.0494368200|48.0494368200|53200|2600352.0000|48.0494368200
13450000|48.0691575000|48.1579005600|48.0691575000|48.1579005600|23800|1161680.0000|48.1579005600
13500000|48.1776212400|48.2762246400|48.1776212400|48.2565039600|77100|3771688.0000|48.2565039600
13550000|48.2466436200|48.3156660000|48.2466436200|48.3156660000|70900|3472296.0000|48.3156660000
14000000|48.2959453200|48.3156660000|48.2663643000|48.2860849800|46700|2286992.0000|48.2860849800
14050000|48.2762246400|48.2762246400|47.9705541000|48.0888781800|34300|1675248.0000|48.0888781800
14100000|48.0888781800|48.1381798800|48.0395764800|48.0888781800|20800|1014624.0000|48.0888781800
14150000|48.0888781800|48.3156660000|48.0790178400|48.2959453200|60600|2964432.0000|48.2959453200
14200000|48.2959453200|48.3058056600|48.0888781800|48.2466436200|48600|2377264.0000|48.2466436200
14250000|48.2762246400|48.3156660000|48.2663643000|48.3058056600|101600|4976864.0000|48.3058056600
14300000|48.2663643000|48.4142694000|48.2663643000|48.3748280400|123600|6058240.0000|48.3748280400
14350000|48.3748280400|48.4142694000|48.2860849800|48.3945487200|78100|3832576.0000|48.3945487200
14400000|48.3945487200|48.4931521200|48.2959453200|48.3255263400|102600|5038656.0000|48.3255263400
14450000|48.3255263400|48.6114762000|48.3255263400|48.6016158600|102500|5036368.0000|48.6016158600
14500000|48.5917555200|48.6016158600|48.4142694000|48.4832917800|69500|3419936.0000|48.4832917800
14550000|48.4832917800|48.6114762000|48.4241297400|48.5325934800|84000|4136336.0000|48.5325934800
15000000|48.5325934800|48.5424538200|48.4241297400|48.4734314400|35900|1764752.0000|48.4734314400
